time_step, rel_err_u, rel_err_v, rel_err_w, rel_err_p, rel_err_u_m, rel_err_v_m, rel_err_w_m, rel_err_p_m
0, 0.00000E+00, 0.00000E+00, 0.00000E+00, 0.00000E+00, 0.00000E+00, 0.00000E+00, 0.00000E+00,         NaN
1, 3.10386E-15, 9.79509E-16, 1.40851E-15, 8.55404E-15, 8.63804E-17, 5.08148E-17, 6.91379E-17, 8.55404E-15
2, 3.32161E-15, 1.34733E-15, 1.56962E-15, 1.10996E-14, 1.33985E-16, 7.94507E-17, 1.02020E-16, 1.10996E-14
3, 2.76824E-15, 1.22534E-15, 1.57418E-15, 9.57329E-15, 1.62880E-16, 9.40058E-17, 1.12663E-16, 9.57329E-15
4, 2.56418E-15, 1.22587E-15, 1.57869E-15, 8.95097E-15, 1.80628E-16, 1.07431E-16, 1.32258E-16, 8.95097E-15
5, 2.74280E-15, 1.22643E-15, 2.21643E-15, 9.54582E-15, 1.97078E-16, 1.21842E-16, 1.40973E-16, 9.54582E-15
6, 3.03336E-15, 1.47243E-15, 1.58758E-15, 9.35211E-15, 2.09631E-16, 1.28531E-16, 1.54668E-16, 9.35211E-15
7, 3.18898E-15, 1.47319E-15, 1.91033E-15, 1.18958E-14, 2.22308E-16, 1.38079E-16, 1.54089E-16, 1.18958E-14
8, 2.40394E-15, 1.47399E-15, 1.91549E-15, 8.94002E-15, 2.25605E-16, 1.42450E-16, 1.60443E-16, 8.94002E-15
9, 2.39256E-15, 1.47484E-15, 2.24067E-15, 9.85613E-15, 2.35303E-16, 1.51094E-16, 1.68408E-16, 9.85613E-15
10, 2.53003E-15, 1.72169E-15, 2.24651E-15, 9.83593E-15, 2.42580E-16, 1.57258E-16, 1.84266E-16, 9.83593E-15
11, 2.96232E-15, 1.72280E-15, 2.57401E-15, 1.17712E-14, 2.48743E-16, 1.65456E-16, 1.81485E-16, 1.17712E-14
12, 3.02189E-15, 1.97025E-15, 2.58046E-15, 8.37858E-15, 2.52462E-16, 1.67099E-16, 1.86061E-16, 8.37858E-15
13, 3.22751E-15, 2.46456E-15, 2.58679E-15, 8.92072E-15, 2.57000E-16, 1.69796E-16, 1.93087E-16, 8.92072E-15
14, 3.50408E-15, 2.21976E-15, 2.59300E-15, 1.09137E-14, 2.59898E-16, 1.74138E-16, 1.97133E-16, 1.09137E-14
15, 3.56000E-15, 2.22149E-15, 2.59908E-15, 9.61360E-15, 2.61050E-16, 1.76488E-16, 1.99599E-16, 9.61360E-15
16, 3.75993E-15, 2.09980E-15, 2.93066E-15, 1.14444E-14, 2.64583E-16, 1.80378E-16, 2.08420E-16, 1.14444E-14
17, 3.88595E-15, 2.47247E-15, 2.93721E-15, 1.17560E-14, 2.69163E-16, 1.84155E-16, 2.10142E-16, 1.17560E-14
18, 4.01073E-15, 2.47468E-15, 2.28946E-15, 1.04321E-14, 2.72034E-16, 1.87883E-16, 2.17352E-16, 1.04321E-14
19, 4.13432E-15, 2.47699E-15, 2.94983E-15, 1.01090E-14, 2.73890E-16, 1.89746E-16, 2.20377E-16, 1.01090E-14
20, 4.46956E-15, 2.47940E-15, 2.95590E-15, 9.32337E-15, 2.76211E-16, 1.93134E-16, 2.17946E-16, 9.32337E-15
21, 4.51922E-15, 2.97830E-15, 2.63271E-15, 8.06390E-15, 2.76168E-16, 1.95111E-16, 2.24579E-16, 8.06390E-15
22, 4.70900E-15, 2.73298E-15, 2.96754E-15, 9.03178E-15, 2.80459E-16, 1.97410E-16, 2.24660E-16, 9.03178E-15
23, 4.75714E-15, 2.98470E-15, 2.97311E-15, 9.43608E-15, 2.83663E-16, 2.01161E-16, 2.27543E-16, 9.43608E-15
24, 5.01380E-15, 2.98808E-15, 2.97850E-15, 8.57786E-15, 2.84883E-16, 2.02744E-16, 2.31904E-16, 8.57786E-15
25, 5.40683E-15, 3.24090E-15, 3.31525E-15, 9.19610E-15, 2.88336E-16, 2.04480E-16, 2.35613E-16, 9.19610E-15
26, 5.65837E-15, 3.74405E-15, 2.65668E-15, 9.00363E-15, 2.91542E-16, 2.06226E-16, 2.34642E-16, 9.00363E-15
27, 5.63300E-15, 3.62381E-15, 2.99362E-15, 9.96016E-15, 2.91760E-16, 2.09546E-16, 2.39727E-16, 9.96016E-15
28, 5.88154E-15, 3.75365E-15, 3.33144E-15, 9.28887E-15, 2.94364E-16, 2.12930E-16, 2.41915E-16, 9.28887E-15
29, 5.71951E-15, 4.00927E-15, 3.33643E-15, 8.84049E-15, 2.96363E-16, 2.14674E-16, 2.46587E-16, 8.84049E-15
30, 5.69465E-15, 3.76389E-15, 3.34120E-15, 9.78230E-15, 2.97344E-16, 2.18307E-16, 2.46704E-16, 9.78230E-15
31, 5.77145E-15, 4.02055E-15, 3.68034E-15, 9.55451E-15, 2.99721E-16, 2.18791E-16, 2.49170E-16, 9.55451E-15
32, 6.17546E-15, 4.27811E-15, 4.69015E-15, 8.85518E-15, 2.98284E-16, 2.19059E-16, 2.49510E-16, 8.85518E-15
33, 6.32530E-15, 4.28457E-15, 3.35423E-15, 9.31624E-15, 2.99164E-16, 2.20160E-16, 2.52503E-16, 9.31624E-15
34, 6.66579E-15, 4.29123E-15, 4.02976E-15, 9.77229E-15, 3.01050E-16, 2.22927E-16, 2.53462E-16, 9.77229E-15
35, 7.02037E-15, 5.05656E-15, 3.36181E-15, 1.09202E-14, 3.01385E-16, 2.22188E-16, 2.60335E-16, 1.09202E-14
36, 7.14097E-15, 4.81159E-15, 3.36526E-15, 1.11325E-14, 3.03897E-16, 2.23156E-16, 2.59081E-16, 1.11325E-14
37, 7.33092E-15, 4.56600E-15, 3.36848E-15, 9.25731E-15, 3.05343E-16, 2.27582E-16, 2.60250E-16, 9.25731E-15
38, 7.28193E-15, 4.82796E-15, 3.37148E-15, 1.20052E-14, 3.05605E-16, 2.28794E-16, 2.65169E-16, 1.20052E-14
39, 7.38072E-15, 4.96374E-15, 3.03682E-15, 1.10518E-14, 3.08172E-16, 2.28612E-16, 2.64206E-16, 1.10518E-14
40, 7.32452E-15, 4.84519E-15, 3.71445E-15, 1.01011E-14, 3.08521E-16, 2.31007E-16, 2.61225E-16, 1.01011E-14
41, 6.87588E-15, 4.72638E-15, 3.37908E-15, 1.09849E-14, 3.08846E-16, 2.32059E-16, 2.67573E-16, 1.09849E-14
42, 7.20647E-15, 4.47933E-15, 3.38115E-15, 1.09486E-14, 3.11071E-16, 2.32324E-16, 2.66533E-16, 1.09486E-14
43, 7.06820E-15, 4.48796E-15, 3.04470E-15, 1.36387E-14, 3.13346E-16, 2.33883E-16, 2.65765E-16, 1.36387E-14
44, 7.08374E-15, 4.36830E-15, 3.38462E-15, 1.08723E-14, 3.12452E-16, 2.33209E-16, 2.70099E-16, 1.08723E-14
45, 6.97168E-15, 4.50581E-15, 3.72462E-15, 1.17357E-14, 3.13263E-16, 2.36270E-16, 2.71007E-16, 1.17357E-14
46, 6.98033E-15, 4.38603E-15, 3.38719E-15, 1.07932E-14, 3.15081E-16, 2.36622E-16, 2.73178E-16, 1.07932E-14
47, 6.86131E-15, 4.26591E-15, 3.72697E-15, 1.34420E-14, 3.17813E-16, 2.36636E-16, 2.78281E-16, 1.34420E-14
48, 6.60297E-15, 4.40452E-15, 3.38891E-15, 1.11606E-14, 3.17761E-16, 2.38405E-16, 2.75052E-16, 1.11606E-14
49, 6.70087E-15, 4.28422E-15, 3.38946E-15, 1.33444E-14, 3.17379E-16, 2.39395E-16, 2.77317E-16, 1.33444E-14
50, 6.82224E-15, 4.42377E-15, 4.06778E-15, 1.10811E-14, 3.19195E-16, 2.42023E-16, 2.78775E-16, 1.10811E-14
51, 6.84137E-15, 4.17287E-15, 3.72897E-15, 8.83454E-15, 3.20100E-16, 2.39852E-16, 2.79012E-16, 8.83454E-15
52, 6.63400E-15, 4.31307E-15, 3.72896E-15, 1.01263E-14, 3.20247E-16, 2.41194E-16, 2.80131E-16, 1.01263E-14
53, 6.80275E-15, 4.06104E-15, 4.06773E-15, 1.09724E-14, 3.22176E-16, 2.42996E-16, 2.82144E-16, 1.09724E-14
54, 6.51981E-15, 3.93927E-15, 4.06730E-15, 1.26905E-14, 3.23426E-16, 2.45103E-16, 2.83872E-16, 1.26905E-14
55, 6.76652E-15, 3.81704E-15, 4.06670E-15, 1.00372E-14, 3.26367E-16, 2.45198E-16, 2.85130E-16, 1.00372E-14
56, 6.56353E-15, 4.09015E-15, 4.40475E-15, 8.70594E-15, 3.27590E-16, 2.45640E-16, 2.89749E-16, 8.70594E-15
57, 6.67089E-15, 3.96791E-15, 4.40374E-15, 1.04231E-14, 3.30317E-16, 2.46456E-16, 2.87374E-16, 1.04231E-14
58, 6.65498E-15, 3.57999E-15, 5.07989E-15, 1.04015E-14, 3.31028E-16, 2.47986E-16, 2.93932E-16, 1.04015E-14
59, 6.76260E-15, 3.58900E-15, 4.73982E-15, 9.94994E-15, 3.31628E-16, 2.47730E-16, 2.90775E-16, 9.94994E-15
60, 6.74754E-15, 3.46487E-15, 4.73826E-15, 1.12299E-14, 3.33170E-16, 2.47754E-16, 2.93818E-16, 1.12299E-14
61, 6.85548E-15, 3.47379E-15, 4.39826E-15, 1.12148E-14, 3.31364E-16, 2.49809E-16, 2.94188E-16, 1.12148E-14
62, 6.71912E-15, 3.75075E-15, 4.39660E-15, 1.20640E-14, 3.33412E-16, 2.51473E-16, 2.96783E-16, 1.20640E-14
63, 6.82766E-15, 3.76063E-15, 5.07098E-15, 1.11922E-14, 3.33602E-16, 2.50714E-16, 2.99576E-16, 1.11922E-14
64, 6.93626E-15, 3.23197E-15, 4.73094E-15, 9.89400E-15, 3.36807E-16, 2.52329E-16, 3.02880E-16, 9.89400E-15
65, 6.80201E-15, 3.51071E-15, 5.06668E-15, 9.45910E-15, 3.37716E-16, 2.53119E-16, 3.03029E-16, 9.45910E-15
66, 6.91123E-15, 3.52023E-15, 5.40206E-15, 1.46139E-14, 3.40395E-16, 2.55034E-16, 3.00026E-16, 1.46139E-14
67, 7.02055E-15, 3.25833E-15, 5.73708E-15, 1.28924E-14, 3.39745E-16, 2.54054E-16, 2.99795E-16, 1.28924E-14
68, 7.00914E-15, 3.53961E-15, 5.39710E-15, 8.59469E-15, 3.40757E-16, 2.56360E-16, 3.01950E-16, 8.59469E-15
69, 7.23956E-15, 3.82250E-15, 5.39456E-15, 1.03145E-14, 3.42881E-16, 2.55772E-16, 3.08467E-16, 1.03145E-14
70, 7.46977E-15, 3.55944E-15, 5.39200E-15, 9.02691E-15, 3.42037E-16, 2.58016E-16, 3.05673E-16, 9.02691E-15
71, 7.57950E-15, 3.84409E-15, 5.72625E-15, 1.03193E-14, 3.43350E-16, 2.57989E-16, 3.07074E-16, 1.03193E-14
72, 7.56927E-15, 3.85506E-15, 6.06017E-15, 1.03227E-14, 3.45357E-16, 2.58309E-16, 3.08655E-16, 1.03227E-14
73, 8.15952E-15, 4.14231E-15, 6.05724E-15, 1.29084E-14, 3.45387E-16, 2.60605E-16, 3.13880E-16, 1.29084E-14
74, 8.38929E-15, 3.87736E-15, 6.05430E-15, 9.03976E-15, 3.46554E-16, 2.62394E-16, 3.13343E-16, 9.03976E-15
75, 8.37962E-15, 3.88868E-15, 6.72374E-15, 9.74368E-15, 3.46672E-16, 2.62416E-16, 3.15408E-16, 9.74368E-15
76, 8.60967E-15, 4.17870E-15, 6.38446E-15, 9.90987E-15, 3.47094E-16, 2.64490E-16, 3.17567E-16, 9.90987E-15
77, 9.07867E-15, 4.33079E-15, 6.38137E-15, 9.48360E-15, 3.46946E-16, 2.65846E-16, 3.17844E-16, 9.48360E-15
78, 9.78597E-15, 4.20359E-15, 6.37828E-15, 9.05699E-15, 3.49349E-16, 2.70294E-16, 3.18272E-16, 9.05699E-15
79, 1.00156E-14, 4.49731E-15, 6.71074E-15, 7.33549E-15, 3.49548E-16, 2.70084E-16, 3.19389E-16, 7.33549E-15
80, 1.00071E-14, 4.51092E-15, 7.04288E-15, 9.49774E-15, 3.52378E-16, 2.71841E-16, 3.19530E-16, 9.49774E-15
81, 1.02373E-14, 4.52466E-15, 7.03949E-15, 1.03664E-14, 3.53101E-16, 2.72164E-16, 3.20832E-16, 1.03664E-14
82, 1.02298E-14, 5.10584E-15, 7.03610E-15, 9.50742E-15, 3.55237E-16, 2.73389E-16, 3.22844E-16, 9.50742E-15
83, 1.04606E-14, 4.26800E-15, 6.69783E-15, 9.51242E-15, 3.57296E-16, 2.76899E-16, 3.26424E-16, 9.51242E-15
84, 1.04539E-14, 4.56666E-15, 7.02934E-15, 9.51757E-15, 3.57930E-16, 2.77132E-16, 3.27382E-16, 9.51757E-15
85, 1.06852E-14, 4.29461E-15, 7.02596E-15, 9.52294E-15, 3.60240E-16, 2.78582E-16, 3.28552E-16, 9.52294E-15
86, 1.13914E-14, 4.59530E-15, 7.35699E-15, 9.52860E-15, 3.60853E-16, 2.81478E-16, 3.26586E-16, 9.52860E-15
87, 1.16228E-14, 4.32169E-15, 7.35346E-15, 9.53460E-15, 3.60449E-16, 2.81707E-16, 3.31865E-16, 9.53460E-15
88, 1.16174E-14, 4.33540E-15, 7.01584E-15, 9.54103E-15, 3.60901E-16, 2.83753E-16, 3.30013E-16, 9.54103E-15
89, 1.18493E-14, 4.34921E-15, 7.68034E-15, 1.12839E-14, 3.62301E-16, 2.85751E-16, 3.28397E-16, 1.12839E-14
90, 1.20814E-14, 4.94488E-15, 7.00913E-15, 1.12928E-14, 3.66228E-16, 2.82969E-16, 3.30815E-16, 1.12928E-14
91, 1.16033E-14, 4.66896E-15, 7.33940E-15, 9.18316E-15, 3.66101E-16, 2.86588E-16, 3.29980E-16, 9.18316E-15
92, 1.18359E-14, 4.39126E-15, 7.33592E-15, 8.70210E-15, 3.67957E-16, 2.86156E-16, 3.34664E-16, 8.70210E-15
93, 1.20686E-14, 4.69916E-15, 7.66577E-15, 9.77237E-15, 3.65640E-16, 2.85798E-16, 3.33346E-16, 9.77237E-15
94, 1.18283E-14, 5.30370E-15, 7.66220E-15, 8.72010E-15, 3.67652E-16, 2.87182E-16, 3.29691E-16, 8.72010E-15
95, 1.13518E-14, 4.72973E-15, 7.99167E-15, 8.73018E-15, 3.68487E-16, 2.87076E-16, 3.32941E-16, 8.73018E-15
96, 1.08757E-14, 5.04170E-15, 8.32089E-15, 1.04892E-14, 3.68848E-16, 2.87873E-16, 3.32083E-16, 1.04892E-14
97, 1.08728E-14, 5.05816E-15, 7.98451E-15, 8.31501E-15, 3.70257E-16, 2.89461E-16, 3.32476E-16, 8.31501E-15
98, 1.01610E-14, 5.07468E-15, 7.98106E-15, 1.13946E-14, 3.71399E-16, 2.90489E-16, 3.34318E-16, 1.13946E-14
99, 1.03947E-14, 5.09128E-15, 7.97770E-15, 1.05339E-14, 3.72576E-16, 2.95164E-16, 3.37229E-16, 1.05339E-14
100, 1.06284E-14, 4.80747E-15, 7.97445E-15, 1.01110E-14, 3.73634E-16, 2.94758E-16, 3.36179E-16, 1.01110E-14
101, 1.06259E-14, 5.12466E-15, 8.30346E-15, 9.24728E-15, 3.74372E-16, 2.96667E-16, 3.36978E-16, 9.24728E-15
102, 1.08595E-14, 4.83901E-15, 8.63237E-15, 1.12486E-14, 3.76486E-16, 2.97150E-16, 3.36564E-16, 1.12486E-14
103, 1.06210E-14, 5.46171E-15, 8.29740E-15, 9.94343E-15, 3.77809E-16, 2.99293E-16, 3.38857E-16, 9.94343E-15
104, 1.10905E-14, 4.87075E-15, 8.62639E-15, 1.06266E-14, 3.78967E-16, 2.99893E-16, 3.39176E-16, 1.06266E-14
105, 1.13239E-14, 4.58127E-15, 8.62368E-15, 9.48302E-15, 3.80564E-16, 3.02185E-16, 3.39410E-16, 9.48302E-15
106, 1.13214E-14, 4.59626E-15, 8.95276E-15, 8.44657E-15, 3.82329E-16, 3.01614E-16, 3.42047E-16, 8.44657E-15
107, 1.15547E-14, 4.91871E-15, 9.28187E-15, 1.20282E-14, 3.84392E-16, 3.04823E-16, 3.43511E-16, 1.20282E-14
108, 1.13163E-14, 4.62636E-15, 9.27964E-15, 8.03611E-15, 3.85865E-16, 3.03672E-16, 3.47480E-16, 8.03611E-15
109, 1.10780E-14, 4.33204E-15, 9.27766E-15, 9.39610E-15, 3.86094E-16, 3.06346E-16, 3.44164E-16, 9.39610E-15
110, 1.15468E-14, 4.65662E-15, 9.60722E-15, 9.86559E-15, 3.87815E-16, 3.09183E-16, 3.45278E-16, 9.86559E-15
111, 1.13085E-14, 4.36037E-15, 9.27449E-15, 1.07870E-14, 3.89125E-16, 3.07926E-16, 3.46993E-16, 1.07870E-14
112, 1.13057E-14, 4.37459E-15, 9.93570E-15, 9.68557E-15, 3.90494E-16, 3.11620E-16, 3.45084E-16, 9.68557E-15
113, 1.13030E-14, 3.76188E-15, 9.60360E-15, 9.48232E-15, 3.93520E-16, 3.12896E-16, 3.46731E-16, 9.48232E-15
114, 1.10647E-14, 4.08866E-15, 9.43743E-15, 9.05191E-15, 3.95568E-16, 3.14725E-16, 3.48758E-16, 9.05191E-15
115, 1.12971E-14, 4.41753E-15, 1.00994E-14, 1.04342E-14, 3.97775E-16, 3.15319E-16, 3.50172E-16, 1.04342E-14
116, 1.15293E-14, 3.79880E-15, 1.02650E-14, 1.00040E-14, 3.99119E-16, 3.16341E-16, 3.50909E-16, 1.00040E-14
117, 1.17613E-14, 3.96999E-15, 1.05965E-14, 8.20438E-15, 4.01843E-16, 3.16927E-16, 3.52481E-16, 8.20438E-15
118, 1.17578E-14, 3.98294E-15, 1.02661E-14, 1.05080E-14, 4.02751E-16, 3.17328E-16, 3.49692E-16, 1.05080E-14
119, 1.17542E-14, 3.99594E-15, 9.93601E-15, 1.09906E-14, 4.04192E-16, 3.18341E-16, 3.51661E-16, 1.09906E-14
120, 1.15154E-14, 4.16935E-15, 9.60617E-15, 1.04425E-14, 4.05228E-16, 3.22001E-16, 3.54817E-16, 1.04425E-14
121, 1.19814E-14, 4.02209E-15, 9.93918E-15, 1.19620E-14, 4.05814E-16, 3.21890E-16, 3.53965E-16, 1.19620E-14
122, 1.17424E-14, 3.87382E-15, 1.09354E-14, 8.06994E-15, 4.08003E-16, 3.21762E-16, 3.55971E-16, 8.06994E-15
123, 1.17381E-14, 3.88649E-15, 1.06067E-14, 8.31956E-15, 4.08858E-16, 3.22929E-16, 3.56484E-16, 8.31956E-15
124, 1.19683E-14, 4.06167E-15, 1.09413E-14, 9.26504E-15, 4.09294E-16, 3.23517E-16, 3.56357E-16, 9.26504E-15
125, 1.14945E-14, 4.23796E-15, 1.12765E-14, 8.82176E-15, 4.07078E-16, 3.25903E-16, 3.58293E-16, 8.82176E-15
126, 1.12553E-14, 4.25184E-15, 1.19441E-14, 8.37633E-15, 4.08491E-16, 3.25189E-16, 3.59258E-16, 8.37633E-15
127, 1.17193E-14, 4.59390E-15, 1.19488E-14, 1.02608E-14, 4.08651E-16, 3.25195E-16, 3.57904E-16, 1.02608E-14
128, 1.12456E-14, 4.93817E-15, 1.12898E-14, 1.02838E-14, 4.08646E-16, 3.28325E-16, 3.59075E-16, 1.02838E-14
129, 1.12405E-14, 4.78920E-15, 1.14611E-14, 8.90134E-15, 4.09329E-16, 3.27682E-16, 3.60129E-16, 8.90134E-15
130, 1.12353E-14, 5.13626E-15, 1.22978E-14, 8.09960E-15, 4.10628E-16, 3.28983E-16, 3.59409E-16, 8.09960E-15
131, 1.12300E-14, 5.15308E-15, 1.19718E-14, 8.94135E-15, 4.10803E-16, 3.31003E-16, 3.62822E-16, 8.94135E-15
132, 1.12245E-14, 5.16995E-15, 1.23114E-14, 9.43320E-15, 4.12269E-16, 3.32042E-16, 3.65481E-16, 9.43320E-15
133, 1.12189E-14, 5.68881E-15, 1.19860E-14, 9.21827E-15, 4.11775E-16, 3.34080E-16, 3.66686E-16, 9.21827E-15
134, 1.09796E-14, 5.53953E-15, 1.19936E-14, 1.18454E-14, 4.10425E-16, 3.33651E-16, 3.65882E-16, 1.18454E-14
135, 1.09739E-14, 5.72602E-15, 1.13350E-14, 1.09230E-14, 4.11312E-16, 3.33262E-16, 3.66901E-16, 1.09230E-14
136, 1.07348E-14, 6.08259E-15, 1.16767E-14, 8.56852E-15, 4.11432E-16, 3.38677E-16, 3.68702E-16, 8.56852E-15
137, 1.09624E-14, 6.27188E-15, 1.13515E-14, 9.78185E-15, 4.11805E-16, 3.37370E-16, 3.68637E-16, 9.78185E-15
138, 1.02571E-14, 6.29222E-15, 1.16945E-14, 1.00447E-14, 4.10288E-16, 3.38158E-16, 3.67542E-16, 1.00447E-14
139, 1.00186E-14, 6.82441E-15, 1.15368E-14, 8.87075E-15, 4.08646E-16, 3.35838E-16, 3.69011E-16, 8.87075E-15
140, 9.54744E-15, 7.18874E-15, 1.10445E-14, 9.13344E-15, 4.09308E-16, 3.38609E-16, 3.72461E-16, 9.13344E-15
141, 9.54223E-15, 7.38356E-15, 1.12217E-14, 9.03644E-15, 4.08368E-16, 3.39257E-16, 3.70696E-16, 9.03644E-15
142, 9.30439E-15, 7.57946E-15, 1.13996E-14, 9.42260E-15, 4.07321E-16, 3.41019E-16, 3.70066E-16, 9.42260E-15
143, 9.06680E-15, 7.60362E-15, 1.12426E-14, 9.20570E-15, 4.06408E-16, 3.40663E-16, 3.69573E-16, 9.20570E-15
144, 9.29418E-15, 7.97447E-15, 1.14216E-14, 9.95982E-15, 4.07031E-16, 3.41731E-16, 3.72867E-16, 9.95982E-15
145, 8.82464E-15, 8.86918E-15, 1.10969E-14, 1.41293E-14, 4.04706E-16, 3.42421E-16, 3.71081E-16, 1.41293E-14
146, 8.73279E-15, 8.72258E-15, 1.09402E-14, 1.11162E-14, 4.04940E-16, 3.43405E-16, 3.70560E-16, 1.11162E-14
147, 9.04702E-15, 8.57481E-15, 1.09520E-14, 1.07816E-14, 4.04265E-16, 3.44930E-16, 3.71037E-16, 1.07816E-14
148, 9.27399E-15, 8.60142E-15, 1.14702E-14, 8.35656E-15, 4.03255E-16, 3.45300E-16, 3.71379E-16, 8.35656E-15
149, 8.80558E-15, 8.80400E-15, 1.21588E-14, 9.36877E-15, 4.02456E-16, 3.46236E-16, 3.71033E-16, 9.36877E-15
150, 8.65618E-15, 8.47771E-15, 1.18349E-14, 1.08826E-14, 4.01131E-16, 3.47478E-16, 3.70524E-16, 1.08826E-14
151, 8.79633E-15, 8.50346E-15, 1.15105E-14, 9.42935E-15, 4.00660E-16, 3.47911E-16, 3.71966E-16, 9.42935E-15
152, 9.02317E-15, 8.70678E-15, 1.15247E-14, 1.02078E-14, 3.99076E-16, 3.47789E-16, 3.73638E-16, 1.02078E-14
153, 8.67175E-15, 8.73281E-15, 1.11998E-14, 8.99361E-15, 3.98804E-16, 3.49717E-16, 3.70904E-16, 8.99361E-15
154, 8.63856E-15, 8.40120E-15, 1.05345E-14, 8.52368E-15, 3.97003E-16, 3.49266E-16, 3.73544E-16, 8.52368E-15
155, 8.60550E-15, 8.60516E-15, 1.05483E-14, 1.15733E-14, 3.95959E-16, 3.47918E-16, 3.71201E-16, 1.15733E-14
156, 8.60144E-15, 8.63023E-15, 9.88094E-15, 9.09041E-15, 3.94540E-16, 3.50034E-16, 3.71142E-16, 9.09041E-15
157, 8.53979E-15, 8.47482E-15, 1.02355E-14, 8.61737E-15, 3.94150E-16, 3.51342E-16, 3.70557E-16, 8.61737E-15
158, 8.53601E-15, 8.31822E-15, 8.88301E-15, 1.04310E-14, 3.93027E-16, 3.51002E-16, 3.71539E-16, 1.04310E-14
159, 8.24410E-15, 7.97909E-15, 8.89541E-15, 8.17278E-15, 3.93356E-16, 3.51294E-16, 3.70627E-16, 8.17278E-15
160, 8.06784E-15, 8.18333E-15, 8.90799E-15, 1.23075E-14, 3.94599E-16, 3.51376E-16, 3.69958E-16, 1.23075E-14
161, 8.06468E-15, 7.65900E-15, 8.57761E-15, 1.39014E-14, 3.92997E-16, 3.50839E-16, 3.70960E-16, 1.39014E-14
162, 7.60101E-15, 7.13150E-15, 8.24637E-15, 1.03393E-14, 3.92369E-16, 3.51580E-16, 3.69935E-16, 1.03393E-14
163, 8.05885E-15, 7.38013E-15, 8.25834E-15, 1.01225E-14, 3.91280E-16, 3.51624E-16, 3.69835E-16, 1.01225E-14
164, 7.59583E-15, 7.51497E-15, 8.61498E-15, 9.12239E-15, 3.89974E-16, 3.53502E-16, 3.70557E-16, 9.12239E-15
165, 7.36339E-15, 6.88987E-15, 8.28247E-15, 8.89944E-15, 3.90791E-16, 3.53126E-16, 3.67038E-16, 8.89944E-15
166, 7.24628E-15, 6.76951E-15, 8.29459E-15, 9.98925E-15, 3.89397E-16, 3.55078E-16, 3.66367E-16, 9.98925E-15
167, 7.12940E-15, 6.83363E-15, 8.30671E-15, 9.50472E-15, 3.88418E-16, 3.55154E-16, 3.65440E-16, 9.50472E-15
168, 7.01274E-15, 6.27081E-15, 7.97219E-15, 9.54655E-15, 3.87158E-16, 3.53518E-16, 3.63046E-16, 9.54655E-15
169, 7.01125E-15, 6.10656E-15, 8.15728E-15, 9.85532E-15, 3.86635E-16, 3.54701E-16, 3.62438E-16, 9.85532E-15
170, 6.78010E-15, 5.97631E-15, 8.08208E-15, 1.12372E-14, 3.85903E-16, 3.56931E-16, 3.63389E-16, 1.12372E-14
171, 6.69281E-15, 6.20510E-15, 8.18058E-15, 1.23630E-14, 3.87840E-16, 3.57696E-16, 3.61565E-16, 1.23630E-14
172, 6.43339E-15, 6.00669E-15, 8.19203E-15, 8.09938E-15, 3.85434E-16, 3.56413E-16, 3.60250E-16, 8.09938E-15
173, 6.31777E-15, 5.64543E-15, 8.02878E-15, 9.28895E-15, 3.85293E-16, 3.58418E-16, 3.60534E-16, 9.28895E-15
174, 6.43203E-15, 5.70671E-15, 7.69008E-15, 1.08980E-14, 3.84077E-16, 3.56702E-16, 3.61777E-16, 1.08980E-14
175, 6.31671E-15, 5.48450E-15, 7.70026E-15, 9.85319E-15, 3.83534E-16, 3.58381E-16, 3.60266E-16, 9.85319E-15
176, 6.43123E-15, 5.02411E-15, 7.71020E-15, 9.55469E-15, 3.84176E-16, 3.61353E-16, 3.57673E-16, 9.55469E-15
177, 6.14392E-15, 4.84645E-15, 7.63216E-15, 9.52942E-15, 3.82939E-16, 3.57456E-16, 3.58959E-16, 9.52942E-15
178, 6.17254E-15, 4.76312E-15, 7.64147E-15, 9.98921E-15, 3.83755E-16, 3.59758E-16, 3.55202E-16, 9.98921E-15
179, 5.97160E-15, 4.63156E-15, 7.47461E-15, 1.22646E-14, 3.81332E-16, 3.58071E-16, 3.53081E-16, 1.22646E-14
180, 5.97171E-15, 4.40358E-15, 7.21902E-15, 1.02202E-14, 3.80495E-16, 3.57910E-16, 3.52667E-16, 1.02202E-14
181, 5.91450E-15, 4.22243E-15, 7.40320E-15, 1.01255E-14, 3.78914E-16, 3.55433E-16, 3.51242E-16, 1.01255E-14
182, 5.88607E-15, 4.13655E-15, 7.58745E-15, 9.60558E-15, 3.77691E-16, 3.58230E-16, 3.51167E-16, 9.60558E-15
183, 5.85771E-15, 4.12256E-15, 7.50679E-15, 1.22018E-14, 3.76947E-16, 3.58281E-16, 3.48869E-16, 1.22018E-14
184, 5.78634E-15, 4.59182E-15, 7.51402E-15, 9.68995E-15, 3.76530E-16, 3.56976E-16, 3.46493E-16, 9.68995E-15
185, 5.74375E-15, 4.55462E-15, 7.43244E-15, 8.87287E-15, 3.74809E-16, 3.55473E-16, 3.41764E-16, 8.87287E-15
186, 5.97406E-15, 4.50507E-15, 7.08470E-15, 9.12590E-15, 3.74187E-16, 3.54885E-16, 3.42182E-16, 9.12590E-15
187, 5.97468E-15, 4.16313E-15, 7.09058E-15, 8.65863E-15, 3.73448E-16, 3.54627E-16, 3.40530E-16, 8.65863E-15
188, 6.20519E-15, 4.31982E-15, 7.45096E-15, 8.40398E-15, 3.71875E-16, 3.53836E-16, 3.35978E-16, 8.40398E-15
189, 6.20595E-15, 4.11029E-15, 7.19020E-15, 9.01919E-15, 3.70717E-16, 3.54607E-16, 3.37235E-16, 9.01919E-15
190, 5.97690E-15, 4.12047E-15, 7.10642E-15, 9.05406E-15, 3.71612E-16, 3.55193E-16, 3.35707E-16, 9.05406E-15
191, 6.20768E-15, 4.22906E-15, 7.02223E-15, 8.50178E-15, 3.72377E-16, 3.56182E-16, 3.35047E-16, 8.50178E-15
192, 6.43860E-15, 4.53540E-15, 7.11556E-15, 9.41549E-15, 3.72781E-16, 3.58811E-16, 3.34888E-16, 9.41549E-15
193, 6.66966E-15, 4.15139E-15, 6.76374E-15, 1.19216E-14, 3.71876E-16, 3.56879E-16, 3.33503E-16, 1.19216E-14
194, 6.44083E-15, 3.76546E-15, 6.58938E-15, 8.88834E-15, 3.70627E-16, 3.54798E-16, 3.30435E-16, 8.88834E-15
195, 6.67214E-15, 3.97365E-15, 6.59279E-15, 1.01064E-14, 3.69548E-16, 3.54587E-16, 3.30494E-16, 1.01064E-14
196, 6.44341E-15, 3.98372E-15, 6.59598E-15, 9.54183E-15, 3.69717E-16, 3.55594E-16, 3.30146E-16, 9.54183E-15
197, 6.21467E-15, 3.99387E-15, 6.59897E-15, 8.67324E-15, 3.69683E-16, 3.55400E-16, 3.27101E-16, 8.67324E-15
198, 6.44639E-15, 3.80388E-15, 6.51256E-15, 9.74780E-15, 3.68512E-16, 3.54462E-16, 3.27920E-16, 9.74780E-15
199, 5.98748E-15, 3.61293E-15, 6.60439E-15, 9.92463E-15, 3.68883E-16, 3.56463E-16, 3.26016E-16, 9.92463E-15
200, 5.75879E-15, 3.42102E-15, 6.42826E-15, 8.89476E-15, 3.68936E-16, 3.55467E-16, 3.27021E-16, 8.89476E-15
201, 5.76051E-15, 3.63165E-15, 6.25185E-15, 9.21847E-15, 3.69123E-16, 3.56238E-16, 3.24862E-16, 9.21847E-15
202, 5.76235E-15, 3.84340E-15, 6.43253E-15, 1.15113E-14, 3.67985E-16, 3.56497E-16, 3.23980E-16, 1.15113E-14
203, 5.64904E-15, 3.85346E-15, 6.16634E-15, 8.49983E-15, 3.69391E-16, 3.57012E-16, 3.23719E-16, 8.49983E-15
204, 5.53579E-15, 3.66025E-15, 6.34682E-15, 9.12470E-15, 3.68616E-16, 3.55199E-16, 3.22412E-16, 9.12470E-15
205, 5.53797E-15, 3.46604E-15, 6.34843E-15, 9.59810E-15, 3.69806E-16, 3.53077E-16, 3.21036E-16, 9.59810E-15
206, 5.42488E-15, 3.67967E-15, 6.34992E-15, 9.15600E-15, 3.69271E-16, 3.54178E-16, 3.19925E-16, 9.15600E-15
207, 5.31184E-15, 3.48451E-15, 6.17237E-15, 9.16953E-15, 3.68558E-16, 3.54400E-16, 3.19500E-16, 9.16953E-15
208, 5.42991E-15, 3.08281E-15, 6.17357E-15, 9.18165E-15, 3.69639E-16, 3.52798E-16, 3.22384E-16, 9.18165E-15
209, 5.08591E-15, 3.09110E-15, 5.99570E-15, 8.27312E-15, 3.70436E-16, 3.53248E-16, 3.19926E-16, 8.27312E-15
210, 4.97301E-15, 3.30609E-15, 5.99666E-15, 8.43485E-15, 3.69945E-16, 3.52683E-16, 3.21836E-16, 8.43485E-15
211, 4.86015E-15, 3.52226E-15, 5.99752E-15, 7.98161E-15, 3.70312E-16, 3.54497E-16, 3.18857E-16, 7.98161E-15
212, 4.63153E-15, 3.32411E-15, 5.99828E-15, 9.83044E-15, 3.69959E-16, 3.52183E-16, 3.20381E-16, 9.83044E-15
213, 4.40278E-15, 3.12488E-15, 5.90941E-15, 1.01433E-14, 3.71421E-16, 3.52783E-16, 3.20218E-16, 1.01433E-14
214, 4.17389E-15, 3.34237E-15, 5.82044E-15, 1.07623E-14, 3.71755E-16, 3.54702E-16, 3.18409E-16, 1.07623E-14
215, 4.06085E-15, 2.93264E-15, 5.55225E-15, 1.29181E-14, 3.72156E-16, 3.53314E-16, 3.15657E-16, 1.29181E-14
216, 3.94780E-15, 3.15082E-15, 5.46307E-15, 1.01510E-14, 3.71762E-16, 3.53759E-16, 3.16520E-16, 1.01510E-14
217, 4.18334E-15, 2.94893E-15, 5.46336E-15, 9.53537E-15, 3.73976E-16, 3.54292E-16, 3.15236E-16, 9.53537E-15
218, 4.88463E-15, 2.95715E-15, 5.64270E-15, 8.91851E-15, 3.75194E-16, 3.54283E-16, 3.16751E-16, 8.91851E-15
219, 4.88890E-15, 3.17723E-15, 5.37414E-15, 1.10676E-14, 3.74240E-16, 3.53811E-16, 3.18406E-16, 1.10676E-14
220, 4.66035E-15, 3.18613E-15, 5.19508E-15, 1.09086E-14, 3.75101E-16, 3.54616E-16, 3.16417E-16, 1.09086E-14
221, 4.66481E-15, 2.98207E-15, 5.10551E-15, 7.98443E-15, 3.74444E-16, 3.54813E-16, 3.14167E-16, 7.98443E-15
222, 4.90294E-15, 3.41767E-15, 4.97110E-15, 9.97288E-15, 3.75428E-16, 3.55973E-16, 3.15209E-16, 9.97288E-15
223, 5.14178E-15, 3.42730E-15, 4.83663E-15, 1.01171E-14, 3.76875E-16, 3.56285E-16, 3.16207E-16, 1.01171E-14
224, 5.38134E-15, 3.22216E-15, 4.83647E-15, 9.34078E-15, 3.76081E-16, 3.56419E-16, 3.14281E-16, 9.34078E-15
225, 5.38743E-15, 3.23125E-15, 5.10493E-15, 1.00943E-14, 3.77203E-16, 3.55566E-16, 3.15425E-16, 1.00943E-14
226, 5.62829E-15, 3.02435E-15, 4.79120E-15, 1.16082E-14, 3.74644E-16, 3.53608E-16, 3.18177E-16, 1.16082E-14
227, 5.40038E-15, 3.03289E-15, 5.01476E-15, 1.46412E-14, 3.77679E-16, 3.55403E-16, 3.16515E-16, 1.46412E-14
228, 5.64233E-15, 3.47593E-15, 5.19346E-15, 1.00495E-14, 3.79930E-16, 3.56404E-16, 3.15708E-16, 1.00495E-14
229, 5.17895E-15, 3.48573E-15, 4.83488E-15, 8.51174E-15, 3.75840E-16, 3.55976E-16, 3.13365E-16, 8.51174E-15
230, 5.65747E-15, 3.27706E-15, 5.19253E-15, 9.40572E-15, 3.74805E-16, 3.55631E-16, 3.10208E-16, 9.40572E-15
231, 5.90151E-15, 3.28626E-15, 5.37103E-15, 1.02948E-14, 3.75482E-16, 3.53338E-16, 3.11109E-16, 1.02948E-14
232, 5.67372E-15, 3.29545E-15, 5.54945E-15, 9.06380E-15, 3.74254E-16, 3.55685E-16, 3.15288E-16, 9.06380E-15
233, 5.20874E-15, 3.30464E-15, 5.72779E-15, 1.05499E-14, 3.77196E-16, 3.55398E-16, 3.08216E-16, 1.05499E-14
234, 5.21684E-15, 3.53473E-15, 5.72707E-15, 9.02052E-15, 3.76640E-16, 3.56125E-16, 3.07184E-16, 9.02052E-15
235, 5.46271E-15, 3.54450E-15, 5.72631E-15, 8.69725E-15, 3.76862E-16, 3.57578E-16, 3.06215E-16, 8.69725E-15
236, 4.99592E-15, 3.55424E-15, 5.72552E-15, 9.12224E-15, 3.77068E-16, 3.56897E-16, 3.13616E-16, 9.12224E-15
237, 5.48100E-15, 3.78669E-15, 5.72469E-15, 1.13331E-14, 3.80284E-16, 3.57740E-16, 3.06998E-16, 1.13331E-14
238, 5.72928E-15, 3.79696E-15, 5.63440E-15, 9.21801E-15, 3.78297E-16, 3.58053E-16, 3.09474E-16, 9.21801E-15
239, 5.73954E-15, 3.58323E-15, 5.90179E-15, 8.89317E-15, 3.80360E-16, 3.56673E-16, 3.05516E-16, 8.89317E-15
240, 5.98966E-15, 3.81735E-15, 6.07966E-15, 9.30802E-15, 3.80731E-16, 3.57060E-16, 3.05044E-16, 9.30802E-15
241, 6.24096E-15, 3.82745E-15, 5.89989E-15, 9.71909E-15, 3.80456E-16, 3.55752E-16, 3.01661E-16, 9.71909E-15
242, 6.25297E-15, 3.61174E-15, 6.07766E-15, 1.02731E-14, 3.81286E-16, 3.54265E-16, 3.03759E-16, 1.02731E-14
243, 6.74722E-15, 3.39479E-15, 6.43407E-15, 8.48226E-15, 3.81269E-16, 3.53861E-16, 3.03543E-16, 8.48226E-15
244, 7.00223E-15, 3.85729E-15, 6.43297E-15, 9.61766E-15, 3.81759E-16, 3.55335E-16, 3.00580E-16, 9.61766E-15
245, 7.01659E-15, 3.63960E-15, 6.61051E-15, 9.87283E-15, 3.79726E-16, 3.54845E-16, 3.09889E-16, 9.87283E-15
246, 6.78880E-15, 3.19262E-15, 6.78798E-15, 9.54666E-15, 3.83553E-16, 3.57089E-16, 3.02922E-16, 9.54666E-15
247, 7.04622E-15, 3.65772E-15, 6.42958E-15, 8.50169E-15, 3.84298E-16, 3.56405E-16, 3.01198E-16, 8.50169E-15
248, 7.06148E-15, 3.43746E-15, 6.42843E-15, 9.90426E-15, 3.82914E-16, 3.54252E-16, 3.01421E-16, 9.90426E-15
249, 7.07701E-15, 3.44572E-15, 6.78436E-15, 7.43486E-15, 3.82893E-16, 3.53705E-16, 3.01641E-16, 7.43486E-15
250, 7.09282E-15, 3.45386E-15, 6.69391E-15, 1.08233E-14, 3.79790E-16, 3.53827E-16, 3.02240E-16, 1.08233E-14
251, 7.59916E-15, 3.23111E-15, 6.78196E-15, 1.17729E-14, 3.78063E-16, 3.53716E-16, 3.02848E-16, 1.17729E-14
252, 7.86230E-15, 3.00719E-15, 6.60233E-15, 1.18666E-14, 3.76884E-16, 3.54375E-16, 2.96913E-16, 1.18666E-14
253, 7.88057E-15, 3.24580E-15, 6.24436E-15, 9.28591E-15, 3.75156E-16, 3.53842E-16, 2.99886E-16, 9.28591E-15
254, 7.89909E-15, 3.25298E-15, 6.33247E-15, 9.00277E-15, 3.76698E-16, 3.53547E-16, 3.02010E-16, 9.00277E-15
255, 7.67043E-15, 3.26004E-15, 6.24222E-15, 7.18663E-15, 3.76983E-16, 3.54038E-16, 3.00658E-16, 7.18663E-15
256, 7.44080E-15, 3.26699E-15, 6.24118E-15, 8.75525E-15, 3.77057E-16, 3.53775E-16, 3.01826E-16, 8.75525E-15
257, 7.95606E-15, 3.27382E-15, 5.88358E-15, 8.71917E-15, 3.73116E-16, 3.52898E-16, 2.99138E-16, 8.71917E-15
258, 7.72624E-15, 3.74918E-15, 5.70437E-15, 8.82102E-15, 3.74154E-16, 3.54031E-16, 2.99267E-16, 8.82102E-15
259, 7.99508E-15, 3.28713E-15, 5.52524E-15, 7.54928E-15, 3.71816E-16, 3.54228E-16, 3.00479E-16, 7.54928E-15
260, 8.26533E-15, 3.52885E-15, 5.34618E-15, 1.09355E-14, 3.74407E-16, 3.53247E-16, 3.00654E-16, 1.09355E-14
261, 8.53700E-15, 3.41779E-15, 5.52356E-15, 1.30684E-14, 3.71711E-16, 3.52254E-16, 3.00549E-16, 1.30684E-14
262, 8.81009E-15, 3.66039E-15, 5.25553E-15, 9.21870E-15, 3.70353E-16, 3.54248E-16, 3.00186E-16, 9.21870E-15
263, 8.83225E-15, 3.66713E-15, 5.43292E-15, 9.45082E-15, 3.71701E-16, 3.54387E-16, 2.98139E-16, 9.45082E-15
264, 8.98106E-15, 3.91075E-15, 5.52124E-15, 7.04222E-15, 3.69911E-16, 3.52910E-16, 2.97113E-16, 7.04222E-15
265, 9.63792E-15, 4.03635E-15, 5.34243E-15, 9.64129E-15, 3.69935E-16, 3.56171E-16, 2.97806E-16, 9.64129E-15
266, 1.01710E-14, 4.16221E-15, 5.25273E-15, 1.09354E-14, 3.70356E-16, 3.56332E-16, 2.95761E-16, 1.09354E-14
267, 1.07068E-14, 4.52654E-15, 5.07406E-15, 9.82829E-15, 3.70663E-16, 3.55648E-16, 2.95847E-16, 9.82829E-15
268, 1.13732E-14, 4.77257E-15, 4.98447E-15, 1.16401E-14, 3.70596E-16, 3.55392E-16, 2.98960E-16, 1.16401E-14
269, 1.17867E-14, 4.78017E-15, 4.98393E-15, 1.13292E-14, 3.71490E-16, 3.55649E-16, 2.96980E-16, 1.13292E-14
270, 1.25877E-14, 4.78758E-15, 5.33937E-15, 7.60958E-15, 3.71054E-16, 3.54834E-16, 2.96571E-16, 7.60958E-15
271, 1.33928E-14, 4.79481E-15, 5.33885E-15, 9.97969E-15, 3.69971E-16, 3.55779E-16, 3.04537E-16, 9.97969E-15
272, 1.44602E-14, 5.04193E-15, 5.16042E-15, 1.04109E-14, 3.74448E-16, 3.54938E-16, 2.95118E-16, 1.04109E-14
273, 1.48860E-14, 5.28954E-15, 5.15998E-15, 1.01095E-14, 3.71968E-16, 3.54085E-16, 2.94938E-16, 1.01095E-14
274, 1.58330E-14, 5.05609E-15, 5.33749E-15, 1.11012E-14, 3.72428E-16, 3.54143E-16, 2.91667E-16, 1.11012E-14
275, 1.61343E-14, 5.30394E-15, 5.15920E-15, 9.77057E-15, 3.71457E-16, 3.55398E-16, 2.97010E-16, 9.77057E-15
276, 1.66981E-14, 5.79362E-15, 4.98098E-15, 8.70664E-15, 3.70456E-16, 3.54963E-16, 2.94812E-16, 8.70664E-15
277, 1.75263E-14, 6.04258E-15, 4.80281E-15, 1.09667E-14, 3.71385E-16, 3.55976E-16, 2.92963E-16, 1.09667E-14
278, 1.83588E-14, 7.01786E-15, 4.80257E-15, 1.06681E-14, 3.71927E-16, 3.55074E-16, 2.92939E-16, 1.06681E-14
279, 1.86698E-14, 7.02603E-15, 4.98023E-15, 8.09506E-15, 3.71186E-16, 3.56802E-16, 2.97130E-16, 8.09506E-15
280, 1.92460E-14, 7.51900E-15, 4.80220E-15, 1.25971E-14, 3.71748E-16, 3.55914E-16, 2.96087E-16, 1.25971E-14
281, 1.98252E-14, 7.76989E-15, 4.62421E-15, 1.15421E-14, 3.72926E-16, 3.54620E-16, 2.96230E-16, 1.15421E-14
282, 2.04074E-14, 8.75013E-15, 4.62412E-15, 9.49588E-15, 3.69477E-16, 3.54663E-16, 2.96026E-16, 9.49588E-15
283, 2.04613E-14, 9.00203E-15, 4.44622E-15, 8.46160E-15, 3.69543E-16, 3.52400E-16, 2.94879E-16, 8.46160E-15
284, 2.02490E-14, 9.25399E-15, 4.80189E-15, 1.14012E-14, 3.68052E-16, 3.53516E-16, 2.95233E-16, 1.14012E-14
285, 2.03028E-14, 9.74972E-15, 4.26837E-15, 9.87348E-15, 3.67378E-16, 3.51306E-16, 2.96581E-16, 9.87348E-15
286, 2.00891E-14, 9.75794E-15, 4.09057E-15, 9.83295E-15, 3.67523E-16, 3.51634E-16, 2.96755E-16, 9.83295E-15
287, 2.01428E-14, 9.76571E-15, 4.26851E-15, 8.20123E-15, 3.69606E-16, 3.51921E-16, 2.94047E-16, 8.20123E-15
288, 1.96583E-14, 9.77302E-15, 3.91291E-15, 9.50838E-15, 3.68110E-16, 3.51746E-16, 2.97276E-16, 9.50838E-15
289, 1.97114E-14, 9.77986E-15, 3.73518E-15, 1.23827E-14, 3.69770E-16, 3.52958E-16, 2.96515E-16, 1.23827E-14
290, 1.86817E-14, 9.90855E-15, 3.55747E-15, 1.03972E-14, 3.70473E-16, 3.53400E-16, 3.02962E-16, 1.03972E-14
291, 1.81896E-14, 9.54732E-15, 3.55765E-15, 1.05949E-14, 3.70710E-16, 3.49492E-16, 2.94495E-16, 1.05949E-14
292, 1.74226E-14, 9.30768E-15, 4.26943E-15, 1.05509E-14, 3.71791E-16, 3.49127E-16, 2.99290E-16, 1.05509E-14
293, 1.66514E-14, 9.43491E-15, 3.55809E-15, 1.09846E-14, 3.71119E-16, 3.48765E-16, 2.94543E-16, 1.09846E-14
294, 1.64236E-14, 8.33594E-15, 3.91418E-15, 9.74986E-15, 3.69606E-16, 3.47281E-16, 2.99058E-16, 9.74986E-15
295, 1.59201E-14, 7.84879E-15, 3.55863E-15, 1.13668E-14, 3.70551E-16, 3.49279E-16, 2.91924E-16, 1.13668E-14
296, 1.59645E-14, 7.36089E-15, 3.91483E-15, 1.21445E-14, 3.69991E-16, 3.49133E-16, 2.90425E-16, 1.21445E-14
297, 1.54571E-14, 6.62686E-15, 3.20334E-15, 1.09194E-14, 3.68713E-16, 3.49966E-16, 2.95352E-16, 1.09194E-14
298, 1.46701E-14, 6.38310E-15, 3.55962E-15, 9.70427E-15, 3.69292E-16, 3.49348E-16, 2.95970E-16, 9.70427E-15
299, 1.41564E-14, 5.89337E-15, 3.56000E-15, 1.04783E-14, 3.69855E-16, 3.48999E-16, 2.96457E-16, 1.04783E-14
300, 1.36398E-14, 5.40316E-15, 3.56040E-15, 1.11295E-14, 3.70968E-16, 3.49334E-16, 2.97694E-16, 1.11295E-14
301, 1.31204E-14, 5.03537E-15, 3.56081E-15, 1.01587E-14, 3.69416E-16, 3.49531E-16, 3.00588E-16, 1.01587E-14
302, 1.20381E-14, 4.54446E-15, 3.56125E-15, 8.16126E-15, 3.68615E-16, 3.49849E-16, 3.01059E-16, 8.16126E-15
303, 1.17920E-14, 4.17611E-15, 3.56171E-15, 1.03010E-14, 3.69187E-16, 3.49527E-16, 3.01166E-16, 1.03010E-14
304, 1.09813E-14, 4.17604E-15, 3.91841E-15, 1.00287E-14, 3.68366E-16, 3.49123E-16, 3.07326E-16, 1.00287E-14
305, 1.04484E-14, 3.80733E-15, 4.27522E-15, 1.02124E-14, 3.70194E-16, 3.52544E-16, 3.01932E-16, 1.02124E-14
306, 1.01957E-14, 3.92973E-15, 3.56320E-15, 9.26422E-15, 3.68878E-16, 3.52991E-16, 3.11157E-16, 9.26422E-15
307, 9.65747E-15, 4.42029E-15, 3.92011E-15, 1.03487E-14, 3.70378E-16, 3.50805E-16, 3.15190E-16, 1.03487E-14
308, 8.83124E-15, 4.05115E-15, 3.56429E-15, 1.11992E-14, 3.68773E-16, 3.52958E-16, 3.12127E-16, 1.11992E-14
309, 8.28589E-15, 3.92747E-15, 3.56486E-15, 9.14281E-15, 3.67063E-16, 3.53092E-16, 3.12465E-16, 9.14281E-15
310, 8.02390E-15, 4.41718E-15, 3.20890E-15, 1.15443E-14, 3.66327E-16, 3.50265E-16, 3.05950E-16, 1.15443E-14
311, 8.04780E-15, 4.29311E-15, 3.20945E-15, 1.23768E-14, 3.66829E-16, 3.50981E-16, 3.08019E-16, 1.23768E-14
312, 7.49531E-15, 3.92372E-15, 3.03168E-15, 1.23211E-14, 3.67814E-16, 3.49561E-16, 3.11814E-16, 1.23211E-14
313, 7.51781E-15, 3.67703E-15, 3.21059E-15, 1.18272E-14, 3.66262E-16, 3.53691E-16, 3.14743E-16, 1.18272E-14
314, 7.25045E-15, 3.67542E-15, 2.85439E-15, 1.09012E-14, 3.68049E-16, 3.54631E-16, 3.17608E-16, 1.09012E-14
315, 7.27238E-15, 4.16349E-15, 2.85493E-15, 9.98301E-15, 3.68206E-16, 3.49302E-16, 3.15165E-16, 9.98301E-15
316, 7.29446E-15, 3.79417E-15, 2.85549E-15, 1.08009E-14, 3.68948E-16, 3.51950E-16, 3.10308E-16, 1.08009E-14
317, 7.02402E-15, 3.42509E-15, 2.85606E-15, 9.03042E-15, 3.72086E-16, 3.49205E-16, 3.11157E-16, 9.03042E-15
318, 7.33906E-15, 3.54533E-15, 3.03519E-15, 9.41599E-15, 3.72996E-16, 3.46709E-16, 3.08694E-16, 9.41599E-15
319, 7.36157E-15, 3.42093E-15, 2.85725E-15, 8.73246E-15, 3.72124E-16, 3.47428E-16, 3.12158E-16, 8.73246E-15
320, 6.79350E-15, 3.90704E-15, 3.21510E-15, 9.96264E-15, 3.71488E-16, 3.50443E-16, 3.12576E-16, 9.96264E-15
321, 7.11076E-15, 3.41627E-15, 2.85850E-15, 9.38740E-15, 3.73210E-16, 3.47223E-16, 3.13602E-16, 9.38740E-15
322, 7.13279E-15, 3.90143E-15, 2.85915E-15, 1.01817E-14, 3.73110E-16, 3.47148E-16, 3.16181E-16, 1.01817E-14
323, 6.85683E-15, 3.53295E-15, 2.85981E-15, 1.08111E-14, 3.72921E-16, 3.47288E-16, 3.31791E-16, 1.08111E-14
324, 6.87821E-15, 3.40838E-15, 3.21806E-15, 1.16415E-14, 3.75853E-16, 3.42856E-16, 3.21511E-16, 1.16415E-14
325, 6.59972E-15, 3.89201E-15, 3.21884E-15, 1.07566E-14, 3.77049E-16, 3.43595E-16, 3.19103E-16, 1.07566E-14
326, 6.92134E-15, 3.64557E-15, 2.86191E-15, 1.00857E-14, 3.72381E-16, 3.41292E-16, 3.13099E-16, 1.00857E-14
327, 6.64122E-15, 3.64225E-15, 2.86265E-15, 8.19212E-15, 3.75213E-16, 3.43116E-16, 3.15447E-16, 8.19212E-15
328, 6.96498E-15, 3.88140E-15, 2.86340E-15, 1.00868E-14, 3.76015E-16, 3.47588E-16, 3.24233E-16, 1.00868E-14
329, 6.68320E-15, 3.87760E-15, 2.86418E-15, 1.02387E-14, 3.76226E-16, 3.45186E-16, 3.13660E-16, 1.02387E-14
330, 6.70437E-15, 3.38947E-15, 2.86497E-15, 1.06910E-14, 3.79312E-16, 3.41412E-16, 3.15730E-16, 1.06910E-14
331, 7.03136E-15, 3.14407E-15, 2.86579E-15, 1.08373E-14, 3.83164E-16, 3.39118E-16, 3.18475E-16, 1.08373E-14
332, 6.74705E-15, 3.14067E-15, 2.86663E-15, 8.78525E-15, 3.80584E-16, 3.43416E-16, 3.16795E-16, 8.78525E-15
333, 6.76856E-15, 3.13718E-15, 2.86749E-15, 1.05280E-14, 3.83104E-16, 3.42216E-16, 3.19490E-16, 1.05280E-14
334, 6.17289E-15, 2.89254E-15, 2.86837E-15, 9.28810E-15, 3.83511E-16, 3.39842E-16, 3.21127E-16, 9.28810E-15
335, 6.19265E-15, 3.12989E-15, 2.86928E-15, 9.41224E-15, 3.83422E-16, 3.41223E-16, 3.32709E-16, 9.41224E-15
336, 5.90188E-15, 3.36656E-15, 2.69083E-15, 1.38865E-14, 3.79844E-16, 3.45343E-16, 3.21588E-16, 1.38865E-14
337, 6.54408E-15, 3.36237E-15, 3.58898E-15, 9.72862E-15, 3.80857E-16, 3.41290E-16, 3.26358E-16, 9.72862E-15
338, 6.25251E-15, 4.07766E-15, 3.59022E-15, 1.49044E-14, 3.81016E-16, 3.37712E-16, 3.27169E-16, 1.49044E-14
339, 6.27266E-15, 3.83277E-15, 2.87320E-15, 9.82058E-15, 3.82403E-16, 3.39189E-16, 3.24605E-16, 9.82058E-15
340, 6.29290E-15, 4.30609E-15, 3.23353E-15, 9.76961E-15, 3.84184E-16, 3.42155E-16, 3.24266E-16, 9.76961E-15
341, 5.99757E-15, 3.58348E-15, 3.23475E-15, 8.95663E-15, 3.84249E-16, 3.41590E-16, 3.29373E-16, 8.95663E-15
342, 6.33365E-15, 3.57845E-15, 2.87644E-15, 9.09971E-15, 3.86537E-16, 3.42822E-16, 3.48825E-16, 9.09971E-15
343, 6.67187E-15, 3.57332E-15, 3.23729E-15, 8.67529E-15, 3.87047E-16, 3.48856E-16, 3.36100E-16, 8.67529E-15
344, 6.69350E-15, 3.33021E-15, 3.23861E-15, 8.25506E-15, 3.85769E-16, 3.42227E-16, 3.32868E-16, 8.25506E-15
345, 6.39544E-15, 3.80026E-15, 3.59998E-15, 1.02653E-14, 3.86843E-16, 3.41885E-16, 3.33970E-16, 1.02653E-14
346, 6.73701E-15, 3.79447E-15, 3.24138E-15, 8.91241E-15, 3.90196E-16, 3.41284E-16, 3.37940E-16, 8.91241E-15
347, 7.08075E-15, 3.31500E-15, 3.24283E-15, 1.03440E-14, 3.90999E-16, 3.41958E-16, 3.37824E-16, 1.03440E-14
348, 6.45797E-15, 3.07335E-15, 3.42456E-15, 1.06580E-14, 3.92511E-16, 3.43347E-16, 3.52512E-16, 1.06580E-14
349, 6.47896E-15, 3.77649E-15, 3.42618E-15, 8.04363E-15, 3.94727E-16, 3.47782E-16, 3.40172E-16, 8.04363E-15
350, 6.50003E-15, 3.77031E-15, 3.60825E-15, 1.05483E-14, 3.92204E-16, 3.44728E-16, 3.41934E-16, 1.05483E-14
351, 5.86905E-15, 3.99929E-15, 3.61005E-15, 9.22740E-15, 3.94594E-16, 3.42373E-16, 3.50180E-16, 9.22740E-15
352, 5.88812E-15, 3.75767E-15, 3.61190E-15, 1.04399E-14, 3.98625E-16, 3.38171E-16, 3.36693E-16, 1.04399E-14
353, 5.90726E-15, 3.75122E-15, 3.61380E-15, 1.07444E-14, 3.97235E-16, 3.32619E-16, 3.36682E-16, 1.07444E-14
354, 6.58493E-15, 3.27661E-15, 3.61576E-15, 1.06893E-14, 4.00262E-16, 3.34173E-16, 3.36479E-16, 1.06893E-14
355, 5.61535E-15, 4.20534E-15, 3.61777E-15, 9.39383E-15, 3.99651E-16, 3.35069E-16, 3.36613E-16, 9.39383E-15
356, 5.63355E-15, 3.49819E-15, 3.80082E-15, 9.16946E-15, 4.00849E-16, 3.36810E-16, 3.41950E-16, 9.16946E-15
357, 5.31932E-15, 3.72464E-15, 3.98414E-15, 8.07005E-15, 4.01721E-16, 3.38138E-16, 3.46949E-16, 8.07005E-15
358, 5.67004E-15, 3.71781E-15, 3.44292E-15, 1.01235E-14, 4.04299E-16, 3.34608E-16, 3.35450E-16, 1.01235E-14
359, 6.02294E-15, 3.71091E-15, 3.62636E-15, 8.16184E-15, 4.05387E-16, 3.30570E-16, 3.39261E-16, 8.16184E-15
360, 5.70664E-15, 3.24096E-15, 3.44722E-15, 1.07122E-14, 4.06847E-16, 3.33306E-16, 3.53491E-16, 1.07122E-14
361, 5.38820E-15, 3.69693E-15, 3.63101E-15, 9.28285E-15, 4.07976E-16, 3.37408E-16, 3.43711E-16, 9.28285E-15
362, 5.06761E-15, 3.92047E-15, 3.81509E-15, 9.23618E-15, 4.08699E-16, 3.33325E-16, 3.50261E-16, 9.23618E-15
363, 4.74487E-15, 3.68273E-15, 3.63589E-15, 8.42412E-15, 4.12161E-16, 3.42300E-16, 3.50040E-16, 8.42412E-15
364, 4.41996E-15, 3.44582E-15, 3.72939E-15, 9.99086E-15, 4.15031E-16, 3.44425E-16, 3.45569E-16, 9.99086E-15
365, 4.43397E-15, 3.66832E-15, 3.64103E-15, 1.04469E-14, 4.15882E-16, 3.41096E-16, 3.45867E-16, 1.04469E-14
366, 4.44797E-15, 3.43223E-15, 3.82587E-15, 7.20979E-15, 4.17040E-16, 3.42797E-16, 3.43675E-16, 7.20979E-15
367, 4.46194E-15, 3.19702E-15, 3.82873E-15, 1.00111E-14, 4.21997E-16, 3.42988E-16, 3.50353E-16, 1.00111E-14
368, 4.82019E-15, 3.19059E-15, 3.83166E-15, 8.30219E-15, 4.23065E-16, 3.41149E-16, 3.51739E-16, 8.30219E-15
369, 4.48981E-15, 4.09388E-15, 4.01725E-15, 8.92339E-15, 4.23539E-16, 3.37402E-16, 3.46690E-16, 8.92339E-15
370, 4.50369E-15, 3.63159E-15, 4.20321E-15, 1.01968E-14, 4.24902E-16, 3.34507E-16, 3.49975E-16, 1.01968E-14
371, 4.17003E-15, 3.62416E-15, 4.02374E-15, 8.51207E-15, 4.29112E-16, 3.38996E-16, 3.46400E-16, 8.51207E-15
372, 4.18276E-15, 3.61670E-15, 3.84404E-15, 9.77619E-15, 4.28408E-16, 3.33185E-16, 3.56153E-16, 9.77619E-15
373, 4.19544E-15, 3.60922E-15, 3.84730E-15, 7.94748E-15, 4.30780E-16, 3.32030E-16, 3.44672E-16, 7.94748E-15
374, 4.20806E-15, 4.50215E-15, 3.75895E-15, 8.15398E-15, 4.32507E-16, 3.28683E-16, 3.48079E-16, 8.15398E-15
375, 4.22063E-15, 3.36957E-15, 3.94579E-15, 9.00209E-15, 4.35457E-16, 3.30002E-16, 3.48759E-16, 9.00209E-15
376, 4.58588E-15, 4.25920E-15, 3.67380E-15, 1.15239E-14, 4.37751E-16, 3.27075E-16, 3.57534E-16, 1.15239E-14
377, 4.95313E-15, 3.80287E-15, 4.04488E-15, 8.92484E-15, 4.39839E-16, 3.32396E-16, 3.50487E-16, 8.92484E-15
378, 4.61271E-15, 3.34841E-15, 4.41670E-15, 7.61791E-15, 4.43036E-16, 3.28260E-16, 3.56919E-16, 7.61791E-15
379, 4.27014E-15, 3.34136E-15, 3.86827E-15, 1.07479E-14, 4.44120E-16, 3.32832E-16, 3.50758E-16, 1.07479E-14
380, 4.28231E-15, 3.11202E-15, 4.05637E-15, 9.76030E-15, 4.45908E-16, 3.31380E-16, 3.57398E-16, 9.76030E-15
381, 4.65225E-15, 3.54907E-15, 4.06034E-15, 8.15399E-15, 4.47644E-16, 3.30510E-16, 3.51193E-16, 8.15399E-15
382, 4.66522E-15, 3.76291E-15, 3.87962E-15, 8.74760E-15, 4.50937E-16, 3.31465E-16, 3.54119E-16, 8.74760E-15
383, 4.49815E-15, 3.29939E-15, 3.97599E-15, 9.33737E-15, 4.53948E-16, 3.28857E-16, 3.55880E-16, 9.33737E-15
384, 4.87122E-15, 3.52659E-15, 4.07260E-15, 7.83023E-15, 4.54631E-16, 3.30359E-16, 3.52293E-16, 7.83023E-15
385, 4.70342E-15, 3.51913E-15, 4.16947E-15, 8.34304E-15, 4.57780E-16, 3.33659E-16, 3.55187E-16, 8.34304E-15
386, 4.71590E-15, 3.68316E-15, 4.26658E-15, 8.92981E-15, 4.60371E-16, 3.33651E-16, 3.58595E-16, 8.92981E-15
387, 4.72824E-15, 3.77121E-15, 4.36395E-15, 8.28566E-15, 4.62594E-16, 3.34120E-16, 3.54715E-16, 8.28566E-15
388, 5.46975E-15, 4.20037E-15, 4.55452E-15, 1.03991E-14, 4.66698E-16, 3.31836E-16, 3.62848E-16, 1.03991E-14
389, 5.11809E-15, 4.21198E-15, 4.37335E-15, 1.12799E-14, 4.66257E-16, 3.35750E-16, 3.54441E-16, 1.12799E-14
390, 5.13091E-15, 4.27795E-15, 4.37813E-15, 8.66092E-15, 4.68823E-16, 3.34746E-16, 3.63953E-16, 8.66092E-15
391, 5.14358E-15, 4.66264E-15, 4.28971E-15, 9.69430E-15, 4.73422E-16, 3.34540E-16, 3.63891E-16, 9.69430E-15
392, 5.52436E-15, 4.81884E-15, 4.48120E-15, 1.14769E-14, 4.75591E-16, 3.42715E-16, 3.71909E-16, 1.14769E-14
393, 5.16839E-15, 4.86627E-15, 4.48623E-15, 9.93704E-15, 4.80205E-16, 3.41639E-16, 3.66376E-16, 9.93704E-15
394, 5.36555E-15, 5.18668E-15, 4.67844E-15, 1.35108E-14, 4.85400E-16, 3.43758E-16, 3.75511E-16, 1.35108E-14
395, 5.56339E-15, 5.28367E-15, 4.68376E-15, 7.78383E-15, 4.83427E-16, 3.39553E-16, 3.64001E-16, 7.78383E-15
396, 5.76188E-15, 5.49448E-15, 4.68912E-15, 8.43355E-15, 4.87530E-16, 3.33529E-16, 3.69760E-16, 8.43355E-15
397, 5.96099E-15, 5.67765E-15, 5.25787E-15, 7.74029E-15, 4.89995E-16, 3.40244E-16, 3.86772E-16, 7.74029E-15
398, 5.97401E-15, 5.95377E-15, 5.07595E-15, 7.86757E-15, 4.94649E-16, 3.47683E-16, 3.79157E-16, 7.86757E-15
399, 5.98681E-15, 6.19543E-15, 5.17596E-15, 8.88269E-15, 4.97678E-16, 3.53602E-16, 3.85384E-16, 8.88269E-15
400, 5.99939E-15, 6.23629E-15, 5.08778E-15, 8.85908E-15, 5.04843E-16, 3.61159E-16, 3.78643E-16, 8.85908E-15
401, 6.01173E-15, 6.37014E-15, 5.09373E-15, 8.98310E-15, 5.02467E-16, 3.49322E-16, 3.85946E-16, 8.98310E-15
402, 6.02384E-15, 6.37079E-15, 5.28859E-15, 9.10669E-15, 5.09823E-16, 3.60001E-16, 3.76385E-16, 9.10669E-15
403, 6.03571E-15, 6.54371E-15, 5.38935E-15, 1.02554E-14, 5.13931E-16, 3.58038E-16, 3.73760E-16, 1.02554E-14
404, 6.42529E-15, 6.94077E-15, 5.30103E-15, 1.06678E-14, 5.13287E-16, 3.52346E-16, 3.82060E-16, 1.06678E-14
405, 6.43739E-15, 6.88774E-15, 5.49682E-15, 1.42851E-14, 5.18963E-16, 3.58983E-16, 3.76069E-16, 1.42851E-14
406, 6.44922E-15, 7.23009E-15, 5.69306E-15, 8.86957E-15, 5.18124E-16, 3.49006E-16, 3.82851E-16, 8.86957E-15
407, 6.08074E-15, 7.28862E-15, 5.50977E-15, 9.86294E-15, 5.23050E-16, 3.56024E-16, 3.80181E-16, 9.86294E-15
408, 6.47209E-15, 7.59630E-15, 5.70646E-15, 8.53655E-15, 5.26055E-16, 3.57799E-16, 3.78076E-16, 8.53655E-15
409, 6.48312E-15, 7.69996E-15, 5.90360E-15, 8.22706E-15, 5.25194E-16, 3.56471E-16, 3.75017E-16, 8.22706E-15
410, 6.49387E-15, 7.73799E-15, 5.52919E-15, 1.02949E-14, 5.29436E-16, 3.53680E-16, 3.78360E-16, 1.02949E-14
411, 6.88696E-15, 8.01085E-15, 5.63108E-15, 1.03419E-14, 5.29467E-16, 3.55700E-16, 3.79473E-16, 1.03419E-14
412, 6.51455E-15, 7.99633E-15, 5.54208E-15, 7.45123E-15, 5.34325E-16, 3.57553E-16, 3.79074E-16, 7.45123E-15
413, 6.71636E-15, 8.12499E-15, 5.73983E-15, 8.21966E-15, 5.37573E-16, 3.59380E-16, 3.79040E-16, 8.21966E-15
414, 6.72627E-15, 8.20143E-15, 5.55489E-15, 8.12881E-15, 5.37306E-16, 3.53374E-16, 3.76471E-16, 8.12881E-15
415, 6.92835E-15, 8.23887E-15, 5.56126E-15, 7.82499E-15, 5.40274E-16, 3.55160E-16, 3.76797E-16, 7.82499E-15
416, 7.70882E-15, 8.30220E-15, 5.75959E-15, 7.38069E-15, 5.38092E-16, 3.47464E-16, 3.71118E-16, 7.38069E-15
417, 8.10509E-15, 8.33964E-15, 5.76611E-15, 9.62893E-15, 5.41294E-16, 3.46826E-16, 3.77828E-16, 9.62893E-15
418, 7.72911E-15, 8.58331E-15, 5.96501E-15, 8.47614E-15, 5.44859E-16, 3.52369E-16, 3.74820E-16, 8.47614E-15
419, 7.73873E-15, 8.20875E-15, 5.58639E-15, 1.07112E-14, 5.43436E-16, 3.47412E-16, 3.75666E-16, 1.07112E-14
420, 8.13540E-15, 8.47785E-15, 5.68899E-15, 9.70191E-15, 5.46667E-16, 3.47223E-16, 3.78748E-16, 9.70191E-15
421, 7.75692E-15, 8.51540E-15, 5.79175E-15, 1.06612E-14, 5.50381E-16, 3.53547E-16, 3.87186E-16, 1.06612E-14
422, 6.98894E-15, 8.50178E-15, 5.79804E-15, 9.51665E-15, 5.54358E-16, 3.61619E-16, 3.77717E-16, 9.51665E-15
423, 7.57936E-15, 8.43725E-15, 5.80427E-15, 8.93595E-15, 5.50456E-16, 3.46912E-16, 3.78194E-16, 8.93595E-15
424, 7.39247E-15, 8.62838E-15, 5.81043E-15, 7.24353E-15, 5.52970E-16, 3.56157E-16, 3.75700E-16, 7.24353E-15
425, 7.39958E-15, 8.66616E-15, 6.01042E-15, 8.06050E-15, 5.56380E-16, 3.54377E-16, 3.82847E-16, 8.06050E-15
426, 7.01653E-15, 8.47497E-15, 5.82257E-15, 9.56689E-15, 5.50114E-16, 3.50142E-16, 3.71150E-16, 9.56689E-15
427, 7.41274E-15, 8.56407E-15, 6.02282E-15, 9.54463E-15, 5.53392E-16, 3.46857E-16, 3.83889E-16, 9.54463E-15
428, 7.41880E-15, 8.42472E-15, 5.83443E-15, 7.72836E-15, 5.59442E-16, 3.55478E-16, 3.84154E-16, 7.72836E-15
429, 7.22911E-15, 8.51401E-15, 5.64556E-15, 8.26116E-15, 5.60067E-16, 3.56944E-16, 3.78089E-16, 8.26116E-15
430, 7.23430E-15, 8.32489E-15, 5.65111E-15, 6.18150E-15, 5.58233E-16, 3.52958E-16, 3.77700E-16, 6.18150E-15
431, 8.02175E-15, 8.31338E-15, 5.85162E-15, 7.26358E-15, 5.60354E-16, 3.56124E-16, 3.77282E-16, 7.26358E-15
432, 7.83094E-15, 8.17591E-15, 5.66195E-15, 7.52025E-15, 5.59428E-16, 3.52473E-16, 3.73871E-16, 7.52025E-15
433, 7.83539E-15, 7.91300E-15, 6.05809E-15, 7.36648E-15, 5.60092E-16, 3.53897E-16, 3.88153E-16, 7.36648E-15
434, 8.03544E-15, 8.05364E-15, 6.06365E-15, 7.55368E-15, 5.63179E-16, 3.50448E-16, 3.79173E-16, 7.55368E-15
435, 7.84312E-15, 7.84222E-15, 5.67756E-15, 7.60424E-15, 5.64377E-16, 3.50341E-16, 3.85509E-16, 7.60424E-15
436, 7.84639E-15, 7.73193E-15, 5.87854E-15, 9.48356E-15, 5.69090E-16, 3.56811E-16, 3.82351E-16, 9.48356E-15
437, 8.43796E-15, 7.87282E-15, 5.49139E-15, 1.02730E-14, 5.69608E-16, 3.57020E-16, 3.81586E-16, 1.02730E-14
438, 8.44061E-15, 8.06365E-15, 5.49605E-15, 7.55241E-15, 5.66633E-16, 3.52047E-16, 3.78505E-16, 7.55241E-15
439, 8.44284E-15, 7.60387E-15, 5.50062E-15, 8.07361E-15, 5.68018E-16, 3.53454E-16, 3.78922E-16, 8.07361E-15
440, 8.05186E-15, 7.49513E-15, 5.50508E-15, 7.65273E-15, 5.69217E-16, 3.53299E-16, 3.77744E-16, 7.65273E-15
441, 8.64241E-15, 7.48664E-15, 5.31268E-15, 7.90361E-15, 5.67744E-16, 3.50709E-16, 3.77855E-16, 7.90361E-15
442, 8.05404E-15, 7.22906E-15, 5.51371E-15, 8.55444E-15, 5.71511E-16, 3.51346E-16, 3.89693E-16, 8.55444E-15
443, 8.44741E-15, 7.22124E-15, 5.51787E-15, 8.26893E-15, 5.71840E-16, 3.57301E-16, 3.84964E-16, 8.26893E-15
444, 8.05457E-15, 6.96486E-15, 5.71913E-15, 6.92015E-15, 5.72511E-16, 3.55661E-16, 3.82328E-16, 6.92015E-15
445, 7.85778E-15, 6.95768E-15, 5.72321E-15, 8.76434E-15, 5.70002E-16, 3.48121E-16, 3.82470E-16, 8.76434E-15
446, 7.85705E-15, 6.65279E-15, 5.33220E-15, 7.15553E-15, 5.70764E-16, 3.54502E-16, 3.79242E-16, 7.15553E-15
447, 8.24872E-15, 6.74547E-15, 5.53341E-15, 7.40490E-15, 5.73131E-16, 3.52931E-16, 3.91102E-16, 7.40490E-15
448, 8.24712E-15, 6.59037E-15, 5.33927E-15, 8.44510E-15, 5.79772E-16, 3.56334E-16, 3.90551E-16, 8.44510E-15
449, 7.45986E-15, 6.43573E-15, 5.54051E-15, 1.05346E-14, 5.70895E-16, 3.54225E-16, 3.79180E-16, 1.05346E-14
450, 7.26143E-15, 6.23207E-15, 5.54389E-15, 8.67343E-15, 5.75952E-16, 3.50830E-16, 4.00730E-16, 8.67343E-15
451, 6.86657E-15, 6.07835E-15, 5.54715E-15, 7.21339E-15, 5.79449E-16, 3.58247E-16, 4.07269E-16, 7.21339E-15
452, 6.47168E-15, 5.97442E-15, 5.55029E-15, 7.98452E-15, 5.83639E-16, 3.64534E-16, 3.89033E-16, 7.98452E-15
453, 6.17481E-15, 5.96949E-15, 5.55331E-15, 6.79327E-15, 5.80063E-16, 3.61266E-16, 3.93456E-16, 6.79327E-15
454, 5.97588E-15, 6.21119E-15, 5.35778E-15, 8.21459E-15, 5.80660E-16, 3.64126E-16, 3.88693E-16, 8.21459E-15
455, 5.97271E-15, 5.71381E-15, 5.75754E-15, 8.06904E-15, 5.78398E-16, 3.62673E-16, 3.88344E-16, 8.06904E-15
456, 6.11605E-15, 5.61110E-15, 5.56167E-15, 7.53455E-15, 5.72327E-16, 3.57259E-16, 3.87146E-16, 7.53455E-15
457, 6.16114E-15, 5.60705E-15, 5.76294E-15, 7.26160E-15, 5.71745E-16, 3.60368E-16, 3.82248E-16, 7.26160E-15
458, 6.05930E-15, 5.35739E-15, 5.76545E-15, 6.98986E-15, 5.69025E-16, 3.55597E-16, 3.80832E-16, 6.98986E-15
459, 6.44563E-15, 5.20645E-15, 5.17116E-15, 8.52836E-15, 5.73504E-16, 3.56196E-16, 3.92503E-16, 8.52836E-15
460, 6.20290E-15, 5.10493E-15, 5.57113E-15, 7.99791E-15, 5.75402E-16, 3.61976E-16, 3.82984E-16, 7.99791E-15
461, 6.43565E-15, 5.19989E-15, 5.37415E-15, 8.75737E-15, 5.74327E-16, 3.61560E-16, 3.82451E-16, 8.75737E-15
462, 6.43026E-15, 4.90266E-15, 5.17691E-15, 1.00290E-14, 5.72351E-16, 3.59154E-16, 3.82590E-16, 1.00290E-14
463, 6.42461E-15, 4.89990E-15, 5.57696E-15, 7.95918E-15, 5.71331E-16, 3.61917E-16, 3.92351E-16, 7.95918E-15
464, 6.22421E-15, 4.94623E-15, 5.37943E-15, 9.22871E-15, 5.66219E-16, 3.50541E-16, 3.81897E-16, 9.22871E-15
465, 6.21825E-15, 4.74791E-15, 5.38096E-15, 9.21491E-15, 5.64912E-16, 3.53062E-16, 3.75600E-16, 9.21491E-15
466, 6.21207E-15, 4.59884E-15, 5.18302E-15, 1.02239E-14, 5.64329E-16, 3.53187E-16, 3.77738E-16, 1.02239E-14
467, 6.20567E-15, 4.59673E-15, 5.18428E-15, 8.67805E-15, 5.61152E-16, 3.51953E-16, 3.83485E-16, 8.67805E-15
468, 6.39277E-15, 4.44810E-15, 4.78654E-15, 8.28383E-15, 5.63323E-16, 3.58221E-16, 3.78143E-16, 8.28383E-15
469, 6.38573E-15, 4.69059E-15, 5.38594E-15, 9.16376E-15, 5.57709E-16, 3.55022E-16, 3.79913E-16, 9.16376E-15
470, 6.18519E-15, 4.49344E-15, 4.98787E-15, 8.38933E-15, 5.52350E-16, 3.49072E-16, 3.74117E-16, 8.38933E-15
471, 6.17797E-15, 4.34538E-15, 4.78912E-15, 7.61720E-15, 5.49500E-16, 3.47312E-16, 3.79431E-16, 7.61720E-15
472, 6.17055E-15, 4.39276E-15, 4.98936E-15, 7.10087E-15, 5.50285E-16, 3.48392E-16, 3.80761E-16, 7.10087E-15
473, 6.16295E-15, 4.53781E-15, 4.59075E-15, 6.58606E-15, 5.49617E-16, 3.50384E-16, 3.71052E-16, 6.58606E-15
474, 6.53986E-15, 4.43900E-15, 4.99044E-15, 7.59086E-15, 5.49135E-16, 3.49612E-16, 3.96873E-16, 7.59086E-15
475, 5.76301E-15, 4.38912E-15, 4.79119E-15, 7.58276E-15, 5.52141E-16, 3.57030E-16, 3.82687E-16, 7.58276E-15
476, 5.75539E-15, 4.43690E-15, 4.59183E-15, 9.09000E-15, 5.47177E-16, 3.58154E-16, 3.80996E-16, 9.09000E-15
477, 5.74762E-15, 4.19228E-15, 4.79167E-15, 6.93694E-15, 5.47592E-16, 3.58754E-16, 3.83076E-16, 6.93694E-15
478, 5.73970E-15, 4.28903E-15, 4.99142E-15, 7.56048E-15, 5.43716E-16, 3.55055E-16, 3.74729E-16, 7.56048E-15
479, 6.11374E-15, 4.23967E-15, 4.39245E-15, 9.06446E-15, 5.39152E-16, 3.56888E-16, 3.73229E-16, 9.06446E-15
480, 6.10498E-15, 3.75189E-15, 4.59203E-15, 8.05044E-15, 5.38283E-16, 3.50866E-16, 3.92908E-16, 8.05044E-15
481, 6.47708E-15, 4.04386E-15, 4.89134E-15, 7.79254E-15, 5.42432E-16, 3.59650E-16, 3.73938E-16, 7.79254E-15
482, 6.46746E-15, 4.04357E-15, 4.19235E-15, 7.28420E-15, 5.37900E-16, 3.55675E-16, 3.78315E-16, 7.28420E-15
483, 6.45769E-15, 3.99466E-15, 4.19204E-15, 8.78488E-15, 5.40764E-16, 3.61149E-16, 3.85134E-16, 8.78488E-15
484, 6.06848E-15, 4.14072E-15, 3.99206E-15, 7.02307E-15, 5.41940E-16, 3.63567E-16, 3.88078E-16, 7.02307E-15
485, 6.43769E-15, 3.84845E-15, 4.09143E-15, 8.27184E-15, 5.44636E-16, 3.64380E-16, 3.76296E-16, 8.27184E-15
486, 6.23843E-15, 3.94599E-15, 4.19069E-15, 8.26681E-15, 5.40600E-16, 3.65857E-16, 3.96989E-16, 8.26681E-15
487, 6.60585E-15, 3.70261E-15, 4.19010E-15, 7.26064E-15, 5.49446E-16, 3.71358E-16, 3.94239E-16, 7.26064E-15
488, 6.40662E-15, 4.09267E-15, 3.98994E-15, 7.88237E-15, 5.51245E-16, 3.78388E-16, 3.87132E-16, 7.88237E-15
489, 6.77221E-15, 3.31345E-15, 4.18871E-15, 1.00044E-14, 5.49247E-16, 3.79620E-16, 3.83960E-16, 1.00044E-14
490, 6.38520E-15, 4.09361E-15, 4.78618E-15, 9.37483E-15, 5.49122E-16, 3.76396E-16, 3.89560E-16, 9.37483E-15
491, 6.56178E-15, 3.50934E-15, 3.98766E-15, 9.49581E-15, 5.39789E-16, 3.67840E-16, 3.78185E-16, 9.49581E-15
492, 6.55041E-15, 3.21746E-15, 4.58479E-15, 6.24481E-15, 5.40776E-16, 3.70247E-16, 3.81733E-16, 6.24481E-15
493, 6.35209E-15, 3.31562E-15, 4.58370E-15, 9.98815E-15, 5.41838E-16, 3.76042E-16, 3.99263E-16, 9.98815E-15
494, 6.71378E-15, 4.09668E-15, 4.18406E-15, 6.73982E-15, 5.47853E-16, 3.78319E-16, 3.81207E-16, 6.73982E-15
495, 6.70169E-15, 3.90256E-15, 4.58131E-15, 7.48651E-15, 5.41927E-16, 3.75563E-16, 3.81688E-16, 7.48651E-15
496, 6.31784E-15, 3.51326E-15, 3.98263E-15, 6.73610E-15, 5.39887E-16, 3.73856E-16, 3.80163E-16, 6.73610E-15
497, 5.93523E-15, 3.90477E-15, 3.78238E-15, 6.98396E-15, 5.39714E-16, 3.71977E-16, 3.88436E-16, 6.98396E-15
498, 6.29442E-15, 3.71071E-15, 4.17924E-15, 9.85037E-15, 5.42599E-16, 3.78847E-16, 4.26561E-16, 9.85037E-15
499, 6.65210E-15, 3.32124E-15, 3.78000E-15, 8.72663E-15, 5.55046E-16, 3.88173E-16, 3.80768E-16, 8.72663E-15
500, 6.63941E-15, 3.71333E-15, 4.37537E-15, 7.47885E-15, 5.42432E-16, 3.83528E-16, 3.84787E-16, 7.47885E-15
