time_step, rel_err_u, rel_err_v, rel_err_w, rel_err_p, rel_err_u_m, rel_err_v_m, rel_err_w_m, rel_err_p_m
0, 0.00000E+00, 0.00000E+00, 0.00000E+00, 0.00000E+00, 0.00000E+00, 0.00000E+00, 0.00000E+00,         NaN
1, 4.90268E-16, 9.23174E-16, 7.13891E-16, 1.70919E-14, 3.26081E-17, 4.62094E-17, 4.36647E-17, 1.70919E-14
2, 9.82787E-16, 1.38793E-15, 1.42753E-15, 1.79412E-14, 6.28888E-17, 7.31952E-17, 6.72272E-17, 1.79412E-14
3, 1.47761E-15, 1.85474E-15, 1.42728E-15, 2.13857E-14, 8.16965E-17, 9.09612E-17, 8.31448E-17, 2.13857E-14
4, 1.48108E-15, 1.39413E-15, 1.42704E-15, 1.69546E-14, 9.50769E-17, 1.01822E-16, 9.40082E-17, 1.69546E-14
5, 9.89732E-16, 1.39716E-15, 1.42679E-15, 1.73037E-14, 1.06566E-16, 1.10741E-16, 1.02130E-16, 1.73037E-14
6, 1.98421E-15, 1.40014E-15, 1.42656E-15, 1.83443E-14, 1.14919E-16, 1.18469E-16, 1.10589E-16, 1.83443E-14
7, 1.49176E-15, 1.87076E-15, 1.60461E-15, 2.26975E-14, 1.21374E-16, 1.24156E-16, 1.18305E-16, 2.26975E-14
8, 1.24617E-15, 1.40594E-15, 1.42609E-15, 1.33004E-14, 1.27745E-16, 1.29427E-16, 1.21380E-16, 1.33004E-14
9, 1.24923E-15, 1.40877E-15, 1.42587E-15, 1.12553E-14, 1.32047E-16, 1.34143E-16, 1.26370E-16, 1.12553E-14
10, 1.50279E-15, 1.88205E-15, 1.78206E-15, 1.44895E-14, 1.36563E-16, 1.38462E-16, 1.27836E-16, 1.44895E-14
11, 1.50653E-15, 1.88568E-15, 1.42544E-15, 1.29323E-14, 1.39632E-16, 1.42580E-16, 1.32953E-16, 1.29323E-14
12, 2.01373E-15, 1.88923E-15, 1.42523E-15, 1.65394E-14, 1.42904E-16, 1.45113E-16, 1.34747E-16, 1.65394E-14
13, 1.51410E-15, 1.89271E-15, 1.60316E-15, 1.37712E-14, 1.46173E-16, 1.46759E-16, 1.36166E-16, 1.37712E-14
14, 1.26494E-15, 1.65911E-15, 1.42484E-15, 1.23701E-14, 1.49016E-16, 1.49060E-16, 1.39032E-16, 1.23701E-14
15, 1.52178E-15, 1.66203E-15, 1.78081E-15, 1.31229E-14, 1.52157E-16, 1.51788E-16, 1.40898E-16, 1.31229E-14
16, 1.77993E-15, 1.66488E-15, 1.78059E-15, 1.37360E-14, 1.54455E-16, 1.54541E-16, 1.40947E-16, 1.37360E-14
17, 1.52955E-15, 1.66767E-15, 1.42430E-15, 1.30158E-14, 1.55758E-16, 1.55318E-16, 1.43201E-16, 1.30158E-14
18, 1.53346E-15, 1.43177E-15, 1.78017E-15, 1.13755E-14, 1.56839E-16, 1.56754E-16, 1.48595E-16, 1.13755E-14
19, 1.53740E-15, 1.91207E-15, 1.42398E-15, 1.87064E-14, 1.59433E-16, 1.59566E-16, 1.45686E-16, 1.87064E-14
20, 1.79824E-15, 1.91503E-15, 1.77979E-15, 1.67936E-14, 1.60796E-16, 1.61455E-16, 1.45348E-16, 1.67936E-14
21, 1.54532E-15, 1.67818E-15, 1.77962E-15, 9.53869E-15, 1.60933E-16, 1.62216E-16, 1.46558E-16, 9.53869E-15
22, 1.80753E-15, 1.92073E-15, 1.42356E-15, 1.97808E-14, 1.62385E-16, 1.62247E-16, 1.51897E-16, 1.97808E-14
23, 1.55332E-15, 1.92347E-15, 1.77930E-15, 1.97006E-14, 1.62697E-16, 1.63930E-16, 1.49426E-16, 1.97006E-14
24, 1.81690E-15, 1.92613E-15, 1.77916E-15, 1.39410E-14, 1.64292E-16, 1.64010E-16, 1.49390E-16, 1.39410E-14
25, 1.82161E-15, 1.92871E-15, 1.77904E-15, 1.58129E-14, 1.64788E-16, 1.66040E-16, 1.50346E-16, 1.58129E-14
26, 1.82635E-15, 1.68981E-15, 1.77892E-15, 2.09343E-14, 1.65499E-16, 1.65899E-16, 1.51368E-16, 2.09343E-14
27, 2.09269E-15, 1.93362E-15, 1.77882E-15, 2.14232E-14, 1.66689E-16, 1.67726E-16, 1.50361E-16, 2.14232E-14
28, 1.83588E-15, 1.69397E-15, 1.77873E-15, 2.05742E-14, 1.67356E-16, 1.67293E-16, 1.53460E-16, 2.05742E-14
29, 1.57773E-15, 1.93822E-15, 2.13438E-15, 1.41664E-14, 1.67894E-16, 1.68230E-16, 1.52687E-16, 1.41664E-14
30, 1.58186E-15, 1.94039E-15, 1.77859E-15, 1.68801E-14, 1.67739E-16, 1.68596E-16, 1.53203E-16, 1.68801E-14
31, 1.85035E-15, 1.94247E-15, 1.77854E-15, 1.50549E-14, 1.69343E-16, 1.70265E-16, 1.52542E-16, 1.50549E-14
32, 1.85522E-15, 1.94447E-15, 1.77851E-15, 1.33692E-14, 1.69970E-16, 1.70231E-16, 1.54417E-16, 1.33692E-14
33, 1.86012E-15, 1.94639E-15, 2.48988E-15, 1.61766E-14, 1.70331E-16, 1.70792E-16, 1.55410E-16, 1.61766E-14
34, 1.59861E-15, 1.94821E-15, 1.77848E-15, 1.68540E-14, 1.72006E-16, 1.71326E-16, 1.56247E-16, 1.68540E-14
35, 2.13714E-15, 1.94994E-15, 2.13418E-15, 1.61678E-14, 1.72228E-16, 1.71580E-16, 1.56034E-16, 1.61678E-14
36, 2.14284E-15, 1.95159E-15, 1.77851E-15, 1.25370E-14, 1.73099E-16, 1.72201E-16, 1.54094E-16, 1.25370E-14
37, 2.14857E-15, 1.95314E-15, 1.77854E-15, 1.44440E-14, 1.73247E-16, 1.74613E-16, 1.55041E-16, 1.44440E-14
38, 2.15434E-15, 1.95460E-15, 2.13431E-15, 1.60911E-14, 1.75287E-16, 1.73929E-16, 1.56913E-16, 1.60911E-14
39, 2.70019E-15, 1.71147E-15, 1.77866E-15, 1.60247E-14, 1.75468E-16, 1.74655E-16, 1.58178E-16, 1.60247E-14
40, 1.89525E-15, 1.95725E-15, 1.77873E-15, 1.64420E-14, 1.75506E-16, 1.74730E-16, 1.58561E-16, 1.64420E-14
41, 2.44337E-15, 1.95843E-15, 2.13459E-15, 1.79993E-14, 1.75364E-16, 1.74346E-16, 1.59451E-16, 1.79993E-14
42, 2.17782E-15, 1.95951E-15, 2.49050E-15, 1.52269E-14, 1.77235E-16, 1.74596E-16, 1.57444E-16, 1.52269E-14
43, 2.45677E-15, 1.96050E-15, 1.60114E-15, 1.18204E-14, 1.76634E-16, 1.74798E-16, 1.56114E-16, 1.18204E-14
44, 2.46354E-15, 1.71622E-15, 2.31293E-15, 1.30791E-14, 1.78411E-16, 1.74560E-16, 1.56702E-16, 1.30791E-14
45, 2.47037E-15, 1.71692E-15, 2.13518E-15, 1.61029E-14, 1.78010E-16, 1.74950E-16, 1.60183E-16, 1.61029E-14
46, 2.47724E-15, 1.96290E-15, 1.60152E-15, 1.34415E-14, 1.79264E-16, 1.76096E-16, 1.59851E-16, 1.34415E-14
47, 2.20815E-15, 1.84080E-15, 2.13556E-15, 1.45592E-14, 1.79009E-16, 1.75943E-16, 1.59668E-16, 1.45592E-14
48, 2.76794E-15, 1.47302E-15, 2.13577E-15, 1.53164E-14, 1.80768E-16, 1.75297E-16, 1.58422E-16, 1.53164E-14
49, 2.77576E-15, 1.96446E-15, 1.78000E-15, 8.84833E-15, 1.81232E-16, 1.76409E-16, 1.59181E-16, 8.84833E-15
50, 2.50527E-15, 1.96479E-15, 2.13624E-15, 1.04339E-14, 1.82268E-16, 1.76650E-16, 1.60926E-16, 1.04339E-14
51, 2.79157E-15, 1.96502E-15, 2.13649E-15, 1.55843E-14, 1.82145E-16, 1.76708E-16, 1.61475E-16, 1.55843E-14
52, 2.51960E-15, 1.96517E-15, 1.78063E-15, 1.09200E-14, 1.82657E-16, 1.76216E-16, 1.60967E-16, 1.09200E-14
53, 2.52685E-15, 1.84240E-15, 1.78085E-15, 1.33340E-14, 1.83295E-16, 1.77434E-16, 1.61515E-16, 1.33340E-14
54, 2.81573E-15, 2.45649E-15, 1.78109E-15, 1.27639E-14, 1.83338E-16, 1.77102E-16, 1.61443E-16, 1.27639E-14
55, 2.82390E-15, 1.96507E-15, 2.13761E-15, 1.40704E-14, 1.84073E-16, 1.77347E-16, 1.61966E-16, 1.40704E-14
56, 2.54892E-15, 1.71926E-15, 1.78160E-15, 1.03940E-14, 1.84699E-16, 1.77350E-16, 1.67396E-16, 1.03940E-14
57, 2.27235E-15, 1.96457E-15, 2.13824E-15, 1.45106E-14, 1.85217E-16, 1.78899E-16, 1.66388E-16, 1.45106E-14
58, 2.27903E-15, 1.59591E-15, 1.78214E-15, 1.03033E-14, 1.85847E-16, 1.78276E-16, 1.62851E-16, 1.03033E-14
59, 2.28576E-15, 2.33193E-15, 2.13892E-15, 1.40487E-14, 1.86952E-16, 1.78330E-16, 1.63102E-16, 1.40487E-14
60, 2.29254E-15, 1.96319E-15, 2.13927E-15, 1.73719E-14, 1.87077E-16, 1.78069E-16, 1.65243E-16, 1.73719E-14
61, 2.29937E-15, 2.08523E-15, 1.78303E-15, 1.87861E-14, 1.86293E-16, 1.79198E-16, 1.65260E-16, 1.87861E-14
62, 3.45937E-15, 1.96186E-15, 2.14001E-15, 1.47413E-14, 1.86734E-16, 1.78314E-16, 1.62827E-16, 1.47413E-14
63, 3.18061E-15, 1.96108E-15, 2.49713E-15, 1.33056E-14, 1.87163E-16, 1.80582E-16, 1.65930E-16, 1.33056E-14
64, 2.90018E-15, 1.96022E-15, 1.78399E-15, 1.26454E-14, 1.88765E-16, 1.79191E-16, 1.63551E-16, 1.26454E-14
65, 2.90895E-15, 1.95929E-15, 2.14120E-15, 1.08511E-14, 1.89169E-16, 1.79681E-16, 1.65331E-16, 1.08511E-14
66, 3.20956E-15, 1.95828E-15, 1.78468E-15, 1.77134E-14, 1.89950E-16, 1.78794E-16, 1.64148E-16, 1.77134E-14
67, 3.21934E-15, 1.71255E-15, 2.14205E-15, 1.34381E-14, 1.90542E-16, 1.79443E-16, 1.63035E-16, 1.34381E-14
68, 4.10987E-15, 1.95604E-15, 1.78540E-15, 1.67990E-14, 1.90362E-16, 1.79185E-16, 1.63787E-16, 1.67990E-14
69, 3.53355E-15, 1.95482E-15, 2.14294E-15, 1.19273E-14, 1.92108E-16, 1.78031E-16, 1.64105E-16, 1.19273E-14
70, 4.13517E-15, 1.95352E-15, 2.14340E-15, 1.14464E-14, 1.93084E-16, 1.77790E-16, 1.63694E-16, 1.14464E-14
71, 3.55538E-15, 1.95215E-15, 2.50119E-15, 2.06734E-14, 1.93761E-16, 1.78751E-16, 1.65328E-16, 2.06734E-14
72, 3.56639E-15, 1.46304E-15, 2.14436E-15, 1.18612E-14, 1.93558E-16, 1.78970E-16, 1.67458E-16, 1.18612E-14
73, 3.57748E-15, 2.07104E-15, 2.14486E-15, 1.18034E-14, 1.94847E-16, 1.79068E-16, 1.67618E-16, 1.18034E-14
74, 3.58863E-15, 1.94764E-15, 2.14537E-15, 1.16415E-14, 1.94934E-16, 1.78077E-16, 1.65189E-16, 1.16415E-14
75, 4.19982E-15, 2.18926E-15, 2.86119E-15, 1.31355E-14, 1.96307E-16, 1.80263E-16, 1.67020E-16, 1.31355E-14
76, 4.51392E-15, 2.43038E-15, 2.50417E-15, 1.51286E-14, 1.95662E-16, 1.80724E-16, 1.67567E-16, 1.51286E-14
77, 4.52811E-15, 1.94253E-15, 1.78915E-15, 1.11618E-14, 1.96957E-16, 1.79937E-16, 1.69635E-16, 1.11618E-14
78, 4.23955E-15, 2.18329E-15, 2.14755E-15, 1.73208E-14, 1.96479E-16, 1.79763E-16, 1.68775E-16, 1.73208E-14
79, 3.94916E-15, 2.78702E-15, 2.14813E-15, 1.07455E-14, 1.97536E-16, 1.79029E-16, 1.66068E-16, 1.07455E-14
80, 3.96167E-15, 2.29999E-15, 2.14873E-15, 1.57592E-14, 1.97697E-16, 1.79826E-16, 1.69022E-16, 1.57592E-14
81, 3.66854E-15, 2.41851E-15, 2.50756E-15, 1.56539E-14, 1.98708E-16, 1.79934E-16, 1.67874E-16, 1.56539E-14
82, 3.37352E-15, 2.17431E-15, 2.14997E-15, 9.95828E-15, 1.98625E-16, 1.79472E-16, 1.67441E-16, 9.95828E-15
83, 3.07662E-15, 2.41321E-15, 2.50905E-15, 1.46994E-14, 1.97874E-16, 1.79313E-16, 1.69431E-16, 1.46994E-14
84, 3.39509E-15, 2.65149E-15, 2.50983E-15, 1.04738E-14, 1.98008E-16, 1.80213E-16, 1.65669E-16, 1.04738E-14
85, 3.40596E-15, 2.16684E-15, 1.79330E-15, 1.47450E-14, 1.98856E-16, 1.79941E-16, 1.68029E-16, 1.47450E-14
86, 3.72750E-15, 2.40469E-15, 2.87022E-15, 1.07572E-14, 1.98561E-16, 1.79894E-16, 1.67944E-16, 1.07572E-14
87, 3.11623E-15, 2.16152E-15, 1.79449E-15, 1.01178E-14, 1.99377E-16, 1.78975E-16, 1.68218E-16, 1.01178E-14
88, 3.75151E-15, 2.39862E-15, 2.15413E-15, 1.35495E-14, 1.99538E-16, 1.78751E-16, 1.67443E-16, 1.35495E-14
89, 3.76359E-15, 2.15594E-15, 2.15490E-15, 1.11685E-14, 2.00241E-16, 1.79989E-16, 1.70178E-16, 1.11685E-14
90, 2.83180E-15, 2.39227E-15, 2.15569E-15, 9.48227E-15, 2.01091E-16, 1.79169E-16, 1.69879E-16, 9.48227E-15
91, 2.52529E-15, 2.38899E-15, 2.51591E-15, 1.30538E-14, 2.01252E-16, 1.79926E-16, 1.66672E-16, 1.30538E-14
92, 2.21678E-15, 2.86276E-15, 1.61800E-15, 1.08533E-14, 2.02630E-16, 1.81027E-16, 1.67252E-16, 1.08533E-14
93, 2.54166E-15, 2.38221E-15, 1.97834E-15, 9.71256E-15, 2.02165E-16, 1.80528E-16, 1.66340E-16, 9.71256E-15
94, 2.54990E-15, 2.14085E-15, 2.15908E-15, 1.68853E-14, 2.02211E-16, 1.80235E-16, 1.67291E-16, 1.68853E-14
95, 2.55818E-15, 2.10796E-15, 1.79999E-15, 1.01720E-14, 2.02655E-16, 1.79795E-16, 1.70348E-16, 1.01720E-14
96, 2.24567E-15, 1.89723E-15, 2.16092E-15, 1.18832E-14, 2.02737E-16, 1.79116E-16, 1.68877E-16, 1.18832E-14
97, 2.57482E-15, 2.60465E-15, 2.34204E-15, 9.69749E-15, 2.02711E-16, 1.79970E-16, 1.68177E-16, 9.69749E-15
98, 2.90609E-15, 2.12770E-15, 1.80240E-15, 1.17606E-14, 2.03801E-16, 1.80374E-16, 1.71456E-16, 1.17606E-14
99, 2.26764E-15, 1.88825E-15, 1.80325E-15, 1.38935E-14, 2.04729E-16, 1.80168E-16, 1.69527E-16, 1.38935E-14
100, 2.27501E-15, 2.35644E-15, 1.80412E-15, 1.39355E-14, 2.04329E-16, 1.78282E-16, 1.69042E-16, 1.39355E-14
101, 1.95635E-15, 2.58777E-15, 2.52703E-15, 1.28969E-14, 2.03895E-16, 1.79361E-16, 1.67637E-16, 1.28969E-14
102, 2.28983E-15, 1.87884E-15, 2.16714E-15, 1.36799E-14, 2.05510E-16, 1.80351E-16, 1.68168E-16, 1.36799E-14
103, 1.96909E-15, 3.28232E-15, 1.80690E-15, 1.17349E-14, 2.06529E-16, 1.81384E-16, 1.74069E-16, 1.17349E-14
104, 2.30473E-15, 2.10639E-15, 2.53103E-15, 1.53102E-14, 2.07236E-16, 1.81611E-16, 1.71289E-16, 1.53102E-14
105, 2.31220E-15, 1.86904E-15, 1.80888E-15, 1.66829E-14, 2.07325E-16, 1.80101E-16, 1.76823E-16, 1.66829E-14
106, 2.65108E-15, 2.33212E-15, 1.80991E-15, 1.06683E-14, 2.08332E-16, 1.79636E-16, 1.73232E-16, 1.06683E-14
107, 1.99475E-15, 2.32790E-15, 2.17317E-15, 1.58331E-14, 2.09007E-16, 1.79815E-16, 1.73516E-16, 1.58331E-14
108, 2.33472E-15, 2.32363E-15, 2.89930E-15, 1.00798E-14, 2.09078E-16, 1.79431E-16, 1.72519E-16, 1.00798E-14
109, 2.34225E-15, 1.85546E-15, 2.17582E-15, 1.89285E-14, 2.10806E-16, 1.79402E-16, 1.71835E-16, 1.89285E-14
110, 2.68548E-15, 2.77797E-15, 2.54006E-15, 2.09060E-14, 2.09856E-16, 1.81563E-16, 1.73726E-16, 2.09060E-14
111, 2.35734E-15, 2.31058E-15, 1.99705E-15, 1.60301E-14, 2.10189E-16, 1.80800E-16, 1.73610E-16, 1.60301E-14
112, 2.36489E-15, 2.76739E-15, 1.81671E-15, 1.60778E-14, 2.11525E-16, 1.79021E-16, 1.73365E-16, 1.60778E-14
113, 2.37243E-15, 1.88991E-15, 2.54513E-15, 1.94861E-14, 2.11057E-16, 1.79231E-16, 1.75286E-16, 1.94861E-14
114, 2.71998E-15, 2.75666E-15, 1.81921E-15, 9.82153E-15, 2.10120E-16, 1.79556E-16, 1.75443E-16, 9.82153E-15
115, 2.38752E-15, 2.06343E-15, 1.82051E-15, 1.00256E-14, 2.10588E-16, 1.78514E-16, 1.74268E-16, 1.00256E-14
116, 2.05291E-15, 2.28815E-15, 2.18621E-15, 2.11264E-14, 2.11013E-16, 1.79985E-16, 1.76053E-16, 2.11264E-14
117, 2.40258E-15, 2.74030E-15, 2.18785E-15, 1.63514E-14, 2.12709E-16, 1.81010E-16, 1.71833E-16, 1.63514E-14
118, 2.41009E-15, 2.27899E-15, 2.18952E-15, 1.52760E-14, 2.13054E-16, 1.80879E-16, 1.80252E-16, 1.52760E-14
119, 2.76296E-15, 2.27438E-15, 2.19123E-15, 2.31347E-14, 2.14695E-16, 1.81221E-16, 1.76857E-16, 2.31347E-14
120, 2.42506E-15, 1.92928E-15, 2.19298E-15, 7.07197E-15, 2.14587E-16, 1.80465E-16, 1.75156E-16, 7.07197E-15
121, 2.43252E-15, 2.26510E-15, 2.19477E-15, 9.49423E-15, 2.15031E-16, 1.78040E-16, 1.73731E-16, 9.49423E-15
122, 2.43994E-15, 1.86486E-15, 1.83049E-15, 9.45032E-15, 2.17331E-16, 1.79169E-16, 1.76336E-16, 9.45032E-15
123, 3.49620E-15, 2.25576E-15, 2.19846E-15, 1.36242E-14, 2.16298E-16, 1.80041E-16, 1.76618E-16, 1.36242E-14
124, 2.80538E-15, 1.80086E-15, 2.20036E-15, 1.16255E-14, 2.17168E-16, 1.78228E-16, 1.73822E-16, 1.16255E-14
125, 3.16547E-15, 1.79711E-15, 2.56935E-15, 9.64510E-15, 2.18492E-16, 1.78572E-16, 1.76278E-16, 9.64510E-15
126, 3.17484E-15, 2.01752E-15, 2.20428E-15, 1.08837E-14, 2.20006E-16, 1.78607E-16, 1.76584E-16, 1.08837E-14
127, 3.89175E-15, 2.23698E-15, 2.94173E-15, 1.67341E-14, 2.22316E-16, 1.78881E-16, 1.75755E-16, 1.67341E-14
128, 4.25788E-15, 2.23228E-15, 2.20835E-15, 1.84496E-14, 2.21101E-16, 1.79646E-16, 1.74920E-16, 1.84496E-14
129, 4.27014E-15, 2.22757E-15, 2.21044E-15, 1.88088E-14, 2.22190E-16, 1.78778E-16, 1.76635E-16, 1.88088E-14
130, 4.28231E-15, 2.00058E-15, 2.58133E-15, 1.25939E-14, 2.22352E-16, 1.78392E-16, 1.79395E-16, 1.25939E-14
131, 4.29438E-15, 2.43999E-15, 2.21473E-15, 1.23094E-14, 2.23687E-16, 1.78716E-16, 1.79435E-16, 1.23094E-14
132, 3.94749E-15, 2.21348E-15, 1.93981E-15, 1.69485E-14, 2.25236E-16, 1.79224E-16, 1.77993E-16, 1.69485E-14
133, 3.95837E-15, 1.76704E-15, 2.40409E-15, 1.39282E-14, 2.26028E-16, 1.78151E-16, 1.78536E-16, 1.39282E-14
134, 3.96915E-15, 2.20412E-15, 1.94374E-15, 1.67458E-14, 2.26468E-16, 1.78472E-16, 1.76403E-16, 1.67458E-14
135, 3.97982E-15, 1.97951E-15, 2.22372E-15, 1.74586E-14, 2.28130E-16, 1.79331E-16, 1.77748E-16, 1.74586E-14
136, 4.35314E-15, 2.41429E-15, 2.22604E-15, 1.86294E-14, 2.28434E-16, 1.79172E-16, 1.80754E-16, 1.86294E-14
137, 4.36453E-15, 2.19017E-15, 2.04270E-15, 8.82269E-15, 2.27796E-16, 1.77740E-16, 1.79100E-16, 8.82269E-15
138, 4.74045E-15, 1.74845E-15, 2.23079E-15, 1.62103E-14, 2.29696E-16, 1.78305E-16, 1.76269E-16, 1.62103E-14
139, 4.38693E-15, 2.83525E-15, 2.69845E-15, 9.98420E-15, 2.30957E-16, 1.77054E-16, 1.78948E-16, 9.98420E-15
140, 4.39793E-15, 2.17638E-15, 2.42195E-15, 1.44729E-14, 2.30615E-16, 1.78234E-16, 1.87666E-16, 1.44729E-14
141, 4.40878E-15, 2.38901E-15, 2.61113E-15, 1.24966E-14, 2.31299E-16, 1.77851E-16, 1.78232E-16, 1.24966E-14
142, 4.05120E-15, 2.22147E-15, 2.05388E-15, 7.09756E-15, 2.30712E-16, 1.76706E-16, 1.77642E-16, 7.09756E-15
143, 4.79922E-15, 1.73023E-15, 2.14965E-15, 1.03887E-14, 2.31309E-16, 1.77619E-16, 1.77264E-16, 1.03887E-14
144, 4.07042E-15, 1.78060E-15, 2.33922E-15, 1.47118E-14, 2.32325E-16, 1.76728E-16, 1.75449E-16, 1.47118E-14
145, 4.07982E-15, 1.93847E-15, 2.43556E-15, 1.30229E-14, 2.31626E-16, 1.78283E-16, 1.77090E-16, 1.30229E-14
146, 4.83254E-15, 1.93449E-15, 2.43834E-15, 1.11950E-14, 2.32555E-16, 1.78010E-16, 1.76437E-16, 1.11950E-14
147, 3.35305E-15, 2.14504E-15, 2.62893E-15, 8.03799E-15, 2.33031E-16, 1.77714E-16, 1.78252E-16, 8.03799E-15
148, 3.36038E-15, 1.92661E-15, 2.63198E-15, 1.24694E-14, 2.33047E-16, 1.77608E-16, 1.77550E-16, 1.24694E-14
149, 3.74176E-15, 2.13636E-15, 2.44682E-15, 1.39162E-14, 2.33196E-16, 1.77216E-16, 1.78386E-16, 1.39162E-14
150, 4.49954E-15, 2.13207E-15, 2.44967E-15, 6.79196E-15, 2.34309E-16, 1.77061E-16, 1.77954E-16, 6.79196E-15
151, 3.38160E-15, 2.12781E-15, 2.64120E-15, 1.35483E-14, 2.33244E-16, 1.77644E-16, 1.81547E-16, 1.35483E-14
152, 3.38841E-15, 1.91124E-15, 2.92761E-15, 1.13466E-14, 2.33774E-16, 1.76016E-16, 1.78285E-16, 1.13466E-14
153, 3.77232E-15, 1.80151E-15, 2.64740E-15, 9.66936E-15, 2.33078E-16, 1.76386E-16, 1.77722E-16, 9.66936E-15
154, 4.15754E-15, 2.53834E-15, 2.08255E-15, 1.68784E-14, 2.34200E-16, 1.77473E-16, 1.79290E-16, 1.68784E-14
155, 3.40803E-15, 1.90007E-15, 2.27455E-15, 1.80750E-14, 2.35191E-16, 1.76862E-16, 1.78209E-16, 1.80750E-14
156, 3.41429E-15, 1.89642E-15, 2.27723E-15, 1.03236E-14, 2.34693E-16, 1.76362E-16, 1.78729E-16, 1.03236E-14
157, 3.04037E-15, 1.68249E-15, 2.27991E-15, 1.13134E-14, 2.36035E-16, 1.75811E-16, 1.74953E-16, 1.13134E-14
158, 2.85533E-15, 2.09915E-15, 1.90215E-15, 1.04175E-14, 2.36329E-16, 1.76840E-16, 1.75875E-16, 1.04175E-14
159, 3.24156E-15, 2.09523E-15, 1.90439E-15, 1.41448E-14, 2.36408E-16, 1.77986E-16, 1.76368E-16, 1.41448E-14
160, 2.86494E-15, 1.88221E-15, 2.28794E-15, 9.07103E-15, 2.36370E-16, 1.76711E-16, 1.79264E-16, 9.07103E-15
161, 3.25217E-15, 1.67001E-15, 1.71796E-15, 1.40765E-14, 2.36307E-16, 1.77087E-16, 1.83624E-16, 1.40765E-14
162, 3.06567E-15, 2.08373E-15, 2.10217E-15, 1.49025E-14, 2.37621E-16, 1.79471E-16, 1.79437E-16, 1.49025E-14
163, 2.87844E-15, 2.08000E-15, 2.29593E-15, 2.01560E-14, 2.37820E-16, 1.79925E-16, 1.79584E-16, 2.01560E-14
164, 2.88269E-15, 1.92059E-15, 2.68167E-15, 1.36906E-14, 2.39668E-16, 1.81185E-16, 1.78334E-16, 1.36906E-14
165, 3.07927E-15, 2.02086E-15, 1.91768E-15, 1.15241E-14, 2.39468E-16, 1.79425E-16, 1.80928E-16, 1.15241E-14
166, 3.46897E-15, 1.65527E-15, 2.30383E-15, 1.12130E-14, 2.40200E-16, 1.78329E-16, 1.81079E-16, 1.12130E-14
167, 3.08765E-15, 2.06554E-15, 2.69085E-15, 1.28858E-14, 2.40360E-16, 1.79261E-16, 1.79860E-16, 1.28858E-14
168, 2.99503E-15, 1.85585E-15, 2.30903E-15, 2.19673E-14, 2.41084E-16, 1.79138E-16, 1.84116E-16, 2.19673E-14
169, 2.70855E-15, 2.05862E-15, 2.31161E-15, 1.16978E-14, 2.40643E-16, 1.78411E-16, 1.80346E-16, 1.16978E-14
170, 2.71180E-15, 1.84971E-15, 1.92847E-15, 8.43644E-15, 2.42419E-16, 1.79351E-16, 1.79961E-16, 8.43644E-15
171, 3.10277E-15, 1.64152E-15, 2.50976E-15, 1.11872E-14, 2.42939E-16, 1.78812E-16, 1.83505E-16, 1.11872E-14
172, 3.49447E-15, 1.63890E-15, 2.12595E-15, 1.07762E-14, 2.42729E-16, 1.80339E-16, 1.85198E-16, 1.07762E-14
173, 3.49816E-15, 1.63632E-15, 2.32171E-15, 1.04718E-14, 2.43848E-16, 1.79889E-16, 1.91664E-16, 1.04718E-14
174, 3.11262E-15, 1.63378E-15, 2.13049E-15, 1.70641E-14, 2.46480E-16, 1.79491E-16, 1.79834E-16, 1.70641E-14
175, 3.50506E-15, 2.03910E-15, 1.93885E-15, 1.70938E-14, 2.46054E-16, 1.80758E-16, 1.80228E-16, 1.70938E-14
176, 2.92355E-15, 1.83243E-15, 2.32903E-15, 1.22012E-14, 2.45487E-16, 1.78402E-16, 1.82622E-16, 1.22012E-14
177, 3.12116E-15, 2.43962E-15, 1.79713E-15, 9.40630E-15, 2.45522E-16, 1.79754E-16, 1.78867E-16, 9.40630E-15
178, 3.12370E-15, 2.03005E-15, 1.94481E-15, 1.76648E-14, 2.46542E-16, 1.80104E-16, 1.86536E-16, 1.76648E-14
179, 3.12610E-15, 2.43257E-15, 2.33610E-15, 1.10149E-14, 2.45736E-16, 1.79927E-16, 1.83100E-16, 1.10149E-14
180, 3.51939E-15, 2.35324E-15, 2.33839E-15, 1.15388E-14, 2.47783E-16, 1.79149E-16, 1.82491E-16, 1.15388E-14
181, 3.13044E-15, 1.61719E-15, 3.12087E-15, 1.29168E-14, 2.47978E-16, 1.78858E-16, 1.82998E-16, 1.29168E-14
182, 3.32815E-15, 2.01874E-15, 2.34287E-15, 1.39466E-14, 2.46998E-16, 1.79489E-16, 1.84481E-16, 1.39466E-14
183, 3.33004E-15, 2.01605E-15, 2.73591E-15, 1.78705E-14, 2.48228E-16, 1.79403E-16, 1.83485E-16, 1.78705E-14
184, 3.33177E-15, 2.01341E-15, 1.95602E-15, 1.00716E-14, 2.48299E-16, 1.80837E-16, 1.83317E-16, 1.00716E-14
185, 2.94117E-15, 1.65893E-15, 1.95778E-15, 1.06935E-14, 2.49806E-16, 1.79857E-16, 1.82810E-16, 1.06935E-14
186, 2.94240E-15, 2.00829E-15, 3.13522E-15, 1.72059E-14, 2.51669E-16, 1.81901E-16, 1.83001E-16, 1.72059E-14
187, 3.13970E-15, 2.00582E-15, 1.76509E-15, 1.40578E-14, 2.48969E-16, 1.80915E-16, 1.84966E-16, 1.40578E-14
188, 2.74811E-15, 2.00339E-15, 2.15916E-15, 1.41608E-14, 2.48348E-16, 1.80014E-16, 1.84299E-16, 1.41608E-14
189, 2.55249E-15, 1.60082E-15, 3.14321E-15, 1.05630E-14, 2.47527E-16, 1.79881E-16, 1.84878E-16, 1.05630E-14
190, 2.74941E-15, 1.99870E-15, 2.35932E-15, 8.99532E-15, 2.48701E-16, 1.80178E-16, 1.88366E-16, 8.99532E-15
191, 2.74986E-15, 1.79679E-15, 2.36119E-15, 1.20563E-14, 2.49602E-16, 1.80453E-16, 1.82496E-16, 1.20563E-14
192, 2.75016E-15, 1.81973E-15, 3.15069E-15, 1.39010E-14, 2.48774E-16, 1.79826E-16, 1.86954E-16, 1.39010E-14
193, 2.94677E-15, 1.99207E-15, 2.36480E-15, 1.22700E-14, 2.49637E-16, 1.79992E-16, 1.82044E-16, 1.22700E-14
194, 2.94680E-15, 1.98996E-15, 2.36654E-15, 7.71863E-15, 2.51097E-16, 1.79650E-16, 1.88323E-16, 7.71863E-15
195, 2.94667E-15, 2.18670E-15, 2.76293E-15, 7.96758E-15, 2.52471E-16, 1.79758E-16, 1.88043E-16, 7.96758E-15
196, 3.14282E-15, 1.98591E-15, 1.97489E-15, 1.11308E-14, 2.50719E-16, 1.79238E-16, 1.81617E-16, 1.11308E-14
197, 3.53516E-15, 1.68637E-15, 1.97622E-15, 1.12396E-14, 2.52204E-16, 1.79559E-16, 1.89397E-16, 1.12396E-14
198, 2.55268E-15, 2.37848E-15, 1.97751E-15, 1.75500E-14, 2.53153E-16, 1.81119E-16, 1.89522E-16, 1.75500E-14
199, 2.55206E-15, 2.57429E-15, 2.37450E-15, 1.68554E-14, 2.52687E-16, 1.80940E-16, 1.84589E-16, 1.68554E-14
200, 2.55131E-15, 1.78059E-15, 1.97996E-15, 1.26159E-14, 2.52068E-16, 1.79929E-16, 1.83175E-16, 1.26159E-14
201, 2.55044E-15, 1.77903E-15, 1.98112E-15, 1.26562E-14, 2.52360E-16, 1.80304E-16, 1.86688E-16, 1.26562E-14
202, 2.74556E-15, 1.77751E-15, 1.98225E-15, 7.85363E-15, 2.50607E-16, 1.80731E-16, 1.86671E-16, 7.85363E-15
203, 2.35231E-15, 1.97338E-15, 2.18166E-15, 1.04512E-14, 2.51212E-16, 1.80260E-16, 1.89755E-16, 1.04512E-14
204, 2.35117E-15, 2.07040E-15, 1.98436E-15, 1.51253E-14, 2.50023E-16, 1.79493E-16, 1.88689E-16, 1.51253E-14
205, 2.74157E-15, 1.77325E-15, 2.38243E-15, 1.27543E-14, 2.49231E-16, 1.79411E-16, 1.93105E-16, 1.27543E-14
206, 3.13142E-15, 1.77192E-15, 2.58220E-15, 9.09343E-15, 2.50657E-16, 1.80793E-16, 1.90279E-16, 9.09343E-15
207, 3.12947E-15, 1.96738E-15, 1.98722E-15, 1.27078E-14, 2.50472E-16, 1.80554E-16, 1.89743E-16, 1.27078E-14
208, 2.73646E-15, 1.76941E-15, 2.78332E-15, 1.47564E-14, 2.50589E-16, 1.80299E-16, 1.85945E-16, 1.47564E-14
209, 2.73451E-15, 2.16117E-15, 2.38669E-15, 1.67983E-14, 2.50670E-16, 1.82093E-16, 1.88797E-16, 1.67983E-14
210, 3.51315E-15, 1.96344E-15, 1.98969E-15, 6.70793E-15, 2.49228E-16, 1.80847E-16, 1.90495E-16, 6.70793E-15
211, 2.73027E-15, 1.96222E-15, 1.99043E-15, 1.31361E-14, 2.52046E-16, 1.82145E-16, 1.92030E-16, 1.31361E-14
212, 3.11770E-15, 2.35328E-15, 1.99112E-15, 6.68598E-15, 2.52254E-16, 1.81667E-16, 1.93246E-16, 6.68598E-15
213, 2.72559E-15, 2.35195E-15, 2.19095E-15, 1.27090E-14, 2.51709E-16, 1.82406E-16, 1.86871E-16, 1.27090E-14
214, 3.50112E-15, 2.35069E-15, 1.99238E-15, 1.55094E-14, 2.50350E-16, 1.81984E-16, 1.88779E-16, 1.55094E-14
215, 2.72049E-15, 1.79882E-15, 1.99295E-15, 1.15186E-14, 2.50252E-16, 1.81355E-16, 1.85903E-16, 1.15186E-14
216, 2.71778E-15, 1.95695E-15, 1.79412E-15, 1.12463E-14, 2.49637E-16, 1.81158E-16, 1.86604E-16, 1.12463E-14
217, 2.71498E-15, 1.56484E-15, 1.99395E-15, 1.22514E-14, 2.48662E-16, 1.81197E-16, 1.95029E-16, 1.22514E-14
218, 3.48697E-15, 1.75969E-15, 3.19103E-15, 1.09601E-14, 2.49070E-16, 1.81794E-16, 1.91344E-16, 1.09601E-14
219, 3.09611E-15, 2.34530E-15, 1.99479E-15, 1.15820E-14, 2.48272E-16, 1.82343E-16, 1.94431E-16, 1.15820E-14
220, 2.70602E-15, 1.85599E-15, 1.99515E-15, 1.42364E-14, 2.47864E-16, 1.81724E-16, 1.94489E-16, 1.42364E-14
221, 3.47511E-15, 1.75768E-15, 2.19501E-15, 1.35840E-14, 2.49115E-16, 1.81687E-16, 1.97282E-16, 1.35840E-14
222, 2.69962E-15, 2.04995E-15, 2.19532E-15, 1.63574E-14, 2.47122E-16, 1.82846E-16, 1.91990E-16, 1.63574E-14
223, 2.69629E-15, 1.75657E-15, 1.99598E-15, 9.62578E-15, 2.49125E-16, 1.82189E-16, 1.93455E-16, 9.62578E-15
224, 2.69288E-15, 2.53657E-15, 2.19579E-15, 1.16393E-14, 2.49921E-16, 1.81949E-16, 1.91985E-16, 1.16393E-14
225, 3.07361E-15, 1.95072E-15, 2.19596E-15, 1.22588E-14, 2.47408E-16, 1.80717E-16, 1.92953E-16, 1.22588E-14
226, 2.68585E-15, 1.95028E-15, 2.39574E-15, 1.36350E-14, 2.48457E-16, 1.82447E-16, 1.88588E-16, 1.36350E-14
227, 2.49064E-15, 1.75491E-15, 2.39583E-15, 6.55857E-15, 2.47241E-16, 1.82019E-16, 1.92611E-16, 6.55857E-15
228, 2.48720E-15, 2.06531E-15, 2.79519E-15, 9.07258E-15, 2.47579E-16, 1.83222E-16, 1.92515E-16, 9.07258E-15
229, 2.29265E-15, 1.88227E-15, 2.39588E-15, 8.18320E-15, 2.46838E-16, 1.83080E-16, 1.96138E-16, 8.18320E-15
230, 2.86171E-15, 2.33884E-15, 1.99654E-15, 8.42780E-15, 2.46719E-16, 1.82724E-16, 1.94994E-16, 8.42780E-15
231, 2.66703E-15, 1.94885E-15, 2.19611E-15, 1.15631E-14, 2.49571E-16, 1.83931E-16, 1.98817E-16, 1.15631E-14
232, 2.66307E-15, 1.75384E-15, 2.19599E-15, 1.50707E-14, 2.48721E-16, 1.83105E-16, 2.00146E-16, 1.50707E-14
233, 2.65905E-15, 2.14348E-15, 2.54517E-15, 9.28687E-15, 2.48304E-16, 1.83788E-16, 1.93419E-16, 9.28687E-15
234, 2.27568E-15, 1.94857E-15, 2.54494E-15, 1.00330E-14, 2.47725E-16, 1.84234E-16, 1.92737E-16, 1.00330E-14
235, 3.02950E-15, 1.55887E-15, 2.39498E-15, 9.65048E-15, 2.48663E-16, 1.84835E-16, 1.95549E-16, 9.65048E-15
236, 2.64661E-15, 2.24093E-15, 2.19513E-15, 1.49053E-14, 2.47480E-16, 1.84799E-16, 1.98231E-16, 1.49053E-14
237, 2.64234E-15, 2.14361E-15, 2.19481E-15, 8.19952E-15, 2.46460E-16, 1.84422E-16, 1.94262E-16, 8.19952E-15
238, 2.63802E-15, 1.75400E-15, 2.09472E-15, 8.63307E-15, 2.47126E-16, 1.84228E-16, 1.92977E-16, 8.63307E-15
239, 2.44552E-15, 1.75418E-15, 2.19408E-15, 1.63822E-14, 2.46622E-16, 1.84742E-16, 1.91513E-16, 1.63822E-14
240, 2.62920E-15, 1.94934E-15, 2.39309E-15, 7.24987E-15, 2.46403E-16, 1.84134E-16, 1.90025E-16, 7.24987E-15
241, 2.24975E-15, 2.33956E-15, 1.99383E-15, 1.44936E-14, 2.46504E-16, 1.84702E-16, 1.91193E-16, 1.44936E-14
242, 2.24586E-15, 1.94997E-15, 2.79074E-15, 1.01790E-14, 2.46709E-16, 1.85499E-16, 1.92471E-16, 1.01790E-14
243, 2.61557E-15, 2.82803E-15, 2.39149E-15, 1.31094E-14, 2.46620E-16, 1.85362E-16, 1.97301E-16, 1.31094E-14
244, 2.61092E-15, 1.95080E-15, 1.99241E-15, 7.36388E-15, 2.44598E-16, 1.84906E-16, 1.94652E-16, 7.36388E-15
245, 2.23390E-15, 1.75615E-15, 2.39025E-15, 1.27271E-14, 2.43209E-16, 1.83179E-16, 1.93843E-16, 1.27271E-14
246, 2.22983E-15, 1.75663E-15, 2.38958E-15, 8.98146E-15, 2.44474E-16, 1.83727E-16, 1.93599E-16, 8.98146E-15
247, 3.33857E-15, 2.29405E-15, 2.78702E-15, 8.97938E-15, 2.46156E-16, 1.85834E-16, 1.99609E-16, 8.97938E-15
248, 2.96208E-15, 1.75771E-15, 1.99011E-15, 1.09726E-14, 2.44968E-16, 1.84465E-16, 1.97454E-16, 1.09726E-14
249, 2.95649E-15, 1.95367E-15, 1.98947E-15, 8.60197E-15, 2.44756E-16, 1.83692E-16, 1.92762E-16, 8.60197E-15
250, 2.58199E-15, 2.34526E-15, 2.38657E-15, 1.49577E-14, 2.44956E-16, 1.83749E-16, 1.89343E-16, 1.49577E-14
