time_step, rel_err_u, rel_err_v, rel_err_w, rel_err_p, rel_err_u_m, rel_err_v_m, rel_err_w_m, rel_err_p_m
0, 0.00000E+00, 0.00000E+00, 0.00000E+00, 0.00000E+00, 0.00000E+00, 0.00000E+00, 0.00000E+00,         NaN
1, 5.81140E-04, 5.12024E-04, 7.25265E-04, 3.43013E-02, 2.71176E-05, 3.09560E-05, 2.40840E-05, 7.12699E+00
2, 9.42363E-04, 8.52057E-04, 6.25688E-04, 1.20433E-03, 3.27570E-05, 3.53447E-05, 2.70243E-05, 7.14552E+00
3, 7.70290E-04, 5.57814E-04, 5.55300E-04, 1.62058E-03, 2.67694E-05, 3.12077E-05, 2.28429E-05, 1.92734E-01
4, 7.82481E-04, 5.62734E-04, 5.52742E-04, 1.01768E-03, 2.66854E-05, 3.12749E-05, 2.26458E-05, 1.70722E-01
5, 8.13250E-04, 5.56674E-04, 5.51260E-04, 1.02814E-03, 2.64001E-05, 3.13624E-05, 2.25080E-05, 4.62535E-02
6, 8.34936E-04, 5.55560E-04, 5.48331E-04, 1.01645E-03, 2.62190E-05, 3.14581E-05, 2.23601E-05, 1.68687E-02
7, 8.56376E-04, 5.59388E-04, 5.45604E-04, 1.01031E-03, 2.60365E-05, 3.15519E-05, 2.22248E-05, 9.59267E-03
8, 8.77564E-04, 5.66237E-04, 5.42708E-04, 1.00960E-03, 2.58753E-05, 3.16476E-05, 2.20971E-05, 9.55038E-03
9, 8.97844E-04, 5.72103E-04, 5.39525E-04, 1.00838E-03, 2.57285E-05, 3.17416E-05, 2.19796E-05, 8.28840E-03
10, 9.17263E-04, 5.77226E-04, 5.36088E-04, 1.00660E-03, 2.55965E-05, 3.18340E-05, 2.18695E-05, 9.05178E-03
11, 9.35811E-04, 5.81597E-04, 5.32418E-04, 1.00429E-03, 2.54773E-05, 3.19255E-05, 2.17627E-05, 9.06140E-03
12, 9.53449E-04, 5.85215E-04, 5.28509E-04, 1.00143E-03, 2.53700E-05, 3.20155E-05, 2.16618E-05, 9.39002E-03
13, 9.70146E-04, 5.88100E-04, 5.24365E-04, 9.98018E-04, 2.52726E-05, 3.21034E-05, 2.15652E-05, 9.64767E-03
14, 9.85878E-04, 5.90257E-04, 5.19988E-04, 9.94030E-04, 2.51839E-05, 3.21874E-05, 2.14723E-05, 9.93276E-03
15, 1.00062E-03, 5.91701E-04, 5.15382E-04, 9.89456E-04, 2.51026E-05, 3.22670E-05, 2.13833E-05, 1.01809E-02
16, 1.01435E-03, 5.92444E-04, 5.10550E-04, 9.84286E-04, 2.50318E-05, 3.23433E-05, 2.12970E-05, 1.04161E-02
17, 1.02706E-03, 5.93306E-04, 5.05497E-04, 9.78510E-04, 2.49711E-05, 3.24170E-05, 2.12141E-05, 1.07533E-02
18, 1.03872E-03, 6.00062E-04, 5.00226E-04, 9.72118E-04, 2.49166E-05, 3.24884E-05, 2.11342E-05, 1.10711E-02
19, 1.04933E-03, 6.05937E-04, 4.94743E-04, 9.65103E-04, 2.48692E-05, 3.25525E-05, 2.10579E-05, 1.13633E-02
20, 1.05888E-03, 6.10926E-04, 4.89053E-04, 9.57458E-04, 2.48284E-05, 3.26100E-05, 2.09854E-05, 1.16470E-02
21, 1.06960E-03, 6.15026E-04, 4.83161E-04, 9.49179E-04, 2.47912E-05, 3.26600E-05, 2.09150E-05, 1.19519E-02
22, 1.08261E-03, 6.18237E-04, 4.77074E-04, 9.40261E-04, 2.47604E-05, 3.27040E-05, 2.08473E-05, 1.23446E-02
23, 1.10440E-03, 6.20559E-04, 4.70797E-04, 9.30704E-04, 2.47307E-05, 3.27402E-05, 2.07813E-05, 1.27224E-02
24, 1.12526E-03, 6.21995E-04, 4.64336E-04, 9.20508E-04, 2.47021E-05, 3.27704E-05, 2.07165E-05, 1.30660E-02
25, 1.14517E-03, 6.22552E-04, 4.57700E-04, 9.09675E-04, 2.46781E-05, 3.27946E-05, 2.06513E-05, 1.33700E-02
26, 1.16411E-03, 6.22237E-04, 4.52140E-04, 8.98210E-04, 2.46587E-05, 3.28132E-05, 2.05869E-05, 1.37794E-02
27, 1.18207E-03, 6.21059E-04, 4.55043E-04, 9.12370E-04, 2.46428E-05, 3.28230E-05, 2.05244E-05, 1.41592E-02
28, 1.19902E-03, 6.19032E-04, 4.67428E-04, 9.36261E-04, 2.46303E-05, 3.28247E-05, 2.04630E-05, 1.44923E-02
29, 1.21496E-03, 6.20898E-04, 4.79073E-04, 9.57263E-04, 2.46205E-05, 3.28185E-05, 2.04010E-05, 1.47725E-02
30, 1.22988E-03, 6.27150E-04, 4.89928E-04, 9.80459E-04, 2.46143E-05, 3.28036E-05, 2.03401E-05, 1.51451E-02
31, 1.24376E-03, 6.36240E-04, 4.99945E-04, 1.00931E-03, 2.46097E-05, 3.27807E-05, 2.02809E-05, 1.54768E-02
32, 1.25660E-03, 6.45050E-04, 5.11757E-04, 1.03496E-03, 2.46098E-05, 3.27518E-05, 2.02227E-05, 1.57461E-02
33, 1.26839E-03, 6.53579E-04, 5.26575E-04, 1.05715E-03, 2.46128E-05, 3.27185E-05, 2.01650E-05, 1.59459E-02
34, 1.27913E-03, 6.61827E-04, 5.40786E-04, 1.08236E-03, 2.46219E-05, 3.26818E-05, 2.01082E-05, 1.62262E-02
35, 1.28883E-03, 6.69792E-04, 5.54339E-04, 1.11233E-03, 2.46345E-05, 3.26414E-05, 2.00526E-05, 1.64389E-02
36, 1.29747E-03, 6.77475E-04, 5.67181E-04, 1.13841E-03, 2.46493E-05, 3.25977E-05, 1.99999E-05, 1.66178E-02
37, 1.30507E-03, 6.84876E-04, 5.79265E-04, 1.16031E-03, 2.46654E-05, 3.25482E-05, 1.99497E-05, 1.68273E-02
38, 1.31162E-03, 6.91993E-04, 5.90543E-04, 1.18767E-03, 2.46828E-05, 3.24961E-05, 1.99006E-05, 1.69505E-02
39, 1.31714E-03, 6.98828E-04, 6.00972E-04, 1.21679E-03, 2.46995E-05, 3.24410E-05, 1.98541E-05, 1.69802E-02
40, 1.32163E-03, 7.05380E-04, 6.10510E-04, 1.24117E-03, 2.47159E-05, 3.23878E-05, 1.98103E-05, 1.69098E-02
41, 1.32510E-03, 7.11650E-04, 6.19118E-04, 1.26048E-03, 2.47294E-05, 3.23322E-05, 1.97662E-05, 1.67327E-02
42, 1.32756E-03, 7.17639E-04, 6.26762E-04, 1.28907E-03, 2.47433E-05, 3.22730E-05, 1.97226E-05, 1.64838E-02
43, 1.32901E-03, 7.23346E-04, 6.33411E-04, 1.31441E-03, 2.47577E-05, 3.22143E-05, 1.96789E-05, 1.61713E-02
44, 1.32949E-03, 7.28772E-04, 6.39038E-04, 1.33400E-03, 2.47718E-05, 3.21568E-05, 1.96360E-05, 1.57414E-02
45, 1.32898E-03, 7.33918E-04, 6.43621E-04, 1.35064E-03, 2.47845E-05, 3.21015E-05, 1.95950E-05, 1.51896E-02
46, 1.32752E-03, 7.38784E-04, 6.48620E-04, 1.37473E-03, 2.47987E-05, 3.20508E-05, 1.95552E-05, 1.45126E-02
47, 1.32512E-03, 7.43372E-04, 6.58106E-04, 1.39233E-03, 2.48110E-05, 3.20067E-05, 1.95160E-05, 1.37078E-02
48, 1.32180E-03, 7.47683E-04, 6.66780E-04, 1.40309E-03, 2.48201E-05, 3.19702E-05, 1.94773E-05, 1.27742E-02
49, 1.31756E-03, 7.51717E-04, 6.74610E-04, 1.41522E-03, 2.48297E-05, 3.19372E-05, 1.94420E-05, 1.28395E-02
50, 1.31285E-03, 7.55476E-04, 6.81567E-04, 1.42790E-03, 2.48385E-05, 3.19159E-05, 1.94072E-05, 1.33559E-02
51, 1.31187E-03, 7.58960E-04, 6.87624E-04, 1.43298E-03, 2.48492E-05, 3.19026E-05, 1.93725E-05, 1.39283E-02
52, 1.30996E-03, 7.62171E-04, 6.92756E-04, 1.43017E-03, 2.48625E-05, 3.18982E-05, 1.93396E-05, 1.44290E-02
53, 1.30712E-03, 7.65111E-04, 6.96944E-04, 1.43618E-03, 2.48762E-05, 3.19039E-05, 1.93076E-05, 1.49618E-02
54, 1.30338E-03, 7.67780E-04, 7.00170E-04, 1.43952E-03, 2.48927E-05, 3.19180E-05, 1.92757E-05, 1.56175E-02
55, 1.29876E-03, 7.70180E-04, 7.02422E-04, 1.43419E-03, 2.49096E-05, 3.19456E-05, 1.92445E-05, 1.61886E-02
56, 1.29326E-03, 7.72313E-04, 7.03688E-04, 1.42462E-03, 2.49280E-05, 3.19893E-05, 1.92140E-05, 1.67720E-02
57, 1.28690E-03, 7.74180E-04, 7.03965E-04, 1.41365E-03, 2.49468E-05, 3.20433E-05, 1.91845E-05, 1.74931E-02
58, 1.27971E-03, 7.75784E-04, 7.03252E-04, 1.39341E-03, 2.49671E-05, 3.21064E-05, 1.91573E-05, 1.81142E-02
59, 1.27171E-03, 7.77126E-04, 7.01550E-04, 1.37187E-03, 2.49884E-05, 3.21766E-05, 1.91309E-05, 1.87702E-02
60, 1.26290E-03, 7.78649E-04, 6.98869E-04, 1.34126E-03, 2.50112E-05, 3.22513E-05, 1.91049E-05, 1.95265E-02
61, 1.25332E-03, 7.80908E-04, 6.97658E-04, 1.30100E-03, 2.50352E-05, 3.23340E-05, 1.90803E-05, 2.01647E-02
62, 1.25036E-03, 7.82857E-04, 6.95610E-04, 1.25109E-03, 2.50614E-05, 3.24214E-05, 1.90598E-05, 2.08930E-02
63, 1.25068E-03, 7.84500E-04, 6.92662E-04, 1.19164E-03, 2.50904E-05, 3.25131E-05, 1.90411E-05, 2.16400E-02
64, 1.25025E-03, 7.85839E-04, 6.93065E-04, 1.12284E-03, 2.51211E-05, 3.26101E-05, 1.90247E-05, 2.22485E-02
65, 1.24908E-03, 7.86876E-04, 6.93186E-04, 1.04496E-03, 2.51514E-05, 3.27053E-05, 1.90113E-05, 2.30171E-02
66, 1.24718E-03, 7.87615E-04, 6.92501E-04, 9.58405E-04, 2.51848E-05, 3.27972E-05, 1.89989E-05, 2.36956E-02
67, 1.24456E-03, 7.88059E-04, 6.91009E-04, 8.63628E-04, 2.52224E-05, 3.28873E-05, 1.89872E-05, 2.42418E-02
68, 1.24124E-03, 7.88210E-04, 6.88714E-04, 7.61197E-04, 2.52632E-05, 3.29789E-05, 1.89768E-05, 2.49526E-02
69, 1.23723E-03, 7.88072E-04, 6.85622E-04, 7.71168E-04, 2.53064E-05, 3.30700E-05, 1.89683E-05, 2.54901E-02
70, 1.23253E-03, 7.87649E-04, 6.81742E-04, 8.03786E-04, 2.53544E-05, 3.31600E-05, 1.89612E-05, 2.59397E-02
71, 1.22717E-03, 7.86944E-04, 6.77089E-04, 8.35760E-04, 2.54082E-05, 3.32491E-05, 1.89565E-05, 2.64468E-02
72, 1.22115E-03, 7.85961E-04, 6.71678E-04, 8.69412E-04, 2.54663E-05, 3.33353E-05, 1.89548E-05, 2.67859E-02
73, 1.21450E-03, 7.84706E-04, 6.65530E-04, 9.05572E-04, 2.55276E-05, 3.34185E-05, 1.89541E-05, 2.72899E-02
74, 1.20722E-03, 7.83181E-04, 6.60031E-04, 9.42961E-04, 2.55966E-05, 3.34958E-05, 1.89547E-05, 2.76693E-02
75, 1.19934E-03, 7.81392E-04, 6.54699E-04, 9.79060E-04, 2.56705E-05, 3.35693E-05, 1.89568E-05, 2.79312E-02
76, 1.19088E-03, 7.79343E-04, 6.48713E-04, 1.02041E-03, 2.57483E-05, 3.36406E-05, 1.89610E-05, 2.79748E-02
77, 1.18184E-03, 7.77040E-04, 6.42095E-04, 1.06323E-03, 2.58333E-05, 3.37075E-05, 1.89654E-05, 2.77986E-02
78, 1.17662E-03, 7.74488E-04, 6.34867E-04, 1.10387E-03, 2.59245E-05, 3.37684E-05, 1.89710E-05, 2.74038E-02
79, 1.17143E-03, 7.71692E-04, 6.27057E-04, 1.15255E-03, 2.60260E-05, 3.38257E-05, 1.89791E-05, 2.67940E-02
80, 1.16564E-03, 7.69999E-04, 6.18692E-04, 1.19442E-03, 2.61379E-05, 3.38834E-05, 1.89871E-05, 2.59751E-02
81, 1.15926E-03, 7.68966E-04, 6.09804E-04, 1.24764E-03, 2.62595E-05, 3.39398E-05, 1.89973E-05, 2.49551E-02
82, 1.15231E-03, 7.70301E-04, 6.00425E-04, 1.29306E-03, 2.63913E-05, 3.39918E-05, 1.90099E-05, 2.37958E-02
83, 1.14480E-03, 7.71243E-04, 5.90990E-04, 1.34723E-03, 2.65311E-05, 3.40406E-05, 1.90251E-05, 2.25726E-02
84, 1.13675E-03, 7.71793E-04, 5.84903E-04, 1.39460E-03, 2.66763E-05, 3.40873E-05, 1.90422E-05, 2.11751E-02
85, 1.12816E-03, 7.71952E-04, 5.78336E-04, 1.44749E-03, 2.68280E-05, 3.41316E-05, 1.90625E-05, 1.96170E-02
86, 1.11905E-03, 7.71722E-04, 5.74842E-04, 1.49434E-03, 2.69862E-05, 3.41772E-05, 1.90839E-05, 1.79134E-02
87, 1.10944E-03, 7.71106E-04, 5.80669E-04, 1.54154E-03, 2.71488E-05, 3.42252E-05, 1.91051E-05, 1.60810E-02
88, 1.09934E-03, 7.70106E-04, 5.85800E-04, 1.58477E-03, 2.73160E-05, 3.42736E-05, 1.91285E-05, 1.41378E-02
89, 1.08877E-03, 7.68725E-04, 5.90197E-04, 1.62002E-03, 2.74877E-05, 3.43236E-05, 1.91546E-05, 1.21026E-02
90, 1.07774E-03, 7.66966E-04, 5.93826E-04, 1.65599E-03, 2.76621E-05, 3.43778E-05, 1.91829E-05, 1.13379E-02
91, 1.06627E-03, 7.64834E-04, 5.96652E-04, 1.68564E-03, 2.78407E-05, 3.44340E-05, 1.92123E-05, 1.18357E-02
92, 1.05438E-03, 7.62334E-04, 5.98644E-04, 1.71049E-03, 2.80229E-05, 3.44943E-05, 1.92426E-05, 1.22722E-02
93, 1.04209E-03, 7.59469E-04, 5.99769E-04, 1.72425E-03, 2.82055E-05, 3.45573E-05, 1.92723E-05, 1.26426E-02
94, 1.02940E-03, 7.56246E-04, 5.99997E-04, 1.72694E-03, 2.83886E-05, 3.46218E-05, 1.93019E-05, 1.29424E-02
95, 1.01634E-03, 7.52670E-04, 5.99301E-04, 1.71869E-03, 2.85700E-05, 3.46896E-05, 1.93301E-05, 1.35113E-02
96, 1.00293E-03, 7.48746E-04, 5.97656E-04, 1.69969E-03, 2.87497E-05, 3.47606E-05, 1.93592E-05, 1.40518E-02
97, 9.89184E-04, 7.44482E-04, 5.95040E-04, 1.67483E-03, 2.89253E-05, 3.48400E-05, 1.93876E-05, 1.45150E-02
98, 9.75116E-04, 7.39885E-04, 5.91433E-04, 1.64056E-03, 2.90994E-05, 3.49290E-05, 1.94137E-05, 1.48949E-02
99, 9.60746E-04, 7.34961E-04, 5.86821E-04, 1.59639E-03, 2.92676E-05, 3.50252E-05, 1.94389E-05, 1.51867E-02
100, 9.46092E-04, 7.29718E-04, 5.81190E-04, 1.54279E-03, 2.94307E-05, 3.51260E-05, 1.94629E-05, 1.55504E-02
101, 9.31172E-04, 7.27556E-04, 5.80843E-04, 1.48028E-03, 2.95876E-05, 3.52270E-05, 1.94849E-05, 1.61171E-02
102, 9.16004E-04, 7.28504E-04, 5.85414E-04, 1.40944E-03, 2.97361E-05, 3.53204E-05, 1.95051E-05, 1.67790E-02
103, 9.00604E-04, 7.29067E-04, 5.89302E-04, 1.33090E-03, 2.98743E-05, 3.54077E-05, 1.95238E-05, 1.74128E-02
104, 8.84991E-04, 7.29245E-04, 5.92477E-04, 1.24534E-03, 3.00039E-05, 3.54890E-05, 1.95400E-05, 1.80664E-02
105, 8.69181E-04, 7.29041E-04, 5.94909E-04, 1.15346E-03, 3.01227E-05, 3.55642E-05, 1.95547E-05, 1.87368E-02
106, 8.59296E-04, 7.28456E-04, 5.96571E-04, 1.05600E-03, 3.02281E-05, 3.56331E-05, 1.95696E-05, 1.93560E-02
107, 8.53977E-04, 7.27493E-04, 5.97441E-04, 1.10200E-03, 3.03219E-05, 3.56952E-05, 1.95825E-05, 2.01096E-02
108, 8.48360E-04, 7.26157E-04, 5.97497E-04, 1.15128E-03, 3.04043E-05, 3.57515E-05, 1.95949E-05, 2.07128E-02
109, 8.42450E-04, 7.24450E-04, 5.96721E-04, 1.19676E-03, 3.04753E-05, 3.58003E-05, 1.96068E-05, 2.11676E-02
110, 8.36255E-04, 7.22377E-04, 5.95098E-04, 1.23819E-03, 3.05341E-05, 3.58402E-05, 1.96178E-05, 2.14771E-02
111, 8.29780E-04, 7.19942E-04, 5.92620E-04, 1.27540E-03, 3.05804E-05, 3.58745E-05, 1.96270E-05, 2.16455E-02
112, 8.23034E-04, 7.17151E-04, 5.89279E-04, 1.30822E-03, 3.06158E-05, 3.59036E-05, 1.96357E-05, 2.16778E-02
113, 8.16022E-04, 7.14009E-04, 5.85075E-04, 1.33655E-03, 3.06396E-05, 3.59253E-05, 1.96433E-05, 2.15799E-02
114, 8.08752E-04, 7.10523E-04, 5.85736E-04, 1.36031E-03, 3.06524E-05, 3.59440E-05, 1.96513E-05, 2.13585E-02
115, 8.01233E-04, 7.06698E-04, 5.92605E-04, 1.40109E-03, 3.06529E-05, 3.59605E-05, 1.96610E-05, 2.10207E-02
116, 7.93471E-04, 7.02541E-04, 5.98725E-04, 1.43955E-03, 3.06441E-05, 3.59753E-05, 1.96702E-05, 2.05741E-02
117, 7.85474E-04, 6.98060E-04, 6.04048E-04, 1.47274E-03, 3.06317E-05, 3.59884E-05, 1.96790E-05, 2.00265E-02
118, 7.77250E-04, 6.93262E-04, 6.08527E-04, 1.50060E-03, 3.06114E-05, 3.59992E-05, 1.96879E-05, 1.93862E-02
119, 7.68808E-04, 6.88155E-04, 6.12121E-04, 1.52310E-03, 3.05860E-05, 3.60102E-05, 1.96998E-05, 1.86612E-02
120, 7.60156E-04, 6.82747E-04, 6.14788E-04, 1.54029E-03, 3.05579E-05, 3.60251E-05, 1.97129E-05, 1.78599E-02
121, 7.51302E-04, 6.77046E-04, 6.16494E-04, 1.55224E-03, 3.05278E-05, 3.60419E-05, 1.97276E-05, 1.69904E-02
122, 7.42254E-04, 6.71352E-04, 6.17207E-04, 1.55908E-03, 3.04951E-05, 3.60642E-05, 1.97437E-05, 1.60609E-02
123, 7.33022E-04, 6.68421E-04, 6.16898E-04, 1.56924E-03, 3.04587E-05, 3.60877E-05, 1.97639E-05, 1.50793E-02
124, 7.26751E-04, 6.65195E-04, 6.15547E-04, 1.59438E-03, 3.04196E-05, 3.61122E-05, 1.97852E-05, 1.40535E-02
125, 7.21685E-04, 6.61678E-04, 6.13135E-04, 1.61403E-03, 3.03800E-05, 3.61394E-05, 1.98080E-05, 1.34483E-02
126, 7.16340E-04, 6.59608E-04, 6.09653E-04, 1.62830E-03, 3.03448E-05, 3.61697E-05, 1.98326E-05, 1.30926E-02
127, 7.10723E-04, 6.60576E-04, 6.08942E-04, 1.63733E-03, 3.03119E-05, 3.62048E-05, 1.98572E-05, 1.30204E-02
128, 7.04844E-04, 6.65430E-04, 6.16809E-04, 1.64130E-03, 3.02807E-05, 3.62464E-05, 1.98834E-05, 1.33098E-02
129, 6.98711E-04, 6.77295E-04, 6.23849E-04, 1.64044E-03, 3.02505E-05, 3.62953E-05, 1.99126E-05, 1.35135E-02
130, 6.92331E-04, 6.88066E-04, 6.30021E-04, 1.63498E-03, 3.02239E-05, 3.63507E-05, 1.99444E-05, 1.36276E-02
131, 6.85715E-04, 6.97717E-04, 6.35287E-04, 1.62519E-03, 3.02025E-05, 3.64136E-05, 1.99783E-05, 1.36497E-02
132, 6.78871E-04, 7.06231E-04, 6.39613E-04, 1.63862E-03, 3.01851E-05, 3.64857E-05, 2.00136E-05, 1.35787E-02
133, 6.72081E-04, 7.13593E-04, 6.42970E-04, 1.65271E-03, 3.01720E-05, 3.65680E-05, 2.00507E-05, 1.34148E-02
134, 6.65605E-04, 7.19796E-04, 6.45332E-04, 1.66204E-03, 3.01636E-05, 3.66563E-05, 2.00879E-05, 1.35420E-02
135, 6.58939E-04, 7.24835E-04, 6.46678E-04, 1.66676E-03, 3.01616E-05, 3.67478E-05, 2.01264E-05, 1.39201E-02
136, 6.52091E-04, 7.28712E-04, 6.46993E-04, 1.66705E-03, 3.01651E-05, 3.68415E-05, 2.01675E-05, 1.41872E-02
137, 6.45072E-04, 7.31437E-04, 6.46266E-04, 1.66313E-03, 3.01737E-05, 3.69358E-05, 2.02102E-05, 1.43373E-02
138, 6.43958E-04, 7.33023E-04, 6.44494E-04, 1.65520E-03, 3.01859E-05, 3.70319E-05, 2.02535E-05, 1.43667E-02
139, 6.43659E-04, 7.33489E-04, 6.41677E-04, 1.64348E-03, 3.02054E-05, 3.71292E-05, 2.02972E-05, 1.42736E-02
140, 6.43120E-04, 7.32862E-04, 6.37824E-04, 1.65520E-03, 3.02325E-05, 3.72275E-05, 2.03411E-05, 1.42508E-02
141, 6.42343E-04, 7.31173E-04, 6.32949E-04, 1.67171E-03, 3.02649E-05, 3.73308E-05, 2.03859E-05, 1.43356E-02
142, 6.41331E-04, 7.28460E-04, 6.27073E-04, 1.68353E-03, 3.03064E-05, 3.74366E-05, 2.04335E-05, 1.42860E-02
143, 6.40089E-04, 7.24768E-04, 6.25078E-04, 1.69075E-03, 3.03529E-05, 3.75423E-05, 2.04806E-05, 1.41015E-02
144, 6.38619E-04, 7.20143E-04, 6.28295E-04, 1.69345E-03, 3.04052E-05, 3.76477E-05, 2.05277E-05, 1.37842E-02
145, 6.36925E-04, 7.16835E-04, 6.30388E-04, 1.69176E-03, 3.04644E-05, 3.77585E-05, 2.05750E-05, 1.33387E-02
146, 6.35013E-04, 7.21502E-04, 6.31329E-04, 1.68581E-03, 3.05288E-05, 3.78730E-05, 2.06227E-05, 1.27719E-02
147, 6.32884E-04, 7.24719E-04, 6.31097E-04, 1.67957E-03, 3.05954E-05, 3.79875E-05, 2.06704E-05, 1.20931E-02
148, 6.30545E-04, 7.26500E-04, 6.29677E-04, 1.70094E-03, 3.06650E-05, 3.81027E-05, 2.07201E-05, 1.13134E-02
149, 6.27998E-04, 7.26869E-04, 6.27062E-04, 1.71685E-03, 3.07420E-05, 3.82138E-05, 2.07725E-05, 1.04457E-02
150, 6.25249E-04, 7.25859E-04, 6.23249E-04, 1.72733E-03, 3.08253E-05, 3.83192E-05, 2.08259E-05, 9.50415E-03
151, 6.22302E-04, 7.23511E-04, 6.18247E-04, 1.73247E-03, 3.09095E-05, 3.84185E-05, 2.08800E-05, 9.05042E-03
152, 6.21523E-04, 7.24349E-04, 6.13904E-04, 1.73242E-03, 3.09991E-05, 3.85108E-05, 2.09359E-05, 9.24120E-03
153, 6.22462E-04, 7.33336E-04, 6.09980E-04, 1.72734E-03, 3.10964E-05, 3.85961E-05, 2.09921E-05, 9.37282E-03
154, 6.23150E-04, 7.40951E-04, 6.10974E-04, 1.71741E-03, 3.11974E-05, 3.86773E-05, 2.10498E-05, 9.44648E-03
155, 6.23590E-04, 7.47179E-04, 6.15037E-04, 1.72879E-03, 3.13025E-05, 3.87512E-05, 2.11087E-05, 9.46376E-03
156, 6.23784E-04, 7.52013E-04, 6.18042E-04, 1.73520E-03, 3.14121E-05, 3.88196E-05, 2.11686E-05, 9.42653E-03
157, 6.23735E-04, 7.55453E-04, 6.19968E-04, 1.73582E-03, 3.15251E-05, 3.88830E-05, 2.12301E-05, 9.33979E-03
158, 6.23447E-04, 7.57506E-04, 6.20799E-04, 1.73093E-03, 3.16407E-05, 3.89392E-05, 2.12933E-05, 9.20544E-03
159, 6.22921E-04, 7.58189E-04, 6.20526E-04, 1.72083E-03, 3.17615E-05, 3.89877E-05, 2.13575E-05, 9.04331E-03
160, 6.22163E-04, 7.57526E-04, 6.19146E-04, 1.70583E-03, 3.18841E-05, 3.90300E-05, 2.14231E-05, 8.87338E-03
161, 6.21174E-04, 7.55547E-04, 6.16661E-04, 1.68669E-03, 3.20091E-05, 3.90682E-05, 2.14898E-05, 8.65964E-03
162, 6.19959E-04, 7.52294E-04, 6.13083E-04, 1.67367E-03, 3.21358E-05, 3.90999E-05, 2.15558E-05, 8.40481E-03
163, 6.18521E-04, 7.47814E-04, 6.08430E-04, 1.65596E-03, 3.22636E-05, 3.91259E-05, 2.16228E-05, 8.11183E-03
164, 6.16864E-04, 7.42162E-04, 6.02724E-04, 1.63398E-03, 3.23925E-05, 3.91460E-05, 2.16903E-05, 7.78383E-03
165, 6.14992E-04, 7.35401E-04, 5.95998E-04, 1.60815E-03, 3.25246E-05, 3.91581E-05, 2.17568E-05, 7.63331E-03
166, 6.12909E-04, 7.27602E-04, 5.88291E-04, 1.57889E-03, 3.26593E-05, 3.91617E-05, 2.18239E-05, 7.63797E-03
167, 6.10619E-04, 7.18840E-04, 5.79645E-04, 1.54660E-03, 3.27945E-05, 3.91606E-05, 2.18914E-05, 7.62030E-03
168, 6.08126E-04, 7.09196E-04, 5.70113E-04, 1.51166E-03, 3.29331E-05, 3.91566E-05, 2.19585E-05, 7.64484E-03
169, 6.05435E-04, 7.05372E-04, 5.66473E-04, 1.47442E-03, 3.30740E-05, 3.91516E-05, 2.20243E-05, 7.74435E-03
170, 6.02550E-04, 7.04210E-04, 5.64194E-04, 1.43521E-03, 3.32160E-05, 3.91421E-05, 2.20884E-05, 7.81459E-03
171, 5.99475E-04, 7.01627E-04, 5.60763E-04, 1.39433E-03, 3.33586E-05, 3.91252E-05, 2.21514E-05, 7.85833E-03
172, 5.96214E-04, 6.97672E-04, 5.56187E-04, 1.35202E-03, 3.35002E-05, 3.91044E-05, 2.22141E-05, 7.87830E-03
173, 5.92773E-04, 6.92406E-04, 5.50485E-04, 1.30851E-03, 3.36452E-05, 3.90818E-05, 2.22775E-05, 7.87711E-03
174, 5.89156E-04, 6.85901E-04, 5.43682E-04, 1.26399E-03, 3.37911E-05, 3.90581E-05, 2.23402E-05, 7.85723E-03
175, 5.85368E-04, 6.78234E-04, 5.35812E-04, 1.21862E-03, 3.39363E-05, 3.90317E-05, 2.24004E-05, 7.82094E-03
176, 5.81413E-04, 6.73650E-04, 5.28734E-04, 1.17252E-03, 3.40830E-05, 3.90035E-05, 2.24595E-05, 7.77032E-03
177, 5.79821E-04, 6.75733E-04, 5.22560E-04, 1.12577E-03, 3.42296E-05, 3.89718E-05, 2.25180E-05, 7.70720E-03
178, 5.79374E-04, 6.76465E-04, 5.23300E-04, 1.07847E-03, 3.43779E-05, 3.89363E-05, 2.25733E-05, 7.67217E-03
179, 5.78713E-04, 6.75867E-04, 5.23571E-04, 1.03066E-03, 3.45274E-05, 3.88985E-05, 2.26266E-05, 7.68079E-03
180, 5.77842E-04, 6.73970E-04, 5.22834E-04, 9.82376E-04, 3.46793E-05, 3.88569E-05, 2.26798E-05, 7.67858E-03
181, 5.76765E-04, 6.70812E-04, 5.21091E-04, 9.33657E-04, 3.48324E-05, 3.88130E-05, 2.27295E-05, 7.66643E-03
182, 5.75484E-04, 6.66441E-04, 5.18350E-04, 8.84527E-04, 3.49867E-05, 3.87690E-05, 2.27763E-05, 7.64484E-03
183, 5.74002E-04, 6.60912E-04, 5.14629E-04, 8.35014E-04, 3.51390E-05, 3.87243E-05, 2.28200E-05, 7.72579E-03
184, 5.72323E-04, 6.54289E-04, 5.09949E-04, 7.85153E-04, 3.52902E-05, 3.86800E-05, 2.28627E-05, 7.78590E-03
185, 5.70451E-04, 6.46643E-04, 5.04341E-04, 7.34986E-04, 3.54394E-05, 3.86340E-05, 2.29026E-05, 7.81002E-03
186, 5.68389E-04, 6.38051E-04, 4.97842E-04, 6.99914E-04, 3.55887E-05, 3.85861E-05, 2.29391E-05, 7.80046E-03
187, 5.66140E-04, 6.28599E-04, 4.90494E-04, 7.11994E-04, 3.57417E-05, 3.85377E-05, 2.29744E-05, 7.75955E-03
188, 5.63709E-04, 6.18375E-04, 4.82347E-04, 7.23579E-04, 3.58964E-05, 3.84881E-05, 2.30086E-05, 7.75960E-03
189, 5.61099E-04, 6.26159E-04, 4.73455E-04, 7.34653E-04, 3.60540E-05, 3.84353E-05, 2.30416E-05, 7.79765E-03
190, 5.58313E-04, 6.35119E-04, 4.68036E-04, 7.45197E-04, 3.62108E-05, 3.83854E-05, 2.30716E-05, 7.79293E-03
191, 5.55357E-04, 6.43430E-04, 4.65512E-04, 7.55197E-04, 3.63661E-05, 3.83359E-05, 2.30989E-05, 7.74787E-03
192, 5.52233E-04, 6.51070E-04, 4.62815E-04, 7.64639E-04, 3.65210E-05, 3.82851E-05, 2.31242E-05, 7.66511E-03
193, 5.48946E-04, 6.58016E-04, 4.59948E-04, 7.73507E-04, 3.66729E-05, 3.82326E-05, 2.31483E-05, 7.55696E-03
194, 5.45500E-04, 6.65540E-04, 4.56916E-04, 7.81790E-04, 3.68245E-05, 3.81773E-05, 2.31712E-05, 7.57950E-03
195, 5.41899E-04, 6.75167E-04, 4.53722E-04, 7.89476E-04, 3.69765E-05, 3.81212E-05, 2.31933E-05, 7.55427E-03
196, 5.38147E-04, 6.84097E-04, 4.50369E-04, 7.96553E-04, 3.71289E-05, 3.80656E-05, 2.32139E-05, 7.48399E-03
197, 5.34248E-04, 6.92303E-04, 4.46862E-04, 8.03011E-04, 3.72846E-05, 3.80111E-05, 2.32320E-05, 7.37173E-03
198, 5.30207E-04, 6.99759E-04, 4.43203E-04, 8.08841E-04, 3.74432E-05, 3.79613E-05, 2.32479E-05, 7.22083E-03
199, 5.26027E-04, 7.06440E-04, 4.39396E-04, 8.14034E-04, 3.76006E-05, 3.79095E-05, 2.32615E-05, 7.15731E-03
200, 5.21713E-04, 7.12323E-04, 4.35444E-04, 8.18585E-04, 3.77558E-05, 3.78577E-05, 2.32732E-05, 7.12577E-03
201, 5.17270E-04, 7.17387E-04, 4.31352E-04, 8.23233E-04, 3.79107E-05, 3.78065E-05, 2.32840E-05, 7.04658E-03
202, 5.12701E-04, 7.21612E-04, 4.27122E-04, 8.27647E-04, 3.80664E-05, 3.77572E-05, 2.32948E-05, 6.92296E-03
203, 5.08010E-04, 7.25134E-04, 4.22757E-04, 8.31447E-04, 3.82237E-05, 3.77096E-05, 2.33065E-05, 6.75854E-03
204, 5.03202E-04, 7.32871E-04, 4.18262E-04, 8.34628E-04, 3.83812E-05, 3.76619E-05, 2.33178E-05, 6.57935E-03
205, 4.98282E-04, 7.39775E-04, 4.13684E-04, 8.37185E-04, 3.85367E-05, 3.76167E-05, 2.33289E-05, 6.55916E-03
206, 4.93253E-04, 7.45821E-04, 4.10072E-04, 8.39113E-04, 3.86932E-05, 3.75738E-05, 2.33397E-05, 6.49044E-03
207, 4.88119E-04, 7.50984E-04, 4.06337E-04, 8.40408E-04, 3.88543E-05, 3.75319E-05, 2.33502E-05, 6.37605E-03
208, 4.82886E-04, 7.55242E-04, 4.12213E-04, 8.41068E-04, 3.90222E-05, 3.74883E-05, 2.33608E-05, 6.21944E-03
209, 4.77556E-04, 7.58574E-04, 4.20466E-04, 8.41091E-04, 3.91900E-05, 3.74436E-05, 2.33705E-05, 6.02452E-03
210, 4.72134E-04, 7.60963E-04, 4.30485E-04, 8.40475E-04, 3.93588E-05, 3.73995E-05, 2.33788E-05, 5.90226E-03
211, 4.66625E-04, 7.62392E-04, 4.40282E-04, 8.39219E-04, 3.95262E-05, 3.73541E-05, 2.33871E-05, 5.86292E-03
212, 4.62862E-04, 7.65629E-04, 4.49839E-04, 8.37324E-04, 3.96966E-05, 3.73106E-05, 2.33925E-05, 5.77802E-03
213, 4.60338E-04, 7.71601E-04, 4.59136E-04, 8.34791E-04, 3.98695E-05, 3.72674E-05, 2.33972E-05, 5.65023E-03
214, 4.57678E-04, 7.76630E-04, 4.68151E-04, 8.43989E-04, 4.00453E-05, 3.72250E-05, 2.34038E-05, 5.48284E-03
215, 4.54885E-04, 7.80692E-04, 4.76865E-04, 8.54861E-04, 4.02201E-05, 3.71848E-05, 2.34110E-05, 5.27969E-03
216, 4.51961E-04, 7.83765E-04, 4.85256E-04, 8.64512E-04, 4.03951E-05, 3.71464E-05, 2.34185E-05, 5.18890E-03
217, 4.48910E-04, 7.85828E-04, 4.93304E-04, 8.73229E-04, 4.05710E-05, 3.71065E-05, 2.34268E-05, 5.14936E-03
218, 4.45734E-04, 7.86864E-04, 5.03502E-04, 8.82058E-04, 4.07532E-05, 3.70649E-05, 2.34341E-05, 5.06804E-03
219, 4.42437E-04, 7.86858E-04, 5.14360E-04, 8.89456E-04, 4.09392E-05, 3.70227E-05, 2.34417E-05, 4.94702E-03
220, 4.39021E-04, 7.85799E-04, 5.25006E-04, 8.95369E-04, 4.11250E-05, 3.69830E-05, 2.34487E-05, 4.78907E-03
221, 4.35489E-04, 7.90197E-04, 5.35413E-04, 8.99744E-04, 4.13087E-05, 3.69439E-05, 2.34562E-05, 4.59754E-03
222, 4.31844E-04, 7.94830E-04, 5.45556E-04, 9.02533E-04, 4.14957E-05, 3.69067E-05, 2.34656E-05, 4.49019E-03
223, 4.28090E-04, 7.98439E-04, 5.55407E-04, 9.03694E-04, 4.16812E-05, 3.68701E-05, 2.34756E-05, 4.46417E-03
224, 4.24230E-04, 8.01000E-04, 5.64940E-04, 9.03188E-04, 4.18685E-05, 3.68334E-05, 2.34860E-05, 4.40109E-03
225, 4.20988E-04, 8.06810E-04, 5.74128E-04, 9.00980E-04, 4.20560E-05, 3.67970E-05, 2.34946E-05, 4.30218E-03
226, 4.26751E-04, 8.12331E-04, 5.82942E-04, 8.97041E-04, 4.22416E-05, 3.67641E-05, 2.35020E-05, 4.16937E-03
227, 4.32114E-04, 8.16642E-04, 5.91356E-04, 8.91346E-04, 4.24274E-05, 3.67312E-05, 2.35079E-05, 4.00521E-03
228, 4.37070E-04, 8.27386E-04, 6.01866E-04, 8.83878E-04, 4.26134E-05, 3.67011E-05, 2.35146E-05, 3.82982E-03
229, 4.41610E-04, 8.37131E-04, 6.13515E-04, 8.74624E-04, 4.27979E-05, 3.66738E-05, 2.35209E-05, 3.82368E-03
230, 4.45730E-04, 8.45636E-04, 6.24837E-04, 8.70398E-04, 4.29814E-05, 3.66473E-05, 2.35258E-05, 3.78615E-03
231, 4.49425E-04, 8.52873E-04, 6.35798E-04, 8.75911E-04, 4.31633E-05, 3.66184E-05, 2.35299E-05, 3.71762E-03
232, 4.52690E-04, 8.58816E-04, 6.46367E-04, 8.80492E-04, 4.33417E-05, 3.65916E-05, 2.35323E-05, 3.61908E-03
233, 4.57111E-04, 8.63444E-04, 6.56512E-04, 8.84107E-04, 4.35180E-05, 3.65665E-05, 2.35342E-05, 3.49206E-03
234, 4.62106E-04, 8.66741E-04, 6.66199E-04, 8.86720E-04, 4.36907E-05, 3.65406E-05, 2.35369E-05, 3.33864E-03
235, 4.66632E-04, 8.68692E-04, 6.75398E-04, 8.89626E-04, 4.38590E-05, 3.65116E-05, 2.35408E-05, 3.33703E-03
236, 4.70684E-04, 8.71656E-04, 6.84074E-04, 8.97810E-04, 4.40240E-05, 3.64836E-05, 2.35448E-05, 3.48272E-03
237, 4.74257E-04, 8.80377E-04, 6.92197E-04, 9.05013E-04, 4.41889E-05, 3.64548E-05, 2.35472E-05, 3.62081E-03
238, 4.77347E-04, 8.87743E-04, 6.99735E-04, 9.11188E-04, 4.43543E-05, 3.64251E-05, 2.35481E-05, 3.77422E-03
239, 4.79952E-04, 8.93725E-04, 7.09697E-04, 9.16290E-04, 4.45144E-05, 3.63922E-05, 2.35469E-05, 3.94078E-03
240, 4.82069E-04, 8.98298E-04, 7.21692E-04, 9.20275E-04, 4.46730E-05, 3.63584E-05, 2.35443E-05, 4.09846E-03
241, 4.85694E-04, 9.01444E-04, 7.33197E-04, 9.23104E-04, 4.48294E-05, 3.63245E-05, 2.35401E-05, 4.24646E-03
242, 4.90087E-04, 9.03147E-04, 7.44171E-04, 9.24740E-04, 4.49855E-05, 3.62903E-05, 2.35350E-05, 4.38399E-03
243, 4.93947E-04, 9.03398E-04, 7.54578E-04, 9.25150E-04, 4.51392E-05, 3.62563E-05, 2.35305E-05, 4.54145E-03
244, 4.97271E-04, 9.02190E-04, 7.64379E-04, 9.33095E-04, 4.52877E-05, 3.62199E-05, 2.35249E-05, 4.69717E-03
245, 5.00057E-04, 9.05351E-04, 7.73536E-04, 9.39967E-04, 4.54315E-05, 3.61827E-05, 2.35172E-05, 4.84073E-03
246, 5.02302E-04, 9.12384E-04, 7.82011E-04, 9.45630E-04, 4.55724E-05, 3.61423E-05, 2.35083E-05, 4.97126E-03
247, 5.04005E-04, 9.17956E-04, 7.89770E-04, 9.50036E-04, 4.57077E-05, 3.61008E-05, 2.34987E-05, 5.09076E-03
248, 5.05169E-04, 9.22042E-04, 7.96775E-04, 9.53139E-04, 4.58408E-05, 3.60581E-05, 2.34879E-05, 5.21800E-03
249, 5.07456E-04, 9.24620E-04, 8.02994E-04, 9.54900E-04, 4.59700E-05, 3.60124E-05, 2.34762E-05, 5.33044E-03
250, 5.11577E-04, 9.25674E-04, 8.12269E-04, 9.55281E-04, 4.60959E-05, 3.59640E-05, 2.34629E-05, 5.42731E-03
251, 5.15107E-04, 9.25195E-04, 8.24398E-04, 9.54251E-04, 4.62189E-05, 3.59134E-05, 2.34496E-05, 5.50785E-03
252, 5.18042E-04, 9.23178E-04, 8.35860E-04, 9.56802E-04, 4.63381E-05, 3.58615E-05, 2.34347E-05, 5.57137E-03
253, 5.20382E-04, 9.19623E-04, 8.46611E-04, 9.63222E-04, 4.64563E-05, 3.58082E-05, 2.34168E-05, 5.61725E-03
254, 5.22125E-04, 9.21152E-04, 8.56606E-04, 9.68276E-04, 4.65706E-05, 3.57534E-05, 2.33975E-05, 5.64493E-03
255, 5.23274E-04, 9.27321E-04, 8.65801E-04, 9.71916E-04, 4.66831E-05, 3.56951E-05, 2.33764E-05, 5.65391E-03
256, 5.25941E-04, 9.31967E-04, 8.74155E-04, 9.74097E-04, 4.67934E-05, 3.56361E-05, 2.33541E-05, 5.64380E-03
257, 5.28148E-04, 9.35064E-04, 8.81627E-04, 9.74779E-04, 4.69001E-05, 3.55766E-05, 2.33313E-05, 5.61427E-03
258, 5.32013E-04, 9.36593E-04, 8.88178E-04, 9.73929E-04, 4.70042E-05, 3.55151E-05, 2.33082E-05, 5.56511E-03
259, 5.37255E-04, 9.36540E-04, 8.93770E-04, 9.71517E-04, 4.71054E-05, 3.54530E-05, 2.32852E-05, 5.49619E-03
260, 5.41840E-04, 9.34896E-04, 8.98367E-04, 9.67519E-04, 4.72062E-05, 3.53948E-05, 2.32607E-05, 5.40751E-03
261, 5.45760E-04, 9.31659E-04, 9.05187E-04, 9.70371E-04, 4.73069E-05, 3.53362E-05, 2.32347E-05, 5.29917E-03
262, 5.49011E-04, 9.26832E-04, 9.17340E-04, 9.75066E-04, 4.74044E-05, 3.52739E-05, 2.32081E-05, 5.17139E-03
263, 5.51589E-04, 9.21758E-04, 9.28653E-04, 9.78242E-04, 4.74986E-05, 3.52079E-05, 2.31801E-05, 5.02450E-03
264, 5.53491E-04, 9.28004E-04, 9.39074E-04, 9.79854E-04, 4.75920E-05, 3.51401E-05, 2.31517E-05, 4.85896E-03
265, 5.54719E-04, 9.32710E-04, 9.48555E-04, 9.79865E-04, 4.76844E-05, 3.50717E-05, 2.31226E-05, 4.67536E-03
266, 5.56963E-04, 9.35849E-04, 9.57048E-04, 9.78241E-04, 4.77748E-05, 3.50017E-05, 2.30922E-05, 4.47439E-03
267, 5.62036E-04, 9.37399E-04, 9.64508E-04, 9.74957E-04, 4.78634E-05, 3.49296E-05, 2.30615E-05, 4.40645E-03
268, 5.66379E-04, 9.37343E-04, 9.70891E-04, 9.69993E-04, 4.79488E-05, 3.48567E-05, 2.30316E-05, 4.47787E-03
269, 5.69987E-04, 9.35671E-04, 9.76157E-04, 9.63336E-04, 4.80355E-05, 3.47835E-05, 2.30027E-05, 4.54078E-03
270, 5.72855E-04, 9.32379E-04, 9.80267E-04, 9.63572E-04, 4.81246E-05, 3.47081E-05, 2.29752E-05, 4.63472E-03
271, 5.74981E-04, 9.27470E-04, 9.83186E-04, 9.66993E-04, 4.82128E-05, 3.46334E-05, 2.29479E-05, 4.73798E-03
272, 5.76366E-04, 9.20951E-04, 9.84884E-04, 9.68814E-04, 4.83022E-05, 3.45601E-05, 2.29200E-05, 4.83123E-03
273, 5.77013E-04, 9.15704E-04, 9.95978E-04, 9.68995E-04, 4.83882E-05, 3.44871E-05, 2.28910E-05, 4.91417E-03
274, 5.76924E-04, 9.21412E-04, 1.00721E-03, 9.67504E-04, 4.84721E-05, 3.44125E-05, 2.28606E-05, 4.98657E-03
275, 5.83668E-04, 9.25579E-04, 1.01740E-03, 9.64315E-04, 4.85550E-05, 3.43362E-05, 2.28299E-05, 5.04821E-03
276, 5.91874E-04, 9.28178E-04, 1.02648E-03, 9.59408E-04, 4.86349E-05, 3.42608E-05, 2.27993E-05, 5.09895E-03
277, 5.99616E-04, 9.29188E-04, 1.03441E-03, 9.52772E-04, 4.87158E-05, 3.41860E-05, 2.27697E-05, 5.16780E-03
278, 6.06885E-04, 9.28593E-04, 1.04114E-03, 9.44402E-04, 4.87965E-05, 3.41111E-05, 2.27400E-05, 5.26642E-03
279, 6.13675E-04, 9.26382E-04, 1.04662E-03, 9.37274E-04, 4.88773E-05, 3.40374E-05, 2.27098E-05, 5.35253E-03
280, 6.19981E-04, 9.22554E-04, 1.05081E-03, 9.40408E-04, 4.89588E-05, 3.39647E-05, 2.26811E-05, 5.42588E-03
281, 6.25798E-04, 9.17112E-04, 1.05368E-03, 9.41936E-04, 4.90410E-05, 3.38928E-05, 2.26539E-05, 5.48630E-03
282, 6.31124E-04, 9.10064E-04, 1.05519E-03, 9.41821E-04, 4.91221E-05, 3.38187E-05, 2.26282E-05, 5.53367E-03
283, 6.35956E-04, 9.01426E-04, 1.05531E-03, 9.40034E-04, 4.91985E-05, 3.37433E-05, 2.26035E-05, 5.56792E-03
284, 6.40293E-04, 9.03812E-04, 1.05595E-03, 9.36551E-04, 4.92745E-05, 3.36678E-05, 2.25785E-05, 5.58905E-03
285, 6.44135E-04, 9.08301E-04, 1.06738E-03, 9.31354E-04, 4.93492E-05, 3.35914E-05, 2.25544E-05, 5.67050E-03
286, 6.51097E-04, 9.11262E-04, 1.07764E-03, 9.24437E-04, 4.94235E-05, 3.35153E-05, 2.25332E-05, 5.74799E-03
287, 6.58115E-04, 9.12670E-04, 1.08668E-03, 9.15798E-04, 4.94987E-05, 3.34393E-05, 2.25143E-05, 5.81059E-03
288, 6.64627E-04, 9.12508E-04, 1.09444E-03, 9.05445E-04, 4.95754E-05, 3.33636E-05, 2.24957E-05, 5.85821E-03
289, 6.70628E-04, 9.10763E-04, 1.10088E-03, 8.98493E-04, 4.96501E-05, 3.32886E-05, 2.24783E-05, 5.89082E-03
290, 6.76116E-04, 9.07431E-04, 1.10594E-03, 9.01116E-04, 4.97241E-05, 3.32139E-05, 2.24626E-05, 5.90849E-03
291, 6.81089E-04, 9.02512E-04, 1.10959E-03, 9.02157E-04, 4.97969E-05, 3.31397E-05, 2.24479E-05, 5.91133E-03
292, 6.85546E-04, 8.96012E-04, 1.11178E-03, 9.01583E-04, 4.98679E-05, 3.30681E-05, 2.24351E-05, 5.90721E-03
293, 6.89487E-04, 8.90693E-04, 1.11248E-03, 8.99366E-04, 4.99352E-05, 3.29974E-05, 2.24220E-05, 5.97940E-03
294, 6.92913E-04, 8.85367E-04, 1.11166E-03, 8.95487E-04, 4.99987E-05, 3.29278E-05, 2.24088E-05, 6.03502E-03
295, 6.95827E-04, 8.81697E-04, 1.10931E-03, 8.89935E-04, 5.00584E-05, 3.28591E-05, 2.23975E-05, 6.07407E-03
296, 6.98760E-04, 8.85735E-04, 1.10543E-03, 8.82706E-04, 5.01171E-05, 3.27882E-05, 2.23882E-05, 6.09662E-03
297, 7.05145E-04, 8.88294E-04, 1.11627E-03, 8.73805E-04, 5.01741E-05, 3.27169E-05, 2.23793E-05, 6.10283E-03
298, 7.10997E-04, 8.89352E-04, 1.12582E-03, 8.63246E-04, 5.02294E-05, 3.26458E-05, 2.23720E-05, 6.09291E-03
299, 7.16314E-04, 8.88891E-04, 1.13403E-03, 8.51049E-04, 5.02841E-05, 3.25750E-05, 2.23663E-05, 6.06717E-03
300, 7.21095E-04, 8.86901E-04, 1.14083E-03, 8.53374E-04, 5.03371E-05, 3.25027E-05, 2.23614E-05, 6.02599E-03
301, 7.25341E-04, 8.85123E-04, 1.14620E-03, 8.55498E-04, 5.03888E-05, 3.24308E-05, 2.23577E-05, 6.08093E-03
302, 7.29054E-04, 8.82417E-04, 1.15007E-03, 8.56072E-04, 5.04367E-05, 3.23591E-05, 2.23538E-05, 6.12094E-03
303, 7.33243E-04, 8.78100E-04, 1.15241E-03, 8.55067E-04, 5.04856E-05, 3.22889E-05, 2.23503E-05, 6.14337E-03
304, 7.37367E-04, 8.72203E-04, 1.15318E-03, 8.52461E-04, 5.05307E-05, 3.22187E-05, 2.23497E-05, 6.14844E-03
305, 7.40934E-04, 8.64759E-04, 1.15236E-03, 8.48241E-04, 5.05743E-05, 3.21491E-05, 2.23505E-05, 6.13643E-03
306, 7.43951E-04, 8.55813E-04, 1.14992E-03, 8.42402E-04, 5.06150E-05, 3.20804E-05, 2.23500E-05, 6.10774E-03
307, 7.46426E-04, 8.59132E-04, 1.14584E-03, 8.34947E-04, 5.06541E-05, 3.20121E-05, 2.23493E-05, 6.06281E-03
308, 7.49871E-04, 8.63136E-04, 1.14012E-03, 8.25888E-04, 5.06917E-05, 3.19448E-05, 2.23488E-05, 6.00219E-03
309, 7.55895E-04, 8.65522E-04, 1.14098E-03, 8.15245E-04, 5.07267E-05, 3.18764E-05, 2.23495E-05, 5.99006E-03
310, 7.61350E-04, 8.66291E-04, 1.15033E-03, 8.03081E-04, 5.07619E-05, 3.18091E-05, 2.23522E-05, 6.02692E-03
311, 7.66241E-04, 8.65454E-04, 1.15827E-03, 8.07606E-04, 5.07924E-05, 3.17413E-05, 2.23565E-05, 6.04568E-03
312, 7.70572E-04, 8.63025E-04, 1.16475E-03, 8.10663E-04, 5.08207E-05, 3.16739E-05, 2.23622E-05, 6.04664E-03
313, 7.74349E-04, 8.59025E-04, 1.16973E-03, 8.12216E-04, 5.08469E-05, 3.16057E-05, 2.23691E-05, 6.03019E-03
314, 7.77578E-04, 8.53484E-04, 1.17317E-03, 8.12235E-04, 5.08719E-05, 3.15387E-05, 2.23761E-05, 5.99680E-03
315, 7.80267E-04, 8.46435E-04, 1.17503E-03, 8.10700E-04, 5.08974E-05, 3.14719E-05, 2.23824E-05, 5.94704E-03
316, 7.82425E-04, 8.37918E-04, 1.17526E-03, 8.07596E-04, 5.09223E-05, 3.14057E-05, 2.23894E-05, 5.88153E-03
317, 7.84060E-04, 8.28932E-04, 1.17386E-03, 8.02919E-04, 5.09473E-05, 3.13400E-05, 2.23971E-05, 5.80096E-03
318, 7.85181E-04, 8.33663E-04, 1.17079E-03, 7.96675E-04, 5.09726E-05, 3.12747E-05, 2.24073E-05, 5.78162E-03
319, 7.85800E-04, 8.36849E-04, 1.16605E-03, 7.88874E-04, 5.09970E-05, 3.12104E-05, 2.24188E-05, 5.81362E-03
320, 7.88650E-04, 8.38488E-04, 1.15963E-03, 7.79540E-04, 5.10220E-05, 3.11468E-05, 2.24305E-05, 5.82752E-03
321, 7.93091E-04, 8.38585E-04, 1.15152E-03, 7.68700E-04, 5.10454E-05, 3.10828E-05, 2.24414E-05, 5.82372E-03
322, 7.96990E-04, 8.37152E-04, 1.15081E-03, 7.66615E-04, 5.10656E-05, 3.10199E-05, 2.24511E-05, 5.80270E-03
323, 8.00353E-04, 8.34205E-04, 1.15916E-03, 7.71533E-04, 5.10852E-05, 3.09573E-05, 2.24600E-05, 5.76503E-03
324, 8.03187E-04, 8.29769E-04, 1.16607E-03, 7.74990E-04, 5.11068E-05, 3.08945E-05, 2.24692E-05, 5.71135E-03
325, 8.05500E-04, 8.23873E-04, 1.17148E-03, 7.76953E-04, 5.11272E-05, 3.08332E-05, 2.24784E-05, 5.64238E-03
326, 8.07301E-04, 8.16552E-04, 1.17536E-03, 7.77397E-04, 5.11451E-05, 3.07732E-05, 2.24908E-05, 5.55890E-03
327, 8.08598E-04, 8.07846E-04, 1.17766E-03, 7.76307E-04, 5.11638E-05, 3.07142E-05, 2.25034E-05, 5.46171E-03
328, 8.09401E-04, 7.97801E-04, 1.17835E-03, 7.73674E-04, 5.11835E-05, 3.06548E-05, 2.25162E-05, 5.50505E-03
329, 8.09721E-04, 8.00282E-04, 1.17741E-03, 7.69500E-04, 5.12004E-05, 3.05957E-05, 2.25288E-05, 5.53166E-03
330, 8.09569E-04, 8.03257E-04, 1.17481E-03, 7.63794E-04, 5.12148E-05, 3.05382E-05, 2.25398E-05, 5.54049E-03
331, 8.08957E-04, 8.04776E-04, 1.17055E-03, 7.56574E-04, 5.12269E-05, 3.04817E-05, 2.25515E-05, 5.53200E-03
332, 8.10639E-04, 8.04844E-04, 1.16462E-03, 7.47869E-04, 5.12390E-05, 3.04234E-05, 2.25637E-05, 5.50677E-03
333, 8.14133E-04, 8.03473E-04, 1.15703E-03, 7.37711E-04, 5.12498E-05, 3.03680E-05, 2.25745E-05, 5.46545E-03
334, 8.17115E-04, 8.00678E-04, 1.14777E-03, 7.37513E-04, 5.12575E-05, 3.03156E-05, 2.25864E-05, 5.40875E-03
335, 8.19591E-04, 7.96484E-04, 1.13702E-03, 7.43252E-04, 5.12679E-05, 3.02644E-05, 2.26008E-05, 5.33746E-03
336, 8.21569E-04, 7.90917E-04, 1.14502E-03, 7.47544E-04, 5.12798E-05, 3.02152E-05, 2.26148E-05, 5.25242E-03
337, 8.23058E-04, 7.84011E-04, 1.15158E-03, 7.50359E-04, 5.12879E-05, 3.01667E-05, 2.26282E-05, 5.15451E-03
338, 8.24066E-04, 7.75805E-04, 1.15668E-03, 7.51676E-04, 5.12966E-05, 3.01185E-05, 2.26399E-05, 5.18108E-03
339, 8.24604E-04, 7.66340E-04, 1.16026E-03, 7.51482E-04, 5.13046E-05, 3.00709E-05, 2.26526E-05, 5.21750E-03
340, 8.24681E-04, 7.60925E-04, 1.16230E-03, 7.49773E-04, 5.13112E-05, 3.00240E-05, 2.26648E-05, 5.23610E-03
341, 8.24308E-04, 7.64138E-04, 1.16276E-03, 7.46552E-04, 5.13158E-05, 2.99782E-05, 2.26761E-05, 5.23734E-03
342, 8.23497E-04, 7.66000E-04, 1.16163E-03, 7.41832E-04, 5.13190E-05, 2.99329E-05, 2.26872E-05, 5.22181E-03
343, 8.22258E-04, 7.66514E-04, 1.15888E-03, 7.35636E-04, 5.13201E-05, 2.98888E-05, 2.26982E-05, 5.19018E-03
344, 8.20606E-04, 7.65687E-04, 1.15452E-03, 7.27991E-04, 5.13185E-05, 2.98478E-05, 2.27116E-05, 5.14319E-03
345, 8.27789E-04, 7.63533E-04, 1.14854E-03, 7.18936E-04, 5.13166E-05, 2.98072E-05, 2.27264E-05, 5.08165E-03
346, 8.36387E-04, 7.60073E-04, 1.14094E-03, 7.13359E-04, 5.13134E-05, 2.97689E-05, 2.27409E-05, 5.00642E-03
347, 8.44582E-04, 7.55330E-04, 1.13173E-03, 7.20020E-04, 5.13069E-05, 2.97336E-05, 2.27540E-05, 4.91841E-03
348, 8.52362E-04, 7.49334E-04, 1.12094E-03, 7.25275E-04, 5.12973E-05, 2.96990E-05, 2.27654E-05, 4.82633E-03
349, 8.59719E-04, 7.42118E-04, 1.11048E-03, 7.29094E-04, 5.12843E-05, 2.96665E-05, 2.27754E-05, 4.88373E-03
350, 8.66644E-04, 7.33722E-04, 1.11733E-03, 7.31459E-04, 5.12701E-05, 2.96357E-05, 2.27853E-05, 4.92299E-03
351, 8.73130E-04, 7.24188E-04, 1.12278E-03, 7.32358E-04, 5.12568E-05, 2.96070E-05, 2.27944E-05, 4.94452E-03
352, 8.79169E-04, 7.20475E-04, 1.12679E-03, 7.31787E-04, 5.12423E-05, 2.95803E-05, 2.28021E-05, 4.94885E-03
353, 8.84756E-04, 7.22985E-04, 1.12932E-03, 7.29752E-04, 5.12221E-05, 2.95547E-05, 2.28125E-05, 4.93662E-03
354, 8.89888E-04, 7.24255E-04, 1.13036E-03, 7.26266E-04, 5.12015E-05, 2.95302E-05, 2.28260E-05, 4.90854E-03
355, 8.94560E-04, 7.24290E-04, 1.12989E-03, 7.21350E-04, 5.11822E-05, 2.95068E-05, 2.28410E-05, 4.86540E-03
356, 8.99103E-04, 7.23098E-04, 1.12788E-03, 7.15033E-04, 5.11635E-05, 2.94858E-05, 2.28540E-05, 4.80805E-03
357, 9.03407E-04, 7.20694E-04, 1.12434E-03, 7.07352E-04, 5.11460E-05, 2.94672E-05, 2.28668E-05, 4.73742E-03
358, 9.07205E-04, 7.17098E-04, 1.11925E-03, 6.98351E-04, 5.11254E-05, 2.94519E-05, 2.28796E-05, 4.65443E-03
359, 9.10498E-04, 7.12332E-04, 1.11264E-03, 6.98963E-04, 5.11039E-05, 2.94371E-05, 2.28909E-05, 4.56008E-03
360, 9.13286E-04, 7.06426E-04, 1.10450E-03, 7.05238E-04, 5.10802E-05, 2.94228E-05, 2.29013E-05, 4.57056E-03
361, 9.15571E-04, 6.99412E-04, 1.09485E-03, 7.10156E-04, 5.10545E-05, 2.94103E-05, 2.29127E-05, 4.62072E-03
362, 9.17357E-04, 6.91326E-04, 1.08373E-03, 7.13695E-04, 5.10277E-05, 2.93989E-05, 2.29231E-05, 4.65317E-03
363, 9.18646E-04, 6.82209E-04, 1.07115E-03, 7.15845E-04, 5.09986E-05, 2.93880E-05, 2.29313E-05, 4.66843E-03
364, 9.19444E-04, 6.76336E-04, 1.07191E-03, 7.16600E-04, 5.09662E-05, 2.93764E-05, 2.29423E-05, 4.66709E-03
365, 9.19755E-04, 6.78540E-04, 1.07683E-03, 7.15962E-04, 5.09343E-05, 2.93650E-05, 2.29542E-05, 4.64987E-03
366, 9.19587E-04, 6.79616E-04, 1.08039E-03, 7.13943E-04, 5.09007E-05, 2.93539E-05, 2.29673E-05, 4.61754E-03
367, 9.18947E-04, 6.79570E-04, 1.08256E-03, 7.10560E-04, 5.08654E-05, 2.93418E-05, 2.29800E-05, 4.57096E-03
368, 9.17841E-04, 6.78409E-04, 1.08332E-03, 7.05839E-04, 5.08326E-05, 2.93309E-05, 2.29914E-05, 4.51103E-03
369, 9.16278E-04, 6.76145E-04, 1.08267E-03, 6.99811E-04, 5.08007E-05, 2.93188E-05, 2.30019E-05, 4.43869E-03
370, 9.14267E-04, 6.72796E-04, 1.08058E-03, 6.92515E-04, 5.07666E-05, 2.93067E-05, 2.30121E-05, 4.35493E-03
371, 9.11818E-04, 6.68384E-04, 1.07706E-03, 6.83998E-04, 5.07283E-05, 2.92958E-05, 2.30231E-05, 4.26073E-03
372, 9.08940E-04, 6.62934E-04, 1.07210E-03, 6.87175E-04, 5.06882E-05, 2.92861E-05, 2.30342E-05, 4.28879E-03
373, 9.05643E-04, 6.56476E-04, 1.06572E-03, 6.93311E-04, 5.06470E-05, 2.92758E-05, 2.30457E-05, 4.33901E-03
374, 9.01938E-04, 6.49043E-04, 1.05793E-03, 6.98174E-04, 5.06064E-05, 2.92641E-05, 2.30557E-05, 4.37202E-03
375, 8.97837E-04, 6.40671E-04, 1.04875E-03, 7.01747E-04, 5.05657E-05, 2.92522E-05, 2.30659E-05, 4.38837E-03
376, 8.93652E-04, 6.31400E-04, 1.03820E-03, 7.04022E-04, 5.05240E-05, 2.92402E-05, 2.30791E-05, 4.38865E-03
377, 8.90297E-04, 6.31592E-04, 1.02632E-03, 7.04996E-04, 5.04814E-05, 2.92274E-05, 2.30932E-05, 4.37357E-03
378, 8.86537E-04, 6.32765E-04, 1.01314E-03, 7.04672E-04, 5.04389E-05, 2.92145E-05, 2.31094E-05, 4.34392E-03
379, 8.82386E-04, 6.32925E-04, 1.01732E-03, 7.03062E-04, 5.03906E-05, 2.92016E-05, 2.31251E-05, 4.30053E-03
380, 8.77853E-04, 6.32076E-04, 1.02086E-03, 7.00182E-04, 5.03394E-05, 2.91875E-05, 2.31401E-05, 4.24431E-03
381, 8.72953E-04, 6.30230E-04, 1.02313E-03, 6.96058E-04, 5.02872E-05, 2.91737E-05, 2.31546E-05, 4.18507E-03
382, 8.67696E-04, 6.27399E-04, 1.02411E-03, 6.90720E-04, 5.02324E-05, 2.91607E-05, 2.31672E-05, 4.15475E-03
383, 8.62096E-04, 6.23602E-04, 1.02377E-03, 6.84205E-04, 5.01752E-05, 2.91476E-05, 2.31788E-05, 4.11063E-03
384, 8.56165E-04, 6.18860E-04, 1.02213E-03, 6.76554E-04, 5.01195E-05, 2.91344E-05, 2.31897E-05, 4.05241E-03
385, 8.49916E-04, 6.13199E-04, 1.01916E-03, 6.80953E-04, 5.00670E-05, 2.91212E-05, 2.32020E-05, 4.04359E-03
386, 8.43361E-04, 6.06647E-04, 1.01489E-03, 6.87185E-04, 5.00144E-05, 2.91077E-05, 2.32150E-05, 4.08527E-03
387, 8.36892E-04, 5.99236E-04, 1.00931E-03, 6.92232E-04, 4.99608E-05, 2.90930E-05, 2.32291E-05, 4.11082E-03
388, 8.40814E-04, 5.91001E-04, 1.00243E-03, 6.96080E-04, 4.99058E-05, 2.90776E-05, 2.32438E-05, 4.12077E-03
389, 8.44139E-04, 5.82763E-04, 9.94283E-04, 6.98716E-04, 4.98493E-05, 2.90610E-05, 2.32591E-05, 4.11578E-03
390, 8.46869E-04, 5.84236E-04, 9.84883E-04, 7.00137E-04, 4.97897E-05, 2.90439E-05, 2.32756E-05, 4.10300E-03
391, 8.49007E-04, 5.84803E-04, 9.74261E-04, 7.00344E-04, 4.97271E-05, 2.90262E-05, 2.32916E-05, 4.11760E-03
392, 8.50554E-04, 5.84465E-04, 9.62449E-04, 6.99346E-04, 4.96626E-05, 2.90077E-05, 2.33073E-05, 4.12099E-03
393, 8.51516E-04, 5.83229E-04, 9.49486E-04, 6.97157E-04, 4.95991E-05, 2.89890E-05, 2.33222E-05, 4.11266E-03
394, 8.51898E-04, 5.81104E-04, 9.50685E-04, 6.93795E-04, 4.95373E-05, 2.89704E-05, 2.33360E-05, 4.09213E-03
395, 8.51706E-04, 5.78104E-04, 9.53272E-04, 6.89288E-04, 4.94767E-05, 2.89531E-05, 2.33487E-05, 4.05898E-03
396, 8.50946E-04, 5.74244E-04, 9.54689E-04, 6.83666E-04, 4.94153E-05, 2.89354E-05, 2.33625E-05, 4.01285E-03
397, 8.49628E-04, 5.69546E-04, 9.54924E-04, 6.76966E-04, 4.93514E-05, 2.89171E-05, 2.33759E-05, 3.95345E-03
398, 8.47760E-04, 5.64032E-04, 9.53970E-04, 6.82944E-04, 4.92839E-05, 2.88974E-05, 2.33886E-05, 3.88056E-03
399, 8.45352E-04, 5.57728E-04, 9.51826E-04, 6.89203E-04, 4.92134E-05, 2.88773E-05, 2.34023E-05, 3.87211E-03
400, 8.42415E-04, 5.50665E-04, 9.48493E-04, 6.94351E-04, 4.91411E-05, 2.88560E-05, 2.34188E-05, 3.90864E-03
401, 8.38962E-04, 5.42873E-04, 9.43978E-04, 6.98372E-04, 4.90688E-05, 2.88338E-05, 2.34335E-05, 3.93930E-03
402, 8.37317E-04, 5.34387E-04, 9.38292E-04, 7.01252E-04, 4.89969E-05, 2.88117E-05, 2.34480E-05, 3.96112E-03
403, 8.40744E-04, 5.35153E-04, 9.31450E-04, 7.02984E-04, 4.89242E-05, 2.87907E-05, 2.34618E-05, 3.97355E-03
404, 8.43551E-04, 5.35442E-04, 9.23472E-04, 7.03568E-04, 4.88536E-05, 2.87691E-05, 2.34765E-05, 3.97609E-03
405, 8.45735E-04, 5.34932E-04, 9.14383E-04, 7.03009E-04, 4.87847E-05, 2.87459E-05, 2.34902E-05, 3.96825E-03
406, 8.47298E-04, 5.33626E-04, 9.04210E-04, 7.01315E-04, 4.87189E-05, 2.87218E-05, 2.35039E-05, 3.94958E-03
407, 8.48240E-04, 5.31533E-04, 8.92986E-04, 6.98502E-04, 4.86548E-05, 2.86973E-05, 2.35185E-05, 3.91968E-03
408, 8.48564E-04, 5.28664E-04, 8.80746E-04, 6.94592E-04, 4.85909E-05, 2.86721E-05, 2.35330E-05, 3.87818E-03
409, 8.48275E-04, 5.25033E-04, 8.75005E-04, 6.89610E-04, 4.85271E-05, 2.86454E-05, 2.35478E-05, 3.82478E-03
410, 8.47376E-04, 5.20659E-04, 8.76888E-04, 6.85641E-04, 4.84625E-05, 2.86183E-05, 2.35628E-05, 3.75923E-03
411, 8.45876E-04, 5.15559E-04, 8.77720E-04, 6.92563E-04, 4.83970E-05, 2.85900E-05, 2.35770E-05, 3.71220E-03
412, 8.43782E-04, 5.09759E-04, 8.77494E-04, 6.98464E-04, 4.83336E-05, 2.85613E-05, 2.35910E-05, 3.76541E-03
413, 8.41103E-04, 5.03283E-04, 8.76206E-04, 7.03320E-04, 4.82704E-05, 2.85315E-05, 2.36069E-05, 3.80367E-03
414, 8.37849E-04, 4.96159E-04, 8.73856E-04, 7.07114E-04, 4.82105E-05, 2.85015E-05, 2.36233E-05, 3.82734E-03
415, 8.34031E-04, 4.88418E-04, 8.70450E-04, 7.09834E-04, 4.81528E-05, 2.84703E-05, 2.36392E-05, 3.83687E-03
416, 8.29664E-04, 4.85177E-04, 8.65995E-04, 7.11471E-04, 4.80962E-05, 2.84384E-05, 2.36565E-05, 3.83279E-03
417, 8.24759E-04, 4.85445E-04, 8.60503E-04, 7.12021E-04, 4.80378E-05, 2.84069E-05, 2.36732E-05, 3.81570E-03
418, 8.24448E-04, 4.85013E-04, 8.53991E-04, 7.11489E-04, 4.79777E-05, 2.83765E-05, 2.36906E-05, 3.78626E-03
419, 8.27182E-04, 4.83885E-04, 8.46477E-04, 7.09879E-04, 4.79178E-05, 2.83456E-05, 2.37089E-05, 3.74517E-03
420, 8.29268E-04, 4.82065E-04, 8.37984E-04, 7.07205E-04, 4.78596E-05, 2.83142E-05, 2.37269E-05, 3.69319E-03
421, 8.30703E-04, 4.84980E-04, 8.28539E-04, 7.03483E-04, 4.78009E-05, 2.82813E-05, 2.37453E-05, 3.63110E-03
422, 8.31486E-04, 4.88008E-04, 8.18172E-04, 6.98735E-04, 4.77397E-05, 2.82476E-05, 2.37641E-05, 3.55971E-03
423, 8.31618E-04, 4.90816E-04, 8.06915E-04, 7.01272E-04, 4.76785E-05, 2.82133E-05, 2.37824E-05, 3.63082E-03
424, 8.31102E-04, 4.93406E-04, 7.94805E-04, 7.07276E-04, 4.76165E-05, 2.81784E-05, 2.37993E-05, 3.71026E-03
425, 8.29941E-04, 4.95781E-04, 7.93101E-04, 7.12330E-04, 4.75569E-05, 2.81428E-05, 2.38145E-05, 3.77452E-03
426, 8.28142E-04, 4.97943E-04, 7.93503E-04, 7.16415E-04, 4.74957E-05, 2.81077E-05, 2.38305E-05, 3.82377E-03
427, 8.25712E-04, 4.99894E-04, 7.92974E-04, 7.19513E-04, 4.74310E-05, 2.80726E-05, 2.38464E-05, 3.85828E-03
428, 8.22658E-04, 5.01637E-04, 7.91512E-04, 7.21612E-04, 4.73662E-05, 2.80364E-05, 2.38614E-05, 3.87840E-03
429, 8.18991E-04, 5.03176E-04, 7.89120E-04, 7.22703E-04, 4.72995E-05, 2.79987E-05, 2.38756E-05, 3.88457E-03
430, 8.14723E-04, 5.04514E-04, 7.85803E-04, 7.22783E-04, 4.72338E-05, 2.79607E-05, 2.38918E-05, 3.87732E-03
431, 8.09866E-04, 5.05654E-04, 7.81570E-04, 7.21851E-04, 4.71713E-05, 2.79231E-05, 2.39110E-05, 3.85723E-03
432, 8.04433E-04, 5.06601E-04, 7.76433E-04, 7.19911E-04, 4.71084E-05, 2.78843E-05, 2.39308E-05, 3.82496E-03
433, 7.98440E-04, 5.07357E-04, 7.70405E-04, 7.16973E-04, 4.70442E-05, 2.78447E-05, 2.39510E-05, 3.78122E-03
434, 7.91904E-04, 5.07928E-04, 7.63506E-04, 7.13048E-04, 4.69821E-05, 2.78055E-05, 2.39712E-05, 3.72678E-03
435, 7.93471E-04, 5.08317E-04, 7.55756E-04, 7.14591E-04, 4.69186E-05, 2.77665E-05, 2.39914E-05, 3.66242E-03
436, 7.95231E-04, 5.08528E-04, 7.47179E-04, 7.20015E-04, 4.68510E-05, 2.77278E-05, 2.40116E-05, 3.70496E-03
437, 7.96327E-04, 5.08567E-04, 7.37800E-04, 7.24588E-04, 4.67801E-05, 2.76892E-05, 2.40303E-05, 3.79633E-03
438, 7.96755E-04, 5.08436E-04, 7.27649E-04, 7.28287E-04, 4.67103E-05, 2.76512E-05, 2.40472E-05, 3.87309E-03
439, 7.96517E-04, 5.08142E-04, 7.16758E-04, 7.31092E-04, 4.66397E-05, 2.76128E-05, 2.40647E-05, 3.93533E-03
440, 7.95614E-04, 5.07689E-04, 7.05160E-04, 7.32988E-04, 4.65665E-05, 2.75756E-05, 2.40826E-05, 3.98321E-03
441, 7.94050E-04, 5.07082E-04, 7.02825E-04, 7.33961E-04, 4.64940E-05, 2.75388E-05, 2.41015E-05, 4.01703E-03
442, 7.91828E-04, 5.06324E-04, 7.02106E-04, 7.34002E-04, 4.64214E-05, 2.75029E-05, 2.41200E-05, 4.03712E-03
443, 7.88957E-04, 5.05422E-04, 7.00586E-04, 7.33104E-04, 4.63487E-05, 2.74661E-05, 2.41392E-05, 4.04391E-03
444, 7.85444E-04, 5.04380E-04, 7.00821E-04, 7.31265E-04, 4.62753E-05, 2.74298E-05, 2.41579E-05, 4.03790E-03
445, 7.81299E-04, 5.03203E-04, 7.03874E-04, 7.28485E-04, 4.62023E-05, 2.73932E-05, 2.41764E-05, 4.01965E-03
446, 7.76534E-04, 5.01896E-04, 7.06504E-04, 7.27098E-04, 4.61295E-05, 2.73569E-05, 2.41952E-05, 3.98976E-03
447, 7.71161E-04, 5.00463E-04, 7.08712E-04, 7.31818E-04, 4.60587E-05, 2.73220E-05, 2.42132E-05, 3.94889E-03
448, 7.65195E-04, 4.99495E-04, 7.10498E-04, 7.35789E-04, 4.59890E-05, 2.72890E-05, 2.42319E-05, 3.89772E-03
449, 7.58651E-04, 4.99043E-04, 7.11864E-04, 7.42245E-04, 4.59190E-05, 2.72573E-05, 2.42530E-05, 3.88704E-03
450, 7.51546E-04, 4.98454E-04, 7.12812E-04, 7.49951E-04, 4.58488E-05, 2.72266E-05, 2.42745E-05, 3.99515E-03
451, 7.43897E-04, 4.97732E-04, 7.13344E-04, 7.57314E-04, 4.57791E-05, 2.71963E-05, 2.42952E-05, 4.08954E-03
452, 7.37266E-04, 4.96882E-04, 7.13464E-04, 7.64320E-04, 4.57058E-05, 2.71672E-05, 2.43150E-05, 4.17013E-03
453, 7.38439E-04, 4.95908E-04, 7.13175E-04, 7.70953E-04, 4.56314E-05, 2.71391E-05, 2.43350E-05, 4.23692E-03
454, 7.38961E-04, 4.94813E-04, 7.12482E-04, 7.77197E-04, 4.55558E-05, 2.71126E-05, 2.43560E-05, 4.29001E-03
455, 7.40306E-04, 4.93602E-04, 7.11391E-04, 7.83038E-04, 4.54793E-05, 2.70864E-05, 2.43774E-05, 4.32957E-03
456, 7.47791E-04, 4.92289E-04, 7.09906E-04, 7.88458E-04, 4.54000E-05, 2.70608E-05, 2.43996E-05, 4.35583E-03
457, 7.54905E-04, 4.90981E-04, 7.08507E-04, 7.93444E-04, 4.53207E-05, 2.70351E-05, 2.44217E-05, 4.36910E-03
458, 7.61627E-04, 4.89561E-04, 7.09754E-04, 7.97980E-04, 4.52418E-05, 2.70100E-05, 2.44439E-05, 4.36977E-03
459, 7.67930E-04, 4.89925E-04, 7.13064E-04, 8.02052E-04, 4.51629E-05, 2.69846E-05, 2.44663E-05, 4.35828E-03
460, 7.73792E-04, 4.91633E-04, 7.15927E-04, 8.05644E-04, 4.50826E-05, 2.69592E-05, 2.44899E-05, 4.33514E-03
461, 7.79187E-04, 4.93307E-04, 7.18343E-04, 8.08742E-04, 4.50057E-05, 2.69346E-05, 2.45140E-05, 4.30089E-03
462, 7.84090E-04, 4.94946E-04, 7.20314E-04, 8.11332E-04, 4.49290E-05, 2.69109E-05, 2.45370E-05, 4.25614E-03
463, 7.88476E-04, 4.96552E-04, 7.21841E-04, 8.13399E-04, 4.48503E-05, 2.68874E-05, 2.45600E-05, 4.34098E-03
464, 7.92320E-04, 4.98123E-04, 7.22927E-04, 8.14932E-04, 4.47734E-05, 2.68640E-05, 2.45826E-05, 4.45209E-03
465, 7.95598E-04, 4.99662E-04, 7.23574E-04, 8.15916E-04, 4.46976E-05, 2.68408E-05, 2.46059E-05, 4.55016E-03
466, 7.98285E-04, 5.01167E-04, 7.23786E-04, 8.16338E-04, 4.46191E-05, 2.68172E-05, 2.46312E-05, 4.63514E-03
467, 8.00357E-04, 5.02638E-04, 7.23569E-04, 8.17058E-04, 4.45389E-05, 2.67938E-05, 2.46570E-05, 4.70702E-03
468, 8.01791E-04, 5.04076E-04, 7.22927E-04, 8.18135E-04, 4.44603E-05, 2.67705E-05, 2.46820E-05, 4.76589E-03
469, 8.02563E-04, 5.05480E-04, 7.21865E-04, 8.19927E-04, 4.43813E-05, 2.67474E-05, 2.47061E-05, 4.81191E-03
470, 8.07937E-04, 5.06849E-04, 7.20390E-04, 8.21171E-04, 4.43010E-05, 2.67247E-05, 2.47304E-05, 4.84530E-03
471, 8.17662E-04, 5.08182E-04, 7.20996E-04, 8.21845E-04, 4.42192E-05, 2.67025E-05, 2.47556E-05, 4.86637E-03
472, 8.29140E-04, 5.09479E-04, 7.22987E-04, 8.21929E-04, 4.41400E-05, 2.66800E-05, 2.47809E-05, 4.87550E-03
473, 8.40486E-04, 5.10737E-04, 7.24635E-04, 8.21399E-04, 4.40625E-05, 2.66574E-05, 2.48059E-05, 4.87310E-03
474, 8.51695E-04, 5.11955E-04, 7.25945E-04, 8.20235E-04, 4.39866E-05, 2.66363E-05, 2.48303E-05, 4.85965E-03
475, 8.62759E-04, 5.13130E-04, 7.26922E-04, 8.18416E-04, 4.39123E-05, 2.66158E-05, 2.48545E-05, 4.83569E-03
476, 8.73670E-04, 5.14261E-04, 7.27573E-04, 8.15922E-04, 4.38419E-05, 2.65955E-05, 2.48777E-05, 4.87133E-03
477, 8.84423E-04, 5.15343E-04, 7.27903E-04, 8.12732E-04, 4.37722E-05, 2.65756E-05, 2.49002E-05, 4.99952E-03
478, 8.95008E-04, 5.16374E-04, 7.27918E-04, 8.08828E-04, 4.37025E-05, 2.65553E-05, 2.49229E-05, 5.11640E-03
479, 9.05420E-04, 5.17350E-04, 7.27624E-04, 8.04192E-04, 4.36306E-05, 2.65345E-05, 2.49453E-05, 5.22181E-03
480, 9.15651E-04, 5.18265E-04, 7.27028E-04, 7.98808E-04, 4.35566E-05, 2.65139E-05, 2.49686E-05, 5.31561E-03
481, 9.25692E-04, 5.19114E-04, 7.26134E-04, 7.92660E-04, 4.34802E-05, 2.64935E-05, 2.49921E-05, 5.39776E-03
482, 9.35537E-04, 5.19893E-04, 7.24949E-04, 7.85734E-04, 4.34005E-05, 2.64747E-05, 2.50162E-05, 5.61437E-03
483, 9.45176E-04, 5.20595E-04, 7.23480E-04, 7.78020E-04, 4.33208E-05, 2.64566E-05, 2.50406E-05, 5.81223E-03
484, 9.54603E-04, 5.21212E-04, 7.21732E-04, 7.69506E-04, 4.32433E-05, 2.64391E-05, 2.50647E-05, 5.96583E-03
485, 9.63810E-04, 5.21738E-04, 7.19712E-04, 7.60185E-04, 4.31657E-05, 2.64219E-05, 2.50888E-05, 6.07274E-03
486, 9.72787E-04, 5.22163E-04, 7.17431E-04, 7.50051E-04, 4.30885E-05, 2.64035E-05, 2.51123E-05, 6.13131E-03
487, 9.81527E-04, 5.22480E-04, 7.20111E-04, 7.39099E-04, 4.30110E-05, 2.63862E-05, 2.51360E-05, 6.14072E-03
488, 9.90021E-04, 5.22679E-04, 7.22436E-04, 7.27330E-04, 4.29337E-05, 2.63689E-05, 2.51594E-05, 6.10089E-03
489, 9.98260E-04, 5.22751E-04, 7.24411E-04, 7.14743E-04, 4.28558E-05, 2.63512E-05, 2.51827E-05, 6.01249E-03
490, 1.00624E-03, 5.22683E-04, 7.26041E-04, 7.01342E-04, 4.27761E-05, 2.63326E-05, 2.52060E-05, 5.91241E-03
491, 1.01394E-03, 5.22466E-04, 7.27329E-04, 6.87134E-04, 4.26993E-05, 2.63137E-05, 2.52286E-05, 6.02075E-03
492, 1.02137E-03, 5.22464E-04, 7.28281E-04, 6.72127E-04, 4.26266E-05, 2.62950E-05, 2.52512E-05, 6.13722E-03
493, 1.02851E-03, 5.22266E-04, 7.28902E-04, 6.56332E-04, 4.25568E-05, 2.62757E-05, 2.52737E-05, 6.24203E-03
494, 1.03534E-03, 5.21777E-04, 7.29196E-04, 6.39764E-04, 4.24885E-05, 2.62559E-05, 2.52957E-05, 6.33492E-03
495, 1.04188E-03, 5.21033E-04, 7.29169E-04, 6.22580E-04, 4.24236E-05, 2.62370E-05, 2.53170E-05, 6.41570E-03
496, 1.04809E-03, 5.21682E-04, 7.28826E-04, 6.36584E-04, 4.23603E-05, 2.62200E-05, 2.53383E-05, 6.48424E-03
497, 1.05399E-03, 5.22437E-04, 7.28172E-04, 6.49260E-04, 4.22981E-05, 2.62035E-05, 2.53583E-05, 6.54044E-03
498, 1.05955E-03, 5.22990E-04, 7.27213E-04, 6.60544E-04, 4.22357E-05, 2.61866E-05, 2.53768E-05, 6.58429E-03
499, 1.06477E-03, 5.23324E-04, 7.25955E-04, 6.70380E-04, 4.21746E-05, 2.61696E-05, 2.53945E-05, 6.61580E-03
500, 1.06964E-03, 5.23423E-04, 7.24403E-04, 6.78729E-04, 4.21164E-05, 2.61524E-05, 2.54132E-05, 6.71112E-03
