time_step, rel_err_u, rel_err_v, rel_err_w, rel_err_p, rel_err_u_m, rel_err_v_m, rel_err_w_m, rel_err_p_m
0, 0.00000E+00, 0.00000E+00, 0.00000E+00, 0.00000E+00, 0.00000E+00, 0.00000E+00, 0.00000E+00,         NaN
1, 4.90268E-16, 4.61587E-16, 3.56945E-16, 4.03771E-16, 7.28945E-18, 6.91350E-18, 7.66841E-18, 1.06741E-14
2, 7.37090E-16, 9.25288E-16, 1.07065E-15, 2.02688E-15, 1.61117E-17, 1.52742E-17, 1.41664E-17, 1.88349E-13
3, 9.85071E-16, 1.62290E-15, 7.13641E-16, 3.05222E-15, 3.52534E-17, 3.35086E-17, 2.90705E-17, 4.01875E-13
4, 1.48108E-15, 9.29422E-16, 1.07028E-15, 4.28957E-15, 5.87892E-17, 5.53451E-17, 4.79276E-17, 4.27821E-13
5, 1.23717E-15, 1.39716E-15, 1.07010E-15, 4.10080E-15, 7.99758E-17, 7.47272E-17, 6.55481E-17, 5.41281E-13
6, 1.24013E-15, 1.86685E-15, 1.06992E-15, 4.11608E-15, 9.49353E-17, 8.95049E-17, 7.89727E-17, 5.48808E-13
7, 1.49176E-15, 1.40307E-15, 1.42632E-15, 4.75083E-15, 1.06110E-16, 9.98904E-17, 8.93812E-17, 7.11626E-13
8, 1.49540E-15, 1.64027E-15, 1.42609E-15, 4.04237E-15, 1.14560E-16, 1.07795E-16, 9.74422E-17, 6.95701E-13
9, 1.24923E-15, 1.64356E-15, 1.78233E-15, 3.84862E-15, 1.21769E-16, 1.14560E-16, 1.03166E-16, 6.10826E-13
10, 1.50279E-15, 1.41154E-15, 1.42565E-15, 4.38386E-15, 1.27616E-16, 1.21100E-16, 1.09040E-16, 7.14606E-13
11, 1.50653E-15, 1.88568E-15, 1.42544E-15, 3.97985E-15, 1.32284E-16, 1.26168E-16, 1.12707E-16, 7.19824E-13
12, 1.51030E-15, 1.41692E-15, 1.42523E-15, 4.46603E-15, 1.36425E-16, 1.29381E-16, 1.15532E-16, 6.50789E-13
13, 1.51410E-15, 1.89271E-15, 1.78129E-15, 4.00625E-15, 1.40375E-16, 1.32297E-16, 1.19957E-16, 6.50195E-13
14, 2.02390E-15, 1.89612E-15, 1.42484E-15, 4.86530E-15, 1.42650E-16, 1.35886E-16, 1.22354E-16, 6.58100E-13
15, 1.52178E-15, 2.37432E-15, 1.42465E-15, 4.66850E-15, 1.45870E-16, 1.38771E-16, 1.23859E-16, 6.87302E-13
16, 1.52565E-15, 1.90272E-15, 1.78059E-15, 4.84267E-15, 1.48297E-16, 1.39992E-16, 1.26349E-16, 8.17491E-13
17, 2.03939E-15, 2.14415E-15, 1.42430E-15, 4.27031E-15, 1.50952E-16, 1.43151E-16, 1.28707E-16, 5.90517E-13
18, 1.78904E-15, 1.90903E-15, 2.49224E-15, 5.13980E-15, 1.52241E-16, 1.44862E-16, 1.31022E-16, 6.76644E-13
19, 1.79363E-15, 1.91207E-15, 1.42398E-15, 4.51065E-15, 1.54468E-16, 1.46950E-16, 1.32005E-16, 7.54764E-13
20, 1.54135E-15, 2.39379E-15, 1.42383E-15, 5.17008E-15, 1.55939E-16, 1.48515E-16, 1.33034E-16, 7.17318E-13
21, 1.54532E-15, 1.67818E-15, 1.42369E-15, 4.86090E-15, 1.56932E-16, 1.50167E-16, 1.34752E-16, 7.33362E-13
22, 2.32397E-15, 1.92073E-15, 2.13534E-15, 4.76639E-15, 1.58897E-16, 1.51519E-16, 1.36240E-16, 6.59469E-13
23, 1.81221E-15, 1.92347E-15, 1.42344E-15, 4.50819E-15, 1.60395E-16, 1.53002E-16, 1.36407E-16, 7.74910E-13
24, 2.07646E-15, 2.40766E-15, 1.42333E-15, 4.79303E-15, 1.62504E-16, 1.54196E-16, 1.37610E-16, 6.71986E-13
25, 2.08185E-15, 1.92871E-15, 1.77904E-15, 4.36926E-15, 1.63457E-16, 1.55758E-16, 1.37250E-16, 7.06160E-13
26, 3.13089E-15, 2.41401E-15, 2.13471E-15, 4.81926E-15, 1.63409E-16, 1.56042E-16, 1.38984E-16, 6.30393E-13
27, 2.09269E-15, 1.93362E-15, 1.77882E-15, 4.39295E-15, 1.65068E-16, 1.57348E-16, 1.38878E-16, 6.73574E-13
28, 1.57361E-15, 1.93596E-15, 1.77873E-15, 4.84517E-15, 1.63935E-16, 1.57928E-16, 1.39462E-16, 6.85249E-13
29, 1.84068E-15, 1.93822E-15, 1.42292E-15, 6.18294E-15, 1.66202E-16, 1.58477E-16, 1.39951E-16, 6.57183E-13
30, 1.58186E-15, 1.94039E-15, 1.77859E-15, 4.87084E-15, 1.66410E-16, 1.59647E-16, 1.40669E-16, 6.48460E-13
31, 1.58601E-15, 2.67090E-15, 1.77854E-15, 4.43964E-15, 1.67518E-16, 1.61444E-16, 1.40863E-16, 7.55660E-13
32, 1.59019E-15, 2.43059E-15, 1.77851E-15, 5.34147E-15, 1.69128E-16, 1.61824E-16, 1.41831E-16, 7.84556E-13
33, 2.12585E-15, 1.94639E-15, 1.42279E-15, 5.41112E-15, 1.69127E-16, 1.61651E-16, 1.42289E-16, 7.99750E-13
34, 2.13148E-15, 1.70468E-15, 1.77848E-15, 5.81661E-15, 1.69465E-16, 1.62259E-16, 1.42242E-16, 7.57848E-13
35, 1.60285E-15, 2.19369E-15, 1.77849E-15, 5.38301E-15, 1.70359E-16, 1.63361E-16, 1.44100E-16, 8.32923E-13
36, 2.67855E-15, 2.43949E-15, 1.77851E-15, 5.17197E-15, 1.71622E-16, 1.64158E-16, 1.43529E-16, 8.35538E-13
37, 1.88000E-15, 1.95314E-15, 1.77854E-15, 6.31244E-15, 1.72041E-16, 1.64027E-16, 1.43808E-16, 8.44492E-13
38, 1.88505E-15, 2.19893E-15, 1.77859E-15, 5.31147E-15, 1.72630E-16, 1.63765E-16, 1.44324E-16, 8.44485E-13
39, 1.89013E-15, 1.46698E-15, 1.77866E-15, 4.75852E-15, 1.73267E-16, 1.64013E-16, 1.44158E-16, 7.85165E-13
40, 1.89525E-15, 1.95725E-15, 2.49023E-15, 5.90649E-15, 1.74263E-16, 1.63745E-16, 1.44650E-16, 8.10479E-13
41, 1.62892E-15, 1.95843E-15, 2.13459E-15, 5.46600E-15, 1.74555E-16, 1.63641E-16, 1.44651E-16, 7.85974E-13
42, 1.63337E-15, 1.95951E-15, 1.77893E-15, 5.47986E-15, 1.74219E-16, 1.64423E-16, 1.45155E-16, 7.05189E-13
43, 2.18380E-15, 1.47038E-15, 2.13485E-15, 5.49374E-15, 1.75334E-16, 1.64874E-16, 1.45934E-16, 7.64326E-13
44, 2.18982E-15, 1.96140E-15, 1.42334E-15, 7.80248E-15, 1.74288E-16, 1.64304E-16, 1.46033E-16, 7.55861E-13
45, 1.92140E-15, 1.96220E-15, 2.13518E-15, 5.98168E-15, 1.76056E-16, 1.65168E-16, 1.46518E-16, 7.97270E-13
46, 1.92674E-15, 2.20827E-15, 1.77947E-15, 5.99679E-15, 1.75651E-16, 1.65386E-16, 1.46487E-16, 7.08901E-13
47, 1.65611E-15, 1.96351E-15, 1.95760E-15, 6.93683E-15, 1.76728E-16, 1.67011E-16, 1.47495E-16, 7.09124E-13
48, 1.93756E-15, 1.84128E-15, 2.13577E-15, 5.56346E-15, 1.77539E-16, 1.67288E-16, 1.46869E-16, 7.16902E-13
49, 1.66546E-15, 1.96446E-15, 1.78000E-15, 5.34510E-15, 1.78393E-16, 1.66731E-16, 1.47631E-16, 7.02933E-13
50, 1.67018E-15, 1.96479E-15, 1.78020E-15, 7.22243E-15, 1.77857E-16, 1.66632E-16, 1.48592E-16, 7.16354E-13
51, 2.23325E-15, 1.96502E-15, 1.78041E-15, 6.30637E-15, 1.79203E-16, 1.67355E-16, 1.48486E-16, 7.41014E-13
52, 1.67974E-15, 1.96517E-15, 1.78063E-15, 6.55645E-15, 1.79156E-16, 1.66241E-16, 1.48094E-16, 6.85721E-13
53, 1.68457E-15, 2.45653E-15, 1.78085E-15, 5.86876E-15, 1.79818E-16, 1.66721E-16, 1.48811E-16, 6.82622E-13
54, 2.25258E-15, 1.96519E-15, 1.78109E-15, 5.64826E-15, 1.81003E-16, 1.66802E-16, 1.48917E-16, 7.20208E-13
55, 1.90613E-15, 2.21071E-15, 1.78134E-15, 6.13445E-15, 1.81588E-16, 1.66591E-16, 1.48608E-16, 6.48067E-13
56, 1.69928E-15, 1.96487E-15, 1.78160E-15, 5.67694E-15, 1.81378E-16, 1.65589E-16, 1.49070E-16, 6.99525E-13
57, 1.98830E-15, 2.45572E-15, 1.42549E-15, 6.16567E-15, 1.81259E-16, 1.66029E-16, 1.48283E-16, 5.73189E-13
58, 1.99415E-15, 1.96419E-15, 2.13857E-15, 6.18140E-15, 1.80808E-16, 1.65760E-16, 1.48856E-16, 6.82594E-13
59, 2.00004E-15, 1.96373E-15, 1.78243E-15, 6.19723E-15, 1.81706E-16, 1.64928E-16, 1.49191E-16, 7.10286E-13
60, 2.29254E-15, 1.96319E-15, 1.78272E-15, 6.21314E-15, 1.82877E-16, 1.65730E-16, 1.49615E-16, 6.72028E-13
61, 2.01195E-15, 1.71724E-15, 2.13963E-15, 6.22916E-15, 1.81754E-16, 1.65192E-16, 1.49485E-16, 6.85192E-13
62, 1.87383E-15, 1.96186E-15, 1.78334E-15, 7.20609E-15, 1.83570E-16, 1.65635E-16, 1.49907E-16, 7.95362E-13
63, 2.31317E-15, 1.96108E-15, 2.14039E-15, 6.74317E-15, 1.83233E-16, 1.65875E-16, 1.49959E-16, 9.04851E-13
64, 2.03012E-15, 1.96022E-15, 2.14079E-15, 5.79495E-15, 1.84084E-16, 1.66128E-16, 1.49948E-16, 8.86574E-13
65, 2.32716E-15, 1.95929E-15, 1.42747E-15, 6.05223E-15, 1.85091E-16, 1.66310E-16, 1.50424E-16, 7.10523E-13
66, 2.04245E-15, 2.32546E-15, 1.42774E-15, 6.79636E-15, 1.86018E-16, 1.65043E-16, 1.51096E-16, 6.58455E-13
67, 2.04867E-15, 1.95720E-15, 1.78504E-15, 6.32760E-15, 1.85817E-16, 1.66198E-16, 1.50466E-16, 6.84898E-13
68, 2.34850E-15, 1.95604E-15, 1.78540E-15, 6.34442E-15, 1.85764E-16, 1.65849E-16, 1.50426E-16, 7.11637E-13
69, 2.06124E-15, 2.44352E-15, 2.14294E-15, 7.09535E-15, 1.87250E-16, 1.64350E-16, 1.50228E-16, 7.19155E-13
70, 2.36296E-15, 2.07561E-15, 1.78617E-15, 7.35968E-15, 1.86320E-16, 1.64950E-16, 1.50465E-16, 7.18390E-13
71, 2.37025E-15, 1.95215E-15, 1.78656E-15, 6.88749E-15, 1.87671E-16, 1.64732E-16, 1.51101E-16, 6.68396E-13
72, 2.67480E-15, 1.95072E-15, 1.78697E-15, 7.39934E-15, 1.87572E-16, 1.65252E-16, 1.51282E-16, 6.15484E-13
73, 2.38499E-15, 1.94921E-15, 1.78738E-15, 6.67739E-15, 1.86136E-16, 1.65527E-16, 1.50769E-16, 5.80961E-13
74, 2.39242E-15, 1.94764E-15, 2.14537E-15, 8.43130E-15, 1.87384E-16, 1.65063E-16, 1.50830E-16, 6.45066E-13
75, 2.39990E-15, 1.94601E-15, 2.50355E-15, 6.46492E-15, 1.87057E-16, 1.65625E-16, 1.51408E-16, 6.41148E-13
76, 2.40742E-15, 1.94430E-15, 2.14643E-15, 7.47970E-15, 1.87833E-16, 1.65277E-16, 1.51065E-16, 6.49019E-13
77, 2.41499E-15, 1.82112E-15, 2.14699E-15, 6.99992E-15, 1.87681E-16, 1.65760E-16, 1.51798E-16, 7.01971E-13
78, 2.42260E-15, 1.94070E-15, 1.96859E-15, 6.51745E-15, 1.89793E-16, 1.66519E-16, 1.51939E-16, 5.74746E-13
79, 2.43025E-15, 1.69645E-15, 1.79011E-15, 7.28900E-15, 1.89980E-16, 1.68210E-16, 1.52701E-16, 5.59183E-13
80, 2.74270E-15, 1.93684E-15, 2.14873E-15, 6.30043E-15, 1.90670E-16, 1.66214E-16, 1.52531E-16, 6.81407E-13
81, 2.44569E-15, 1.93481E-15, 1.79112E-15, 7.07525E-15, 1.92855E-16, 1.66233E-16, 1.52424E-16, 5.40766E-13
82, 2.45347E-15, 1.93272E-15, 2.14997E-15, 8.36069E-15, 1.93783E-16, 1.66271E-16, 1.52922E-16, 5.46450E-13
83, 2.46129E-15, 1.93057E-15, 1.79218E-15, 6.98548E-15, 1.94056E-16, 1.65699E-16, 1.52782E-16, 8.18770E-13
84, 2.46916E-15, 2.89254E-15, 2.15128E-15, 6.36689E-15, 1.93881E-16, 1.65728E-16, 1.53449E-16, 7.40177E-13
85, 2.16743E-15, 1.92608E-15, 2.15196E-15, 7.40450E-15, 1.94544E-16, 1.65333E-16, 1.52869E-16, 5.63102E-13
86, 2.01906E-15, 1.92375E-15, 1.79389E-15, 7.16723E-15, 1.95718E-16, 1.65750E-16, 1.53247E-16, 6.16043E-13
87, 2.49298E-15, 1.92135E-15, 1.79449E-15, 7.18507E-15, 1.96225E-16, 1.65087E-16, 1.53488E-16, 5.32411E-13
88, 2.81363E-15, 1.91890E-15, 1.79511E-15, 6.94542E-15, 1.96494E-16, 1.65514E-16, 1.53316E-16, 5.31311E-13
89, 2.50906E-15, 1.91639E-15, 1.79575E-15, 7.73568E-15, 1.95207E-16, 1.65898E-16, 1.55028E-16, 6.65659E-13
90, 2.20251E-15, 2.39227E-15, 2.15569E-15, 7.49544E-15, 1.97461E-16, 1.65583E-16, 1.53973E-16, 6.48859E-13
91, 2.20963E-15, 1.43339E-15, 2.15650E-15, 7.25365E-15, 1.96819E-16, 1.65175E-16, 1.54946E-16, 5.84277E-13
92, 2.21678E-15, 3.81701E-15, 1.79778E-15, 7.78925E-15, 1.97505E-16, 1.66080E-16, 1.54519E-16, 6.07186E-13
93, 2.22396E-15, 1.90577E-15, 1.79849E-15, 7.02568E-15, 1.98922E-16, 1.65625E-16, 1.54425E-16, 5.15764E-13
94, 2.23117E-15, 2.14085E-15, 2.15908E-15, 7.82295E-15, 1.99492E-16, 1.65532E-16, 1.54174E-16, 6.00641E-13
95, 2.55818E-15, 1.90013E-15, 2.51998E-15, 8.10043E-15, 1.99924E-16, 1.65899E-16, 1.52956E-16, 4.78644E-13
96, 2.88729E-15, 1.89723E-15, 1.80077E-15, 6.80751E-15, 2.00683E-16, 1.65735E-16, 1.53813E-16, 6.08660E-13
97, 2.57482E-15, 2.13107E-15, 2.16189E-15, 7.34533E-15, 2.01165E-16, 1.66042E-16, 1.53966E-16, 5.56861E-13
98, 2.58319E-15, 2.36411E-15, 2.16288E-15, 6.96478E-15, 2.02066E-16, 1.65380E-16, 1.53942E-16, 5.38415E-13
99, 2.59159E-15, 2.36031E-15, 1.98358E-15, 7.89876E-15, 2.01852E-16, 1.64770E-16, 1.54053E-16, 5.61206E-13
100, 2.92501E-15, 1.88515E-15, 1.80412E-15, 8.43978E-15, 2.02835E-16, 1.65047E-16, 1.54342E-16, 6.59572E-13
101, 2.60847E-15, 1.88202E-15, 1.80502E-15, 8.18941E-15, 2.03680E-16, 1.65364E-16, 1.54901E-16, 5.28280E-13
102, 2.94406E-15, 1.64398E-15, 2.16714E-15, 8.20215E-15, 2.03784E-16, 1.64356E-16, 1.54355E-16, 5.16423E-13
103, 2.62545E-15, 1.64116E-15, 1.80690E-15, 7.94927E-15, 2.02558E-16, 1.63528E-16, 1.54073E-16, 5.53624E-13
104, 2.96322E-15, 3.27661E-15, 2.16945E-15, 7.69499E-15, 2.03829E-16, 1.62294E-16, 1.54330E-16, 5.84941E-13
105, 3.96378E-15, 2.33630E-15, 1.80888E-15, 8.50211E-15, 2.02729E-16, 1.63043E-16, 1.54146E-16, 5.69341E-13
106, 2.98247E-15, 1.74909E-15, 1.80991E-15, 7.98044E-15, 2.02312E-16, 1.63889E-16, 1.53970E-16, 5.90150E-13
107, 2.65966E-15, 2.32790E-15, 2.17317E-15, 8.25577E-15, 2.03037E-16, 1.63173E-16, 1.53499E-16, 6.03468E-13
108, 3.33532E-15, 1.62654E-15, 2.53689E-15, 7.99775E-15, 2.03432E-16, 1.63033E-16, 1.53388E-16, 5.83091E-13
109, 3.34608E-15, 1.85546E-15, 2.53845E-15, 9.60638E-15, 2.04074E-16, 1.62049E-16, 1.53964E-16, 5.59167E-13
110, 3.35685E-15, 2.31497E-15, 1.81433E-15, 8.81334E-15, 2.04138E-16, 1.63580E-16, 1.53596E-16, 5.31836E-13
111, 3.36763E-15, 2.31058E-15, 2.17860E-15, 9.08726E-15, 2.04451E-16, 1.62081E-16, 1.54004E-16, 6.68784E-13
112, 3.37841E-15, 1.84493E-15, 2.54339E-15, 9.09323E-15, 2.05423E-16, 1.62089E-16, 1.54191E-16, 5.43961E-13
113, 3.72811E-15, 1.84136E-15, 2.54513E-15, 9.36590E-15, 2.06139E-16, 1.61544E-16, 1.53157E-16, 5.25062E-13
114, 3.39997E-15, 1.83777E-15, 1.81921E-15, 9.37017E-15, 2.04560E-16, 1.61557E-16, 1.54047E-16, 5.06444E-13
115, 3.41075E-15, 2.29270E-15, 1.82051E-15, 9.37349E-15, 2.05534E-16, 1.61619E-16, 1.53960E-16, 5.44006E-13
116, 3.07936E-15, 2.28815E-15, 2.18621E-15, 9.37584E-15, 2.06653E-16, 1.60402E-16, 1.54118E-16, 5.51155E-13
117, 3.43226E-15, 1.82687E-15, 2.55249E-15, 1.04489E-14, 2.08054E-16, 1.59690E-16, 1.55181E-16, 5.55510E-13
118, 3.44299E-15, 1.82319E-15, 2.55444E-15, 8.84175E-15, 2.08031E-16, 1.59426E-16, 1.54310E-16, 4.80771E-13
119, 3.45370E-15, 1.81950E-15, 2.00863E-15, 8.84120E-15, 2.09206E-16, 1.59286E-16, 1.54670E-16, 4.82897E-13
120, 3.46438E-15, 3.63159E-15, 2.19298E-15, 8.30399E-15, 2.07929E-16, 1.59966E-16, 1.54580E-16, 5.33765E-13
121, 3.47502E-15, 1.81208E-15, 2.19477E-15, 9.37294E-15, 2.09268E-16, 1.59243E-16, 1.54440E-16, 5.67484E-13
122, 4.18276E-15, 2.26044E-15, 2.19659E-15, 8.03095E-15, 2.09697E-16, 1.59103E-16, 1.54403E-16, 5.93781E-13
123, 3.84582E-15, 2.25576E-15, 1.83205E-15, 1.07029E-14, 2.11078E-16, 1.59954E-16, 1.54324E-16, 5.80422E-13
124, 3.85739E-15, 1.80086E-15, 2.20036E-15, 9.62705E-15, 2.10923E-16, 1.59901E-16, 1.54319E-16, 5.73957E-13
125, 4.22063E-15, 2.24638E-15, 2.56935E-15, 9.35337E-15, 2.11381E-16, 1.59106E-16, 1.53984E-16, 6.22064E-13
126, 3.88036E-15, 2.01752E-15, 1.83690E-15, 8.81216E-15, 2.10212E-16, 1.58941E-16, 1.53945E-16, 5.84076E-13
127, 3.18416E-15, 1.78958E-15, 1.83858E-15, 9.87187E-15, 2.12347E-16, 1.58968E-16, 1.53455E-16, 5.75898E-13
128, 3.54824E-15, 2.23228E-15, 2.20835E-15, 7.99669E-15, 2.12763E-16, 1.57909E-16, 1.54504E-16, 6.21191E-13
129, 3.20261E-15, 2.22757E-15, 1.84203E-15, 8.78737E-15, 2.13776E-16, 1.57598E-16, 1.54036E-16, 6.80831E-13
130, 2.85487E-15, 1.77830E-15, 2.21257E-15, 8.24571E-15, 2.11958E-16, 1.56776E-16, 1.53062E-16, 7.56694E-13
131, 3.22079E-15, 1.77454E-15, 2.21473E-15, 9.56442E-15, 2.12548E-16, 1.57262E-16, 1.52739E-16, 6.29874E-13
132, 2.87090E-15, 1.77078E-15, 1.84744E-15, 9.15450E-15, 2.13309E-16, 1.56420E-16, 1.53069E-16, 6.59157E-13
133, 2.87881E-15, 1.76704E-15, 1.84930E-15, 1.03350E-14, 2.15900E-16, 1.57207E-16, 1.53206E-16, 6.81382E-13
134, 2.88665E-15, 1.76330E-15, 2.22142E-15, 9.79161E-15, 2.14720E-16, 1.57824E-16, 1.53514E-16, 7.47141E-13
135, 3.61801E-15, 1.75957E-15, 2.22372E-15, 8.98490E-15, 2.16446E-16, 1.56948E-16, 1.53204E-16, 6.42666E-13
136, 2.53933E-15, 2.19481E-15, 1.85504E-15, 9.23554E-15, 2.15887E-16, 1.57820E-16, 1.54400E-16, 6.09825E-13
137, 2.54598E-15, 2.19017E-15, 1.85700E-15, 1.02754E-14, 2.15553E-16, 1.58286E-16, 1.53844E-16, 5.81889E-13
138, 2.91720E-15, 2.18556E-15, 3.34618E-15, 8.41795E-15, 2.16422E-16, 1.57778E-16, 1.54080E-16, 6.58025E-13
139, 2.55904E-15, 1.96286E-15, 2.23320E-15, 9.71773E-15, 2.17484E-16, 1.57258E-16, 1.54037E-16, 6.92990E-13
140, 2.19896E-15, 1.85672E-15, 2.04934E-15, 8.65305E-15, 2.18390E-16, 1.57454E-16, 1.53776E-16, 7.48039E-13
141, 2.93919E-15, 2.03609E-15, 2.23811E-15, 1.04712E-14, 2.17679E-16, 1.57075E-16, 1.53826E-16, 7.85555E-13
142, 2.20974E-15, 2.16729E-15, 2.42732E-15, 9.14686E-15, 2.18127E-16, 1.58060E-16, 1.55218E-16, 7.09598E-13
143, 2.58420E-15, 2.16279E-15, 2.61697E-15, 8.34860E-15, 2.18025E-16, 1.57601E-16, 1.55664E-16, 6.15947E-13
144, 2.59027E-15, 2.26791E-15, 2.43279E-15, 1.06782E-14, 2.18934E-16, 1.57343E-16, 1.54560E-16, 5.91648E-13
145, 2.59625E-15, 2.58462E-15, 2.24820E-15, 9.09973E-15, 2.18525E-16, 1.56510E-16, 1.54818E-16, 7.08836E-13
146, 2.97387E-15, 2.14943E-15, 2.06321E-15, 8.56473E-15, 2.19554E-16, 1.55811E-16, 1.53441E-16, 5.80751E-13
147, 2.98049E-15, 2.05119E-15, 1.87781E-15, 9.84507E-15, 2.20313E-16, 1.55630E-16, 1.53987E-16, 6.12218E-13
148, 2.98701E-15, 2.14068E-15, 2.25598E-15, 1.08622E-14, 2.19634E-16, 1.56068E-16, 1.54091E-16, 7.81435E-13
149, 2.61923E-15, 1.94275E-15, 2.25860E-15, 8.51944E-15, 2.20265E-16, 1.54438E-16, 1.53643E-16, 7.71640E-13
150, 2.62473E-15, 2.13207E-15, 1.88436E-15, 9.27743E-15, 2.20049E-16, 1.53805E-16, 1.54870E-16, 7.89320E-13
151, 2.63013E-15, 2.55337E-15, 1.88657E-15, 1.01613E-14, 2.20813E-16, 1.54578E-16, 1.54203E-16, 6.70482E-13
152, 3.01192E-15, 1.91124E-15, 2.26654E-15, 9.50127E-15, 2.21194E-16, 1.55013E-16, 1.53653E-16, 7.35986E-13
153, 2.64062E-15, 1.93397E-15, 1.89100E-15, 9.22806E-15, 2.22181E-16, 1.55451E-16, 1.53469E-16, 7.48166E-13
154, 2.26775E-15, 1.77155E-15, 1.89323E-15, 9.21170E-15, 2.21224E-16, 1.54173E-16, 1.53831E-16, 7.40331E-13
155, 3.02936E-15, 2.11118E-15, 2.27455E-15, 9.19540E-15, 2.21721E-16, 1.53753E-16, 1.53553E-16, 7.42707E-13
156, 2.27620E-15, 2.10713E-15, 1.89769E-15, 9.56165E-15, 2.21298E-16, 1.53865E-16, 1.53868E-16, 7.87091E-13
157, 2.66033E-15, 2.10312E-15, 1.89992E-15, 1.04357E-14, 2.20491E-16, 1.53422E-16, 1.53600E-16, 7.04497E-13
158, 2.66498E-15, 2.09915E-15, 1.90215E-15, 9.01995E-15, 2.20901E-16, 1.54290E-16, 1.53356E-16, 7.16096E-13
159, 3.05088E-15, 2.09523E-15, 2.09483E-15, 9.38469E-15, 2.21981E-16, 1.53840E-16, 1.53445E-16, 6.64308E-13
160, 2.67395E-15, 2.09135E-15, 2.28794E-15, 9.49500E-15, 2.22132E-16, 1.54178E-16, 1.53917E-16, 7.33723E-13
161, 3.44348E-15, 2.08752E-15, 1.90884E-15, 9.98413E-15, 2.22842E-16, 1.54232E-16, 1.53701E-16, 6.78985E-13
162, 2.87406E-15, 2.08373E-15, 1.91106E-15, 8.32685E-15, 2.23202E-16, 1.55453E-16, 1.53590E-16, 7.98918E-13
163, 3.45413E-15, 1.69406E-15, 1.91328E-15, 9.06832E-15, 2.23415E-16, 1.54441E-16, 1.53260E-16, 7.99423E-13
164, 2.69051E-15, 2.07631E-15, 2.29858E-15, 1.00588E-14, 2.23575E-16, 1.54620E-16, 1.53101E-16, 6.56751E-13
165, 2.88681E-15, 1.65814E-15, 2.49298E-15, 9.79078E-15, 2.25511E-16, 1.54016E-16, 1.52758E-16, 7.28348E-13
166, 2.89081E-15, 2.06908E-15, 2.11185E-15, 8.77186E-15, 2.25324E-16, 1.54213E-16, 1.53397E-16, 8.40860E-13
167, 3.47361E-15, 2.47865E-15, 1.72983E-15, 1.07589E-14, 2.25261E-16, 1.54816E-16, 1.54043E-16, 8.10485E-13
168, 3.09164E-15, 2.26826E-15, 2.11662E-15, 8.86764E-15, 2.25365E-16, 1.54482E-16, 1.53293E-16, 7.84737E-13
169, 3.48243E-15, 2.05862E-15, 1.92634E-15, 1.07234E-14, 2.25603E-16, 1.54151E-16, 1.52609E-16, 8.01542E-13
170, 3.09920E-15, 2.05524E-15, 1.92847E-15, 9.70998E-15, 2.26805E-16, 1.54317E-16, 1.52038E-16, 7.62301E-13
171, 2.90885E-15, 2.05190E-15, 2.31670E-15, 9.19706E-15, 2.25770E-16, 1.54066E-16, 1.52813E-16, 7.90058E-13
172, 3.10620E-15, 1.63890E-15, 1.73941E-15, 9.67855E-15, 2.26550E-16, 1.54400E-16, 1.52254E-16, 8.82504E-13
173, 3.10948E-15, 1.63632E-15, 1.93476E-15, 9.84885E-15, 2.25875E-16, 1.53964E-16, 1.52582E-16, 8.77668E-13
174, 3.89077E-15, 2.45066E-15, 2.32417E-15, 8.41074E-15, 2.26156E-16, 1.54423E-16, 1.52652E-16, 7.88845E-13
175, 3.31034E-15, 2.03910E-15, 2.52050E-15, 9.13836E-15, 2.25627E-16, 1.53768E-16, 1.52654E-16, 1.00334E-12
176, 2.92355E-15, 2.44323E-15, 1.94086E-15, 9.12397E-15, 2.25909E-16, 1.54028E-16, 1.52686E-16, 9.29641E-13
177, 3.12116E-15, 2.03301E-15, 1.94285E-15, 8.98658E-15, 2.27000E-16, 1.52990E-16, 1.52325E-16, 7.56502E-13
178, 3.70940E-15, 2.84207E-15, 1.75033E-15, 9.34133E-15, 2.27861E-16, 1.54080E-16, 1.51934E-16, 7.11485E-13
179, 3.12610E-15, 2.02714E-15, 1.94675E-15, 8.83598E-15, 2.25920E-16, 1.53009E-16, 1.51727E-16, 8.42238E-13
180, 2.93283E-15, 2.02429E-15, 1.75379E-15, 1.04766E-14, 2.25409E-16, 1.53277E-16, 1.50934E-16, 8.59637E-13
181, 2.73913E-15, 1.81934E-15, 2.34065E-15, 8.80888E-15, 2.25341E-16, 1.52687E-16, 1.51268E-16, 8.23930E-13
182, 2.74083E-15, 2.01874E-15, 1.56192E-15, 8.55115E-15, 2.26021E-16, 1.53756E-16, 1.51771E-16, 9.99028E-13
183, 2.54650E-15, 1.61284E-15, 1.95422E-15, 9.45302E-15, 2.26094E-16, 1.52691E-16, 1.51915E-16, 9.73970E-13
184, 2.74381E-15, 1.81207E-15, 1.95602E-15, 8.76894E-15, 2.27405E-16, 1.52625E-16, 1.52285E-16, 8.32458E-13
185, 2.54901E-15, 2.21191E-15, 2.74089E-15, 8.51259E-15, 2.29268E-16, 1.53913E-16, 1.53073E-16, 8.74576E-13
186, 2.55008E-15, 2.00829E-15, 1.95951E-15, 8.49992E-15, 2.30485E-16, 1.52658E-16, 1.51878E-16, 7.50045E-13
187, 2.55101E-15, 1.60465E-15, 1.76509E-15, 9.21483E-15, 2.28936E-16, 1.54389E-16, 1.52162E-16, 8.35041E-13
188, 2.55181E-15, 2.40407E-15, 1.96288E-15, 9.08020E-15, 2.29071E-16, 1.54143E-16, 1.52177E-16, 7.61576E-13
189, 2.35614E-15, 2.00102E-15, 1.76806E-15, 9.85272E-15, 2.30445E-16, 1.53848E-16, 1.52104E-16, 7.85969E-13
190, 2.94580E-15, 1.59896E-15, 1.96610E-15, 8.20872E-15, 2.29421E-16, 1.53173E-16, 1.52175E-16, 7.49301E-13
191, 2.55344E-15, 2.39572E-15, 1.96766E-15, 1.00653E-14, 2.30437E-16, 1.52851E-16, 1.52767E-16, 7.40186E-13
192, 2.75016E-15, 2.39307E-15, 1.77226E-15, 8.18511E-15, 2.30159E-16, 1.52749E-16, 1.51787E-16, 7.61023E-13
193, 2.35742E-15, 1.59365E-15, 1.57653E-15, 9.73603E-15, 2.29134E-16, 1.52447E-16, 1.52056E-16, 8.00000E-13
194, 2.35744E-15, 2.78594E-15, 1.97211E-15, 8.19191E-15, 2.29915E-16, 1.52449E-16, 1.52363E-16, 8.08256E-13
195, 2.75022E-15, 1.59033E-15, 1.57882E-15, 7.67102E-15, 2.30195E-16, 1.52309E-16, 1.53219E-16, 8.16529E-13
196, 2.45533E-15, 1.98591E-15, 2.36987E-15, 8.67774E-15, 2.30336E-16, 1.53667E-16, 1.53325E-16, 7.00936E-13
197, 2.35678E-15, 1.98396E-15, 1.97622E-15, 8.12789E-15, 2.30458E-16, 1.52591E-16, 1.53369E-16, 7.14704E-13
198, 2.55268E-15, 1.98207E-15, 1.97751E-15, 1.02355E-14, 2.32255E-16, 1.51416E-16, 1.52696E-16, 8.24131E-13
199, 2.65021E-15, 1.58418E-15, 1.97875E-15, 8.22500E-15, 2.31460E-16, 1.51920E-16, 1.53004E-16, 8.16100E-13
200, 2.84569E-15, 1.97844E-15, 1.58397E-15, 8.77944E-15, 2.32698E-16, 1.51564E-16, 1.53394E-16, 8.01761E-13
201, 3.43329E-15, 1.97670E-15, 1.98112E-15, 9.03529E-15, 2.32472E-16, 1.50937E-16, 1.53028E-16, 8.07852E-13
202, 2.94167E-15, 1.58001E-15, 1.58580E-15, 8.96409E-15, 2.32725E-16, 1.51427E-16, 1.52896E-16, 8.56895E-13
203, 3.03840E-15, 1.57871E-15, 1.58666E-15, 9.01176E-15, 2.32478E-16, 1.51305E-16, 1.53037E-16, 7.06801E-13
204, 3.33082E-15, 1.57744E-15, 1.98436E-15, 9.47393E-15, 2.33139E-16, 1.50741E-16, 1.54227E-16, 7.46690E-13
205, 3.23114E-15, 1.57622E-15, 1.58829E-15, 8.81146E-15, 2.31663E-16, 1.51313E-16, 1.53869E-16, 8.11189E-13
206, 3.52284E-15, 1.57504E-15, 1.58905E-15, 9.92270E-15, 2.32573E-16, 1.50771E-16, 1.54578E-16, 8.47373E-13
207, 3.12947E-15, 1.57391E-15, 1.78850E-15, 8.96666E-15, 2.32416E-16, 1.51169E-16, 1.53482E-16, 8.80009E-13
208, 3.32284E-15, 1.76941E-15, 1.59047E-15, 9.42717E-15, 2.31630E-16, 1.50779E-16, 1.54515E-16, 9.75840E-13
209, 3.51580E-15, 1.57176E-15, 1.98891E-15, 8.94516E-15, 2.31360E-16, 1.50350E-16, 1.54622E-16, 1.13502E-12
210, 3.90350E-15, 1.57075E-15, 1.59175E-15, 9.40493E-15, 2.31898E-16, 1.50626E-16, 1.54566E-16, 8.55913E-13
211, 3.70537E-15, 1.56978E-15, 1.59234E-15, 8.92441E-15, 2.32816E-16, 1.50649E-16, 1.54483E-16, 8.77128E-13
212, 3.70227E-15, 1.27469E-15, 1.59290E-15, 9.38350E-15, 2.32935E-16, 1.50244E-16, 1.53688E-16, 7.46693E-13
213, 3.69902E-15, 1.95996E-15, 1.79259E-15, 9.90033E-15, 2.33462E-16, 1.49606E-16, 1.55316E-16, 7.94226E-13
214, 4.27914E-15, 1.95890E-15, 1.59390E-15, 9.12883E-15, 2.33970E-16, 1.50455E-16, 1.53536E-16, 7.57893E-13
215, 3.88641E-15, 1.95790E-15, 1.59436E-15, 8.88529E-15, 2.33857E-16, 1.49999E-16, 1.53691E-16, 9.21485E-13
216, 4.46493E-15, 2.15265E-15, 1.69445E-15, 9.81035E-15, 2.34648E-16, 1.50127E-16, 1.53444E-16, 8.81725E-13
217, 4.26640E-15, 1.76045E-15, 1.59516E-15, 9.33367E-15, 2.33947E-16, 1.50262E-16, 1.54468E-16, 8.63653E-13
218, 4.06813E-15, 1.56417E-15, 1.59551E-15, 9.16411E-15, 2.35049E-16, 1.50633E-16, 1.54457E-16, 8.65315E-13
219, 3.87014E-15, 1.75897E-15, 1.99479E-15, 8.38378E-15, 2.33241E-16, 1.49881E-16, 1.55411E-16, 7.07024E-13
220, 4.25232E-15, 1.95367E-15, 1.59612E-15, 8.46308E-15, 2.32728E-16, 1.49375E-16, 1.54264E-16, 8.87627E-13
221, 3.66817E-15, 1.56238E-15, 1.59637E-15, 8.60054E-15, 2.30943E-16, 1.50228E-16, 1.54466E-16, 9.39269E-13
222, 3.85659E-15, 1.56187E-15, 2.39489E-15, 9.52177E-15, 2.30014E-16, 1.49906E-16, 1.55265E-16, 9.42700E-13
223, 3.65925E-15, 1.95175E-15, 1.59678E-15, 8.81009E-15, 2.29559E-16, 1.51127E-16, 1.55297E-16, 8.53715E-13
224, 3.65463E-15, 1.56097E-15, 1.99617E-15, 9.04170E-15, 2.29834E-16, 1.50734E-16, 1.54637E-16, 9.45674E-13
225, 3.26571E-15, 2.34087E-15, 1.59706E-15, 9.22971E-15, 2.29290E-16, 1.51238E-16, 1.54008E-16, 9.86632E-13
226, 3.45324E-15, 1.75526E-15, 1.59716E-15, 8.10120E-15, 2.29242E-16, 1.51034E-16, 1.54332E-16, 1.12000E-12
227, 3.44857E-15, 1.55992E-15, 1.59722E-15, 8.78879E-15, 2.29273E-16, 1.50974E-16, 1.53707E-16, 9.10840E-13
228, 3.06117E-15, 1.55965E-15, 1.59725E-15, 1.00208E-14, 2.30079E-16, 1.52498E-16, 1.54516E-16, 1.00050E-12
229, 3.05687E-15, 1.55942E-15, 1.59726E-15, 8.77589E-15, 2.29731E-16, 1.52553E-16, 1.55049E-16, 1.07926E-12
230, 3.05249E-15, 1.55923E-15, 1.59723E-15, 8.36591E-15, 2.28693E-16, 1.52046E-16, 1.54666E-16, 8.29234E-13
231, 2.85754E-15, 1.55908E-15, 1.59717E-15, 8.76390E-15, 2.28088E-16, 1.51074E-16, 1.54652E-16, 7.68491E-13
232, 3.04351E-15, 1.55897E-15, 1.59708E-15, 8.75825E-15, 2.27760E-16, 1.51396E-16, 1.53745E-16, 8.46132E-13
233, 3.03891E-15, 2.33834E-15, 1.59697E-15, 9.21349E-15, 2.26672E-16, 1.51497E-16, 1.53937E-16, 1.27737E-12
234, 2.84460E-15, 1.55886E-15, 1.59683E-15, 8.74760E-15, 2.26679E-16, 1.51524E-16, 1.54198E-16, 1.05521E-12
235, 2.84016E-15, 1.55887E-15, 2.39498E-15, 9.66287E-15, 2.26863E-16, 1.51217E-16, 1.54365E-16, 1.06025E-12
236, 2.64661E-15, 1.55891E-15, 1.59646E-15, 9.19769E-15, 2.27225E-16, 1.50430E-16, 1.54638E-16, 8.49020E-13
237, 2.64234E-15, 1.55899E-15, 1.59623E-15, 8.73323E-15, 2.26282E-16, 1.50187E-16, 1.54118E-16, 1.01679E-12
238, 2.63802E-15, 1.94889E-15, 1.59598E-15, 9.21698E-15, 2.26230E-16, 1.51043E-16, 1.54518E-16, 9.91628E-13
239, 2.44552E-15, 1.94909E-15, 1.39624E-15, 9.18387E-15, 2.25771E-16, 1.52095E-16, 1.54517E-16, 8.12951E-13
240, 2.62920E-15, 1.55947E-15, 1.59539E-15, 8.14696E-15, 2.24894E-16, 1.51480E-16, 1.53858E-16, 8.93665E-13
241, 2.62471E-15, 1.75467E-15, 1.99383E-15, 9.17569E-15, 2.24154E-16, 1.51201E-16, 1.54991E-16, 1.15085E-12
242, 2.43301E-15, 1.55998E-15, 1.59471E-15, 8.87811E-15, 2.24697E-16, 1.51387E-16, 1.54412E-16, 8.82805E-13
243, 2.24191E-15, 1.56029E-15, 1.39504E-15, 8.02225E-15, 2.24468E-16, 1.51239E-16, 1.53681E-16, 8.30992E-13
244, 2.23793E-15, 1.56064E-15, 1.59393E-15, 9.02883E-15, 2.23081E-16, 1.51158E-16, 1.54562E-16, 9.54374E-13
245, 2.23390E-15, 1.95128E-15, 1.59350E-15, 9.08289E-15, 2.23135E-16, 1.52173E-16, 1.54069E-16, 8.36586E-13
246, 2.22983E-15, 1.56145E-15, 1.59305E-15, 9.15855E-15, 2.21858E-16, 1.51368E-16, 1.54238E-16, 8.59375E-13
247, 2.59666E-15, 1.56191E-15, 1.59258E-15, 9.14133E-15, 2.23665E-16, 1.51380E-16, 1.53903E-16, 9.58440E-13
248, 2.22156E-15, 1.75771E-15, 1.59209E-15, 8.23760E-15, 2.22060E-16, 1.51610E-16, 1.54597E-16, 9.84714E-13
249, 2.21737E-15, 1.56294E-15, 1.98947E-15, 8.40683E-15, 2.21260E-16, 1.51577E-16, 1.55882E-16, 9.39177E-13
250, 2.21314E-15, 1.66123E-15, 1.59104E-15, 9.16214E-15, 2.21564E-16, 1.50682E-16, 1.55426E-16, 1.13378E-12
