time_step, rel_err_u, rel_err_v, rel_err_w, rel_err_p, rel_err_u_m, rel_err_v_m, rel_err_w_m, rel_err_p_m
0, 0.00000E+00, 0.00000E+00, 0.00000E+00, 0.00000E+00, 0.00000E+00, 0.00000E+00, 0.00000E+00,         NaN
1, 1.50671E-03, 1.98319E-03, 1.52199E-03, 1.10134E-02, 3.35308E-05, 2.40134E-05, 2.78383E-05, 6.22254E-01
2, 2.20156E-03, 5.38596E-04, 7.31430E-04, 8.55776E-03, 2.37466E-05, 6.89753E-06, 9.66173E-06, 3.79622E-01
3, 1.07714E-03, 2.81580E-04, 5.26006E-04, 4.25503E-03, 1.39356E-05, 4.19512E-06, 5.66738E-06, 1.66767E-01
4, 8.82281E-04, 2.13461E-04, 2.95906E-04, 1.66923E-03, 8.18440E-06, 2.19746E-06, 3.24047E-06, 1.61140E-01
5, 8.99127E-04, 1.87000E-04, 2.75057E-04, 1.16201E-03, 6.23159E-06, 1.69319E-06, 2.42200E-06, 7.42861E-02
6, 7.85760E-04, 1.91179E-04, 1.92585E-04, 1.07425E-03, 4.83631E-06, 1.31580E-06, 1.91090E-06, 5.86950E-02
7, 7.58641E-04, 2.00606E-04, 1.83440E-04, 1.02630E-03, 4.11297E-06, 1.19066E-06, 1.72720E-06, 5.63315E-02
8, 6.92224E-04, 2.08991E-04, 1.80232E-04, 9.83459E-04, 3.38935E-06, 1.04328E-06, 1.49690E-06, 5.40334E-02
9, 6.78562E-04, 2.15821E-04, 1.76509E-04, 9.49422E-04, 3.22494E-06, 9.87398E-07, 1.43069E-06, 5.23099E-02
10, 6.52598E-04, 2.21622E-04, 1.79552E-04, 9.13315E-04, 2.84687E-06, 9.08719E-07, 1.29646E-06, 5.09423E-02
11, 6.59988E-04, 2.27622E-04, 1.76631E-04, 8.83794E-04, 2.75324E-06, 8.69627E-07, 1.25359E-06, 4.98552E-02
12, 6.74511E-04, 2.32152E-04, 1.78147E-04, 8.52544E-04, 2.53849E-06, 8.25658E-07, 1.17143E-06, 4.90363E-02
13, 6.88162E-04, 2.37459E-04, 1.75901E-04, 8.26397E-04, 2.47735E-06, 7.94439E-07, 1.13495E-06, 4.84321E-02
14, 7.43442E-04, 2.41326E-04, 1.76607E-04, 8.28322E-04, 2.34837E-06, 7.61934E-07, 1.07661E-06, 4.80331E-02
15, 8.30020E-04, 2.45834E-04, 1.94362E-04, 9.00096E-04, 2.29897E-06, 7.34462E-07, 1.04395E-06, 5.25133E-02
16, 9.25532E-04, 2.49206E-04, 2.13871E-04, 9.78004E-04, 2.22163E-06, 7.09879E-07, 1.00094E-06, 5.87705E-02
17, 1.02891E-03, 2.52836E-04, 2.37871E-04, 1.06755E-03, 2.17944E-06, 6.87561E-07, 9.71585E-07, 6.60712E-02
18, 1.14086E-03, 2.55668E-04, 2.64034E-04, 1.16381E-03, 2.12465E-06, 6.67053E-07, 9.38000E-07, 7.45264E-02
19, 1.26067E-03, 2.58387E-04, 2.93916E-04, 1.27174E-03, 2.08525E-06, 6.47272E-07, 9.12185E-07, 8.42422E-02
20, 1.38854E-03, 2.60566E-04, 3.26596E-04, 1.38660E-03, 2.04187E-06, 6.29251E-07, 8.84590E-07, 9.53304E-02
21, 1.52387E-03, 2.68764E-04, 3.63116E-04, 1.51271E-03, 2.00625E-06, 6.12239E-07, 8.62045E-07, 1.07889E-01
22, 1.66648E-03, 2.97939E-04, 4.02303E-04, 1.64544E-03, 1.97278E-06, 5.96747E-07, 8.38859E-07, 1.22011E-01
23, 1.81588E-03, 3.28869E-04, 4.45647E-04, 1.78845E-03, 1.94114E-06, 5.82615E-07, 8.18598E-07, 1.37769E-01
24, 1.97145E-03, 3.62802E-04, 4.91201E-04, 1.93712E-03, 1.91114E-06, 5.69456E-07, 7.98068E-07, 1.55217E-01
25, 2.13285E-03, 3.98180E-04, 5.40993E-04, 2.09444E-03, 1.88276E-06, 5.57269E-07, 7.80488E-07, 1.74375E-01
26, 2.29891E-03, 4.36528E-04, 5.92404E-04, 2.25565E-03, 1.85858E-06, 5.45154E-07, 7.63661E-07, 1.95231E-01
27, 2.46937E-03, 4.75886E-04, 6.47684E-04, 2.42310E-03, 1.83582E-06, 5.34813E-07, 7.48945E-07, 2.17730E-01
28, 2.64248E-03, 5.17867E-04, 7.03884E-04, 2.59177E-03, 1.81432E-06, 5.25014E-07, 7.34119E-07, 2.41774E-01
29, 2.81790E-03, 5.60309E-04, 7.63067E-04, 2.76341E-03, 1.79411E-06, 5.16797E-07, 7.21215E-07, 2.67210E-01
30, 2.99331E-03, 6.04669E-04, 8.22300E-04, 2.93274E-03, 1.77494E-06, 5.08814E-07, 7.08547E-07, 2.93841E-01
31, 3.16806E-03, 6.48788E-04, 8.83155E-04, 3.10093E-03, 1.75753E-06, 5.02058E-07, 6.97463E-07, 3.21413E-01
32, 3.33938E-03, 6.93779E-04, 9.42950E-04, 3.26251E-03, 1.74118E-06, 4.95184E-07, 6.86609E-07, 3.49631E-01
33, 3.50617E-03, 7.37647E-04, 1.00264E-03, 3.41826E-03, 1.72506E-06, 4.88935E-07, 6.77479E-07, 3.78155E-01
34, 3.66536E-03, 7.81074E-04, 1.05990E-03, 3.56265E-03, 1.70951E-06, 4.82580E-07, 6.68232E-07, 4.06615E-01
35, 3.81542E-03, 8.22324E-04, 1.11512E-03, 3.69627E-03, 1.69408E-06, 4.76737E-07, 6.59566E-07, 4.34619E-01
36, 3.95318E-03, 8.61679E-04, 1.16639E-03, 3.81380E-03, 1.67904E-06, 4.70764E-07, 6.50610E-07, 4.61765E-01
37, 4.07683E-03, 8.97709E-04, 1.21365E-03, 3.91595E-03, 1.66370E-06, 4.65182E-07, 6.42619E-07, 4.87650E-01
38, 4.18344E-03, 9.30405E-04, 1.25540E-03, 3.99791E-03, 1.64797E-06, 4.59221E-07, 6.34441E-07, 5.11894E-01
39, 4.27120E-03, 9.58666E-04, 1.29139E-03, 4.06078E-03, 1.63154E-06, 4.53504E-07, 6.26594E-07, 5.34135E-01
40, 4.33772E-03, 9.82344E-04, 1.32052E-03, 4.10054E-03, 1.61437E-06, 4.47617E-07, 6.17855E-07, 5.54057E-01
41, 4.38157E-03, 1.00068E-03, 1.34253E-03, 4.11894E-03, 1.59534E-06, 4.41865E-07, 6.08992E-07, 5.71384E-01
42, 4.40120E-03, 1.01353E-03, 1.35674E-03, 4.11299E-03, 1.57507E-06, 4.35815E-07, 6.00039E-07, 5.85894E-01
43, 4.39593E-03, 1.02048E-03, 1.36305E-03, 4.08521E-03, 1.55287E-06, 4.29561E-07, 5.91322E-07, 5.97418E-01
44, 4.36527E-03, 1.02152E-03, 1.36118E-03, 4.03371E-03, 1.52861E-06, 4.22997E-07, 5.82087E-07, 6.05845E-01
45, 4.30950E-03, 1.01656E-03, 1.35132E-03, 3.96179E-03, 1.50252E-06, 4.16244E-07, 5.72662E-07, 6.11110E-01
46, 4.22933E-03, 1.00577E-03, 1.33355E-03, 3.86856E-03, 1.47602E-06, 4.09160E-07, 5.62315E-07, 6.13203E-01
47, 4.12606E-03, 9.89352E-04, 1.30835E-03, 3.75798E-03, 1.44747E-06, 4.01963E-07, 5.51555E-07, 6.12149E-01
48, 4.00144E-03, 9.67673E-04, 1.27614E-03, 3.62994E-03, 1.41754E-06, 3.94391E-07, 5.40444E-07, 6.08014E-01
49, 3.85770E-03, 9.41170E-04, 1.23764E-03, 3.48880E-03, 1.38654E-06, 3.86696E-07, 5.29442E-07, 6.00886E-01
50, 3.69740E-03, 9.10357E-04, 1.19353E-03, 3.33494E-03, 1.35478E-06, 3.78763E-07, 5.17951E-07, 5.90884E-01
51, 3.52336E-03, 8.75827E-04, 1.14466E-03, 3.17283E-03, 1.32247E-06, 3.70785E-07, 5.06773E-07, 5.78138E-01
52, 3.33855E-03, 8.38176E-04, 1.09187E-03, 3.00301E-03, 1.29012E-06, 3.62842E-07, 4.95515E-07, 5.62805E-01
53, 3.14602E-03, 7.98067E-04, 1.03605E-03, 2.82976E-03, 1.25794E-06, 3.54955E-07, 4.84309E-07, 5.45048E-01
54, 2.94874E-03, 7.56103E-04, 9.78082E-04, 2.65353E-03, 1.22647E-06, 3.46915E-07, 4.73257E-07, 5.25065E-01
55, 2.74957E-03, 7.12939E-04, 9.18789E-04, 2.47819E-03, 1.19585E-06, 3.39067E-07, 4.62618E-07, 5.03069E-01
56, 2.55116E-03, 6.69122E-04, 8.58992E-04, 2.30391E-03, 1.16679E-06, 3.31389E-07, 4.52226E-07, 4.79313E-01
57, 2.35586E-03, 6.25235E-04, 7.99389E-04, 2.13401E-03, 1.13929E-06, 3.24102E-07, 4.42203E-07, 4.54079E-01
58, 2.16573E-03, 5.81726E-04, 7.40668E-04, 1.96828E-03, 1.11405E-06, 3.16969E-07, 4.32512E-07, 4.27694E-01
59, 1.98248E-03, 5.39066E-04, 6.83354E-04, 1.80946E-03, 1.09103E-06, 3.10390E-07, 4.23314E-07, 4.00509E-01
60, 1.80751E-03, 4.97584E-04, 6.27968E-04, 1.65693E-03, 1.07064E-06, 3.04265E-07, 4.14544E-07, 3.72903E-01
61, 1.65404E-03, 4.57621E-04, 5.74852E-04, 1.51289E-03, 1.05290E-06, 2.98780E-07, 4.06468E-07, 3.45259E-01
62, 1.51788E-03, 4.19384E-04, 5.24348E-04, 1.37635E-03, 1.03819E-06, 2.93769E-07, 3.98966E-07, 3.17955E-01
63, 1.38870E-03, 3.83091E-04, 4.76634E-04, 1.24905E-03, 1.02669E-06, 2.89408E-07, 3.92326E-07, 2.91333E-01
64, 1.26789E-03, 3.48839E-04, 4.31888E-04, 1.12970E-03, 1.01860E-06, 2.85598E-07, 3.86245E-07, 2.65695E-01
65, 1.34691E-03, 3.16734E-04, 4.08226E-04, 1.11845E-03, 1.01396E-06, 2.82509E-07, 3.81068E-07, 2.44211E-01
66, 1.43287E-03, 3.33427E-04, 4.32225E-04, 1.18550E-03, 1.01290E-06, 2.79931E-07, 3.76914E-07, 2.59617E-01
67, 1.52652E-03, 3.54934E-04, 4.58266E-04, 1.25847E-03, 1.01547E-06, 2.77980E-07, 3.73699E-07, 2.76158E-01
68, 1.62867E-03, 3.78374E-04, 4.86581E-04, 1.33813E-03, 1.02207E-06, 2.76558E-07, 3.71312E-07, 2.94000E-01
69, 1.74024E-03, 4.03969E-04, 5.17397E-04, 1.42502E-03, 1.03289E-06, 2.75862E-07, 3.69719E-07, 3.13322E-01
70, 1.86224E-03, 4.31941E-04, 5.50988E-04, 1.52000E-03, 1.04814E-06, 2.75848E-07, 3.68905E-07, 3.34316E-01
71, 1.99582E-03, 4.62559E-04, 5.87646E-04, 1.62379E-03, 1.06791E-06, 2.76534E-07, 3.69006E-07, 3.57189E-01
72, 2.14221E-03, 4.96109E-04, 6.27704E-04, 1.73743E-03, 1.09236E-06, 2.78030E-07, 3.70092E-07, 3.82154E-01
73, 2.30287E-03, 5.32917E-04, 6.71525E-04, 1.86185E-03, 1.12185E-06, 2.80342E-07, 3.72154E-07, 4.09446E-01
74, 2.47934E-03, 5.73344E-04, 7.19521E-04, 1.99827E-03, 1.15663E-06, 2.83485E-07, 3.75158E-07, 4.39312E-01
75, 2.67342E-03, 6.17798E-04, 7.72144E-04, 2.14790E-03, 1.19716E-06, 2.87442E-07, 3.79053E-07, 4.72023E-01
76, 2.88707E-03, 6.66730E-04, 8.29904E-04, 2.31223E-03, 1.24397E-06, 2.92352E-07, 3.83933E-07, 5.07876E-01
77, 3.12251E-03, 7.20649E-04, 8.93366E-04, 2.49281E-03, 1.29804E-06, 2.98252E-07, 3.90010E-07, 5.47208E-01
78, 3.38222E-03, 7.80122E-04, 9.63164E-04, 2.69147E-03, 1.35979E-06, 3.05293E-07, 3.97330E-07, 5.90392E-01
79, 3.66898E-03, 8.45790E-04, 1.04000E-03, 2.91017E-03, 1.42960E-06, 3.13531E-07, 4.05953E-07, 6.37860E-01
80, 3.98592E-03, 9.18364E-04, 1.12468E-03, 3.15120E-03, 1.50814E-06, 3.22920E-07, 4.15957E-07, 6.90097E-01
81, 4.33654E-03, 9.98651E-04, 1.21807E-03, 3.41706E-03, 1.59645E-06, 3.33621E-07, 4.27648E-07, 7.47661E-01
82, 4.72478E-03, 1.08755E-03, 1.32117E-03, 3.71060E-03, 1.69541E-06, 3.45817E-07, 4.41028E-07, 8.11185E-01
83, 5.15505E-03, 1.18607E-03, 1.43509E-03, 4.04121E-03, 1.80629E-06, 3.59622E-07, 4.56235E-07, 8.81389E-01
84, 5.63232E-03, 1.30504E-03, 1.56759E-03, 4.43841E-03, 1.93028E-06, 3.75208E-07, 4.73525E-07, 9.64860E-01
85, 6.16218E-03, 1.43920E-03, 1.72173E-03, 4.88046E-03, 2.06886E-06, 3.92777E-07, 4.93010E-07, 1.06041E+00
86, 6.75089E-03, 1.58907E-03, 1.89334E-03, 5.37291E-03, 2.22374E-06, 4.12653E-07, 5.14909E-07, 1.16696E+00
87, 7.40553E-03, 1.75658E-03, 2.08455E-03, 5.92197E-03, 2.39672E-06, 4.35017E-07, 5.39501E-07, 1.28590E+00
88, 8.13402E-03, 1.94400E-03, 2.29777E-03, 6.53477E-03, 2.59002E-06, 4.60162E-07, 5.67087E-07, 1.41879E+00
89, 8.94529E-03, 2.15380E-03, 2.53572E-03, 7.21920E-03, 2.80600E-06, 4.88406E-07, 5.98039E-07, 1.56738E+00
90, 9.84936E-03, 2.38885E-03, 2.80146E-03, 7.98436E-03, 3.04715E-06, 5.20076E-07, 6.32749E-07, 1.73364E+00
91, 1.08575E-02, 2.65234E-03, 3.09843E-03, 8.84032E-03, 3.31650E-06, 5.55585E-07, 6.71613E-07, 1.91974E+00
92, 1.19824E-02, 2.94789E-03, 3.43051E-03, 9.79865E-03, 3.61737E-06, 5.95407E-07, 7.15042E-07, 2.12813E+00
93, 1.32382E-02, 3.27956E-03, 3.80206E-03, 1.08722E-02, 3.95368E-06, 6.40105E-07, 7.63624E-07, 2.36155E+00
94, 1.46408E-02, 3.65196E-03, 4.21800E-03, 1.20755E-02, 4.32962E-06, 6.90207E-07, 8.17971E-07, 2.62306E+00
95, 1.62081E-02, 4.07023E-03, 4.68382E-03, 1.34249E-02, 4.74993E-06, 7.46421E-07, 8.78778E-07, 2.91606E+00
96, 1.79599E-02, 4.54018E-03, 5.20572E-03, 1.49389E-02, 5.21983E-06, 8.09567E-07, 9.46862E-07, 3.24437E+00
97, 1.99185E-02, 5.06829E-03, 5.79056E-03, 1.66377E-02, 5.74529E-06, 8.80413E-07, 1.02304E-06, 3.61228E+00
98, 2.21085E-02, 5.66183E-03, 6.44610E-03, 1.85446E-02, 6.33273E-06, 9.59899E-07, 1.10826E-06, 4.02454E+00
99, 2.45576E-02, 6.32886E-03, 7.18088E-03, 2.06847E-02, 6.98946E-06, 1.04915E-06, 1.20362E-06, 4.48647E+00
100, 2.72960E-02, 7.07845E-03, 8.00448E-03, 2.30867E-02, 7.72354E-06, 1.14931E-06, 1.31033E-06, 5.00399E+00
101, 3.03574E-02, 7.92049E-03, 8.92737E-03, 2.57815E-02, 8.54386E-06, 1.26167E-06, 1.42957E-06, 5.58369E+00
102, 3.37786E-02, 8.86607E-03, 9.96126E-03, 2.88040E-02, 9.46009E-06, 1.38771E-06, 1.56283E-06, 6.23284E+00
103, 3.75999E-02, 9.92716E-03, 1.11188E-02, 3.21915E-02, 1.04827E-05, 1.52894E-06, 1.71175E-06, 6.95947E+00
104, 4.18650E-02, 1.11171E-02, 1.24139E-02, 3.59852E-02, 1.16233E-05, 1.68718E-06, 1.87818E-06, 7.77239E+00
105, 4.66214E-02, 1.24499E-02, 1.38616E-02, 4.02289E-02, 1.28941E-05, 1.86414E-06, 2.06381E-06, 8.68122E+00
106, 5.19196E-02, 1.39412E-02, 1.54780E-02, 4.49705E-02, 1.43081E-05, 2.06177E-06, 2.27057E-06, 9.69638E+00
107, 5.78134E-02, 1.56071E-02, 1.72803E-02, 5.02592E-02, 1.58791E-05, 2.28205E-06, 2.50048E-06, 1.08291E+01
108, 6.43593E-02, 1.74651E-02, 1.92867E-02, 5.61482E-02, 1.76216E-05, 2.52729E-06, 2.75582E-06, 1.20912E+01
109, 7.16158E-02, 1.95328E-02, 2.15158E-02, 6.26903E-02, 1.95503E-05, 2.79977E-06, 3.03871E-06, 1.34952E+01
110, 7.96421E-02, 2.18289E-02, 2.39872E-02, 6.99410E-02, 2.16801E-05, 3.10187E-06, 3.35146E-06, 1.50542E+01
111, 8.84983E-02, 2.43711E-02, 2.67195E-02, 7.79525E-02, 2.40261E-05, 3.43593E-06, 3.69633E-06, 1.67811E+01
112, 9.82415E-02, 2.71781E-02, 2.97324E-02, 8.67776E-02, 2.66027E-05, 3.80423E-06, 4.07545E-06, 1.86891E+01
113, 1.08927E-01, 3.02658E-02, 3.30428E-02, 9.64614E-02, 2.94224E-05, 4.20892E-06, 4.49062E-06, 2.07906E+01
114, 1.20601E-01, 3.36502E-02, 3.66677E-02, 1.07046E-01, 3.24964E-05, 4.65193E-06, 4.94368E-06, 2.30970E+01
115, 1.33306E-01, 3.73428E-02, 4.06192E-02, 1.18561E-01, 3.58336E-05, 5.13495E-06, 5.43622E-06, 2.56181E+01
116, 1.47068E-01, 4.13538E-02, 4.49087E-02, 1.31026E-01, 3.94401E-05, 5.65923E-06, 5.96916E-06, 2.83614E+01
117, 1.61903E-01, 4.56858E-02, 4.95394E-02, 1.44441E-01, 4.33176E-05, 6.22558E-06, 6.54287E-06, 3.13313E+01
118, 1.77803E-01, 5.03398E-02, 5.45129E-02, 1.58796E-01, 4.74630E-05, 6.83402E-06, 7.15707E-06, 3.45283E+01
119, 1.94743E-01, 5.53052E-02, 5.98190E-02, 1.74046E-01, 5.18679E-05, 7.48377E-06, 7.81076E-06, 3.79480E+01
120, 2.12669E-01, 6.05691E-02, 6.54454E-02, 1.90136E-01, 5.65176E-05, 8.17325E-06, 8.50201E-06, 4.15808E+01
121, 2.31502E-01, 6.61035E-02, 7.13637E-02, 2.06969E-01, 6.13903E-05, 8.89979E-06, 9.22763E-06, 4.54107E+01
122, 2.51127E-01, 7.18787E-02, 7.75444E-02, 2.24436E-01, 6.64565E-05, 9.65963E-06, 9.98362E-06, 4.94152E+01
123, 2.71406E-01, 7.78463E-02, 8.39377E-02, 2.42378E-01, 7.16794E-05, 1.04478E-05, 1.07646E-05, 5.35645E+01
124, 2.92155E-01, 8.39587E-02, 9.04956E-02, 2.60635E-01, 7.70146E-05, 1.12582E-05, 1.15644E-05, 5.78221E+01
125, 3.13175E-01, 9.01469E-02, 9.71467E-02, 2.78989E-01, 8.24101E-05, 1.20838E-05, 1.23754E-05, 6.21448E+01
126, 3.34222E-01, 9.63481E-02, 1.03827E-01, 2.97237E-01, 8.78082E-05, 1.29161E-05, 1.31892E-05, 6.64835E+01
127, 3.55048E-01, 1.02477E-01, 1.10446E-01, 3.15122E-01, 9.31456E-05, 1.37461E-05, 1.39966E-05, 7.07845E+01
128, 3.75368E-01, 1.08461E-01, 1.16930E-01, 3.32421E-01, 9.83561E-05, 1.45639E-05, 1.47880E-05, 7.49910E+01
129, 3.94911E-01, 1.14209E-01, 1.23181E-01, 3.48864E-01, 1.03371E-04, 1.53595E-05, 1.55529E-05, 7.90446E+01
130, 4.13384E-01, 1.19649E-01, 1.29125E-01, 3.64241E-01, 1.08124E-04, 1.61226E-05, 1.62816E-05, 8.28878E+01
131, 4.30531E-01, 1.24693E-01, 1.34664E-01, 3.78307E-01, 1.12548E-04, 1.68430E-05, 1.69643E-05, 8.64656E+01
132, 4.46094E-01, 1.29285E-01, 1.39739E-01, 3.90904E-01, 1.16587E-04, 1.75117E-05, 1.75922E-05, 8.97284E+01
133, 4.59871E-01, 1.33350E-01, 1.44267E-01, 4.01841E-01, 1.20187E-04, 1.81200E-05, 1.81573E-05, 9.26331E+01
134, 4.71676E-01, 1.36858E-01, 1.48212E-01, 4.11041E-01, 1.23305E-04, 1.86608E-05, 1.86529E-05, 9.51453E+01
135, 4.81397E-01, 1.39761E-01, 1.51517E-01, 4.18395E-01, 1.25909E-04, 1.91285E-05, 1.90740E-05, 9.72401E+01
136, 4.88945E-01, 1.42058E-01, 1.54178E-01, 4.23919E-01, 1.27980E-04, 1.95189E-05, 1.94173E-05, 9.89032E+01
137, 4.94312E-01, 1.43730E-01, 1.56167E-01, 4.27593E-01, 1.29508E-04, 1.98299E-05, 1.96808E-05, 1.00131E+02
138, 4.97516E-01, 1.44807E-01, 1.57513E-01, 4.29516E-01, 1.30495E-04, 2.00608E-05, 1.98648E-05, 1.00928E+02
139, 4.98647E-01, 1.45296E-01, 1.58215E-01, 4.29747E-01, 1.30957E-04, 2.02130E-05, 1.99712E-05, 1.01311E+02
140, 4.97811E-01, 1.45253E-01, 1.58329E-01, 4.28449E-01, 1.30918E-04, 2.02889E-05, 2.00029E-05, 1.01302E+02
141, 4.95175E-01, 1.44701E-01, 1.57878E-01, 4.25732E-01, 1.30408E-04, 2.02928E-05, 1.99640E-05, 1.00931E+02
142, 4.90903E-01, 1.43713E-01, 1.56932E-01, 4.21791E-01, 1.29467E-04, 2.02291E-05, 1.98602E-05, 1.00231E+02
143, 4.85201E-01, 1.42321E-01, 1.55526E-01, 4.16757E-01, 1.28136E-04, 2.01042E-05, 1.96973E-05, 9.92389E+01
144, 4.78258E-01, 1.40601E-01, 1.53737E-01, 4.10828E-01, 1.26462E-04, 1.99238E-05, 1.94818E-05, 9.79921E+01
145, 4.70283E-01, 1.38582E-01, 1.51602E-01, 4.04129E-01, 1.24490E-04, 1.96948E-05, 1.92202E-05, 9.65278E+01
146, 4.61458E-01, 1.36340E-01, 1.49192E-01, 3.96834E-01, 1.22264E-04, 1.94232E-05, 1.89191E-05, 9.48809E+01
147, 4.51967E-01, 1.33893E-01, 1.46540E-01, 3.89046E-01, 1.19828E-04, 1.91156E-05, 1.85846E-05, 9.30841E+01
148, 4.41961E-01, 1.31308E-01, 1.43706E-01, 3.80903E-01, 1.17221E-04, 1.87774E-05, 1.82225E-05, 9.11662E+01
149, 4.31585E-01, 1.28591E-01, 1.40714E-01, 3.72474E-01, 1.14477E-04, 1.84139E-05, 1.78378E-05, 8.91525E+01
150, 4.20947E-01, 1.25797E-01, 1.37609E-01, 3.63857E-01, 1.11629E-04, 1.80297E-05, 1.74353E-05, 8.70638E+01
151, 4.10147E-01, 1.22921E-01, 1.34405E-01, 3.55086E-01, 1.08702E-04, 1.76288E-05, 1.70187E-05, 8.49170E+01
152, 3.99250E-01, 1.20005E-01, 1.31133E-01, 3.46223E-01, 1.05719E-04, 1.72145E-05, 1.65913E-05, 8.27249E+01
153, 3.88314E-01, 1.17031E-01, 1.27799E-01, 3.37273E-01, 1.02696E-04, 1.67896E-05, 1.61556E-05, 8.04970E+01
154, 3.77367E-01, 1.14034E-01, 1.24418E-01, 3.28266E-01, 9.96464E-05, 1.63559E-05, 1.57137E-05, 7.82393E+01
155, 3.66432E-01, 1.10987E-01, 1.20991E-01, 3.19188E-01, 9.65805E-05, 1.59151E-05, 1.52670E-05, 7.59556E+01
156, 3.55510E-01, 1.07918E-01, 1.17524E-01, 3.10049E-01, 9.35052E-05, 1.54683E-05, 1.48165E-05, 7.36473E+01
157, 3.44599E-01, 1.04796E-01, 1.14014E-01, 3.00821E-01, 9.04246E-05, 1.50163E-05, 1.43630E-05, 7.13145E+01
158, 3.33684E-01, 1.01643E-01, 1.10462E-01, 2.91506E-01, 8.73418E-05, 1.45593E-05, 1.39068E-05, 6.89563E+01
159, 3.22753E-01, 9.84292E-02, 1.06862E-01, 2.82072E-01, 8.42579E-05, 1.40979E-05, 1.34480E-05, 6.65713E+01
160, 3.11783E-01, 9.51743E-02, 1.03214E-01, 2.72520E-01, 8.11735E-05, 1.36320E-05, 1.29869E-05, 6.41582E+01
161, 3.00759E-01, 9.18501E-02, 9.95157E-02, 2.62825E-01, 7.80891E-05, 1.31619E-05, 1.25237E-05, 6.17164E+01
162, 2.89664E-01, 8.84789E-02, 9.57650E-02, 2.52992E-01, 7.50054E-05, 1.26876E-05, 1.20585E-05, 5.92460E+01
163, 2.78487E-01, 8.50366E-02, 9.19643E-02, 2.43010E-01, 7.19234E-05, 1.22096E-05, 1.15912E-05, 5.67486E+01
164, 2.67223E-01, 8.15487E-02, 8.81154E-02, 2.32895E-01, 6.88447E-05, 1.17280E-05, 1.11223E-05, 5.42271E+01
165, 2.55872E-01, 7.79977E-02, 8.42256E-02, 2.22651E-01, 6.57727E-05, 1.12438E-05, 1.06521E-05, 5.16859E+01
166, 2.44445E-01, 7.44127E-02, 8.03009E-02, 2.12310E-01, 6.27108E-05, 1.07574E-05, 1.01814E-05, 4.91313E+01
167, 2.32958E-01, 7.07835E-02, 7.63543E-02, 2.01891E-01, 5.96645E-05, 1.02701E-05, 9.71104E-06, 4.65711E+01
168, 2.21437E-01, 6.71424E-02, 7.23959E-02, 1.91438E-01, 5.66398E-05, 9.78273E-06, 9.24195E-06, 4.40143E+01
169, 2.09913E-01, 6.34860E-02, 6.84437E-02, 1.81744E-01, 5.36443E-05, 9.29696E-06, 8.77536E-06, 4.14715E+01
170, 1.98426E-01, 6.04776E-02, 6.45518E-02, 1.73284E-01, 5.06859E-05, 8.81408E-06, 8.31274E-06, 3.93363E+01
171, 1.87019E-01, 5.74847E-02, 6.13445E-02, 1.64763E-01, 4.77735E-05, 8.33600E-06, 7.85542E-06, 3.72635E+01
172, 1.75742E-01, 5.44717E-02, 5.81327E-02, 1.56211E-01, 4.49165E-05, 7.86428E-06, 7.40507E-06, 3.51977E+01
173, 1.64642E-01, 5.14674E-02, 5.49272E-02, 1.47670E-01, 4.21241E-05, 7.40081E-06, 6.96332E-06, 3.31480E+01
174, 1.53774E-01, 4.84730E-02, 5.17456E-02, 1.39179E-01, 3.94054E-05, 6.94724E-06, 6.53160E-06, 3.11241E+01
175, 1.43184E-01, 4.55176E-02, 4.86008E-02, 1.30785E-01, 3.67694E-05, 6.50538E-06, 6.11170E-06, 2.91358E+01
176, 1.32923E-01, 4.26047E-02, 4.55112E-02, 1.22530E-01, 3.42243E-05, 6.07673E-06, 5.70474E-06, 2.71930E+01
177, 1.23031E-01, 3.97616E-02, 4.24895E-02, 1.14460E-01, 3.17773E-05, 5.66287E-06, 5.31218E-06, 2.53049E+01
178, 1.13548E-01, 3.69922E-02, 3.95530E-02, 1.06611E-01, 2.94349E-05, 5.26501E-06, 4.93520E-06, 2.34803E+01
179, 1.04503E-01, 3.43199E-02, 3.67124E-02, 9.90247E-02, 2.72020E-05, 4.88432E-06, 4.57477E-06, 2.17266E+01
180, 9.59247E-02, 3.17474E-02, 3.39822E-02, 9.17303E-02, 2.50827E-05, 4.52155E-06, 4.23160E-06, 2.00505E+01
181, 8.78272E-02, 2.92929E-02, 3.13701E-02, 8.47573E-02, 2.30795E-05, 4.17741E-06, 3.90633E-06, 1.84571E+01
182, 8.02243E-02, 2.69565E-02, 2.88862E-02, 7.81252E-02, 2.11939E-05, 3.85220E-06, 3.59925E-06, 1.69501E+01
183, 7.31175E-02, 2.47510E-02, 2.65343E-02, 7.18515E-02, 1.94260E-05, 3.54622E-06, 3.31054E-06, 1.55322E+01
184, 6.65067E-02, 2.26737E-02, 2.43205E-02, 6.59445E-02, 1.77749E-05, 3.25939E-06, 3.04019E-06, 1.42045E+01
185, 6.03819E-02, 2.07318E-02, 2.22446E-02, 6.04101E-02, 1.62383E-05, 2.99158E-06, 2.78786E-06, 1.29668E+01
186, 5.52105E-02, 1.89200E-02, 2.03084E-02, 5.52463E-02, 1.48133E-05, 2.74235E-06, 2.55324E-06, 1.18181E+01
187, 5.04590E-02, 1.72410E-02, 1.85085E-02, 5.04489E-02, 1.34962E-05, 2.51127E-06, 2.33575E-06, 1.07562E+01
188, 4.60450E-02, 1.56873E-02, 1.68433E-02, 4.60081E-02, 1.22825E-05, 2.29765E-06, 2.13486E-06, 9.77820E+00
189, 4.19589E-02, 1.42582E-02, 1.53070E-02, 4.19122E-02, 1.11675E-05, 2.10078E-06, 1.94977E-06, 8.88053E+00
190, 3.81908E-02, 1.29451E-02, 1.38955E-02, 3.81459E-02, 1.01457E-05, 1.91978E-06, 1.77966E-06, 8.05912E+00
191, 3.47264E-02, 1.17446E-02, 1.26016E-02, 3.46929E-02, 9.21170E-06, 1.75380E-06, 1.62376E-06, 7.30958E+00
192, 3.15513E-02, 1.06478E-02, 1.14196E-02, 3.15347E-02, 8.35987E-06, 1.60190E-06, 1.48127E-06, 6.62729E+00
193, 2.86484E-02, 9.65003E-03, 1.03417E-02, 2.86531E-02, 7.58450E-06, 1.46320E-06, 1.35123E-06, 6.00753E+00
194, 2.60011E-02, 8.74251E-03, 9.36154E-03, 2.60284E-02, 6.88005E-06, 1.33672E-06, 1.23282E-06, 5.44562E+00
195, 2.35916E-02, 7.91992E-03, 8.47132E-03, 2.36421E-02, 6.24105E-06, 1.22163E-06, 1.12519E-06, 4.93694E+00
196, 2.14027E-02, 7.17425E-03, 7.66462E-03, 2.14753E-02, 5.66227E-06, 1.11696E-06, 1.02750E-06, 4.47703E+00
197, 1.94170E-02, 6.50011E-03, 6.93418E-03, 1.95102E-02, 5.13868E-06, 1.02192E-06, 9.38885E-07, 4.06163E+00
198, 1.76182E-02, 5.89043E-03, 6.27391E-03, 1.77296E-02, 4.66555E-06, 9.35674E-07, 8.58621E-07, 3.68670E+00
199, 1.59902E-02, 5.34011E-03, 5.67734E-03, 1.61173E-02, 4.23835E-06, 8.57461E-07, 7.86007E-07, 3.34848E+00
200, 1.45181E-02, 4.84313E-03, 5.13895E-03, 1.46580E-02, 3.85281E-06, 7.86601E-07, 7.20289E-07, 3.04347E+00
201, 1.31878E-02, 4.39490E-03, 4.65316E-03, 1.33378E-02, 3.50505E-06, 7.22446E-07, 6.60855E-07, 2.76841E+00
202, 1.19860E-02, 3.99038E-03, 4.21515E-03, 1.21435E-02, 3.19148E-06, 6.64348E-07, 6.07211E-07, 2.52036E+00
203, 1.09007E-02, 3.62560E-03, 3.82019E-03, 1.10633E-02, 2.90871E-06, 6.11766E-07, 5.58715E-07, 2.29661E+00
204, 9.92063E-03, 3.29642E-03, 3.46419E-03, 1.00859E-02, 2.65378E-06, 5.64169E-07, 5.14853E-07, 2.09468E+00
205, 9.03554E-03, 2.99945E-03, 3.14324E-03, 9.20162E-03, 2.42390E-06, 5.21091E-07, 4.75212E-07, 1.91235E+00
206, 8.23608E-03, 2.73135E-03, 2.85389E-03, 8.40112E-03, 2.21659E-06, 4.82036E-07, 4.39368E-07, 1.74762E+00
207, 7.51375E-03, 2.48929E-03, 2.59295E-03, 7.67634E-03, 2.02957E-06, 4.46620E-07, 4.06991E-07, 1.59867E+00
208, 6.86085E-03, 2.27610E-03, 2.35758E-03, 7.06546E-03, 1.86075E-06, 4.14473E-07, 3.77728E-07, 1.46793E+00
209, 6.27041E-03, 2.09255E-03, 2.14567E-03, 6.51292E-03, 1.70831E-06, 3.85288E-07, 3.51212E-07, 1.35515E+00
210, 5.73616E-03, 1.92562E-03, 1.96831E-03, 6.00903E-03, 1.57059E-06, 3.58840E-07, 3.27201E-07, 1.25233E+00
211, 5.25244E-03, 1.77371E-03, 1.80713E-03, 5.54910E-03, 1.44606E-06, 3.34803E-07, 3.05509E-07, 1.15850E+00
212, 4.81416E-03, 1.63537E-03, 1.66059E-03, 5.12914E-03, 1.33347E-06, 3.12926E-07, 2.85822E-07, 1.07278E+00
213, 4.41676E-03, 1.50930E-03, 1.52726E-03, 4.74529E-03, 1.23150E-06, 2.93014E-07, 2.67946E-07, 9.94386E-01
214, 4.05612E-03, 1.39432E-03, 1.40590E-03, 4.39430E-03, 1.13905E-06, 2.74849E-07, 2.51663E-07, 9.22604E-01
215, 3.72857E-03, 1.28936E-03, 1.29533E-03, 4.07296E-03, 1.05513E-06, 2.58247E-07, 2.36868E-07, 8.56798E-01
216, 3.43080E-03, 1.19346E-03, 1.19453E-03, 3.77864E-03, 9.78920E-07, 2.43058E-07, 2.23416E-07, 7.96395E-01
217, 3.15985E-03, 1.10575E-03, 1.10256E-03, 3.50869E-03, 9.09683E-07, 2.29163E-07, 2.11124E-07, 7.40881E-01
218, 2.91305E-03, 1.02546E-03, 1.01857E-03, 3.26099E-03, 8.46657E-07, 2.16426E-07, 1.99850E-07, 6.89795E-01
219, 2.68802E-03, 9.51876E-04, 9.41801E-04, 3.03336E-03, 7.89205E-07, 2.04775E-07, 1.89546E-07, 6.42724E-01
220, 2.48262E-03, 8.84366E-04, 8.71565E-04, 2.82406E-03, 7.36766E-07, 1.94066E-07, 1.80097E-07, 5.99296E-01
221, 2.29493E-03, 8.22361E-04, 8.07237E-04, 2.63130E-03, 6.88853E-07, 1.84216E-07, 1.71426E-07, 5.59178E-01
222, 2.12321E-03, 7.65341E-04, 7.48263E-04, 2.45367E-03, 6.45020E-07, 1.75128E-07, 1.63463E-07, 5.22070E-01
223, 1.96593E-03, 7.12842E-04, 6.94135E-04, 2.28970E-03, 6.04870E-07, 1.66739E-07, 1.56182E-07, 4.87703E-01
224, 1.82167E-03, 6.64443E-04, 6.44399E-04, 2.13824E-03, 5.68046E-07, 1.58968E-07, 1.49473E-07, 4.55836E-01
225, 1.68920E-03, 6.19763E-04, 5.98643E-04, 1.99805E-03, 5.34211E-07, 1.51755E-07, 1.43280E-07, 4.26249E-01
226, 1.56739E-03, 5.78462E-04, 5.56495E-04, 1.86824E-03, 5.03071E-07, 1.45067E-07, 1.37563E-07, 3.98746E-01
227, 1.45522E-03, 5.40226E-04, 5.17623E-04, 1.74775E-03, 4.74348E-07, 1.38869E-07, 1.32250E-07, 3.73150E-01
228, 1.35179E-03, 5.04780E-04, 4.81723E-04, 1.63586E-03, 4.47794E-07, 1.33107E-07, 1.27276E-07, 3.49302E-01
229, 1.25627E-03, 4.71865E-04, 4.48523E-04, 1.53170E-03, 4.23194E-07, 1.27758E-07, 1.22620E-07, 3.27056E-01
230, 1.16793E-03, 4.41258E-04, 4.17775E-04, 1.43468E-03, 4.00376E-07, 1.22763E-07, 1.18253E-07, 3.06282E-01
231, 1.08611E-03, 4.12749E-04, 3.89260E-04, 1.34408E-03, 3.79165E-07, 1.18100E-07, 1.14146E-07, 2.86861E-01
232, 1.01672E-03, 3.86155E-04, 3.62774E-04, 1.25944E-03, 3.59412E-07, 1.13756E-07, 1.10246E-07, 2.68686E-01
233, 9.54146E-04, 3.61304E-04, 3.38141E-04, 1.18014E-03, 3.41024E-07, 1.09692E-07, 1.06541E-07, 2.51659E-01
234, 8.95569E-04, 3.38050E-04, 3.15194E-04, 1.10582E-03, 3.23892E-07, 1.05915E-07, 1.03010E-07, 2.35691E-01
235, 8.40644E-04, 3.16252E-04, 2.93791E-04, 1.03597E-03, 3.07834E-07, 1.02369E-07, 9.96520E-08, 2.20702E-01
236, 7.89056E-04, 2.95792E-04, 2.73796E-04, 9.70317E-04, 2.92752E-07, 9.90298E-08, 9.64712E-08, 2.06618E-01
237, 7.40521E-04, 2.76557E-04, 2.55095E-04, 9.08420E-04, 2.78553E-07, 9.58699E-08, 9.35769E-08, 1.93372E-01
238, 6.94787E-04, 2.58453E-04, 2.37579E-04, 8.50080E-04, 2.65217E-07, 9.28879E-08, 9.10123E-08, 1.80904E-01
239, 6.51627E-04, 2.41387E-04, 2.21157E-04, 7.94932E-04, 2.52644E-07, 9.00622E-08, 8.86178E-08, 1.69157E-01
240, 6.10837E-04, 2.25287E-04, 2.05739E-04, 7.42833E-04, 2.40796E-07, 8.73784E-08, 8.63878E-08, 1.58081E-01
241, 5.72238E-04, 2.10080E-04, 1.91255E-04, 6.93477E-04, 2.29637E-07, 8.48425E-08, 8.43006E-08, 1.47630E-01
242, 5.35670E-04, 1.95707E-04, 1.77633E-04, 6.46772E-04, 2.19118E-07, 8.24431E-08, 8.23120E-08, 1.37762E-01
243, 5.00992E-04, 1.82111E-04, 1.64816E-04, 6.02458E-04, 2.09172E-07, 8.01652E-08, 8.04028E-08, 1.28437E-01
244, 4.68078E-04, 1.69248E-04, 1.52748E-04, 5.60486E-04, 1.99764E-07, 7.80036E-08, 7.85541E-08, 1.19622E-01
245, 4.36819E-04, 1.57073E-04, 1.41385E-04, 5.20634E-04, 1.90851E-07, 7.59564E-08, 7.67566E-08, 1.11285E-01
246, 4.07120E-04, 1.45551E-04, 1.30682E-04, 4.82887E-04, 1.82399E-07, 7.40025E-08, 7.50203E-08, 1.03398E-01
247, 3.78898E-04, 1.34649E-04, 1.20603E-04, 4.47055E-04, 1.74390E-07, 7.21292E-08, 7.33402E-08, 9.59355E-02
248, 3.52080E-04, 1.24431E-04, 1.11114E-04, 4.16222E-04, 1.66835E-07, 7.03479E-08, 7.17043E-08, 8.89147E-02
249, 3.26603E-04, 1.16227E-04, 1.02725E-04, 3.89196E-04, 1.59674E-07, 6.86540E-08, 7.01133E-08, 8.33583E-02
250, 3.02413E-04, 1.08363E-04, 9.55835E-05, 3.63183E-04, 1.52873E-07, 6.70349E-08, 6.85729E-08, 7.80245E-02
251, 2.79461E-04, 1.00832E-04, 8.87743E-05, 3.38258E-04, 1.46416E-07, 6.54942E-08, 6.70871E-08, 7.29039E-02
252, 2.57707E-04, 9.36262E-05, 8.22870E-05, 3.14307E-04, 1.40283E-07, 6.40105E-08, 6.56553E-08, 6.79889E-02
253, 2.37113E-04, 8.67400E-05, 7.61120E-05, 2.91417E-04, 1.34471E-07, 6.25737E-08, 6.43240E-08, 6.32733E-02
254, 2.17648E-04, 8.01686E-05, 7.02419E-05, 2.69481E-04, 1.28944E-07, 6.11992E-08, 6.30533E-08, 5.87525E-02
255, 1.99279E-04, 7.39090E-05, 6.46697E-05, 2.48593E-04, 1.23731E-07, 5.98924E-08, 6.18552E-08, 5.44228E-02
256, 1.81981E-04, 6.79578E-05, 5.93897E-05, 2.28651E-04, 1.18837E-07, 5.86358E-08, 6.06951E-08, 5.02818E-02
257, 1.65724E-04, 6.23126E-05, 5.43961E-05, 2.09751E-04, 1.14228E-07, 5.74513E-08, 5.95684E-08, 4.63277E-02
258, 1.50484E-04, 5.69704E-05, 4.96838E-05, 1.91792E-04, 1.09885E-07, 5.63344E-08, 5.84813E-08, 4.25596E-02
259, 1.36233E-04, 5.19286E-05, 4.52478E-05, 1.74866E-04, 1.05787E-07, 5.52635E-08, 5.74192E-08, 3.89770E-02
260, 1.22946E-04, 4.71839E-05, 4.10826E-05, 1.58873E-04, 1.01937E-07, 5.42400E-08, 5.63824E-08, 3.55796E-02
261, 1.11780E-04, 4.27323E-05, 3.71829E-05, 1.43899E-04, 9.83423E-08, 5.32759E-08, 5.53679E-08, 3.23672E-02
262, 1.01764E-04, 3.85695E-05, 3.35425E-05, 1.29837E-04, 9.49896E-08, 5.23575E-08, 5.43808E-08, 2.93395E-02
263, 9.23391E-05, 3.46897E-05, 3.01554E-05, 1.16770E-04, 9.18604E-08, 5.14939E-08, 5.34263E-08, 2.64957E-02
264, 8.34979E-05, 3.10872E-05, 2.70143E-05, 1.04582E-04, 8.89508E-08, 5.06875E-08, 5.24931E-08, 2.38348E-02
265, 7.52354E-05, 2.77543E-05, 2.41122E-05, 9.33500E-05, 8.62533E-08, 4.99241E-08, 5.15902E-08, 2.13549E-02
266, 6.75408E-05, 2.46833E-05, 2.14404E-05, 8.29517E-05, 8.37545E-08, 4.91988E-08, 5.07157E-08, 1.90536E-02
267, 6.04044E-05, 2.18649E-05, 1.89908E-05, 7.34544E-05, 8.14671E-08, 4.85124E-08, 4.98774E-08, 1.69275E-02
268, 5.38107E-05, 1.92897E-05, 1.67534E-05, 6.47312E-05, 7.93764E-08, 4.78549E-08, 4.90767E-08, 1.49725E-02
269, 4.77459E-05, 1.69465E-05, 1.47191E-05, 5.68422E-05, 7.74340E-08, 4.72332E-08, 4.83113E-08, 1.31835E-02
270, 4.21898E-05, 1.48244E-05, 1.28770E-05, 4.96550E-05, 7.56419E-08, 4.66537E-08, 4.75797E-08, 1.15548E-02
271, 3.71245E-05, 1.29875E-05, 1.12170E-05, 4.38877E-05, 7.39864E-08, 4.60970E-08, 4.68751E-08, 1.01376E-02
272, 3.25261E-05, 1.14713E-05, 9.85016E-06, 3.87630E-05, 7.24511E-08, 4.55624E-08, 4.62030E-08, 8.96849E-03
273, 2.83736E-05, 1.00874E-05, 8.66503E-06, 3.40372E-05, 7.10346E-08, 4.50546E-08, 4.55865E-08, 7.89650E-03
274, 2.46398E-05, 8.83043E-06, 7.58873E-06, 2.97959E-05, 6.97283E-08, 4.45849E-08, 4.50033E-08, 6.91905E-03
275, 2.13016E-05, 7.69477E-06, 6.61569E-06, 2.59167E-05, 6.85179E-08, 4.41501E-08, 4.44481E-08, 6.03287E-03
276, 1.83301E-05, 6.67389E-06, 5.74103E-06, 2.24813E-05, 6.73986E-08, 4.37391E-08, 4.39117E-08, 5.23409E-03
277, 1.57013E-05, 5.76133E-06, 4.95844E-06, 1.93634E-05, 6.63587E-08, 4.33590E-08, 4.34008E-08, 4.51831E-03
278, 1.33856E-05, 4.94985E-06, 4.26248E-06, 1.66429E-05, 6.54291E-08, 4.29879E-08, 4.29144E-08, 3.88074E-03
279, 1.13593E-05, 4.23244E-06, 3.64650E-06, 1.41908E-05, 6.45654E-08, 4.26269E-08, 4.24548E-08, 3.31624E-03
280, 9.59345E-06, 3.60160E-06, 3.10479E-06, 1.20866E-05, 6.37716E-08, 4.22780E-08, 4.20069E-08, 2.81947E-03
281, 8.18873E-06, 3.05020E-06, 2.63066E-06, 1.01999E-05, 6.30475E-08, 4.19618E-08, 4.15731E-08, 2.38497E-03
282, 6.97798E-06, 2.57088E-06, 2.21847E-06, 8.61182E-06, 6.23879E-08, 4.16682E-08, 4.11523E-08, 2.00730E-03
283, 5.91765E-06, 2.15673E-06, 1.86181E-06, 7.19169E-06, 6.17820E-08, 4.13925E-08, 4.07368E-08, 1.68102E-03
284, 4.99657E-06, 1.80087E-06, 1.55535E-06, 6.02318E-06, 6.12260E-08, 4.11277E-08, 4.03325E-08, 1.40091E-03
285, 4.19882E-06, 1.51559E-06, 1.29320E-06, 4.97658E-06, 6.07116E-08, 4.08691E-08, 3.99449E-08, 1.16187E-03
286, 3.88985E-06, 1.51458E-06, 1.23500E-06, 4.13925E-06, 6.02355E-08, 4.06193E-08, 3.95684E-08, 9.59158E-04
287, 3.84486E-06, 1.50955E-06, 1.20838E-06, 3.38290E-06, 5.97995E-08, 4.03754E-08, 3.91972E-08, 7.88252E-04
288, 3.79048E-06, 1.50075E-06, 1.18318E-06, 2.79932E-06, 5.93907E-08, 4.01368E-08, 3.88410E-08, 6.45049E-04
289, 3.72729E-06, 1.48846E-06, 1.15745E-06, 2.30113E-06, 5.90160E-08, 3.98993E-08, 3.84932E-08, 5.25707E-04
290, 3.65594E-06, 1.47293E-06, 1.13126E-06, 1.88117E-06, 5.86728E-08, 3.96659E-08, 3.81534E-08, 4.32366E-04
291, 3.57719E-06, 1.45442E-06, 1.10466E-06, 1.58223E-06, 5.83522E-08, 3.94349E-08, 3.78161E-08, 3.56281E-04
292, 3.49182E-06, 1.43320E-06, 1.07773E-06, 1.27539E-06, 5.80525E-08, 3.92051E-08, 3.74846E-08, 2.92472E-04
293, 3.40068E-06, 1.40951E-06, 1.06253E-06, 1.07517E-06, 5.77604E-08, 3.89821E-08, 3.71614E-08, 2.39298E-04
294, 3.30460E-06, 1.38360E-06, 1.04711E-06, 8.52301E-07, 5.74740E-08, 3.87610E-08, 3.68560E-08, 1.95159E-04
295, 3.20443E-06, 1.36219E-06, 1.03097E-06, 7.24552E-07, 5.71933E-08, 3.85422E-08, 3.65610E-08, 1.58750E-04
296, 3.10099E-06, 1.34015E-06, 1.01416E-06, 5.62219E-07, 5.69152E-08, 3.83273E-08, 3.62743E-08, 1.28799E-04
297, 2.99506E-06, 1.31619E-06, 9.96710E-07, 4.86302E-07, 5.66359E-08, 3.81144E-08, 3.59921E-08, 1.04316E-04
298, 2.88738E-06, 1.29048E-06, 9.78665E-07, 4.28961E-07, 5.63614E-08, 3.79012E-08, 3.57183E-08, 8.43247E-05
299, 2.77865E-06, 1.26317E-06, 9.60062E-07, 4.32190E-07, 5.60906E-08, 3.76913E-08, 3.54560E-08, 6.81089E-05
300, 2.66950E-06, 1.23442E-06, 9.40939E-07, 4.35251E-07, 5.58217E-08, 3.74842E-08, 3.52004E-08, 5.49429E-05
301, 2.56049E-06, 1.20436E-06, 9.21332E-07, 4.38125E-07, 5.55546E-08, 3.72771E-08, 3.49532E-08, 4.43313E-05
302, 2.45213E-06, 1.17313E-06, 9.01279E-07, 4.40794E-07, 5.52865E-08, 3.70714E-08, 3.47133E-08, 3.57458E-05
303, 2.34484E-06, 1.14088E-06, 8.80815E-07, 4.43241E-07, 5.50209E-08, 3.68698E-08, 3.44758E-08, 2.88612E-05
304, 2.23898E-06, 1.10771E-06, 8.59974E-07, 4.45450E-07, 5.47547E-08, 3.66733E-08, 3.42371E-08, 2.32977E-05
305, 2.13486E-06, 1.07376E-06, 8.38792E-07, 4.47404E-07, 5.44876E-08, 3.64787E-08, 3.40130E-08, 1.88544E-05
306, 2.03269E-06, 1.04610E-06, 8.17303E-07, 4.49087E-07, 5.42202E-08, 3.62798E-08, 3.37995E-08, 1.52586E-05
307, 1.93263E-06, 1.02832E-06, 7.95542E-07, 4.50487E-07, 5.39522E-08, 3.60789E-08, 3.36024E-08, 1.23963E-05
308, 1.83480E-06, 1.02171E-06, 7.73543E-07, 4.51589E-07, 5.36894E-08, 3.58802E-08, 3.34125E-08, 1.00700E-05
309, 1.73925E-06, 1.01646E-06, 7.51339E-07, 4.52382E-07, 5.34342E-08, 3.56826E-08, 3.32405E-08, 8.22414E-06
310, 1.64599E-06, 1.00981E-06, 7.33217E-07, 4.52854E-07, 5.31778E-08, 3.54837E-08, 3.30694E-08, 6.71254E-06
311, 1.55498E-06, 1.00187E-06, 7.17390E-07, 4.52995E-07, 5.29129E-08, 3.52889E-08, 3.29030E-08, 5.51763E-06
312, 1.46616E-06, 9.92730E-07, 7.01303E-07, 4.52797E-07, 5.26452E-08, 3.50969E-08, 3.27492E-08, 4.52801E-06
313, 1.37943E-06, 9.82465E-07, 6.84971E-07, 4.52252E-07, 5.23732E-08, 3.49046E-08, 3.25964E-08, 3.74992E-06
314, 1.29468E-06, 9.79950E-07, 6.68411E-07, 4.51354E-07, 5.21060E-08, 3.47130E-08, 3.24449E-08, 3.09535E-06
315, 1.22568E-06, 9.77128E-07, 6.51640E-07, 4.51526E-07, 5.18380E-08, 3.45204E-08, 3.23050E-08, 2.58486E-06
316, 1.20002E-06, 9.73048E-07, 6.34677E-07, 4.53165E-07, 5.15716E-08, 3.43320E-08, 3.21689E-08, 2.14639E-06
317, 1.17620E-06, 9.67777E-07, 6.17540E-07, 4.54515E-07, 5.13138E-08, 3.41428E-08, 3.20386E-08, 1.80858E-06
318, 1.15397E-06, 9.61378E-07, 6.00251E-07, 4.55562E-07, 5.10690E-08, 3.39494E-08, 3.19231E-08, 1.51055E-06
319, 1.13328E-06, 9.53917E-07, 5.82831E-07, 4.56289E-07, 5.08405E-08, 3.37603E-08, 3.18084E-08, 1.28496E-06
320, 1.11408E-06, 9.45457E-07, 5.65302E-07, 4.56684E-07, 5.06264E-08, 3.35753E-08, 3.16935E-08, 1.07912E-06
321, 1.09802E-06, 9.36059E-07, 5.47687E-07, 4.56736E-07, 5.04249E-08, 3.33934E-08, 3.15759E-08, 9.69618E-07
322, 1.08557E-06, 9.25784E-07, 5.55756E-07, 4.56432E-07, 5.02322E-08, 3.32115E-08, 3.14650E-08, 9.60606E-07
323, 1.07547E-06, 9.14689E-07, 5.89976E-07, 4.55766E-07, 5.00626E-08, 3.30296E-08, 3.13585E-08, 9.46056E-07
324, 1.07970E-06, 9.02830E-07, 6.23115E-07, 4.54730E-07, 4.99195E-08, 3.28482E-08, 3.12611E-08, 9.30988E-07
325, 1.09154E-06, 8.90261E-07, 6.65661E-07, 4.53318E-07, 4.97864E-08, 3.26717E-08, 3.11659E-08, 9.29253E-07
326, 1.09977E-06, 8.77031E-07, 7.08558E-07, 4.51526E-07, 4.96549E-08, 3.24974E-08, 3.10680E-08, 9.23095E-07
327, 1.10449E-06, 8.63190E-07, 7.50386E-07, 4.49353E-07, 4.95288E-08, 3.23222E-08, 3.09686E-08, 9.12528E-07
328, 1.10584E-06, 8.53406E-07, 7.91078E-07, 4.46798E-07, 4.94045E-08, 3.21469E-08, 3.08667E-08, 9.00107E-07
329, 1.10401E-06, 8.47374E-07, 8.30539E-07, 4.43862E-07, 4.92787E-08, 3.19729E-08, 3.07623E-08, 9.09408E-07
330, 1.11388E-06, 8.40516E-07, 8.68633E-07, 4.40548E-07, 4.91664E-08, 3.18025E-08, 3.06581E-08, 9.14329E-07
331, 1.12621E-06, 8.32856E-07, 9.05250E-07, 4.36862E-07, 4.90902E-08, 3.16309E-08, 3.05550E-08, 9.14778E-07
332, 1.13399E-06, 8.24419E-07, 9.40274E-07, 4.34410E-07, 4.90289E-08, 3.14609E-08, 3.04573E-08, 9.10697E-07
333, 1.13716E-06, 8.15222E-07, 9.73581E-07, 4.33532E-07, 4.89744E-08, 3.12963E-08, 3.03614E-08, 9.02065E-07
334, 1.13575E-06, 8.05284E-07, 1.00504E-06, 4.32275E-07, 4.89286E-08, 3.11325E-08, 3.02601E-08, 8.88896E-07
335, 1.12982E-06, 7.94618E-07, 1.03554E-06, 4.30632E-07, 4.88926E-08, 3.09726E-08, 3.01570E-08, 8.71242E-07
336, 1.11950E-06, 7.83237E-07, 1.07715E-06, 4.28597E-07, 4.88498E-08, 3.08130E-08, 3.00534E-08, 8.91335E-07
337, 1.10495E-06, 7.71150E-07, 1.11702E-06, 4.26165E-07, 4.88037E-08, 3.06580E-08, 2.99489E-08, 9.06496E-07
338, 1.08636E-06, 7.58363E-07, 1.15504E-06, 4.23334E-07, 4.87571E-08, 3.05051E-08, 2.98450E-08, 9.14439E-07
339, 1.06396E-06, 7.44881E-07, 1.19105E-06, 4.20102E-07, 4.87160E-08, 3.03493E-08, 2.97379E-08, 9.15293E-07
340, 1.04853E-06, 7.30706E-07, 1.22492E-06, 4.16468E-07, 4.86696E-08, 3.01936E-08, 2.96301E-08, 9.09301E-07
341, 1.04419E-06, 7.15839E-07, 1.26516E-06, 4.12434E-07, 4.86233E-08, 3.00384E-08, 2.95206E-08, 8.96812E-07
342, 1.08902E-06, 7.00279E-07, 1.30904E-06, 4.15001E-07, 4.85702E-08, 2.98888E-08, 2.94118E-08, 9.05941E-07
343, 1.18695E-06, 6.84026E-07, 1.35076E-06, 4.19485E-07, 4.85124E-08, 2.97414E-08, 2.93073E-08, 9.30796E-07
344, 1.28507E-06, 6.73129E-07, 1.39009E-06, 4.23210E-07, 4.84509E-08, 2.95903E-08, 2.91990E-08, 9.47676E-07
345, 1.38299E-06, 6.64600E-07, 1.42689E-06, 4.26140E-07, 4.83799E-08, 2.94377E-08, 2.90879E-08, 9.56626E-07
346, 1.48028E-06, 6.55099E-07, 1.46099E-06, 4.28246E-07, 4.82948E-08, 2.92890E-08, 2.89761E-08, 9.57831E-07
347, 1.57655E-06, 6.44607E-07, 1.49224E-06, 4.29505E-07, 4.81996E-08, 2.91370E-08, 2.88602E-08, 9.51603E-07
348, 1.67138E-06, 6.33112E-07, 1.52045E-06, 4.29900E-07, 4.81004E-08, 2.89822E-08, 2.87464E-08, 9.38373E-07
349, 1.79550E-06, 6.20599E-07, 1.54547E-06, 4.29419E-07, 4.80005E-08, 2.88239E-08, 2.86336E-08, 9.18673E-07
350, 1.93300E-06, 6.07060E-07, 1.56715E-06, 4.28058E-07, 4.79015E-08, 2.86645E-08, 2.85276E-08, 8.93125E-07
351, 2.07205E-06, 5.92491E-07, 1.58531E-06, 4.25820E-07, 4.78009E-08, 2.85068E-08, 2.84188E-08, 8.62419E-07
352, 2.21208E-06, 5.76892E-07, 1.59982E-06, 4.25857E-07, 4.76866E-08, 2.83474E-08, 2.83065E-08, 8.69690E-07
353, 2.35247E-06, 5.60268E-07, 1.61053E-06, 4.26317E-07, 4.75645E-08, 2.81855E-08, 2.81957E-08, 8.99095E-07
354, 2.49260E-06, 5.42630E-07, 1.63928E-06, 4.25894E-07, 4.74321E-08, 2.80254E-08, 2.80842E-08, 9.24634E-07
355, 2.63182E-06, 5.23997E-07, 1.66883E-06, 4.24588E-07, 4.72916E-08, 2.78620E-08, 2.79677E-08, 9.46181E-07
356, 2.76951E-06, 5.04463E-07, 1.69466E-06, 4.22405E-07, 4.71454E-08, 2.76985E-08, 2.78514E-08, 9.63660E-07
357, 2.90499E-06, 4.94639E-07, 1.71660E-06, 4.19360E-07, 4.69874E-08, 2.75394E-08, 2.77332E-08, 9.77048E-07
358, 3.03764E-06, 4.83648E-07, 1.73451E-06, 4.15473E-07, 4.68196E-08, 2.73752E-08, 2.76171E-08, 9.86366E-07
359, 3.16680E-06, 4.71493E-07, 1.74824E-06, 4.10771E-07, 4.66521E-08, 2.72096E-08, 2.75014E-08, 9.94741E-07
360, 3.29184E-06, 4.58186E-07, 1.75769E-06, 4.05287E-07, 4.64840E-08, 2.70412E-08, 2.73842E-08, 1.00856E-06
361, 3.41213E-06, 4.43748E-07, 1.76276E-06, 3.99059E-07, 4.63147E-08, 2.68723E-08, 2.72639E-08, 1.03322E-06
362, 3.52708E-06, 4.45686E-07, 1.76338E-06, 3.95610E-07, 4.61521E-08, 2.66997E-08, 2.71459E-08, 1.05341E-06
363, 3.63610E-06, 4.48705E-07, 1.75951E-06, 3.93106E-07, 4.59791E-08, 2.65265E-08, 2.70266E-08, 1.06915E-06
364, 3.73862E-06, 4.51581E-07, 1.75113E-06, 3.89875E-07, 4.58138E-08, 2.63565E-08, 2.69049E-08, 1.08052E-06
365, 3.83412E-06, 4.54332E-07, 1.76610E-06, 3.85945E-07, 4.56349E-08, 2.61906E-08, 2.67783E-08, 1.08761E-06
366, 3.92208E-06, 4.56973E-07, 1.80512E-06, 3.81350E-07, 4.54510E-08, 2.60247E-08, 2.66563E-08, 1.09168E-06
367, 4.00204E-06, 4.59519E-07, 1.84026E-06, 3.76127E-07, 4.52742E-08, 2.58593E-08, 2.65342E-08, 1.09286E-06
368, 4.07357E-06, 4.63688E-07, 1.87126E-06, 3.70320E-07, 4.51020E-08, 2.56971E-08, 2.64068E-08, 1.09188E-06
369, 4.13628E-06, 4.68942E-07, 1.89790E-06, 3.65193E-07, 4.49219E-08, 2.55384E-08, 2.62761E-08, 1.11270E-06
370, 4.18980E-06, 4.74066E-07, 1.91995E-06, 3.64102E-07, 4.47338E-08, 2.53829E-08, 2.61414E-08, 1.12908E-06
371, 4.23385E-06, 4.79059E-07, 1.93721E-06, 3.62282E-07, 4.45402E-08, 2.52225E-08, 2.60058E-08, 1.14109E-06
372, 4.26817E-06, 4.83920E-07, 1.94953E-06, 3.59756E-07, 4.43432E-08, 2.50627E-08, 2.58739E-08, 1.14883E-06
373, 4.29256E-06, 4.88646E-07, 1.95677E-06, 3.56558E-07, 4.41445E-08, 2.49041E-08, 2.57414E-08, 1.19768E-06
374, 4.30687E-06, 4.93234E-07, 1.95883E-06, 3.52721E-07, 4.39419E-08, 2.47431E-08, 2.56140E-08, 1.24686E-06
375, 4.31101E-06, 4.97677E-07, 1.95564E-06, 3.54694E-07, 4.37409E-08, 2.45790E-08, 2.54871E-08, 1.28995E-06
376, 4.30494E-06, 5.01969E-07, 1.94716E-06, 3.56372E-07, 4.35334E-08, 2.44240E-08, 2.53575E-08, 1.32607E-06
377, 4.28870E-06, 5.20765E-07, 1.93346E-06, 3.57310E-07, 4.33291E-08, 2.42707E-08, 2.52315E-08, 1.35438E-06
378, 4.26236E-06, 5.56782E-07, 1.91452E-06, 3.57521E-07, 4.31191E-08, 2.41182E-08, 2.51015E-08, 1.37411E-06
379, 4.22608E-06, 5.93941E-07, 1.89043E-06, 3.57023E-07, 4.29015E-08, 2.39695E-08, 2.49719E-08, 1.38455E-06
380, 4.18006E-06, 6.32115E-07, 1.86131E-06, 3.56031E-07, 4.26772E-08, 2.38218E-08, 2.48374E-08, 1.38508E-06
381, 4.12466E-06, 6.71161E-07, 1.82732E-06, 3.61233E-07, 4.24669E-08, 2.36736E-08, 2.46978E-08, 1.37520E-06
382, 4.06022E-06, 7.10921E-07, 1.78866E-06, 3.65676E-07, 4.22628E-08, 2.35267E-08, 2.45625E-08, 1.35454E-06
383, 3.98700E-06, 7.53037E-07, 1.74557E-06, 3.69355E-07, 4.20564E-08, 2.33798E-08, 2.44298E-08, 1.32287E-06
384, 3.90544E-06, 7.98043E-07, 1.69829E-06, 3.72273E-07, 4.18519E-08, 2.32312E-08, 2.42940E-08, 1.28576E-06
385, 3.81601E-06, 8.43065E-07, 1.64714E-06, 3.74434E-07, 4.16395E-08, 2.30742E-08, 2.41574E-08, 1.24849E-06
386, 3.71924E-06, 8.87889E-07, 1.59242E-06, 3.81760E-07, 4.14242E-08, 2.29184E-08, 2.40210E-08, 1.24975E-06
387, 3.61569E-06, 9.32291E-07, 1.53449E-06, 3.94820E-07, 4.12223E-08, 2.27622E-08, 2.38815E-08, 1.24898E-06
388, 3.50597E-06, 9.76043E-07, 1.47370E-06, 4.06663E-07, 4.10354E-08, 2.26078E-08, 2.37421E-08, 1.24297E-06
389, 3.39071E-06, 1.01891E-06, 1.41043E-06, 4.17205E-07, 4.08407E-08, 2.24595E-08, 2.36001E-08, 1.23183E-06
390, 3.27056E-06, 1.06067E-06, 1.34508E-06, 4.26377E-07, 4.06431E-08, 2.23247E-08, 2.34572E-08, 1.24333E-06
391, 3.14620E-06, 1.10109E-06, 1.27804E-06, 4.34125E-07, 4.04541E-08, 2.21878E-08, 2.33164E-08, 1.25097E-06
392, 3.01832E-06, 1.13994E-06, 1.20971E-06, 4.40407E-07, 4.02675E-08, 2.20461E-08, 2.31721E-08, 1.25298E-06
393, 2.88760E-06, 1.17700E-06, 1.14048E-06, 4.45200E-07, 4.00817E-08, 2.19019E-08, 2.30242E-08, 1.24942E-06
394, 2.75475E-06, 1.21205E-06, 1.07076E-06, 4.48494E-07, 3.98906E-08, 2.17629E-08, 2.28753E-08, 1.24041E-06
395, 2.62044E-06, 1.24490E-06, 1.00091E-06, 4.50292E-07, 3.97041E-08, 2.16277E-08, 2.27252E-08, 1.22608E-06
396, 2.48537E-06, 1.27535E-06, 9.31310E-07, 4.50615E-07, 3.95206E-08, 2.14970E-08, 2.25774E-08, 1.20664E-06
397, 2.35018E-06, 1.30324E-06, 8.62312E-07, 4.49492E-07, 3.93389E-08, 2.13689E-08, 2.24315E-08, 1.18229E-06
398, 2.21552E-06, 1.32840E-06, 7.94249E-07, 4.46969E-07, 3.91576E-08, 2.12374E-08, 2.22836E-08, 1.17685E-06
399, 2.08200E-06, 1.35070E-06, 7.37507E-07, 4.43098E-07, 3.89877E-08, 2.11027E-08, 2.21372E-08, 1.17088E-06
400, 1.95019E-06, 1.37002E-06, 6.95972E-07, 4.37946E-07, 3.88221E-08, 2.09680E-08, 2.19916E-08, 1.16006E-06
401, 1.82066E-06, 1.38626E-06, 6.76769E-07, 4.31585E-07, 3.86515E-08, 2.08306E-08, 2.18474E-08, 1.14457E-06
402, 1.69389E-06, 1.39935E-06, 6.85445E-07, 4.24096E-07, 3.84786E-08, 2.06893E-08, 2.17018E-08, 1.13530E-06
403, 1.57037E-06, 1.40925E-06, 6.92039E-07, 4.15564E-07, 3.83029E-08, 2.05470E-08, 2.15549E-08, 1.12876E-06
404, 1.52835E-06, 1.41593E-06, 6.96617E-07, 4.06081E-07, 3.81275E-08, 2.04063E-08, 2.14079E-08, 1.11900E-06
405, 1.51381E-06, 1.41940E-06, 6.99256E-07, 3.95741E-07, 3.79486E-08, 2.02621E-08, 2.12595E-08, 1.16340E-06
406, 1.49693E-06, 1.41967E-06, 7.00047E-07, 3.84641E-07, 3.77661E-08, 2.01149E-08, 2.11098E-08, 1.20693E-06
407, 1.47784E-06, 1.41681E-06, 6.99090E-07, 3.72877E-07, 3.75775E-08, 1.99672E-08, 2.09594E-08, 1.24455E-06
408, 1.45671E-06, 1.41088E-06, 6.96497E-07, 3.60546E-07, 3.73878E-08, 1.98168E-08, 2.08078E-08, 1.28088E-06
409, 1.44168E-06, 1.40200E-06, 6.92384E-07, 3.47744E-07, 3.72007E-08, 1.96632E-08, 2.06576E-08, 1.31701E-06
410, 1.42459E-06, 1.39027E-06, 6.86877E-07, 3.34566E-07, 3.70157E-08, 1.95072E-08, 2.05092E-08, 1.34572E-06
411, 1.40555E-06, 1.37582E-06, 6.80101E-07, 3.22320E-07, 3.68329E-08, 1.93474E-08, 2.03628E-08, 1.36705E-06
412, 1.38471E-06, 1.35882E-06, 6.72186E-07, 3.16271E-07, 3.66504E-08, 1.91893E-08, 2.02186E-08, 1.38113E-06
413, 1.36222E-06, 1.33944E-06, 6.63264E-07, 3.23305E-07, 3.64645E-08, 1.90349E-08, 2.00769E-08, 1.38812E-06
414, 1.33825E-06, 1.31786E-06, 6.53462E-07, 3.30121E-07, 3.62797E-08, 1.88769E-08, 1.99370E-08, 1.38824E-06
415, 1.31295E-06, 1.29427E-06, 6.42907E-07, 3.36717E-07, 3.60964E-08, 1.87165E-08, 1.98028E-08, 1.38176E-06
416, 1.28648E-06, 1.26890E-06, 6.31723E-07, 3.43088E-07, 3.59102E-08, 1.85593E-08, 1.96698E-08, 1.36900E-06
417, 1.25901E-06, 1.24194E-06, 6.20028E-07, 3.49232E-07, 3.57263E-08, 1.83996E-08, 1.95379E-08, 1.35032E-06
418, 1.23069E-06, 1.21361E-06, 6.07933E-07, 3.57281E-07, 3.55428E-08, 1.82383E-08, 1.94064E-08, 1.32846E-06
419, 1.20168E-06, 1.18413E-06, 5.95544E-07, 3.66030E-07, 3.53549E-08, 1.80761E-08, 1.92758E-08, 1.30354E-06
420, 1.17212E-06, 1.15372E-06, 5.82958E-07, 3.74408E-07, 3.51633E-08, 1.79144E-08, 1.91460E-08, 1.27380E-06
421, 1.14215E-06, 1.12259E-06, 5.70268E-07, 3.82395E-07, 3.49746E-08, 1.77524E-08, 1.90154E-08, 1.23975E-06
422, 1.12586E-06, 1.09094E-06, 5.69976E-07, 3.89972E-07, 3.47917E-08, 1.75906E-08, 1.88839E-08, 1.20190E-06
423, 1.14354E-06, 1.05898E-06, 5.80642E-07, 3.97121E-07, 3.46076E-08, 1.74301E-08, 1.87525E-08, 1.16073E-06
424, 1.15903E-06, 1.02690E-06, 5.91199E-07, 4.03825E-07, 3.44180E-08, 1.72725E-08, 1.86218E-08, 1.11675E-06
425, 1.17228E-06, 9.94861E-07, 6.01625E-07, 4.10071E-07, 3.42299E-08, 1.71179E-08, 1.84922E-08, 1.07499E-06
426, 1.18329E-06, 9.63047E-07, 6.11897E-07, 4.15848E-07, 3.40404E-08, 1.69654E-08, 1.83642E-08, 1.03116E-06
427, 1.19202E-06, 9.31607E-07, 6.21991E-07, 4.21144E-07, 3.38489E-08, 1.68136E-08, 1.82378E-08, 9.85718E-07
428, 1.19848E-06, 9.00679E-07, 6.31885E-07, 4.25953E-07, 3.36569E-08, 1.66630E-08, 1.81116E-08, 9.39142E-07
429, 1.20634E-06, 8.71565E-07, 6.41552E-07, 4.30268E-07, 3.34730E-08, 1.65133E-08, 1.79861E-08, 8.91875E-07
430, 1.21795E-06, 8.47344E-07, 6.50968E-07, 4.34085E-07, 3.32936E-08, 1.63630E-08, 1.78638E-08, 8.44344E-07
431, 1.22723E-06, 8.23926E-07, 6.60108E-07, 4.37402E-07, 3.31135E-08, 1.62180E-08, 1.77421E-08, 7.96952E-07
432, 1.23415E-06, 8.01352E-07, 6.68947E-07, 4.40219E-07, 3.29358E-08, 1.60767E-08, 1.76210E-08, 7.50076E-07
433, 1.23872E-06, 7.79651E-07, 6.77461E-07, 4.42536E-07, 3.27630E-08, 1.59346E-08, 1.75016E-08, 7.14277E-07
434, 1.24096E-06, 7.58835E-07, 6.85625E-07, 4.44358E-07, 3.25897E-08, 1.57909E-08, 1.73833E-08, 7.14497E-07
435, 1.24089E-06, 7.38908E-07, 6.93415E-07, 4.45687E-07, 3.24149E-08, 1.56460E-08, 1.72663E-08, 7.12129E-07
436, 1.23853E-06, 7.31123E-07, 7.00806E-07, 4.46530E-07, 3.22398E-08, 1.55022E-08, 1.71492E-08, 7.07281E-07
437, 1.23395E-06, 7.51966E-07, 7.07778E-07, 4.46895E-07, 3.20610E-08, 1.53609E-08, 1.70326E-08, 7.00074E-07
438, 1.22718E-06, 7.71976E-07, 7.14307E-07, 4.46790E-07, 3.18850E-08, 1.52197E-08, 1.69165E-08, 6.90637E-07
439, 1.21830E-06, 7.91071E-07, 7.20372E-07, 4.46224E-07, 3.17111E-08, 1.50796E-08, 1.68007E-08, 6.81655E-07
440, 1.20739E-06, 8.09174E-07, 7.25954E-07, 4.45207E-07, 3.15381E-08, 1.49431E-08, 1.66861E-08, 6.83496E-07
441, 1.20852E-06, 8.26208E-07, 7.31035E-07, 4.43753E-07, 3.13687E-08, 1.48082E-08, 1.65741E-08, 6.83189E-07
442, 1.21177E-06, 8.42105E-07, 7.36146E-07, 4.41872E-07, 3.11984E-08, 1.46747E-08, 1.64641E-08, 6.80799E-07
443, 1.21307E-06, 8.56796E-07, 7.41789E-07, 4.39577E-07, 3.10282E-08, 1.45428E-08, 1.63548E-08, 6.76398E-07
444, 1.21245E-06, 8.70221E-07, 7.46865E-07, 4.36883E-07, 3.08625E-08, 1.44117E-08, 1.62468E-08, 6.70064E-07
445, 1.20991E-06, 8.82321E-07, 7.51353E-07, 4.33803E-07, 3.06996E-08, 1.42849E-08, 1.61395E-08, 6.61885E-07
446, 1.20549E-06, 8.93047E-07, 7.55230E-07, 4.30353E-07, 3.05379E-08, 1.41605E-08, 1.60338E-08, 6.64179E-07
447, 1.19924E-06, 9.02350E-07, 7.58479E-07, 4.26546E-07, 3.03766E-08, 1.40368E-08, 1.59290E-08, 6.65019E-07
448, 1.19120E-06, 9.10192E-07, 7.61081E-07, 4.22399E-07, 3.02186E-08, 1.39138E-08, 1.58244E-08, 6.63945E-07
449, 1.18143E-06, 9.16539E-07, 7.63022E-07, 4.17927E-07, 3.00650E-08, 1.37922E-08, 1.57209E-08, 6.61010E-07
450, 1.16999E-06, 9.21361E-07, 7.64289E-07, 4.13145E-07, 2.99161E-08, 1.36738E-08, 1.56187E-08, 6.56274E-07
451, 1.15696E-06, 9.24674E-07, 7.64870E-07, 4.08071E-07, 2.97675E-08, 1.35587E-08, 1.55174E-08, 6.49808E-07
452, 1.14240E-06, 9.26433E-07, 7.64757E-07, 4.03708E-07, 2.96191E-08, 1.34466E-08, 1.54176E-08, 6.50435E-07
453, 1.12642E-06, 9.26626E-07, 7.63944E-07, 4.00427E-07, 2.94689E-08, 1.33373E-08, 1.53181E-08, 6.56817E-07
454, 1.12277E-06, 9.25251E-07, 7.64055E-07, 3.96883E-07, 2.93174E-08, 1.32294E-08, 1.52196E-08, 6.61351E-07
455, 1.11779E-06, 9.22314E-07, 7.65762E-07, 3.93079E-07, 2.91656E-08, 1.31246E-08, 1.51209E-08, 6.64049E-07
456, 1.11125E-06, 9.17829E-07, 7.66985E-07, 3.89021E-07, 2.90140E-08, 1.30221E-08, 1.50225E-08, 6.92545E-07
457, 1.10319E-06, 9.11814E-07, 7.67719E-07, 3.84715E-07, 2.88616E-08, 1.29211E-08, 1.49256E-08, 7.21294E-07
458, 1.09369E-06, 9.04296E-07, 7.67961E-07, 3.80166E-07, 2.87085E-08, 1.28215E-08, 1.48295E-08, 7.48339E-07
459, 1.08282E-06, 8.95307E-07, 7.67706E-07, 3.75382E-07, 2.85545E-08, 1.27234E-08, 1.47336E-08, 7.73633E-07
460, 1.07064E-06, 8.92742E-07, 7.66947E-07, 3.70373E-07, 2.83983E-08, 1.26272E-08, 1.46384E-08, 7.97131E-07
461, 1.05724E-06, 8.90013E-07, 7.65682E-07, 3.65146E-07, 2.82425E-08, 1.25319E-08, 1.45447E-08, 8.18793E-07
462, 1.04271E-06, 8.85995E-07, 7.63909E-07, 3.59711E-07, 2.80861E-08, 1.24374E-08, 1.44520E-08, 8.38581E-07
463, 1.02714E-06, 8.80693E-07, 7.61631E-07, 3.54080E-07, 2.79304E-08, 1.23434E-08, 1.43611E-08, 8.56464E-07
464, 1.01061E-06, 8.74121E-07, 7.58846E-07, 3.48264E-07, 2.77732E-08, 1.22517E-08, 1.42710E-08, 8.72415E-07
465, 9.99285E-07, 8.66294E-07, 7.55560E-07, 3.42276E-07, 2.76168E-08, 1.21613E-08, 1.41822E-08, 8.86417E-07
466, 9.89716E-07, 8.57235E-07, 7.51776E-07, 3.36128E-07, 2.74590E-08, 1.20730E-08, 1.40930E-08, 8.98458E-07
467, 9.78952E-07, 8.46974E-07, 7.47499E-07, 3.29834E-07, 2.73006E-08, 1.19867E-08, 1.40039E-08, 9.08541E-07
468, 9.67058E-07, 8.35543E-07, 7.42737E-07, 3.23409E-07, 2.71425E-08, 1.19008E-08, 1.39148E-08, 9.16671E-07
469, 9.54102E-07, 8.22988E-07, 7.37498E-07, 3.16867E-07, 2.69859E-08, 1.18165E-08, 1.38263E-08, 9.22869E-07
470, 9.40156E-07, 8.09370E-07, 7.31790E-07, 3.10224E-07, 2.68295E-08, 1.17321E-08, 1.37391E-08, 9.27165E-07
471, 9.25298E-07, 7.94714E-07, 7.25624E-07, 3.03495E-07, 2.66710E-08, 1.16485E-08, 1.36523E-08, 9.29599E-07
472, 9.09605E-07, 7.79073E-07, 7.19012E-07, 2.96695E-07, 2.65102E-08, 1.15662E-08, 1.35666E-08, 9.30223E-07
473, 8.93159E-07, 7.62503E-07, 7.11967E-07, 2.89841E-07, 2.63500E-08, 1.14864E-08, 1.34818E-08, 9.29096E-07
474, 8.76043E-07, 7.45066E-07, 7.04503E-07, 2.82948E-07, 2.61893E-08, 1.14072E-08, 1.33968E-08, 9.26290E-07
475, 8.58339E-07, 7.26824E-07, 6.96634E-07, 2.76032E-07, 2.60308E-08, 1.13283E-08, 1.33133E-08, 9.21884E-07
476, 8.40132E-07, 7.07845E-07, 6.88376E-07, 2.69108E-07, 2.58735E-08, 1.12500E-08, 1.32306E-08, 9.15964E-07
477, 8.21504E-07, 6.88197E-07, 6.79746E-07, 2.62192E-07, 2.57166E-08, 1.11720E-08, 1.31496E-08, 9.08624E-07
478, 8.02538E-07, 6.67951E-07, 6.70761E-07, 2.55298E-07, 2.55608E-08, 1.10951E-08, 1.30685E-08, 9.07716E-07
479, 7.83314E-07, 6.47180E-07, 6.61440E-07, 2.48440E-07, 2.54058E-08, 1.10197E-08, 1.29882E-08, 9.09227E-07
480, 7.63910E-07, 6.25957E-07, 6.51801E-07, 2.41632E-07, 2.52492E-08, 1.09460E-08, 1.29083E-08, 9.08751E-07
481, 7.44401E-07, 6.04357E-07, 6.41863E-07, 2.34887E-07, 2.50936E-08, 1.08742E-08, 1.28286E-08, 9.06352E-07
482, 7.24860E-07, 5.82452E-07, 6.31647E-07, 2.28216E-07, 2.49377E-08, 1.08037E-08, 1.27497E-08, 9.02104E-07
483, 7.05355E-07, 5.69588E-07, 6.21172E-07, 2.21631E-07, 2.47824E-08, 1.07356E-08, 1.26710E-08, 8.96098E-07
484, 6.85950E-07, 5.61027E-07, 6.10458E-07, 2.15142E-07, 2.46268E-08, 1.06691E-08, 1.25935E-08, 8.88430E-07
485, 6.66707E-07, 5.51950E-07, 5.99527E-07, 2.08759E-07, 2.44693E-08, 1.06038E-08, 1.25174E-08, 8.79211E-07
486, 6.47680E-07, 5.42386E-07, 5.88398E-07, 2.02850E-07, 2.43122E-08, 1.05400E-08, 1.24415E-08, 8.68555E-07
487, 6.28922E-07, 5.32367E-07, 5.77092E-07, 1.98209E-07, 2.41565E-08, 1.04774E-08, 1.23653E-08, 8.56582E-07
488, 6.10477E-07, 5.21925E-07, 5.65631E-07, 1.93519E-07, 2.40012E-08, 1.04160E-08, 1.22892E-08, 8.43417E-07
489, 5.92388E-07, 5.11096E-07, 5.54033E-07, 1.88796E-07, 2.38477E-08, 1.03558E-08, 1.22136E-08, 8.29187E-07
490, 5.74691E-07, 4.99915E-07, 5.42319E-07, 1.84055E-07, 2.36954E-08, 1.02977E-08, 1.21383E-08, 8.14016E-07
491, 5.57417E-07, 4.88420E-07, 5.30509E-07, 1.79310E-07, 2.35446E-08, 1.02414E-08, 1.20640E-08, 7.98030E-07
492, 5.40591E-07, 4.76650E-07, 5.18623E-07, 1.74575E-07, 2.33932E-08, 1.01860E-08, 1.19915E-08, 7.81349E-07
493, 5.24237E-07, 4.64642E-07, 5.06678E-07, 1.69863E-07, 2.32420E-08, 1.01315E-08, 1.19202E-08, 7.64089E-07
494, 5.08370E-07, 4.52437E-07, 4.94693E-07, 1.66163E-07, 2.30929E-08, 1.00783E-08, 1.18497E-08, 7.46360E-07
495, 4.93002E-07, 4.40081E-07, 4.84593E-07, 1.65106E-07, 2.29458E-08, 1.00271E-08, 1.17793E-08, 7.28265E-07
496, 4.78142E-07, 4.27606E-07, 4.77696E-07, 1.63979E-07, 2.28024E-08, 9.97785E-09, 1.17090E-08, 7.09898E-07
497, 4.63793E-07, 4.15051E-07, 4.70609E-07, 1.62783E-07, 2.26601E-08, 9.93156E-09, 1.16391E-08, 6.91347E-07
498, 4.49954E-07, 4.02453E-07, 4.63347E-07, 1.61518E-07, 2.25178E-08, 9.88702E-09, 1.15696E-08, 6.72690E-07
499, 4.36624E-07, 3.89850E-07, 4.55923E-07, 1.60184E-07, 2.23759E-08, 9.84335E-09, 1.15014E-08, 6.53994E-07
500, 4.23793E-07, 3.77276E-07, 4.48350E-07, 1.58784E-07, 2.22341E-08, 9.80082E-09, 1.14342E-08, 6.35320E-07
