time_step, rel_err_u, rel_err_v, rel_err_w, rel_err_p, rel_err_u_m, rel_err_v_m, rel_err_w_m, rel_err_p_m
0, 0.00000E+00, 0.00000E+00, 0.00000E+00, 0.00000E+00, 0.00000E+00, 0.00000E+00, 0.00000E+00,         NaN
1, 2.53359E-03, 1.79347E-03, 2.39752E-03, 8.03031E-03, 3.01465E-05, 3.24675E-05, 2.44734E-05, 8.03031E-03
2, 2.86634E-03, 1.81674E-03, 2.38359E-03, 5.89819E-03, 3.49265E-05, 3.78772E-05, 2.89273E-05, 5.89819E-03
3, 3.09189E-03, 1.85450E-03, 2.36239E-03, 4.71486E-03, 3.89845E-05, 4.25690E-05, 3.27105E-05, 4.71486E-03
4, 3.29684E-03, 1.87753E-03, 2.35148E-03, 4.22284E-03, 4.23745E-05, 4.66768E-05, 3.58967E-05, 4.22284E-03
5, 3.48211E-03, 1.95791E-03, 2.34183E-03, 3.97625E-03, 4.52854E-05, 5.03482E-05, 3.86295E-05, 3.97625E-03
6, 3.64785E-03, 2.04103E-03, 2.32876E-03, 3.76003E-03, 4.78191E-05, 5.36792E-05, 4.09983E-05, 3.76003E-03
7, 3.79426E-03, 2.10621E-03, 2.31017E-03, 3.61537E-03, 5.00661E-05, 5.67519E-05, 4.31154E-05, 3.61537E-03
8, 3.92148E-03, 2.15812E-03, 2.28524E-03, 3.51747E-03, 5.20857E-05, 5.95940E-05, 4.50315E-05, 3.51747E-03
9, 4.02961E-03, 2.24302E-03, 2.25377E-03, 3.42660E-03, 5.39370E-05, 6.22650E-05, 4.67576E-05, 3.42660E-03
10, 4.11877E-03, 2.31069E-03, 2.21594E-03, 3.34199E-03, 5.56430E-05, 6.47920E-05, 4.83357E-05, 3.34199E-03
11, 4.19925E-03, 2.36134E-03, 2.17207E-03, 3.29545E-03, 5.72013E-05, 6.72043E-05, 4.97680E-05, 3.29545E-03
12, 4.28842E-03, 2.39522E-03, 2.15489E-03, 3.22590E-03, 5.86360E-05, 6.95214E-05, 5.10888E-05, 3.22590E-03
13, 4.35840E-03, 2.41266E-03, 2.13886E-03, 3.15403E-03, 5.99728E-05, 7.17251E-05, 5.23101E-05, 3.15403E-03
14, 4.44752E-03, 2.41411E-03, 2.11522E-03, 3.10670E-03, 6.12185E-05, 7.38089E-05, 5.34390E-05, 3.10670E-03
15, 4.57081E-03, 2.40013E-03, 2.08425E-03, 3.06141E-03, 6.23718E-05, 7.57997E-05, 5.44759E-05, 3.06141E-03
16, 4.67848E-03, 2.37140E-03, 2.04627E-03, 3.03521E-03, 6.34414E-05, 7.76763E-05, 5.54326E-05, 3.03521E-03
17, 4.77044E-03, 2.32872E-03, 2.00164E-03, 3.00417E-03, 6.44295E-05, 7.94352E-05, 5.63146E-05, 3.00417E-03
18, 4.84672E-03, 2.35260E-03, 1.95073E-03, 2.99087E-03, 6.53564E-05, 8.10845E-05, 5.71218E-05, 2.99087E-03
19, 4.90742E-03, 2.40905E-03, 1.89396E-03, 3.03093E-03, 6.62442E-05, 8.26195E-05, 5.78500E-05, 3.03093E-03
20, 4.95273E-03, 2.46138E-03, 1.83178E-03, 3.12486E-03, 6.70949E-05, 8.40721E-05, 5.85108E-05, 3.12486E-03
21, 4.98290E-03, 2.50959E-03, 1.76467E-03, 3.16321E-03, 6.79169E-05, 8.54204E-05, 5.91133E-05, 3.16321E-03
22, 4.99825E-03, 2.55368E-03, 1.76636E-03, 3.25699E-03, 6.87189E-05, 8.66795E-05, 5.96476E-05, 3.25699E-03
23, 4.99917E-03, 2.59364E-03, 1.86214E-03, 3.29008E-03, 6.95141E-05, 8.78487E-05, 6.01305E-05, 3.29008E-03
24, 4.98609E-03, 2.62949E-03, 1.94289E-03, 3.37839E-03, 7.03066E-05, 8.89390E-05, 6.05592E-05, 3.37839E-03
25, 4.95949E-03, 2.66124E-03, 2.02891E-03, 3.40011E-03, 7.10896E-05, 8.99274E-05, 6.09391E-05, 3.40011E-03
26, 4.94121E-03, 2.68892E-03, 2.09935E-03, 3.47299E-03, 7.18902E-05, 9.08511E-05, 6.12846E-05, 3.47299E-03
27, 4.92836E-03, 2.71255E-03, 2.15259E-03, 3.47526E-03, 7.27042E-05, 9.17183E-05, 6.16014E-05, 3.47526E-03
28, 4.90202E-03, 2.73217E-03, 2.23783E-03, 3.51454E-03, 7.35098E-05, 9.25621E-05, 6.18710E-05, 3.51454E-03
29, 4.86260E-03, 2.74782E-03, 2.31294E-03, 3.48559E-03, 7.43145E-05, 9.33847E-05, 6.21069E-05, 3.48559E-03
30, 4.81058E-03, 2.75955E-03, 2.37073E-03, 3.46710E-03, 7.51052E-05, 9.42129E-05, 6.23039E-05, 3.46710E-03
31, 4.74645E-03, 2.76744E-03, 2.42040E-03, 3.39910E-03, 7.58849E-05, 9.50986E-05, 6.24801E-05, 3.39910E-03
32, 4.67077E-03, 2.77155E-03, 2.46281E-03, 3.30609E-03, 7.66507E-05, 9.60306E-05, 6.26442E-05, 3.30609E-03
33, 4.58412E-03, 2.77198E-03, 2.48746E-03, 3.22051E-03, 7.74205E-05, 9.69698E-05, 6.28057E-05, 3.22051E-03
34, 4.56607E-03, 2.76884E-03, 2.51092E-03, 3.06388E-03, 7.82004E-05, 9.79342E-05, 6.29503E-05, 3.06388E-03
35, 4.55416E-03, 2.76224E-03, 2.55653E-03, 2.84426E-03, 7.89823E-05, 9.88903E-05, 6.30896E-05, 2.84426E-03
36, 4.53217E-03, 2.75233E-03, 2.58515E-03, 2.62980E-03, 7.97293E-05, 9.98249E-05, 6.32253E-05, 2.62980E-03
37, 4.50039E-03, 2.73927E-03, 2.59680E-03, 2.34325E-03, 8.04545E-05, 1.00731E-04, 6.33752E-05, 2.34325E-03
38, 4.45912E-03, 2.72322E-03, 2.60672E-03, 2.03600E-03, 8.11452E-05, 1.01607E-04, 6.35221E-05, 2.03600E-03
39, 4.40874E-03, 2.71433E-03, 2.60376E-03, 2.01665E-03, 8.18367E-05, 1.02459E-04, 6.36618E-05, 2.01665E-03
40, 4.38802E-03, 2.71548E-03, 2.58550E-03, 2.06365E-03, 8.25394E-05, 1.03254E-04, 6.37942E-05, 2.06365E-03
41, 4.35904E-03, 2.71111E-03, 2.55394E-03, 2.11413E-03, 8.32561E-05, 1.03987E-04, 6.39256E-05, 2.11413E-03
42, 4.32064E-03, 2.70132E-03, 2.55713E-03, 2.18172E-03, 8.39915E-05, 1.04659E-04, 6.40602E-05, 2.18172E-03
43, 4.27310E-03, 2.68625E-03, 2.54640E-03, 2.24033E-03, 8.47382E-05, 1.05262E-04, 6.41903E-05, 2.24033E-03
44, 4.21674E-03, 2.66604E-03, 2.52243E-03, 2.31244E-03, 8.55061E-05, 1.05802E-04, 6.43230E-05, 2.31244E-03
45, 4.15193E-03, 2.64751E-03, 2.50007E-03, 2.41366E-03, 8.62745E-05, 1.06291E-04, 6.44619E-05, 2.41366E-03
46, 4.07906E-03, 2.64090E-03, 2.46687E-03, 2.55061E-03, 8.70516E-05, 1.06744E-04, 6.46114E-05, 2.55061E-03
47, 3.99858E-03, 2.62892E-03, 2.42311E-03, 2.68134E-03, 8.78348E-05, 1.07157E-04, 6.47644E-05, 2.68134E-03
48, 3.91094E-03, 2.61172E-03, 2.39541E-03, 2.81671E-03, 8.86185E-05, 1.07557E-04, 6.49221E-05, 2.81671E-03
49, 3.81664E-03, 2.58947E-03, 2.40249E-03, 2.91796E-03, 8.93811E-05, 1.07958E-04, 6.50695E-05, 2.91796E-03
50, 3.71619E-03, 2.56237E-03, 2.39208E-03, 2.99427E-03, 9.01379E-05, 1.08354E-04, 6.52083E-05, 2.99427E-03
51, 3.61011E-03, 2.54233E-03, 2.40664E-03, 3.00387E-03, 9.08895E-05, 1.08770E-04, 6.53344E-05, 3.00387E-03
52, 3.49896E-03, 2.55197E-03, 2.45241E-03, 3.00694E-03, 9.16333E-05, 1.09249E-04, 6.54430E-05, 3.00694E-03
53, 3.38328E-03, 2.58942E-03, 2.48430E-03, 2.95238E-03, 9.23591E-05, 1.09797E-04, 6.55440E-05, 2.95238E-03
54, 3.27096E-03, 2.60950E-03, 2.50119E-03, 2.83924E-03, 9.30569E-05, 1.10413E-04, 6.56316E-05, 2.83924E-03
55, 3.24124E-03, 2.61249E-03, 2.50213E-03, 2.69751E-03, 9.37118E-05, 1.11081E-04, 6.57149E-05, 2.69751E-03
56, 3.20598E-03, 2.59899E-03, 2.48643E-03, 2.54040E-03, 9.43329E-05, 1.11733E-04, 6.58002E-05, 2.54040E-03
57, 3.16536E-03, 2.59120E-03, 2.45369E-03, 2.34024E-03, 9.49341E-05, 1.12385E-04, 6.58759E-05, 2.34024E-03
58, 3.11960E-03, 2.64596E-03, 2.41091E-03, 2.34230E-03, 9.55079E-05, 1.13047E-04, 6.59300E-05, 2.34230E-03
59, 3.06894E-03, 2.68685E-03, 2.44878E-03, 2.40275E-03, 9.60262E-05, 1.13714E-04, 6.59749E-05, 2.40275E-03
60, 3.05384E-03, 2.71377E-03, 2.47167E-03, 2.48566E-03, 9.65134E-05, 1.14348E-04, 6.60259E-05, 2.48566E-03
61, 3.08288E-03, 2.72681E-03, 2.47829E-03, 2.56970E-03, 9.69830E-05, 1.14974E-04, 6.60948E-05, 2.56970E-03
62, 3.10740E-03, 2.72629E-03, 2.46758E-03, 2.61717E-03, 9.74189E-05, 1.15547E-04, 6.61504E-05, 2.61717E-03
63, 3.12744E-03, 2.71278E-03, 2.43938E-03, 2.62980E-03, 9.78114E-05, 1.16103E-04, 6.62082E-05, 2.62980E-03
64, 3.14305E-03, 2.72457E-03, 2.44404E-03, 2.61905E-03, 9.81705E-05, 1.16636E-04, 6.62713E-05, 2.61905E-03
65, 3.15430E-03, 2.78298E-03, 2.48793E-03, 2.66138E-03, 9.84991E-05, 1.17138E-04, 6.63345E-05, 2.66138E-03
66, 3.16126E-03, 2.82367E-03, 2.51711E-03, 2.66688E-03, 9.87995E-05, 1.17680E-04, 6.64098E-05, 2.66688E-03
67, 3.16404E-03, 2.84653E-03, 2.53056E-03, 2.63909E-03, 9.90627E-05, 1.18203E-04, 6.64914E-05, 2.63909E-03
68, 3.16272E-03, 2.85179E-03, 2.52750E-03, 2.60600E-03, 9.92981E-05, 1.18684E-04, 6.65848E-05, 2.60600E-03
69, 3.15743E-03, 2.84002E-03, 2.50751E-03, 2.57984E-03, 9.95230E-05, 1.19145E-04, 6.66886E-05, 2.57984E-03
70, 3.14828E-03, 2.81211E-03, 2.47052E-03, 2.55427E-03, 9.97270E-05, 1.19609E-04, 6.68160E-05, 2.55427E-03
71, 3.13540E-03, 2.80026E-03, 2.41690E-03, 2.51269E-03, 9.99071E-05, 1.20064E-04, 6.69684E-05, 2.51269E-03
72, 3.11893E-03, 2.82485E-03, 2.38311E-03, 2.49454E-03, 1.00090E-04, 1.20556E-04, 6.71422E-05, 2.49454E-03
73, 3.09900E-03, 2.83259E-03, 2.39104E-03, 2.47908E-03, 1.00288E-04, 1.21095E-04, 6.73255E-05, 2.47908E-03
74, 3.07576E-03, 2.82383E-03, 2.39193E-03, 2.45919E-03, 1.00470E-04, 1.21617E-04, 6.75314E-05, 2.45919E-03
75, 3.04937E-03, 2.79923E-03, 2.38079E-03, 2.44875E-03, 1.00663E-04, 1.22152E-04, 6.77448E-05, 2.44875E-03
76, 3.02378E-03, 2.77110E-03, 2.35495E-03, 2.40800E-03, 1.00883E-04, 1.22703E-04, 6.79620E-05, 2.40800E-03
77, 3.00523E-03, 2.81912E-03, 2.31662E-03, 2.39082E-03, 1.01101E-04, 1.23219E-04, 6.82015E-05, 2.39082E-03
78, 2.98330E-03, 2.84662E-03, 2.34307E-03, 2.36500E-03, 1.01330E-04, 1.23723E-04, 6.84653E-05, 2.36500E-03
79, 2.95811E-03, 2.85366E-03, 2.35297E-03, 2.31675E-03, 1.01553E-04, 1.24234E-04, 6.87411E-05, 2.31675E-03
80, 2.92984E-03, 2.84075E-03, 2.34582E-03, 2.30081E-03, 1.01774E-04, 1.24703E-04, 6.90105E-05, 2.30081E-03
81, 2.89862E-03, 2.80892E-03, 2.32155E-03, 2.30452E-03, 1.02009E-04, 1.25152E-04, 6.93050E-05, 2.30452E-03
82, 2.86463E-03, 2.75963E-03, 2.28051E-03, 2.27927E-03, 1.02254E-04, 1.25595E-04, 6.96148E-05, 2.27927E-03
83, 2.82802E-03, 2.69478E-03, 2.22354E-03, 2.25152E-03, 1.02516E-04, 1.25978E-04, 6.99244E-05, 2.25152E-03
84, 2.80614E-03, 2.61669E-03, 2.15328E-03, 2.24339E-03, 1.02793E-04, 1.26302E-04, 7.02523E-05, 2.24339E-03
85, 2.79723E-03, 2.59568E-03, 2.14187E-03, 2.24740E-03, 1.03082E-04, 1.26585E-04, 7.05804E-05, 2.24740E-03
86, 2.78493E-03, 2.56882E-03, 2.11205E-03, 2.23389E-03, 1.03407E-04, 1.26855E-04, 7.09161E-05, 2.23389E-03
87, 2.76936E-03, 2.52276E-03, 2.07556E-03, 2.22569E-03, 1.03758E-04, 1.27072E-04, 7.12686E-05, 2.22569E-03
88, 2.75067E-03, 2.54003E-03, 2.03790E-03, 2.23971E-03, 1.04136E-04, 1.27237E-04, 7.16233E-05, 2.23971E-03
89, 2.72899E-03, 2.54644E-03, 2.01297E-03, 2.24791E-03, 1.04537E-04, 1.27388E-04, 7.19588E-05, 2.24791E-03
90, 2.70445E-03, 2.53216E-03, 2.01173E-03, 2.23400E-03, 1.04954E-04, 1.27479E-04, 7.22912E-05, 2.23400E-03
91, 2.67720E-03, 2.49831E-03, 1.99417E-03, 2.24953E-03, 1.05400E-04, 1.27538E-04, 7.26239E-05, 2.24953E-03
92, 2.64739E-03, 2.44656E-03, 1.96067E-03, 2.23190E-03, 1.05864E-04, 1.27590E-04, 7.29393E-05, 2.23190E-03
93, 2.61516E-03, 2.37907E-03, 1.91209E-03, 2.19981E-03, 1.06348E-04, 1.27632E-04, 7.32483E-05, 2.19981E-03
94, 2.58066E-03, 2.29842E-03, 1.84974E-03, 2.19468E-03, 1.06844E-04, 1.27643E-04, 7.35650E-05, 2.19468E-03
95, 2.54404E-03, 2.21740E-03, 1.77538E-03, 2.16256E-03, 1.07368E-04, 1.27657E-04, 7.38685E-05, 2.16256E-03
96, 2.50545E-03, 2.22325E-03, 1.74309E-03, 2.14758E-03, 1.07926E-04, 1.27657E-04, 7.41499E-05, 2.14758E-03
97, 2.46503E-03, 2.30399E-03, 1.69779E-03, 2.09878E-03, 1.08515E-04, 1.27612E-04, 7.44107E-05, 2.09878E-03
98, 2.44018E-03, 2.37869E-03, 1.66689E-03, 2.08676E-03, 1.09134E-04, 1.27550E-04, 7.46742E-05, 2.08676E-03
99, 2.42317E-03, 2.44305E-03, 1.64172E-03, 2.05200E-03, 1.09747E-04, 1.27465E-04, 7.49385E-05, 2.05200E-03
100, 2.40363E-03, 2.49632E-03, 1.61400E-03, 1.98482E-03, 1.10360E-04, 1.27377E-04, 7.51851E-05, 1.98482E-03
101, 2.38167E-03, 2.53787E-03, 1.58390E-03, 1.96125E-03, 1.11008E-04, 1.27280E-04, 7.54168E-05, 1.96125E-03
102, 2.35743E-03, 2.60137E-03, 1.55155E-03, 1.91274E-03, 1.11692E-04, 1.27195E-04, 7.56484E-05, 1.91274E-03
103, 2.33101E-03, 2.65631E-03, 1.51714E-03, 1.83398E-03, 1.12421E-04, 1.27111E-04, 7.58904E-05, 1.83398E-03
104, 2.30254E-03, 2.69850E-03, 1.48081E-03, 1.79901E-03, 1.13162E-04, 1.26996E-04, 7.61096E-05, 1.79901E-03
105, 2.27216E-03, 2.72735E-03, 1.44272E-03, 1.74296E-03, 1.13925E-04, 1.26874E-04, 7.63136E-05, 1.74296E-03
106, 2.23999E-03, 2.75967E-03, 1.40306E-03, 1.65946E-03, 1.14709E-04, 1.26736E-04, 7.65122E-05, 1.65946E-03
107, 2.20614E-03, 2.80779E-03, 1.37081E-03, 1.61166E-03, 1.15524E-04, 1.26588E-04, 7.66858E-05, 1.61166E-03
108, 2.17075E-03, 2.84186E-03, 1.41369E-03, 1.55371E-03, 1.16386E-04, 1.26434E-04, 7.68507E-05, 1.55371E-03
109, 2.13393E-03, 2.86128E-03, 1.46966E-03, 1.47155E-03, 1.17283E-04, 1.26256E-04, 7.70066E-05, 1.47155E-03
110, 2.09580E-03, 2.86559E-03, 1.52137E-03, 1.40979E-03, 1.18197E-04, 1.26080E-04, 7.71461E-05, 1.40979E-03
111, 2.05648E-03, 2.90602E-03, 1.56825E-03, 1.42833E-03, 1.19157E-04, 1.25885E-04, 7.72727E-05, 1.42833E-03
112, 2.01608E-03, 2.97574E-03, 1.60979E-03, 1.45191E-03, 1.20156E-04, 1.25667E-04, 7.73877E-05, 1.45191E-03
113, 1.97472E-03, 3.03917E-03, 1.65353E-03, 1.47042E-03, 1.21206E-04, 1.25459E-04, 7.75066E-05, 1.47042E-03
114, 1.93250E-03, 3.08836E-03, 1.71302E-03, 1.48319E-03, 1.22300E-04, 1.25269E-04, 7.76090E-05, 1.48319E-03
115, 1.89007E-03, 3.17508E-03, 1.76653E-03, 1.48959E-03, 1.23420E-04, 1.25076E-04, 7.76973E-05, 1.48959E-03
116, 1.86683E-03, 3.24296E-03, 1.82307E-03, 1.49156E-03, 1.24581E-04, 1.24873E-04, 7.77886E-05, 1.49156E-03
117, 1.84204E-03, 3.29116E-03, 1.87546E-03, 1.49627E-03, 1.25745E-04, 1.24682E-04, 7.78624E-05, 1.49627E-03
118, 1.81578E-03, 3.31911E-03, 1.94052E-03, 1.49393E-03, 1.26910E-04, 1.24500E-04, 7.79169E-05, 1.49393E-03
119, 1.78816E-03, 3.37127E-03, 2.01297E-03, 1.48409E-03, 1.28103E-04, 1.24293E-04, 7.79625E-05, 1.48409E-03
120, 1.75925E-03, 3.42997E-03, 2.07893E-03, 1.46642E-03, 1.29311E-04, 1.24075E-04, 7.80178E-05, 1.46642E-03
121, 1.77636E-03, 3.46716E-03, 2.13748E-03, 1.46463E-03, 1.30532E-04, 1.23833E-04, 7.80525E-05, 1.46463E-03
122, 1.79476E-03, 3.48231E-03, 2.18770E-03, 1.51564E-03, 1.31787E-04, 1.23576E-04, 7.80663E-05, 1.51564E-03
123, 1.81678E-03, 3.49219E-03, 2.25639E-03, 1.55952E-03, 1.33053E-04, 1.23314E-04, 7.80591E-05, 1.55952E-03
124, 1.84820E-03, 3.54770E-03, 2.33283E-03, 1.59506E-03, 1.34317E-04, 1.23021E-04, 7.80353E-05, 1.59506E-03
125, 1.87065E-03, 3.58037E-03, 2.40050E-03, 1.62184E-03, 1.35582E-04, 1.22719E-04, 7.80075E-05, 1.62184E-03
126, 1.90278E-03, 3.58964E-03, 2.45833E-03, 1.65985E-03, 1.36848E-04, 1.22392E-04, 7.79575E-05, 1.65985E-03
127, 1.94372E-03, 3.57529E-03, 2.50534E-03, 1.70063E-03, 1.38107E-04, 1.22056E-04, 7.78752E-05, 1.70063E-03
128, 1.97586E-03, 3.60274E-03, 2.56999E-03, 1.73179E-03, 1.39347E-04, 1.21718E-04, 7.77769E-05, 1.73179E-03
129, 1.99796E-03, 3.63871E-03, 2.65076E-03, 1.75289E-03, 1.40585E-04, 1.21356E-04, 7.76745E-05, 1.75289E-03
130, 2.01808E-03, 3.65046E-03, 2.72036E-03, 1.77404E-03, 1.41816E-04, 1.20978E-04, 7.75790E-05, 1.77404E-03
131, 2.06312E-03, 3.63762E-03, 2.77759E-03, 1.81187E-03, 1.43032E-04, 1.20578E-04, 7.74760E-05, 1.81187E-03
132, 2.09857E-03, 3.60023E-03, 2.82137E-03, 1.83888E-03, 1.44224E-04, 1.20140E-04, 7.73740E-05, 1.83888E-03
133, 2.12308E-03, 3.64323E-03, 2.86727E-03, 1.85465E-03, 1.45373E-04, 1.19678E-04, 7.72487E-05, 1.85465E-03
134, 2.13538E-03, 3.66609E-03, 2.95367E-03, 1.85894E-03, 1.46485E-04, 1.19201E-04, 7.70943E-05, 1.85894E-03
135, 2.16350E-03, 3.66398E-03, 3.02657E-03, 1.89039E-03, 1.47582E-04, 1.18708E-04, 7.69237E-05, 1.89039E-03
136, 2.20580E-03, 3.70360E-03, 3.08461E-03, 1.91454E-03, 1.48701E-04, 1.18186E-04, 7.67538E-05, 1.91454E-03
137, 2.23664E-03, 3.72435E-03, 3.12664E-03, 1.92643E-03, 1.49768E-04, 1.17649E-04, 7.65950E-05, 1.92643E-03
138, 2.25460E-03, 3.71849E-03, 3.15163E-03, 1.92582E-03, 1.50790E-04, 1.17115E-04, 7.64637E-05, 1.92582E-03
139, 2.25843E-03, 3.70021E-03, 3.22515E-03, 1.93452E-03, 1.51775E-04, 1.16579E-04, 7.63170E-05, 1.93452E-03
140, 2.28173E-03, 3.75347E-03, 3.30398E-03, 1.95815E-03, 1.52717E-04, 1.16026E-04, 7.61640E-05, 1.95815E-03
141, 2.32331E-03, 3.77901E-03, 3.36579E-03, 1.96869E-03, 1.53662E-04, 1.15462E-04, 7.60178E-05, 1.96869E-03
142, 2.35191E-03, 3.77687E-03, 3.40926E-03, 1.96590E-03, 1.54559E-04, 1.14895E-04, 7.58647E-05, 1.96590E-03
143, 2.36611E-03, 3.74757E-03, 3.43330E-03, 1.94976E-03, 1.55406E-04, 1.14318E-04, 7.57177E-05, 1.94976E-03
144, 2.36462E-03, 3.73441E-03, 3.44574E-03, 1.96868E-03, 1.56202E-04, 1.13735E-04, 7.55757E-05, 1.96868E-03
145, 2.36267E-03, 3.77352E-03, 3.53419E-03, 1.98138E-03, 1.56973E-04, 1.13151E-04, 7.54453E-05, 1.98138E-03
146, 2.40659E-03, 3.78447E-03, 3.60402E-03, 1.98013E-03, 1.57727E-04, 1.12575E-04, 7.53502E-05, 1.98013E-03
147, 2.43655E-03, 3.76752E-03, 3.65375E-03, 1.96488E-03, 1.58434E-04, 1.12007E-04, 7.52517E-05, 1.96488E-03
148, 2.45111E-03, 3.72339E-03, 3.68214E-03, 1.94335E-03, 1.59085E-04, 1.11434E-04, 7.51591E-05, 1.94335E-03
149, 2.44897E-03, 3.70242E-03, 3.68825E-03, 1.96230E-03, 1.59682E-04, 1.10838E-04, 7.50802E-05, 1.96230E-03
150, 2.44983E-03, 3.73480E-03, 3.69596E-03, 1.96702E-03, 1.60244E-04, 1.10238E-04, 7.50006E-05, 1.96702E-03
151, 2.50191E-03, 3.73920E-03, 3.77877E-03, 1.95733E-03, 1.60783E-04, 1.09654E-04, 7.49258E-05, 1.95733E-03
152, 2.54595E-03, 3.71598E-03, 3.84054E-03, 1.93333E-03, 1.61280E-04, 1.09078E-04, 7.48575E-05, 1.93333E-03
153, 2.61405E-03, 3.66594E-03, 3.87983E-03, 1.90655E-03, 1.61732E-04, 1.08515E-04, 7.47980E-05, 1.90655E-03
154, 2.67352E-03, 3.61787E-03, 3.89550E-03, 1.92179E-03, 1.62143E-04, 1.07976E-04, 7.47448E-05, 1.92179E-03
155, 2.72443E-03, 3.65054E-03, 3.88676E-03, 1.92260E-03, 1.62511E-04, 1.07441E-04, 7.47021E-05, 1.92260E-03
156, 2.76688E-03, 3.65596E-03, 3.86747E-03, 1.90887E-03, 1.62844E-04, 1.06905E-04, 7.46677E-05, 1.90887E-03
157, 2.80106E-03, 3.63445E-03, 3.94688E-03, 1.88078E-03, 1.63144E-04, 1.06379E-04, 7.46415E-05, 1.88078E-03
158, 2.84745E-03, 3.58675E-03, 4.00373E-03, 1.83880E-03, 1.63392E-04, 1.05860E-04, 7.46143E-05, 1.83880E-03
159, 2.89953E-03, 3.51406E-03, 4.03661E-03, 1.85266E-03, 1.63616E-04, 1.05350E-04, 7.45927E-05, 1.85266E-03
160, 2.94296E-03, 3.52870E-03, 4.04448E-03, 1.85411E-03, 1.63843E-04, 1.04830E-04, 7.45713E-05, 1.85411E-03
161, 2.97790E-03, 3.54142E-03, 4.02666E-03, 1.84119E-03, 1.64045E-04, 1.04311E-04, 7.45539E-05, 1.84119E-03
162, 3.00455E-03, 3.52825E-03, 3.98291E-03, 1.81408E-03, 1.64205E-04, 1.03801E-04, 7.45540E-05, 1.81408E-03
163, 3.02906E-03, 3.48979E-03, 4.02989E-03, 1.77325E-03, 1.64336E-04, 1.03300E-04, 7.45584E-05, 1.77325E-03
164, 3.07640E-03, 3.42707E-03, 4.08647E-03, 1.75848E-03, 1.64451E-04, 1.02794E-04, 7.45837E-05, 1.75848E-03
165, 3.11503E-03, 3.37322E-03, 4.11860E-03, 1.76495E-03, 1.64560E-04, 1.02285E-04, 7.46003E-05, 1.76495E-03
166, 3.14513E-03, 3.39769E-03, 4.12526E-03, 1.75749E-03, 1.64652E-04, 1.01793E-04, 7.46137E-05, 1.75749E-03
167, 3.16692E-03, 3.39771E-03, 4.10581E-03, 1.73621E-03, 1.64741E-04, 1.01311E-04, 7.46262E-05, 1.73621E-03
168, 3.18067E-03, 3.37363E-03, 4.06007E-03, 1.70147E-03, 1.64810E-04, 1.00840E-04, 7.46596E-05, 1.70147E-03
169, 3.21023E-03, 3.32619E-03, 4.02235E-03, 1.65393E-03, 1.64873E-04, 1.00373E-04, 7.46992E-05, 1.65393E-03
170, 3.24723E-03, 3.25653E-03, 4.08375E-03, 1.65604E-03, 1.64914E-04, 9.99144E-05, 7.47147E-05, 1.65604E-03
171, 3.27560E-03, 3.22526E-03, 4.12120E-03, 1.65790E-03, 1.64947E-04, 9.94534E-05, 7.47155E-05, 1.65790E-03
172, 3.29556E-03, 3.24133E-03, 4.13363E-03, 1.64654E-03, 1.64962E-04, 9.89980E-05, 7.47293E-05, 1.64654E-03
173, 3.30738E-03, 3.23478E-03, 4.12039E-03, 1.62214E-03, 1.65021E-04, 9.85673E-05, 7.47758E-05, 1.62214E-03
174, 3.31138E-03, 3.20607E-03, 4.08124E-03, 1.58517E-03, 1.65110E-04, 9.81406E-05, 7.48190E-05, 1.58517E-03
175, 3.34070E-03, 3.15600E-03, 4.01638E-03, 1.53635E-03, 1.65161E-04, 9.77384E-05, 7.48482E-05, 1.53635E-03
176, 3.37090E-03, 3.08568E-03, 3.99342E-03, 1.54093E-03, 1.65181E-04, 9.73357E-05, 7.48687E-05, 1.54093E-03
177, 3.39249E-03, 3.05748E-03, 4.04140E-03, 1.54231E-03, 1.65168E-04, 9.69429E-05, 7.49075E-05, 1.54231E-03
178, 3.40574E-03, 3.06975E-03, 4.06569E-03, 1.53134E-03, 1.65138E-04, 9.65636E-05, 7.49600E-05, 1.53134E-03
179, 3.41561E-03, 3.06137E-03, 4.06552E-03, 1.50823E-03, 1.65091E-04, 9.61952E-05, 7.50053E-05, 1.50823E-03
180, 3.43178E-03, 3.03275E-03, 4.04049E-03, 1.47342E-03, 1.65041E-04, 9.58382E-05, 7.50283E-05, 1.47342E-03
181, 3.43795E-03, 2.98465E-03, 3.99064E-03, 1.42763E-03, 1.64976E-04, 9.55059E-05, 7.50459E-05, 1.42763E-03
182, 3.48103E-03, 2.91815E-03, 3.91642E-03, 1.42095E-03, 1.64896E-04, 9.51896E-05, 7.50745E-05, 1.42095E-03
183, 3.51813E-03, 2.87717E-03, 3.87966E-03, 1.42496E-03, 1.64778E-04, 9.48864E-05, 7.51061E-05, 1.42496E-03
184, 3.54399E-03, 2.88906E-03, 3.91985E-03, 1.41759E-03, 1.64657E-04, 9.46087E-05, 7.51245E-05, 1.41759E-03
185, 3.55895E-03, 2.88219E-03, 3.93748E-03, 1.39898E-03, 1.64512E-04, 9.43565E-05, 7.51328E-05, 1.39898E-03
186, 3.56343E-03, 2.85695E-03, 3.93196E-03, 1.36951E-03, 1.64325E-04, 9.41212E-05, 7.51487E-05, 1.36951E-03
187, 3.55788E-03, 2.81398E-03, 3.90306E-03, 1.32978E-03, 1.64133E-04, 9.39038E-05, 7.51776E-05, 1.32978E-03
188, 3.58932E-03, 2.75423E-03, 3.85095E-03, 1.30115E-03, 1.63930E-04, 9.36985E-05, 7.52063E-05, 1.30115E-03
189, 3.61983E-03, 2.68852E-03, 3.77618E-03, 1.30973E-03, 1.63694E-04, 9.35030E-05, 7.52205E-05, 1.30973E-03
190, 3.63890E-03, 2.70239E-03, 3.69986E-03, 1.30793E-03, 1.63438E-04, 9.33174E-05, 7.52226E-05, 1.30793E-03
191, 3.64684E-03, 2.69936E-03, 3.73722E-03, 1.29580E-03, 1.63147E-04, 9.31342E-05, 7.52075E-05, 1.29580E-03
192, 3.64403E-03, 2.67970E-03, 3.75368E-03, 1.27359E-03, 1.62807E-04, 9.29675E-05, 7.52006E-05, 1.27359E-03
193, 3.63088E-03, 2.64392E-03, 3.74874E-03, 1.24176E-03, 1.62466E-04, 9.28128E-05, 7.52018E-05, 1.24176E-03
194, 3.63009E-03, 2.59281E-03, 3.72224E-03, 1.20095E-03, 1.62136E-04, 9.26677E-05, 7.52013E-05, 1.20095E-03
195, 3.65971E-03, 2.52736E-03, 3.67438E-03, 1.19908E-03, 1.61789E-04, 9.25167E-05, 7.51925E-05, 1.19908E-03
196, 3.67755E-03, 2.51145E-03, 3.60570E-03, 1.20374E-03, 1.61406E-04, 9.23583E-05, 7.51976E-05, 1.20374E-03
197, 3.68384E-03, 2.51379E-03, 3.51708E-03, 1.19900E-03, 1.60969E-04, 9.22051E-05, 7.51977E-05, 1.19900E-03
198, 3.67887E-03, 2.50116E-03, 3.51127E-03, 1.18494E-03, 1.60511E-04, 9.20629E-05, 7.51831E-05, 1.18494E-03
199, 3.66299E-03, 2.47393E-03, 3.53026E-03, 1.16187E-03, 1.60065E-04, 9.19241E-05, 7.51801E-05, 1.16187E-03
200, 3.63664E-03, 2.43268E-03, 3.52981E-03, 1.13025E-03, 1.59625E-04, 9.17861E-05, 7.51734E-05, 1.13025E-03
201, 3.63263E-03, 2.37824E-03, 3.50976E-03, 1.09522E-03, 1.59149E-04, 9.16478E-05, 7.51814E-05, 1.09522E-03
202, 3.65538E-03, 2.31696E-03, 3.47025E-03, 1.10639E-03, 1.58652E-04, 9.15215E-05, 7.51956E-05, 1.10639E-03
203, 3.66612E-03, 2.32565E-03, 3.41174E-03, 1.10914E-03, 1.58185E-04, 9.13916E-05, 7.52054E-05, 1.10914E-03
204, 3.66502E-03, 2.32100E-03, 3.33498E-03, 1.10340E-03, 1.57709E-04, 9.12581E-05, 7.52156E-05, 1.10340E-03
205, 3.65230E-03, 2.30320E-03, 3.25667E-03, 1.08929E-03, 1.57242E-04, 9.11358E-05, 7.52356E-05, 1.08929E-03
206, 3.62832E-03, 2.27266E-03, 3.27990E-03, 1.06710E-03, 1.56776E-04, 9.10221E-05, 7.52610E-05, 1.06710E-03
207, 3.59347E-03, 2.22998E-03, 3.28568E-03, 1.03727E-03, 1.56294E-04, 9.09016E-05, 7.52780E-05, 1.03727E-03
208, 3.55496E-03, 2.17592E-03, 3.27383E-03, 1.01871E-03, 1.55831E-04, 9.07697E-05, 7.52806E-05, 1.01871E-03
209, 3.57641E-03, 2.13658E-03, 3.24442E-03, 1.02860E-03, 1.55379E-04, 9.06401E-05, 7.52779E-05, 1.02860E-03
210, 3.58565E-03, 2.14045E-03, 3.19778E-03, 1.03092E-03, 1.54921E-04, 9.05101E-05, 7.52889E-05, 1.03092E-03
211, 3.58275E-03, 2.13264E-03, 3.13449E-03, 1.02562E-03, 1.54470E-04, 9.03739E-05, 7.53026E-05, 1.02562E-03
212, 3.56786E-03, 2.11337E-03, 3.05540E-03, 1.01280E-03, 1.54033E-04, 9.02330E-05, 7.53360E-05, 1.01280E-03
213, 3.54126E-03, 2.08302E-03, 3.01354E-03, 9.92715E-04, 1.53602E-04, 9.00869E-05, 7.53654E-05, 9.92715E-04
214, 3.50332E-03, 2.04213E-03, 3.02555E-03, 9.65751E-04, 1.53194E-04, 8.99345E-05, 7.53842E-05, 9.65751E-04
215, 3.45450E-03, 1.99140E-03, 3.02186E-03, 9.61746E-04, 1.52817E-04, 8.97760E-05, 7.53957E-05, 9.61746E-04
216, 3.41288E-03, 1.95635E-03, 3.00245E-03, 9.71667E-04, 1.52455E-04, 8.96059E-05, 7.54062E-05, 9.71667E-04
217, 3.42590E-03, 1.95848E-03, 2.96752E-03, 9.74822E-04, 1.52079E-04, 8.94290E-05, 7.54222E-05, 9.74822E-04
218, 3.42676E-03, 1.95050E-03, 2.91751E-03, 9.71152E-04, 1.51721E-04, 8.92424E-05, 7.54405E-05, 9.71152E-04
219, 3.41551E-03, 1.93257E-03, 2.85306E-03, 9.60731E-04, 1.51367E-04, 8.90550E-05, 7.54667E-05, 9.60731E-04
220, 3.39229E-03, 1.90502E-03, 2.77501E-03, 9.43758E-04, 1.51000E-04, 8.88655E-05, 7.54997E-05, 9.43758E-04
221, 3.35738E-03, 1.86831E-03, 2.75282E-03, 9.20557E-04, 1.50632E-04, 8.86626E-05, 7.55137E-05, 9.20557E-04
222, 3.31115E-03, 1.82303E-03, 2.75594E-03, 9.32236E-04, 1.50278E-04, 8.84354E-05, 7.55239E-05, 9.32236E-04
223, 3.25409E-03, 1.78671E-03, 2.74518E-03, 9.43244E-04, 1.49931E-04, 8.82060E-05, 7.55265E-05, 9.43244E-04
224, 3.18675E-03, 1.78955E-03, 2.72061E-03, 9.48229E-04, 1.49553E-04, 8.79744E-05, 7.55231E-05, 9.48229E-04
225, 3.17092E-03, 1.78366E-03, 2.68252E-03, 9.47114E-04, 1.49177E-04, 8.77208E-05, 7.55202E-05, 9.47114E-04
226, 3.16828E-03, 1.76916E-03, 2.63137E-03, 9.39933E-04, 1.48783E-04, 8.74670E-05, 7.55106E-05, 9.39933E-04
227, 3.15400E-03, 1.74629E-03, 2.56779E-03, 9.26828E-04, 1.48402E-04, 8.72160E-05, 7.55175E-05, 9.26828E-04
228, 3.12818E-03, 1.71541E-03, 2.51763E-03, 9.21114E-04, 1.48034E-04, 8.69684E-05, 7.55472E-05, 9.21114E-04
229, 3.09103E-03, 1.67696E-03, 2.50354E-03, 9.38758E-04, 1.47656E-04, 8.67194E-05, 7.55582E-05, 9.38758E-04
230, 3.04289E-03, 1.63152E-03, 2.52742E-03, 9.51216E-04, 1.47272E-04, 8.64539E-05, 7.55657E-05, 9.51216E-04
231, 2.98420E-03, 1.60690E-03, 2.54808E-03, 9.58309E-04, 1.46868E-04, 8.61797E-05, 7.55742E-05, 9.58309E-04
232, 2.91549E-03, 1.60414E-03, 2.56121E-03, 9.59938E-04, 1.46466E-04, 8.59008E-05, 7.55706E-05, 9.59938E-04
233, 2.83737E-03, 1.59405E-03, 2.56684E-03, 9.56097E-04, 1.46030E-04, 8.56157E-05, 7.55660E-05, 9.56097E-04
234, 2.80283E-03, 1.60367E-03, 2.56506E-03, 9.84462E-04, 1.45605E-04, 8.53266E-05, 7.55749E-05, 9.84462E-04
235, 2.79020E-03, 1.61740E-03, 2.55601E-03, 1.01291E-03, 1.45159E-04, 8.50325E-05, 7.55849E-05, 1.01291E-03
236, 2.77727E-03, 1.63119E-03, 2.54006E-03, 1.03949E-03, 1.44711E-04, 8.47317E-05, 7.55993E-05, 1.03949E-03
237, 2.78670E-03, 1.64502E-03, 2.55211E-03, 1.06952E-03, 1.44247E-04, 8.44227E-05, 7.56217E-05, 1.06952E-03
238, 2.83317E-03, 1.65887E-03, 2.55812E-03, 1.09709E-03, 1.43774E-04, 8.41243E-05, 7.56442E-05, 1.09709E-03
239, 2.86893E-03, 1.67266E-03, 2.55826E-03, 1.12197E-03, 1.43290E-04, 8.38335E-05, 7.56540E-05, 1.12197E-03
240, 2.90056E-03, 1.68629E-03, 2.55388E-03, 1.14393E-03, 1.42790E-04, 8.35361E-05, 7.56641E-05, 1.14393E-03
241, 2.92639E-03, 1.69963E-03, 2.55478E-03, 1.16275E-03, 1.42273E-04, 8.32326E-05, 7.56718E-05, 1.16275E-03
242, 2.94201E-03, 1.71248E-03, 2.54833E-03, 1.17823E-03, 1.41747E-04, 8.29293E-05, 7.56807E-05, 1.17823E-03
243, 2.94668E-03, 1.72462E-03, 2.53470E-03, 1.20018E-03, 1.41225E-04, 8.26350E-05, 7.56846E-05, 1.20018E-03
244, 2.93977E-03, 1.73576E-03, 2.53387E-03, 1.22903E-03, 1.40680E-04, 8.23540E-05, 7.57053E-05, 1.22903E-03
245, 2.98750E-03, 1.74558E-03, 2.54734E-03, 1.25375E-03, 1.40124E-04, 8.20770E-05, 7.57285E-05, 1.25375E-03
246, 3.05737E-03, 1.75376E-03, 2.55476E-03, 1.27395E-03, 1.39548E-04, 8.18095E-05, 7.57539E-05, 1.27395E-03
247, 3.12500E-03, 1.76607E-03, 2.55630E-03, 1.28928E-03, 1.38942E-04, 8.15582E-05, 7.57711E-05, 1.28928E-03
248, 3.19013E-03, 1.77458E-03, 2.55215E-03, 1.29944E-03, 1.38334E-04, 8.13084E-05, 7.57801E-05, 1.29944E-03
249, 3.25251E-03, 1.77870E-03, 2.54251E-03, 1.30417E-03, 1.37702E-04, 8.10627E-05, 7.57772E-05, 1.30417E-03
250, 3.31186E-03, 1.77785E-03, 2.52763E-03, 1.30326E-03, 1.37074E-04, 8.08314E-05, 7.57797E-05, 1.30326E-03
