time_step, rel_err_u, rel_err_v, rel_err_w, rel_err_p
0, 0.00000E+00, 0.00000E+00, 0.00000E+00, 0.00000E+00
1, 2.38167E-04, 1.44557E-04, 1.04984E-04, 3.27008E-03
2, 4.71186E-04, 2.95744E-04, 2.05256E-04, 2.85390E-03
3, 6.98218E-04, 4.52234E-04, 2.98527E-04, 2.58840E-03
4, 9.19024E-04, 6.11832E-04, 3.84024E-04, 1.75934E-03
5, 1.14203E-03, 7.75280E-04, 4.62401E-04, 1.35075E-03
6, 1.36328E-03, 9.38395E-04, 5.35124E-04, 1.23298E-03
7, 1.58098E-03, 1.09982E-03, 6.06058E-04, 1.07824E-03
8, 1.80612E-03, 1.25863E-03, 6.91661E-04, 9.72107E-04
9, 2.05237E-03, 1.41421E-03, 7.78588E-04, 8.58634E-04
10, 2.30191E-03, 1.56617E-03, 8.66641E-04, 7.31388E-04
11, 2.55337E-03, 1.71424E-03, 9.55098E-04, 7.89607E-04
12, 2.80515E-03, 1.85827E-03, 1.04299E-03, 9.10832E-04
13, 3.05549E-03, 1.99811E-03, 1.12935E-03, 9.23404E-04
14, 3.30258E-03, 2.17010E-03, 1.21332E-03, 8.33634E-04
15, 3.54475E-03, 2.34815E-03, 1.29422E-03, 6.64543E-04
16, 3.78061E-03, 2.52711E-03, 1.37152E-03, 5.85423E-04
17, 4.02587E-03, 2.70658E-03, 1.44476E-03, 5.66052E-04
18, 4.31171E-03, 2.88621E-03, 1.51349E-03, 6.78825E-04
19, 4.59613E-03, 3.06563E-03, 1.57729E-03, 7.45806E-04
20, 4.87828E-03, 3.24447E-03, 1.63573E-03, 7.63228E-04
21, 5.15731E-03, 3.42232E-03, 1.68839E-03, 7.31905E-04
22, 5.43231E-03, 3.59871E-03, 1.73486E-03, 6.56410E-04
23, 5.70229E-03, 3.77316E-03, 1.80372E-03, 5.47544E-04
24, 6.04700E-03, 3.94514E-03, 1.88047E-03, 5.20682E-04
25, 6.40872E-03, 4.11410E-03, 1.95307E-03, 4.50232E-04
26, 6.76844E-03, 4.27948E-03, 2.02105E-03, 3.51240E-04
27, 7.12436E-03, 4.44076E-03, 2.08398E-03, 3.60741E-04
28, 7.47474E-03, 4.59742E-03, 2.14145E-03, 3.65725E-04
29, 7.81790E-03, 4.74899E-03, 2.19309E-03, 3.67008E-04
30, 8.15225E-03, 4.89505E-03, 2.23855E-03, 4.76568E-04
31, 8.47627E-03, 5.03520E-03, 2.27746E-03, 5.57223E-04
32, 8.78857E-03, 5.16910E-03, 2.32106E-03, 6.05850E-04
33, 9.08784E-03, 5.29642E-03, 2.40289E-03, 6.20900E-04
34, 9.37287E-03, 5.41687E-03, 2.48061E-03, 6.02466E-04
35, 9.64255E-03, 5.53018E-03, 2.55388E-03, 5.52334E-04
36, 9.93486E-03, 5.63608E-03, 2.62237E-03, 4.73969E-04
37, 1.03385E-02, 5.78431E-03, 2.68581E-03, 3.72400E-04
38, 1.07403E-02, 5.98976E-03, 2.74505E-03, 3.23697E-04
39, 1.11391E-02, 6.19317E-03, 2.80669E-03, 3.30491E-04
40, 1.15336E-02, 6.39408E-03, 2.88790E-03, 3.30218E-04
41, 1.20495E-02, 6.59201E-03, 2.96328E-03, 3.24069E-04
42, 1.26038E-02, 6.78650E-03, 3.03216E-03, 3.12024E-04
43, 1.31618E-02, 6.97706E-03, 3.09403E-03, 3.27671E-04
44, 1.37221E-02, 7.16322E-03, 3.14840E-03, 3.94259E-04
45, 1.42834E-02, 7.34453E-03, 3.22922E-03, 4.34070E-04
46, 1.48442E-02, 7.52052E-03, 3.31332E-03, 4.46339E-04
47, 1.54032E-02, 7.69075E-03, 3.39352E-03, 4.32255E-04
48, 1.59590E-02, 7.85482E-03, 3.50448E-03, 3.94777E-04
49, 1.65101E-02, 8.01230E-03, 3.63235E-03, 3.38320E-04
50, 1.70552E-02, 8.16279E-03, 3.78394E-03, 2.68339E-04
51, 1.75929E-02, 8.30591E-03, 3.96787E-03, 2.65398E-04
52, 1.81217E-02, 8.44128E-03, 4.15399E-03, 2.81901E-04
53, 1.86402E-02, 8.56853E-03, 4.34185E-03, 2.97513E-04
54, 1.91469E-02, 8.68732E-03, 4.53097E-03, 3.24592E-04
55, 1.96404E-02, 8.79729E-03, 4.72082E-03, 3.49974E-04
56, 2.01191E-02, 8.89813E-03, 4.91089E-03, 3.70239E-04
57, 2.05815E-02, 8.98952E-03, 5.10062E-03, 3.84798E-04
58, 2.10260E-02, 9.07116E-03, 5.28947E-03, 3.93457E-04
59, 2.14511E-02, 9.14280E-03, 5.47684E-03, 3.96371E-04
60, 2.18551E-02, 9.20419E-03, 5.66215E-03, 3.93973E-04
61, 2.22365E-02, 9.26491E-03, 5.84478E-03, 3.86882E-04
62, 2.25936E-02, 9.33739E-03, 6.02410E-03, 3.75817E-04
63, 2.31869E-02, 9.42463E-03, 6.19944E-03, 3.61513E-04
64, 2.38307E-02, 9.61627E-03, 6.37014E-03, 3.50909E-04
65, 2.44604E-02, 9.81512E-03, 6.53550E-03, 3.41341E-04
66, 2.50740E-02, 1.00082E-02, 6.69482E-03, 3.30109E-04
67, 2.56695E-02, 1.01951E-02, 6.84740E-03, 3.17507E-04
68, 2.62449E-02, 1.03756E-02, 6.99252E-03, 3.03793E-04
69, 2.67984E-02, 1.05493E-02, 7.12948E-03, 2.89222E-04
70, 2.73279E-02, 1.07158E-02, 7.25759E-03, 2.74057E-04
71, 2.78314E-02, 1.08749E-02, 7.37616E-03, 2.64361E-04
72, 2.83071E-02, 1.10263E-02, 7.48452E-03, 2.55268E-04
73, 2.87531E-02, 1.11697E-02, 7.58202E-03, 2.46051E-04
74, 2.91674E-02, 1.13048E-02, 7.66803E-03, 2.37688E-04
75, 2.95483E-02, 1.14313E-02, 7.74194E-03, 2.45983E-04
76, 2.98940E-02, 1.15490E-02, 7.93167E-03, 2.51742E-04
77, 3.02026E-02, 1.16577E-02, 8.25032E-03, 2.55148E-04
78, 3.04724E-02, 1.17570E-02, 8.56727E-03, 2.56424E-04
79, 3.07019E-02, 1.18468E-02, 8.88164E-03, 2.55819E-04
80, 3.08893E-02, 1.19269E-02, 9.19254E-03, 2.55410E-04
81, 3.10331E-02, 1.19970E-02, 9.49903E-03, 2.59991E-04
82, 3.11317E-02, 1.20569E-02, 9.80017E-03, 2.60994E-04
83, 3.11839E-02, 1.21065E-02, 1.00950E-02, 2.58477E-04
84, 3.14673E-02, 1.21455E-02, 1.03825E-02, 2.52619E-04
85, 3.19489E-02, 1.21740E-02, 1.06618E-02, 2.43720E-04
86, 3.23965E-02, 1.22380E-02, 1.09319E-02, 2.43470E-04
87, 3.28078E-02, 1.23021E-02, 1.11917E-02, 2.43905E-04
88, 3.31810E-02, 1.23561E-02, 1.14402E-02, 2.42032E-04
89, 3.35138E-02, 1.25024E-02, 1.16766E-02, 2.40012E-04
90, 3.38042E-02, 1.26442E-02, 1.18998E-02, 2.37046E-04
91, 3.40504E-02, 1.27766E-02, 1.21088E-02, 2.38447E-04
92, 3.42503E-02, 1.29390E-02, 1.23028E-02, 2.49675E-04
93, 3.44021E-02, 1.30933E-02, 1.24807E-02, 2.59821E-04
94, 3.45041E-02, 1.32777E-02, 1.26417E-02, 2.68652E-04
95, 3.45545E-02, 1.37332E-02, 1.27849E-02, 2.75977E-04
96, 3.45518E-02, 1.41912E-02, 1.29093E-02, 2.82877E-04
97, 3.44944E-02, 1.46512E-02, 1.30142E-02, 2.88589E-04
98, 3.43809E-02, 1.51128E-02, 1.30987E-02, 2.93496E-04
99, 3.42100E-02, 1.55758E-02, 1.31621E-02, 2.97290E-04
100, 3.45171E-02, 1.60395E-02, 1.32036E-02, 2.99024E-04
101, 3.54271E-02, 1.65038E-02, 1.32226E-02, 2.98758E-04
102, 3.62948E-02, 1.69680E-02, 1.32183E-02, 2.96608E-04
103, 3.71182E-02, 1.74319E-02, 1.31902E-02, 2.92732E-04
104, 3.78952E-02, 1.78949E-02, 1.31377E-02, 2.87322E-04
105, 3.86238E-02, 1.83568E-02, 1.36051E-02, 2.80588E-04
106, 3.93021E-02, 1.88169E-02, 1.40762E-02, 2.72749E-04
107, 3.99285E-02, 1.92750E-02, 1.45430E-02, 2.64031E-04
108, 4.05014E-02, 1.97306E-02, 1.50048E-02, 2.59239E-04
109, 4.10194E-02, 2.02005E-02, 1.54603E-02, 2.54481E-04
110, 4.14953E-02, 2.07078E-02, 1.59087E-02, 2.54015E-04
111, 4.26170E-02, 2.12132E-02, 1.63488E-02, 2.53270E-04
112, 4.36911E-02, 2.17159E-02, 1.67796E-02, 2.52160E-04
113, 4.47147E-02, 2.22156E-02, 1.72002E-02, 2.50571E-04
114, 4.56851E-02, 2.27118E-02, 1.76094E-02, 2.48377E-04
115, 4.66000E-02, 2.32039E-02, 1.80062E-02, 2.45448E-04
116, 4.74568E-02, 2.36916E-02, 1.83897E-02, 2.41669E-04
117, 4.82534E-02, 2.41744E-02, 1.87587E-02, 2.43775E-04
118, 4.89878E-02, 2.46517E-02, 1.91123E-02, 2.48559E-04
119, 4.96579E-02, 2.51231E-02, 1.94496E-02, 2.52558E-04
120, 5.02621E-02, 2.55882E-02, 1.97695E-02, 2.55697E-04
121, 5.07988E-02, 2.60465E-02, 2.00710E-02, 2.57923E-04
122, 5.12666E-02, 2.64974E-02, 2.03534E-02, 2.62518E-04
123, 5.16642E-02, 2.69407E-02, 2.06157E-02, 2.69307E-04
124, 5.19907E-02, 2.73759E-02, 2.08570E-02, 2.75211E-04
125, 5.22451E-02, 2.78024E-02, 2.10766E-02, 2.80254E-04
126, 5.24267E-02, 2.82200E-02, 2.12735E-02, 2.84467E-04
127, 5.25350E-02, 2.86282E-02, 2.14472E-02, 2.87891E-04
128, 5.25696E-02, 2.90266E-02, 2.15968E-02, 2.90571E-04
129, 5.25304E-02, 2.94149E-02, 2.17218E-02, 2.92555E-04
130, 5.29977E-02, 2.97926E-02, 2.18214E-02, 2.93889E-04
131, 5.36220E-02, 3.01595E-02, 2.18952E-02, 2.94614E-04
132, 5.41729E-02, 3.05151E-02, 2.19426E-02, 2.94766E-04
133, 5.46487E-02, 3.08592E-02, 2.19631E-02, 2.94376E-04
134, 5.50478E-02, 3.11915E-02, 2.19563E-02, 2.93462E-04
135, 5.53685E-02, 3.15116E-02, 2.19219E-02, 2.92035E-04
136, 5.56098E-02, 3.18194E-02, 2.18597E-02, 2.90098E-04
137, 5.57703E-02, 3.21144E-02, 2.17692E-02, 2.87645E-04
138, 5.58493E-02, 3.23966E-02, 2.16504E-02, 2.84663E-04
139, 5.58460E-02, 3.26656E-02, 2.15032E-02, 2.81134E-04
140, 5.57598E-02, 3.29212E-02, 2.13275E-02, 2.83775E-04
141, 5.55905E-02, 3.31634E-02, 2.11232E-02, 2.87424E-04
142, 5.53380E-02, 3.35003E-02, 2.08906E-02, 2.90295E-04
143, 5.50022E-02, 3.38285E-02, 2.06297E-02, 2.92359E-04
144, 5.55352E-02, 3.41430E-02, 2.03407E-02, 2.93594E-04
145, 5.63897E-02, 3.44435E-02, 2.00238E-02, 2.93988E-04
146, 5.71839E-02, 3.47296E-02, 1.96795E-02, 2.93543E-04
147, 5.79158E-02, 3.50010E-02, 1.93080E-02, 2.92271E-04
148, 5.85833E-02, 3.52577E-02, 1.89099E-02, 2.90194E-04
149, 5.91846E-02, 3.54993E-02, 1.84856E-02, 2.91653E-04
150, 5.97179E-02, 3.57256E-02, 1.80357E-02, 2.98707E-04
151, 6.01815E-02, 3.59366E-02, 1.75608E-02, 3.05379E-04
152, 6.05741E-02, 3.61319E-02, 1.70616E-02, 3.11578E-04
153, 6.08942E-02, 3.63115E-02, 1.65387E-02, 3.17218E-04
154, 6.11405E-02, 3.64752E-02, 1.59931E-02, 3.22880E-04
155, 6.13121E-02, 3.66230E-02, 1.54254E-02, 3.28344E-04
156, 6.14080E-02, 3.67548E-02, 1.57551E-02, 3.33067E-04
157, 6.14274E-02, 3.68705E-02, 1.63591E-02, 3.36997E-04
158, 6.13696E-02, 3.69701E-02, 1.69429E-02, 3.40090E-04
159, 6.12341E-02, 3.70536E-02, 1.75054E-02, 3.42314E-04
160, 6.10205E-02, 3.71441E-02, 1.80457E-02, 3.43647E-04
161, 6.07288E-02, 3.73454E-02, 1.85628E-02, 3.44082E-04
162, 6.03586E-02, 3.75295E-02, 1.90558E-02, 3.43620E-04
163, 5.99103E-02, 3.76960E-02, 1.95238E-02, 3.42276E-04
164, 5.93838E-02, 3.78449E-02, 1.99661E-02, 3.40078E-04
165, 5.94050E-02, 3.79760E-02, 2.03819E-02, 3.37061E-04
166, 6.03515E-02, 3.80893E-02, 2.07704E-02, 3.33273E-04
167, 6.12354E-02, 3.81847E-02, 2.11310E-02, 3.28773E-04
168, 6.20562E-02, 3.82620E-02, 2.14631E-02, 3.23625E-04
169, 6.28132E-02, 3.83213E-02, 2.17662E-02, 3.17902E-04
170, 6.35063E-02, 3.83625E-02, 2.20397E-02, 3.11685E-04
171, 6.41352E-02, 3.83858E-02, 2.22832E-02, 3.05057E-04
172, 6.46997E-02, 3.83910E-02, 2.24964E-02, 2.98106E-04
173, 6.51998E-02, 3.83783E-02, 2.26788E-02, 2.90921E-04
174, 6.56358E-02, 3.83478E-02, 2.28303E-02, 2.83589E-04
175, 6.60076E-02, 3.84433E-02, 2.29506E-02, 2.76199E-04
176, 6.63158E-02, 3.86175E-02, 2.30395E-02, 2.70383E-04
177, 6.65608E-02, 3.87748E-02, 2.30970E-02, 2.71704E-04
178, 6.67430E-02, 3.89150E-02, 2.31229E-02, 2.72373E-04
179, 6.71365E-02, 3.90381E-02, 2.31174E-02, 2.72367E-04
180, 6.79457E-02, 3.96713E-02, 2.30804E-02, 2.71668E-04
181, 6.86815E-02, 4.03761E-02, 2.30122E-02, 2.70261E-04
182, 6.93433E-02, 4.10664E-02, 2.29127E-02, 2.68143E-04
183, 6.99306E-02, 4.17413E-02, 2.27823E-02, 2.65314E-04
184, 7.04428E-02, 4.23999E-02, 2.26213E-02, 2.61784E-04
185, 7.08798E-02, 4.30417E-02, 2.24300E-02, 2.57933E-04
186, 7.12415E-02, 4.36659E-02, 2.22087E-02, 2.57326E-04
187, 7.15277E-02, 4.42717E-02, 2.19578E-02, 2.58008E-04
188, 7.17386E-02, 4.48586E-02, 2.16779E-02, 2.57974E-04
189, 7.18746E-02, 4.54258E-02, 2.13695E-02, 2.57267E-04
190, 7.19359E-02, 4.59728E-02, 2.10331E-02, 2.55940E-04
191, 7.19232E-02, 4.64989E-02, 2.06694E-02, 2.54050E-04
192, 7.18369E-02, 4.70037E-02, 2.03233E-02, 2.51663E-04
193, 7.17339E-02, 4.74865E-02, 2.06565E-02, 2.48846E-04
194, 7.31826E-02, 4.79469E-02, 2.09643E-02, 2.45670E-04
195, 7.45760E-02, 4.83845E-02, 2.12461E-02, 2.42207E-04
196, 7.59124E-02, 4.87987E-02, 2.15016E-02, 2.38529E-04
197, 7.71904E-02, 4.91891E-02, 2.17303E-02, 2.34704E-04
198, 7.84086E-02, 4.95555E-02, 2.19319E-02, 2.30799E-04
199, 7.95656E-02, 4.98974E-02, 2.21059E-02, 2.32274E-04
200, 8.06603E-02, 5.02146E-02, 2.22522E-02, 2.40716E-04
201, 8.16916E-02, 5.05067E-02, 2.23706E-02, 2.48779E-04
202, 8.26585E-02, 5.07736E-02, 2.24609E-02, 2.56392E-04
203, 8.35601E-02, 5.10151E-02, 2.25229E-02, 2.63488E-04
204, 8.43957E-02, 5.12309E-02, 2.25567E-02, 2.70003E-04
205, 8.51645E-02, 5.14210E-02, 2.25623E-02, 2.75882E-04
206, 8.58660E-02, 5.15852E-02, 2.25396E-02, 2.81075E-04
207, 8.64997E-02, 5.17235E-02, 2.24889E-02, 2.85545E-04
208, 8.70652E-02, 5.18358E-02, 2.24103E-02, 2.89261E-04
209, 8.75622E-02, 5.19221E-02, 2.23040E-02, 2.92207E-04
210, 8.79905E-02, 5.19824E-02, 2.21702E-02, 2.94375E-04
211, 8.83500E-02, 5.20168E-02, 2.20093E-02, 2.95769E-04
212, 8.86408E-02, 5.20254E-02, 2.18216E-02, 2.96406E-04
213, 8.88629E-02, 5.20083E-02, 2.16075E-02, 2.96310E-04
214, 8.90166E-02, 5.19657E-02, 2.13675E-02, 2.95520E-04
215, 8.91020E-02, 5.18976E-02, 2.11021E-02, 2.94078E-04
216, 8.91197E-02, 5.18043E-02, 2.08118E-02, 2.92039E-04
217, 8.90700E-02, 5.16860E-02, 2.04972E-02, 2.89461E-04
218, 8.89536E-02, 5.15429E-02, 2.01589E-02, 2.86409E-04
219, 8.87710E-02, 5.13754E-02, 1.97976E-02, 2.82952E-04
220, 8.85230E-02, 5.11837E-02, 1.94139E-02, 2.79160E-04
221, 8.82103E-02, 5.09681E-02, 1.90086E-02, 2.75104E-04
222, 8.78339E-02, 5.07290E-02, 1.87368E-02, 2.70856E-04
223, 8.73947E-02, 5.04667E-02, 1.91226E-02, 2.66483E-04
224, 8.68936E-02, 5.01816E-02, 1.94869E-02, 2.62053E-04
225, 8.63319E-02, 4.98740E-02, 1.98292E-02, 2.57625E-04
226, 8.57107E-02, 4.95445E-02, 2.01493E-02, 2.53257E-04
227, 8.50312E-02, 4.91934E-02, 2.04467E-02, 2.48998E-04
228, 8.42946E-02, 4.88211E-02, 2.07213E-02, 2.48457E-04
229, 8.35024E-02, 4.84282E-02, 2.09727E-02, 2.49609E-04
230, 8.26560E-02, 4.80151E-02, 2.12007E-02, 2.50502E-04
231, 8.17567E-02, 4.75822E-02, 2.14052E-02, 2.51100E-04
232, 8.08061E-02, 4.71302E-02, 2.15860E-02, 2.51989E-04
233, 7.98057E-02, 4.66594E-02, 2.17431E-02, 2.53660E-04
234, 7.87572E-02, 4.61705E-02, 2.18764E-02, 2.55081E-04
235, 7.76622E-02, 4.56639E-02, 2.19859E-02, 2.56266E-04
236, 7.65224E-02, 4.51402E-02, 2.20716E-02, 2.58549E-04
237, 7.53394E-02, 4.45999E-02, 2.21336E-02, 2.63815E-04
238, 7.41150E-02, 4.40437E-02, 2.21720E-02, 2.69288E-04
239, 7.28510E-02, 4.34719E-02, 2.21869E-02, 2.74907E-04
240, 7.15491E-02, 4.28853E-02, 2.21786E-02, 2.80602E-04
241, 7.02113E-02, 4.22844E-02, 2.21472E-02, 2.86299E-04
242, 6.88393E-02, 4.16697E-02, 2.20930E-02, 2.91921E-04
243, 6.74350E-02, 4.10419E-02, 2.20162E-02, 2.98025E-04
244, 6.60002E-02, 4.04014E-02, 2.19172E-02, 3.05013E-04
245, 6.57416E-02, 3.97490E-02, 2.17964E-02, 3.11661E-04
246, 6.58578E-02, 3.90852E-02, 2.16540E-02, 3.17887E-04
247, 6.59085E-02, 3.84105E-02, 2.14905E-02, 3.23614E-04
248, 6.58946E-02, 3.77256E-02, 2.13063E-02, 3.28768E-04
249, 6.58168E-02, 3.70310E-02, 2.11019E-02, 3.33281E-04
250, 6.56761E-02, 3.63273E-02, 2.08777E-02, 3.37091E-04
251, 6.54735E-02, 3.63261E-02, 2.06344E-02, 3.40144E-04
252, 6.52099E-02, 3.64279E-02, 2.03723E-02, 3.42395E-04
253, 6.48867E-02, 3.65161E-02, 2.00922E-02, 3.45593E-04
254, 6.45050E-02, 3.65909E-02, 1.97944E-02, 3.49747E-04
255, 6.40662E-02, 3.66522E-02, 1.94798E-02, 3.53157E-04
256, 6.35717E-02, 3.67002E-02, 1.91488E-02, 3.55811E-04
257, 6.30229E-02, 3.67348E-02, 1.88021E-02, 3.58408E-04
258, 6.24213E-02, 3.67562E-02, 1.84403E-02, 3.60650E-04
259, 6.17686E-02, 3.67643E-02, 1.80642E-02, 3.62202E-04
260, 6.10664E-02, 3.67594E-02, 1.76745E-02, 3.63092E-04
261, 6.03164E-02, 3.67415E-02, 1.72717E-02, 3.63351E-04
262, 5.95204E-02, 3.67106E-02, 1.68567E-02, 3.63019E-04
263, 5.86802E-02, 3.66670E-02, 1.64301E-02, 3.62141E-04
264, 5.77977E-02, 3.66106E-02, 1.62003E-02, 3.60765E-04
265, 5.68747E-02, 3.65417E-02, 1.61414E-02, 3.58941E-04
266, 5.59133E-02, 3.64603E-02, 1.60620E-02, 3.56720E-04
267, 5.49154E-02, 3.65854E-02, 1.59625E-02, 3.54152E-04
268, 5.38830E-02, 3.68191E-02, 1.58435E-02, 3.51289E-04
269, 5.28182E-02, 3.70389E-02, 1.57054E-02, 3.48176E-04
270, 5.17230E-02, 3.72448E-02, 1.55488E-02, 3.48053E-04
271, 5.05995E-02, 3.74367E-02, 1.53743E-02, 3.49131E-04
272, 4.94498E-02, 3.76146E-02, 1.51826E-02, 3.50121E-04
273, 4.82761E-02, 3.77785E-02, 1.49742E-02, 3.51037E-04
274, 4.70804E-02, 3.79282E-02, 1.47498E-02, 3.51887E-04
275, 4.58649E-02, 3.80637E-02, 1.45101E-02, 3.52674E-04
276, 4.46318E-02, 3.81852E-02, 1.44008E-02, 3.53394E-04
277, 4.33830E-02, 3.82925E-02, 1.44551E-02, 3.54035E-04
278, 4.21208E-02, 3.83856E-02, 1.44987E-02, 3.54582E-04
279, 4.08473E-02, 3.84646E-02, 1.45314E-02, 3.55013E-04
280, 3.95645E-02, 3.85295E-02, 1.45531E-02, 3.56263E-04
281, 3.82746E-02, 3.85803E-02, 1.45802E-02, 3.58844E-04
282, 3.69795E-02, 3.86170E-02, 1.46504E-02, 3.61347E-04
283, 3.56814E-02, 3.86398E-02, 1.47091E-02, 3.63732E-04
284, 3.43821E-02, 3.86486E-02, 1.47561E-02, 3.65954E-04
285, 3.30838E-02, 3.86435E-02, 1.47914E-02, 3.67967E-04
286, 3.17882E-02, 3.86246E-02, 1.48147E-02, 3.69722E-04
287, 3.14067E-02, 3.85919E-02, 1.48261E-02, 3.71170E-04
288, 3.11426E-02, 3.85456E-02, 1.48256E-02, 3.72261E-04
289, 3.08468E-02, 3.84858E-02, 1.48130E-02, 3.75730E-04
290, 3.05202E-02, 3.84124E-02, 1.47884E-02, 3.79989E-04
291, 3.01640E-02, 3.83258E-02, 1.48085E-02, 3.83789E-04
292, 2.97793E-02, 3.82259E-02, 1.49097E-02, 3.87077E-04
293, 2.95967E-02, 3.81129E-02, 1.50403E-02, 3.89802E-04
294, 2.95860E-02, 3.82977E-02, 1.51612E-02, 3.91916E-04
295, 2.95580E-02, 3.85285E-02, 1.52721E-02, 3.93376E-04
296, 2.95139E-02, 3.87449E-02, 1.53731E-02, 3.94141E-04
297, 2.94547E-02, 3.89467E-02, 1.54638E-02, 3.94176E-04
298, 2.93816E-02, 3.91338E-02, 1.55442E-02, 3.93448E-04
299, 2.92956E-02, 3.93060E-02, 1.56141E-02, 3.94247E-04
300, 2.91978E-02, 3.94635E-02, 1.56733E-02, 3.95889E-04
301, 2.90893E-02, 3.96059E-02, 1.57219E-02, 3.96879E-04
302, 2.89711E-02, 3.97334E-02, 1.57803E-02, 3.97201E-04
303, 2.88443E-02, 3.98459E-02, 1.58767E-02, 3.96840E-04
304, 2.87101E-02, 3.99433E-02, 1.59616E-02, 3.95789E-04
305, 2.85694E-02, 4.00257E-02, 1.60350E-02, 3.94043E-04
306, 2.84232E-02, 4.00929E-02, 1.60967E-02, 3.92498E-04
307, 2.82726E-02, 4.01450E-02, 1.61467E-02, 3.92889E-04
308, 2.83729E-02, 4.01820E-02, 1.61847E-02, 3.92616E-04
309, 2.84913E-02, 4.02039E-02, 1.62107E-02, 3.91677E-04
310, 2.85809E-02, 4.02108E-02, 1.62247E-02, 3.90073E-04
311, 2.86417E-02, 4.02026E-02, 1.62266E-02, 3.87809E-04
312, 2.86736E-02, 4.01795E-02, 1.62522E-02, 3.84889E-04
313, 2.86765E-02, 4.01414E-02, 1.63050E-02, 3.81324E-04
314, 2.86504E-02, 4.00884E-02, 1.63649E-02, 3.77122E-04
315, 2.85954E-02, 4.00207E-02, 1.64256E-02, 3.72295E-04
316, 2.85117E-02, 3.99382E-02, 1.64817E-02, 3.67200E-04
317, 2.85257E-02, 3.98412E-02, 1.65329E-02, 3.68032E-04
318, 2.85784E-02, 3.97296E-02, 1.65793E-02, 3.69997E-04
319, 2.86286E-02, 3.96036E-02, 1.66208E-02, 3.71724E-04
320, 2.86763E-02, 3.94633E-02, 1.66572E-02, 3.73195E-04
321, 2.87215E-02, 3.96707E-02, 1.66884E-02, 3.74397E-04
322, 2.87641E-02, 3.99153E-02, 1.67145E-02, 3.77685E-04
323, 2.88042E-02, 4.01444E-02, 1.67353E-02, 3.81700E-04
324, 2.88417E-02, 4.03579E-02, 1.67508E-02, 3.85476E-04
325, 2.88766E-02, 4.05556E-02, 1.67608E-02, 3.89000E-04
326, 2.89089E-02, 4.07373E-02, 1.67910E-02, 3.92259E-04
327, 2.89386E-02, 4.09030E-02, 1.68765E-02, 3.95243E-04
328, 2.89657E-02, 4.10525E-02, 1.69523E-02, 3.97942E-04
329, 2.89902E-02, 4.11857E-02, 1.70964E-02, 4.00350E-04
330, 2.90121E-02, 4.13024E-02, 1.72369E-02, 4.02459E-04
331, 2.90314E-02, 4.14027E-02, 1.73735E-02, 4.04265E-04
332, 2.90480E-02, 4.14865E-02, 1.75062E-02, 4.05765E-04
333, 2.90620E-02, 4.15536E-02, 1.76348E-02, 4.06955E-04
334, 2.90734E-02, 4.16040E-02, 1.77593E-02, 4.07835E-04
335, 2.90821E-02, 4.16378E-02, 1.78795E-02, 4.08404E-04
336, 2.90881E-02, 4.16548E-02, 1.79953E-02, 4.08662E-04
337, 2.91356E-02, 4.16550E-02, 1.81066E-02, 4.08612E-04
338, 2.93634E-02, 4.16385E-02, 1.82133E-02, 4.08255E-04
339, 2.95899E-02, 4.16053E-02, 1.83153E-02, 4.08686E-04
340, 2.98155E-02, 4.15553E-02, 1.84124E-02, 4.09137E-04
341, 3.00410E-02, 4.14887E-02, 1.85047E-02, 4.09338E-04
342, 3.02668E-02, 4.14054E-02, 1.85919E-02, 4.09292E-04
343, 3.04936E-02, 4.13056E-02, 1.86740E-02, 4.09000E-04
344, 3.07217E-02, 4.11892E-02, 1.87509E-02, 4.08464E-04
345, 3.09518E-02, 4.10565E-02, 1.88224E-02, 4.10676E-04
346, 3.11842E-02, 4.09074E-02, 1.88886E-02, 4.13526E-04
347, 3.14194E-02, 4.07422E-02, 1.89493E-02, 4.16212E-04
348, 3.16578E-02, 4.08888E-02, 1.90044E-02, 4.18852E-04
349, 3.18997E-02, 4.11640E-02, 1.90538E-02, 4.22731E-04
350, 3.21455E-02, 4.14223E-02, 1.90975E-02, 4.26472E-04
351, 3.23955E-02, 4.16633E-02, 1.91353E-02, 4.30066E-04
352, 3.26500E-02, 4.18869E-02, 1.91673E-02, 4.33504E-04
353, 3.29092E-02, 4.20928E-02, 1.91933E-02, 4.36774E-04
354, 3.31733E-02, 4.22807E-02, 1.92132E-02, 4.39865E-04
355, 3.34425E-02, 4.24506E-02, 1.92271E-02, 4.42764E-04
356, 3.37170E-02, 4.26023E-02, 1.92348E-02, 4.45458E-04
357, 3.39969E-02, 4.27355E-02, 1.92362E-02, 4.47931E-04
358, 3.42823E-02, 4.28501E-02, 1.92314E-02, 4.50170E-04
359, 3.45732E-02, 4.29460E-02, 1.92202E-02, 4.52158E-04
360, 3.48697E-02, 4.30230E-02, 1.93455E-02, 4.53881E-04
361, 3.51717E-02, 4.30811E-02, 1.94871E-02, 4.55322E-04
362, 3.54793E-02, 4.31201E-02, 1.96243E-02, 4.56465E-04
363, 3.57924E-02, 4.31400E-02, 1.97569E-02, 4.57295E-04
364, 3.61108E-02, 4.31408E-02, 1.98848E-02, 4.57795E-04
365, 3.64346E-02, 4.31223E-02, 2.00078E-02, 4.57952E-04
366, 3.67634E-02, 4.30846E-02, 2.01260E-02, 4.57749E-04
367, 3.70973E-02, 4.30276E-02, 2.02392E-02, 4.61162E-04
368, 3.74359E-02, 4.29515E-02, 2.03473E-02, 4.64851E-04
369, 3.77790E-02, 4.28561E-02, 2.04502E-02, 4.68231E-04
370, 3.81265E-02, 4.27416E-02, 2.05477E-02, 4.72123E-04
371, 3.84780E-02, 4.26079E-02, 2.06399E-02, 4.76422E-04
372, 3.88332E-02, 4.24553E-02, 2.07267E-02, 4.80431E-04
373, 3.91918E-02, 4.22838E-02, 2.08078E-02, 4.84136E-04
374, 3.95536E-02, 4.20935E-02, 2.08833E-02, 4.87524E-04
375, 3.99180E-02, 4.20148E-02, 2.09530E-02, 4.90581E-04
376, 4.02848E-02, 4.23346E-02, 2.10170E-02, 4.93296E-04
377, 4.06535E-02, 4.26355E-02, 2.10750E-02, 4.95659E-04
378, 4.10238E-02, 4.29172E-02, 2.11270E-02, 4.97659E-04
379, 4.13952E-02, 4.31793E-02, 2.11730E-02, 4.99288E-04
380, 4.17673E-02, 4.34215E-02, 2.12129E-02, 5.00538E-04
381, 4.21396E-02, 4.36436E-02, 2.12466E-02, 5.01402E-04
382, 4.25117E-02, 4.38452E-02, 2.12740E-02, 5.01873E-04
383, 4.28829E-02, 4.40260E-02, 2.12951E-02, 5.01946E-04
384, 4.32530E-02, 4.41859E-02, 2.13098E-02, 5.01617E-04
385, 4.36213E-02, 4.43246E-02, 2.13181E-02, 5.00882E-04
386, 4.39874E-02, 4.44419E-02, 2.13199E-02, 4.99738E-04
387, 4.43507E-02, 4.45375E-02, 2.13152E-02, 4.98182E-04
388, 4.47107E-02, 4.46114E-02, 2.13039E-02, 4.97054E-04
389, 4.50669E-02, 4.46633E-02, 2.12860E-02, 5.01608E-04
390, 4.54187E-02, 4.46932E-02, 2.12615E-02, 5.05906E-04
391, 4.57656E-02, 4.47010E-02, 2.13891E-02, 5.09941E-04
392, 4.61071E-02, 4.46865E-02, 2.15128E-02, 5.13702E-04
393, 4.64426E-02, 4.46497E-02, 2.16316E-02, 5.17179E-04
394, 4.67716E-02, 4.45906E-02, 2.17455E-02, 5.20363E-04
395, 4.70935E-02, 4.45092E-02, 2.18543E-02, 5.23243E-04
396, 4.74079E-02, 4.44054E-02, 2.19579E-02, 5.25807E-04
397, 4.77141E-02, 4.42793E-02, 2.20564E-02, 5.28045E-04
398, 4.80116E-02, 4.41310E-02, 2.21495E-02, 5.29944E-04
399, 4.83000E-02, 4.39606E-02, 2.22373E-02, 5.31493E-04
400, 4.85786E-02, 4.37681E-02, 2.23197E-02, 5.32680E-04
401, 4.88471E-02, 4.35537E-02, 2.23966E-02, 5.33490E-04
402, 4.91048E-02, 4.33176E-02, 2.24679E-02, 5.34477E-04
403, 4.93514E-02, 4.33213E-02, 2.25336E-02, 5.36445E-04
404, 4.95862E-02, 4.36746E-02, 2.25935E-02, 5.38074E-04
405, 4.98089E-02, 4.40066E-02, 2.26477E-02, 5.39354E-04
406, 5.00189E-02, 4.43168E-02, 2.26961E-02, 5.40269E-04
407, 5.02159E-02, 4.46047E-02, 2.27386E-02, 5.40807E-04
408, 5.03994E-02, 4.48701E-02, 2.27751E-02, 5.40954E-04
409, 5.05689E-02, 4.51124E-02, 2.28057E-02, 5.40698E-04
410, 5.07241E-02, 4.53315E-02, 2.28301E-02, 5.45444E-04
411, 5.08646E-02, 4.55268E-02, 2.28485E-02, 5.50217E-04
412, 5.09900E-02, 4.56981E-02, 2.28607E-02, 5.54665E-04
413, 5.10998E-02, 4.58452E-02, 2.28668E-02, 5.58769E-04
414, 5.11939E-02, 4.59678E-02, 2.28665E-02, 5.62510E-04
415, 5.12718E-02, 4.60656E-02, 2.28601E-02, 5.65869E-04
416, 5.13333E-02, 4.61384E-02, 2.28473E-02, 5.68826E-04
417, 5.13780E-02, 4.61861E-02, 2.28282E-02, 5.71364E-04
418, 5.14057E-02, 4.62085E-02, 2.28027E-02, 5.73466E-04
419, 5.14162E-02, 4.62055E-02, 2.28572E-02, 5.75113E-04
420, 5.14091E-02, 4.61770E-02, 2.29591E-02, 5.76291E-04
421, 5.13843E-02, 4.61230E-02, 2.30561E-02, 5.76983E-04
422, 5.13415E-02, 4.60433E-02, 2.31484E-02, 5.77175E-04
423, 5.12807E-02, 4.59381E-02, 2.32357E-02, 5.76853E-04
424, 5.12015E-02, 4.58073E-02, 2.33181E-02, 5.76006E-04
425, 5.11040E-02, 4.56509E-02, 2.33956E-02, 5.76893E-04
426, 5.09880E-02, 4.54691E-02, 2.34680E-02, 5.77885E-04
427, 5.08533E-02, 4.52621E-02, 2.35353E-02, 5.78425E-04
428, 5.07000E-02, 4.50298E-02, 2.35976E-02, 5.78504E-04
429, 5.05279E-02, 4.47726E-02, 2.36547E-02, 5.78113E-04
430, 5.03370E-02, 4.44906E-02, 2.37066E-02, 5.77247E-04
431, 5.01273E-02, 4.42950E-02, 2.37533E-02, 5.75898E-04
432, 4.98987E-02, 4.46827E-02, 2.37947E-02, 5.78234E-04
433, 4.96515E-02, 4.50469E-02, 2.38308E-02, 5.83588E-04
434, 4.93854E-02, 4.53869E-02, 2.38616E-02, 5.88608E-04
435, 4.91007E-02, 4.57022E-02, 2.38870E-02, 5.93281E-04
436, 4.87974E-02, 4.59925E-02, 2.39069E-02, 5.97591E-04
437, 4.84756E-02, 4.62572E-02, 2.39214E-02, 6.01527E-04
438, 4.81354E-02, 4.64959E-02, 2.39305E-02, 6.05073E-04
439, 4.77769E-02, 4.67083E-02, 2.39340E-02, 6.08217E-04
440, 4.74004E-02, 4.68940E-02, 2.39320E-02, 6.10945E-04
441, 4.70059E-02, 4.70527E-02, 2.39244E-02, 6.13244E-04
442, 4.65937E-02, 4.71840E-02, 2.39112E-02, 6.15099E-04
443, 4.61640E-02, 4.72878E-02, 2.39561E-02, 6.16499E-04
444, 4.57171E-02, 4.73638E-02, 2.40415E-02, 6.17430E-04
445, 4.52530E-02, 4.74117E-02, 2.41223E-02, 6.17880E-04
446, 4.47722E-02, 4.74315E-02, 2.41986E-02, 6.17834E-04
447, 4.42748E-02, 4.74230E-02, 2.42703E-02, 6.17282E-04
448, 4.37612E-02, 4.73860E-02, 2.43373E-02, 6.16211E-04
449, 4.32316E-02, 4.73206E-02, 2.43998E-02, 6.14609E-04
450, 4.26864E-02, 4.72268E-02, 2.44576E-02, 6.12464E-04
451, 4.21259E-02, 4.71044E-02, 2.45109E-02, 6.09766E-04
452, 4.15504E-02, 4.69536E-02, 2.45596E-02, 6.06611E-04
453, 4.09604E-02, 4.67744E-02, 2.46036E-02, 6.09776E-04
454, 4.03560E-02, 4.65670E-02, 2.46430E-02, 6.13765E-04
455, 3.97378E-02, 4.63315E-02, 2.46778E-02, 6.19029E-04
456, 3.91061E-02, 4.60681E-02, 2.47079E-02, 6.23925E-04
457, 3.84613E-02, 4.59570E-02, 2.47334E-02, 6.28432E-04
458, 3.78039E-02, 4.58632E-02, 2.47543E-02, 6.32532E-04
459, 3.71341E-02, 4.57416E-02, 2.47705E-02, 6.36205E-04
460, 3.64524E-02, 4.55922E-02, 2.47820E-02, 6.39434E-04
461, 3.61405E-02, 4.54437E-02, 2.48245E-02, 6.42197E-04
462, 3.63828E-02, 4.58124E-02, 2.49170E-02, 6.44479E-04
463, 3.65676E-02, 4.61547E-02, 2.50046E-02, 6.46259E-04
464, 3.66940E-02, 4.64703E-02, 2.50873E-02, 6.47522E-04
465, 3.67617E-02, 4.67586E-02, 2.51652E-02, 6.48251E-04
466, 3.67701E-02, 4.70192E-02, 2.52382E-02, 6.48429E-04
467, 3.67191E-02, 4.72517E-02, 2.53065E-02, 6.48042E-04
468, 3.66086E-02, 4.74556E-02, 2.53701E-02, 6.47076E-04
469, 3.67352E-02, 4.76306E-02, 2.54290E-02, 6.45518E-04
470, 3.72291E-02, 4.77764E-02, 2.54832E-02, 6.43355E-04
471, 3.76616E-02, 4.78927E-02, 2.55328E-02, 6.40578E-04
472, 3.80313E-02, 4.79793E-02, 2.55778E-02, 6.37177E-04
473, 3.83370E-02, 4.80359E-02, 2.56183E-02, 6.40302E-04
474, 3.85777E-02, 4.80624E-02, 2.56543E-02, 6.44927E-04
475, 3.87524E-02, 4.80586E-02, 2.56858E-02, 6.49084E-04
476, 3.88604E-02, 4.80245E-02, 2.57128E-02, 6.52755E-04
477, 3.89011E-02, 4.79599E-02, 2.57355E-02, 6.55918E-04
478, 3.88742E-02, 4.78648E-02, 2.57538E-02, 6.58556E-04
479, 3.87795E-02, 4.77393E-02, 2.57677E-02, 6.60651E-04
480, 3.86170E-02, 4.75837E-02, 2.57774E-02, 6.62184E-04
481, 3.83868E-02, 4.76099E-02, 2.58651E-02, 6.63138E-04
482, 3.83513E-02, 4.76059E-02, 2.59735E-02, 6.63498E-04
483, 3.87046E-02, 4.75717E-02, 2.60764E-02, 6.64668E-04
484, 3.90908E-02, 4.75071E-02, 2.61739E-02, 6.67357E-04
485, 3.94291E-02, 4.74121E-02, 2.62659E-02, 6.69546E-04
486, 3.96919E-02, 4.72867E-02, 2.63525E-02, 6.71222E-04
487, 3.98778E-02, 4.71310E-02, 2.64338E-02, 6.72370E-04
488, 3.99858E-02, 4.69451E-02, 2.65098E-02, 6.72976E-04
489, 4.00397E-02, 4.67289E-02, 2.65806E-02, 6.73029E-04
490, 4.01626E-02, 4.64827E-02, 2.66461E-02, 6.72515E-04
491, 4.02349E-02, 4.62068E-02, 2.67066E-02, 6.71424E-04
492, 4.07855E-02, 4.60444E-02, 2.67619E-02, 6.69743E-04
493, 4.12686E-02, 4.63583E-02, 2.68123E-02, 6.67464E-04
494, 4.16826E-02, 4.66440E-02, 2.68577E-02, 6.64576E-04
495, 4.20260E-02, 4.69011E-02, 2.68981E-02, 6.65594E-04
496, 4.22977E-02, 4.71290E-02, 2.69338E-02, 6.69081E-04
497, 4.24963E-02, 4.73276E-02, 2.69647E-02, 6.72059E-04
498, 4.26212E-02, 4.74963E-02, 2.69908E-02, 6.74507E-04
499, 4.26714E-02, 4.76350E-02, 2.70123E-02, 6.76407E-04
500, 4.26466E-02, 4.77433E-02, 2.70292E-02, 6.77740E-04
501, 4.25464E-02, 4.78210E-02, 2.70415E-02, 6.78488E-04
502, 4.23706E-02, 4.78680E-02, 2.70494E-02, 6.78633E-04
503, 4.21237E-02, 4.79549E-02, 2.70528E-02, 6.78157E-04
504, 4.28136E-02, 4.81265E-02, 2.70518E-02, 6.80818E-04
505, 4.34280E-02, 4.82677E-02, 2.70466E-02, 6.83632E-04
506, 4.39649E-02, 4.83781E-02, 2.70371E-02, 6.85938E-04
507, 4.44223E-02, 4.84574E-02, 2.70234E-02, 6.87718E-04
508, 4.47985E-02, 4.85055E-02, 2.70055E-02, 6.88957E-04
509, 4.50917E-02, 4.85221E-02, 2.69836E-02, 6.89639E-04
510, 4.53008E-02, 4.85070E-02, 2.69576E-02, 6.89750E-04
511, 4.54245E-02, 4.84603E-02, 2.69276E-02, 6.89275E-04
512, 4.54621E-02, 4.83817E-02, 2.68938E-02, 6.88201E-04
513, 4.54127E-02, 4.82713E-02, 2.68560E-02, 6.86517E-04
514, 4.52761E-02, 4.81290E-02, 2.68604E-02, 6.84211E-04
515, 4.50520E-02, 4.79549E-02, 2.69290E-02, 6.81273E-04
516, 4.47406E-02, 4.77492E-02, 2.69926E-02, 6.81225E-04
517, 4.51264E-02, 4.75118E-02, 2.70513E-02, 6.86009E-04
518, 4.54409E-02, 4.72431E-02, 2.71052E-02, 6.90294E-04
519, 4.56810E-02, 4.69431E-02, 2.71542E-02, 6.94056E-04
520, 4.58457E-02, 4.66122E-02, 2.71985E-02, 6.97276E-04
521, 4.59343E-02, 4.62507E-02, 2.72381E-02, 6.99932E-04
522, 4.59462E-02, 4.58588E-02, 2.72729E-02, 7.02006E-04
523, 4.61439E-02, 4.55157E-02, 2.73032E-02, 7.03477E-04
524, 4.64646E-02, 4.59243E-02, 2.73289E-02, 7.04328E-04
525, 4.66942E-02, 4.63059E-02, 2.73501E-02, 7.04542E-04
526, 4.68314E-02, 4.66601E-02, 2.73669E-02, 7.04101E-04
527, 4.70723E-02, 4.69862E-02, 2.73793E-02, 7.02990E-04
528, 4.76830E-02, 4.72838E-02, 2.73873E-02, 7.01194E-04
529, 4.82114E-02, 4.75523E-02, 2.73911E-02, 6.98701E-04
530, 4.86556E-02, 4.77914E-02, 2.73906E-02, 6.95497E-04
531, 4.90140E-02, 4.80005E-02, 2.73860E-02, 6.93134E-04
532, 4.92851E-02, 4.81794E-02, 2.73773E-02, 6.93473E-04
533, 4.94678E-02, 4.83276E-02, 2.73645E-02, 6.93238E-04
534, 4.95609E-02, 4.84449E-02, 2.73478E-02, 6.92417E-04
535, 4.95639E-02, 4.85310E-02, 2.73270E-02, 6.91002E-04
536, 4.94762E-02, 4.85856E-02, 2.73025E-02, 6.88982E-04
537, 4.92976E-02, 4.86086E-02, 2.72740E-02, 6.87572E-04
538, 4.90282E-02, 4.85998E-02, 2.72419E-02, 6.91711E-04
539, 4.86682E-02, 4.85591E-02, 2.72060E-02, 6.95333E-04
540, 4.82182E-02, 4.84864E-02, 2.71664E-02, 6.98421E-04
541, 4.86844E-02, 4.83817E-02, 2.71232E-02, 7.00955E-04
542, 4.92302E-02, 4.82449E-02, 2.70765E-02, 7.02918E-04
543, 4.97491E-02, 4.80761E-02, 2.70523E-02, 7.04292E-04
544, 5.03538E-02, 4.78754E-02, 2.71108E-02, 7.05061E-04
545, 5.08664E-02, 4.76429E-02, 2.71651E-02, 7.05208E-04
546, 5.12849E-02, 4.73788E-02, 2.72153E-02, 7.04718E-04
547, 5.16077E-02, 4.70833E-02, 2.72614E-02, 7.03576E-04
548, 5.18331E-02, 4.67565E-02, 2.73033E-02, 7.01768E-04
549, 5.19601E-02, 4.63989E-02, 2.73412E-02, 6.99283E-04
550, 5.19877E-02, 4.60107E-02, 2.73750E-02, 6.96106E-04
551, 5.19151E-02, 4.55922E-02, 2.74048E-02, 6.96268E-04
552, 5.17421E-02, 4.51439E-02, 2.74306E-02, 6.97513E-04
553, 5.16181E-02, 4.50765E-02, 2.74524E-02, 6.98212E-04
554, 5.19132E-02, 4.54417E-02, 2.74702E-02, 6.98355E-04
555, 5.21203E-02, 4.57800E-02, 2.74841E-02, 6.97928E-04
556, 5.22383E-02, 4.60908E-02, 2.74941E-02, 6.96920E-04
557, 5.22666E-02, 4.63738E-02, 2.75003E-02, 6.95322E-04
558, 5.22047E-02, 4.66284E-02, 2.75026E-02, 6.93123E-04
559, 5.20525E-02, 4.68543E-02, 2.75011E-02, 6.90316E-04
560, 5.18099E-02, 4.70511E-02, 2.74958E-02, 6.92427E-04
561, 5.17206E-02, 4.72184E-02, 2.74868E-02, 6.96544E-04
562, 5.25123E-02, 4.73559E-02, 2.74741E-02, 7.00140E-04
563, 5.32110E-02, 4.74634E-02, 2.74577E-02, 7.03196E-04
564, 5.38140E-02, 4.75405E-02, 2.74377E-02, 7.05693E-04
565, 5.43189E-02, 4.75872E-02, 2.74141E-02, 7.07612E-04
566, 5.47234E-02, 4.76032E-02, 2.73868E-02, 7.08934E-04
567, 5.50255E-02, 4.75884E-02, 2.73561E-02, 7.09642E-04
568, 5.52236E-02, 4.75427E-02, 2.73218E-02, 7.09721E-04
569, 5.53160E-02, 4.74661E-02, 2.72840E-02, 7.09154E-04
570, 5.54113E-02, 4.73584E-02, 2.72429E-02, 7.07928E-04
571, 5.55816E-02, 4.72198E-02, 2.71983E-02, 7.06028E-04
572, 5.56513E-02, 4.70502E-02, 2.71503E-02, 7.03442E-04
573, 5.56196E-02, 4.68498E-02, 2.70989E-02, 7.00160E-04
574, 5.54861E-02, 4.66187E-02, 2.70443E-02, 6.96171E-04
575, 5.52506E-02, 4.63570E-02, 2.69864E-02, 6.91468E-04
576, 5.49133E-02, 4.60650E-02, 2.69252E-02, 6.86042E-04
577, 5.44746E-02, 4.57428E-02, 2.68609E-02, 6.84189E-04
578, 5.42027E-02, 4.53908E-02, 2.67933E-02, 6.82798E-04
579, 5.49161E-02, 4.50092E-02, 2.67226E-02, 6.80832E-04
580, 5.55268E-02, 4.45984E-02, 2.67688E-02, 6.82650E-04
581, 5.60322E-02, 4.41587E-02, 2.68715E-02, 6.86846E-04
582, 5.64298E-02, 4.36906E-02, 2.69694E-02, 6.90534E-04
583, 5.67177E-02, 4.36396E-02, 2.70624E-02, 6.93696E-04
584, 5.68939E-02, 4.39764E-02, 2.71505E-02, 6.96314E-04
585, 5.69569E-02, 4.42878E-02, 2.72335E-02, 6.98372E-04
586, 5.70011E-02, 4.45733E-02, 2.73351E-02, 6.99854E-04
587, 5.75120E-02, 4.48325E-02, 2.75087E-02, 7.00745E-04
588, 5.79222E-02, 4.50649E-02, 2.76785E-02, 7.01030E-04
589, 5.82296E-02, 4.52704E-02, 2.78443E-02, 7.00696E-04
590, 5.84327E-02, 4.54485E-02, 2.80060E-02, 6.99731E-04
591, 5.85301E-02, 4.55989E-02, 2.81635E-02, 6.98121E-04
592, 5.85207E-02, 4.57215E-02, 2.83167E-02, 6.95856E-04
593, 5.84037E-02, 4.58160E-02, 2.84656E-02, 6.92927E-04
594, 5.81788E-02, 4.58821E-02, 2.86101E-02, 6.89325E-04
595, 5.78456E-02, 4.59198E-02, 2.87500E-02, 6.85041E-04
596, 5.75864E-02, 4.59288E-02, 2.88852E-02, 6.80070E-04
597, 5.73757E-02, 4.59092E-02, 2.90157E-02, 6.78195E-04
598, 5.70660E-02, 4.58607E-02, 2.91413E-02, 6.78545E-04
599, 5.73496E-02, 4.57835E-02, 2.92619E-02, 6.78369E-04
600, 5.82018E-02, 4.56775E-02, 2.93775E-02, 6.77657E-04
601, 5.89525E-02, 4.55426E-02, 2.94880E-02, 6.76400E-04
602, 5.95989E-02, 4.53791E-02, 2.95932E-02, 6.76046E-04
603, 6.01384E-02, 4.51869E-02, 2.96930E-02, 6.75166E-04
604, 6.05684E-02, 4.49662E-02, 2.97874E-02, 6.73600E-04
605, 6.08870E-02, 4.47172E-02, 2.98762E-02, 6.76586E-04
606, 6.10923E-02, 4.44401E-02, 2.99594E-02, 6.79504E-04
607, 6.11828E-02, 4.41350E-02, 3.00368E-02, 6.81895E-04
608, 6.11571E-02, 4.38022E-02, 3.01084E-02, 6.83743E-04
609, 6.10145E-02, 4.34421E-02, 3.01741E-02, 6.85033E-04
610, 6.07543E-02, 4.30548E-02, 3.02422E-02, 6.85749E-04
611, 6.03763E-02, 4.26409E-02, 3.04136E-02, 6.85876E-04
612, 6.01031E-02, 4.22005E-02, 3.05805E-02, 6.85403E-04
613, 6.00482E-02, 4.17343E-02, 3.07428E-02, 6.84315E-04
614, 6.00341E-02, 4.12424E-02, 3.09003E-02, 6.82601E-04
615, 5.99168E-02, 4.07256E-02, 3.10530E-02, 6.80252E-04
616, 5.96959E-02, 4.07690E-02, 3.12008E-02, 6.77257E-04
617, 5.93713E-02, 4.10127E-02, 3.13434E-02, 6.73609E-04
618, 5.91425E-02, 4.12325E-02, 3.14809E-02, 6.69301E-04
619, 5.98797E-02, 4.14282E-02, 3.16130E-02, 6.64326E-04
620, 6.05150E-02, 4.15995E-02, 3.17397E-02, 6.64174E-04
621, 6.10459E-02, 4.17462E-02, 3.18608E-02, 6.63969E-04
622, 6.14698E-02, 4.18679E-02, 3.19762E-02, 6.63239E-04
623, 6.17846E-02, 4.19646E-02, 3.20858E-02, 6.61980E-04
624, 6.20775E-02, 4.20360E-02, 3.21894E-02, 6.60184E-04
625, 6.26111E-02, 4.20819E-02, 3.22871E-02, 6.61479E-04
626, 6.30376E-02, 4.21024E-02, 3.23785E-02, 6.64901E-04
627, 6.33550E-02, 4.20973E-02, 3.24637E-02, 6.67817E-04
628, 6.35616E-02, 4.20665E-02, 3.25425E-02, 6.70209E-04
629, 6.36560E-02, 4.20099E-02, 3.26147E-02, 6.72064E-04
630, 6.36369E-02, 4.19277E-02, 3.26804E-02, 6.73368E-04
631, 6.35036E-02, 4.18197E-02, 3.27392E-02, 6.74106E-04
632, 6.32554E-02, 4.16861E-02, 3.27913E-02, 6.74268E-04
633, 6.28922E-02, 4.15269E-02, 3.28364E-02, 6.73840E-04
634, 6.24140E-02, 4.13421E-02, 3.28744E-02, 6.72812E-04
635, 6.18213E-02, 4.11320E-02, 3.29509E-02, 6.71175E-04
636, 6.24215E-02, 4.08967E-02, 3.31137E-02, 6.68920E-04
637, 6.29445E-02, 4.06364E-02, 3.32712E-02, 6.66039E-04
638, 6.33531E-02, 4.03512E-02, 3.34234E-02, 6.62525E-04
639, 6.36450E-02, 4.00413E-02, 3.35699E-02, 6.58374E-04
640, 6.38184E-02, 3.97071E-02, 3.37108E-02, 6.53580E-04
641, 6.38714E-02, 3.93489E-02, 3.38458E-02, 6.48140E-04
642, 6.38029E-02, 3.89668E-02, 3.39748E-02, 6.46692E-04
643, 6.40012E-02, 3.85613E-02, 3.40977E-02, 6.47627E-04
644, 6.43525E-02, 3.81327E-02, 3.42143E-02, 6.47951E-04
645, 6.45903E-02, 3.78263E-02, 3.43245E-02, 6.47650E-04
646, 6.47130E-02, 3.80987E-02, 3.44282E-02, 6.46708E-04
647, 6.47194E-02, 3.83512E-02, 3.45252E-02, 6.45110E-04
648, 6.46087E-02, 3.85835E-02, 3.46153E-02, 6.42845E-04
649, 6.43803E-02, 3.87953E-02, 3.46986E-02, 6.41143E-04
650, 6.41208E-02, 3.89864E-02, 3.47747E-02, 6.43103E-04
651, 6.42169E-02, 3.91566E-02, 3.48437E-02, 6.44534E-04
652, 6.42066E-02, 3.93055E-02, 3.49053E-02, 6.45423E-04
653, 6.40892E-02, 3.94332E-02, 3.49595E-02, 6.45758E-04
654, 6.38641E-02, 3.95393E-02, 3.50061E-02, 6.45527E-04
655, 6.41248E-02, 3.96238E-02, 3.50450E-02, 6.44719E-04
656, 6.43995E-02, 3.97099E-02, 3.50761E-02, 6.43325E-04
657, 6.48637E-02, 3.97973E-02, 3.50993E-02, 6.41336E-04
658, 6.54865E-02, 3.98623E-02, 3.51145E-02, 6.39530E-04
659, 6.59985E-02, 3.99049E-02, 3.51215E-02, 6.37268E-04
660, 6.63972E-02, 3.99249E-02, 3.51411E-02, 6.34420E-04
661, 6.66806E-02, 3.99221E-02, 3.52932E-02, 6.30981E-04
662, 6.68468E-02, 3.98965E-02, 3.54392E-02, 6.26945E-04
663, 6.68944E-02, 3.98481E-02, 3.55790E-02, 6.27451E-04
664, 6.68220E-02, 3.97768E-02, 3.57125E-02, 6.28612E-04
665, 6.66287E-02, 3.96825E-02, 3.58394E-02, 6.29309E-04
666, 6.63140E-02, 3.95653E-02, 3.59597E-02, 6.29534E-04
667, 6.61836E-02, 3.94253E-02, 3.60732E-02, 6.29280E-04
668, 6.63193E-02, 3.92624E-02, 3.61796E-02, 6.28541E-04
669, 6.63440E-02, 3.90767E-02, 3.62790E-02, 6.27312E-04
670, 6.62568E-02, 3.88685E-02, 3.63711E-02, 6.25588E-04
671, 6.63131E-02, 3.86377E-02, 3.64558E-02, 6.23839E-04
672, 6.65725E-02, 3.83845E-02, 3.65329E-02, 6.26491E-04
673, 6.67058E-02, 3.81091E-02, 3.66024E-02, 6.28653E-04
674, 6.67114E-02, 3.78117E-02, 3.66640E-02, 6.30311E-04
675, 6.65883E-02, 3.74926E-02, 3.67176E-02, 6.31453E-04
676, 6.70539E-02, 3.71518E-02, 3.67632E-02, 6.32067E-04
677, 6.74257E-02, 3.67898E-02, 3.68006E-02, 6.32142E-04
678, 6.76763E-02, 3.64067E-02, 3.68296E-02, 6.31668E-04
679, 6.78043E-02, 3.60030E-02, 3.68502E-02, 6.30636E-04
680, 6.78081E-02, 3.55788E-02, 3.68622E-02, 6.29039E-04
681, 6.76869E-02, 3.51345E-02, 3.68656E-02, 6.26868E-04
682, 6.74399E-02, 3.46706E-02, 3.68602E-02, 6.24118E-04
683, 6.75369E-02, 3.41873E-02, 3.68459E-02, 6.20785E-04
684, 6.77017E-02, 3.40951E-02, 3.68227E-02, 6.16863E-04
685, 6.77543E-02, 3.42271E-02, 3.67905E-02, 6.12350E-04
686, 6.76937E-02, 3.43265E-02, 3.68286E-02, 6.07245E-04
687, 6.76827E-02, 3.43933E-02, 3.69626E-02, 6.04180E-04
688, 6.80962E-02, 3.44279E-02, 3.70897E-02, 6.04771E-04
689, 6.83858E-02, 3.44385E-02, 3.72099E-02, 6.04904E-04
690, 6.87844E-02, 3.45499E-02, 3.73229E-02, 6.04575E-04
691, 6.93942E-02, 3.46324E-02, 3.74287E-02, 6.03777E-04
692, 6.98826E-02, 3.46862E-02, 3.75270E-02, 6.02505E-04
693, 7.02473E-02, 3.47116E-02, 3.76178E-02, 6.00755E-04
694, 7.04865E-02, 3.47577E-02, 3.77008E-02, 5.98523E-04
695, 7.05983E-02, 3.48395E-02, 3.77759E-02, 5.97594E-04
696, 7.05815E-02, 3.48873E-02, 3.78430E-02, 5.99454E-04
697, 7.04351E-02, 3.49012E-02, 3.79019E-02, 6.00823E-04
698, 7.01583E-02, 3.50201E-02, 3.79526E-02, 6.01687E-04
699, 6.97507E-02, 3.51384E-02, 3.79948E-02, 6.02036E-04
700, 6.96434E-02, 3.52258E-02, 3.80285E-02, 6.01860E-04
701, 6.97835E-02, 3.52826E-02, 3.80535E-02, 6.01149E-04
702, 6.98040E-02, 3.53091E-02, 3.80697E-02, 5.99895E-04
703, 6.97040E-02, 3.53055E-02, 3.80770E-02, 5.98090E-04
704, 6.98852E-02, 3.52722E-02, 3.80754E-02, 5.95728E-04
705, 7.02807E-02, 3.52097E-02, 3.80646E-02, 5.92802E-04
706, 7.05408E-02, 3.51330E-02, 3.80446E-02, 5.89309E-04
707, 7.06634E-02, 3.52776E-02, 3.80154E-02, 5.85245E-04
708, 7.10632E-02, 3.53891E-02, 3.79768E-02, 5.80607E-04
709, 7.16001E-02, 3.54675E-02, 3.79288E-02, 5.81895E-04
710, 7.20034E-02, 3.55131E-02, 3.78713E-02, 5.83426E-04
711, 7.22708E-02, 3.55261E-02, 3.78043E-02, 5.84540E-04
712, 7.24006E-02, 3.55069E-02, 3.77474E-02, 5.85228E-04
713, 7.23914E-02, 3.56433E-02, 3.78634E-02, 5.85485E-04
714, 7.22421E-02, 3.58636E-02, 3.79722E-02, 5.85304E-04
715, 7.19521E-02, 3.60483E-02, 3.80735E-02, 5.84679E-04
716, 7.16739E-02, 3.61972E-02, 3.81673E-02, 5.83607E-04
717, 7.17760E-02, 3.63104E-02, 3.82533E-02, 5.82083E-04
718, 7.17554E-02, 3.63881E-02, 3.83314E-02, 5.80104E-04
719, 7.16112E-02, 3.64303E-02, 3.84016E-02, 5.77668E-04
720, 7.13427E-02, 3.64374E-02, 3.84636E-02, 5.75445E-04
721, 7.12015E-02, 3.64098E-02, 3.85173E-02, 5.76569E-04
722, 7.22457E-02, 3.63567E-02, 3.85626E-02, 5.77215E-04
723, 7.31624E-02, 3.64313E-02, 3.85994E-02, 5.77373E-04
724, 7.39480E-02, 3.64750E-02, 3.86275E-02, 5.77035E-04
725, 7.45995E-02, 3.64879E-02, 3.86469E-02, 5.76193E-04
726, 7.51142E-02, 3.64704E-02, 3.86574E-02, 5.74840E-04
727, 7.54896E-02, 3.64230E-02, 3.86589E-02, 5.72970E-04
728, 7.57237E-02, 3.64498E-02, 3.86514E-02, 5.70577E-04
729, 7.58146E-02, 3.66244E-02, 3.86347E-02, 5.67657E-04
730, 7.57611E-02, 3.67639E-02, 3.86088E-02, 5.64207E-04
731, 7.55620E-02, 3.68683E-02, 3.85735E-02, 5.60225E-04
732, 7.52168E-02, 3.69378E-02, 3.85289E-02, 5.55709E-04
733, 7.48158E-02, 3.69726E-02, 3.84748E-02, 5.56963E-04
734, 7.49541E-02, 3.69730E-02, 3.84112E-02, 5.58538E-04
735, 7.49559E-02, 3.69394E-02, 3.83380E-02, 5.59710E-04
736, 7.48203E-02, 3.68722E-02, 3.82553E-02, 5.60471E-04
737, 7.45465E-02, 3.70799E-02, 3.81629E-02, 5.60815E-04
738, 7.41341E-02, 3.72577E-02, 3.80608E-02, 5.60736E-04
739, 7.35833E-02, 3.73993E-02, 3.79491E-02, 5.60228E-04
740, 7.33186E-02, 3.75046E-02, 3.80351E-02, 5.59287E-04
741, 7.42191E-02, 3.75738E-02, 3.81207E-02, 5.57908E-04
742, 7.49918E-02, 3.76070E-02, 3.81985E-02, 5.56087E-04
743, 7.56483E-02, 3.76047E-02, 3.82686E-02, 5.53823E-04
744, 7.62084E-02, 3.75672E-02, 3.83308E-02, 5.51113E-04
745, 7.66215E-02, 3.74949E-02, 3.83849E-02, 5.47956E-04
746, 7.68852E-02, 3.77202E-02, 3.84309E-02, 5.44351E-04
747, 7.69975E-02, 3.79390E-02, 3.84686E-02, 5.43481E-04
748, 7.70173E-02, 3.81179E-02, 3.84979E-02, 5.43139E-04
749, 7.73454E-02, 3.82566E-02, 3.85188E-02, 5.42314E-04
750, 7.75353E-02, 3.83551E-02, 3.85310E-02, 5.40998E-04
751, 7.75857E-02, 3.84135E-02, 3.85346E-02, 5.39185E-04
752, 7.74952E-02, 3.84319E-02, 3.85294E-02, 5.36870E-04
753, 7.72631E-02, 3.84106E-02, 3.85154E-02, 5.34049E-04
754, 7.68888E-02, 3.83500E-02, 3.84924E-02, 5.30718E-04
755, 7.63724E-02, 3.82505E-02, 3.84604E-02, 5.26874E-04
756, 7.57237E-02, 3.81736E-02, 3.84194E-02, 5.26970E-04
757, 7.52192E-02, 3.81621E-02, 3.83693E-02, 5.28961E-04
758, 7.52287E-02, 3.81164E-02, 3.83099E-02, 5.30587E-04
759, 7.61704E-02, 3.80372E-02, 3.82414E-02, 5.31840E-04
760, 7.69762E-02, 3.81253E-02, 3.81636E-02, 5.32714E-04
761, 7.76427E-02, 3.82953E-02, 3.80765E-02, 5.33202E-04
762, 7.81670E-02, 3.84291E-02, 3.79801E-02, 5.33299E-04
763, 7.85464E-02, 3.85267E-02, 3.78744E-02, 5.32999E-04
764, 7.87788E-02, 3.85884E-02, 3.77594E-02, 5.32299E-04
765, 7.91440E-02, 3.86142E-02, 3.76350E-02, 5.31195E-04
766, 7.96989E-02, 3.86044E-02, 3.75014E-02, 5.29684E-04
767, 8.01055E-02, 3.86476E-02, 3.73584E-02, 5.27762E-04
768, 8.03614E-02, 3.89376E-02, 3.74152E-02, 5.25430E-04
769, 8.04647E-02, 3.91869E-02, 3.74741E-02, 5.22685E-04
770, 8.04139E-02, 3.93952E-02, 3.75253E-02, 5.19527E-04
771, 8.02078E-02, 3.95622E-02, 3.75689E-02, 5.15957E-04
772, 7.98457E-02, 3.96879E-02, 3.76047E-02, 5.12671E-04
773, 7.93272E-02, 3.97723E-02, 3.76326E-02, 5.11770E-04
774, 7.86524E-02, 3.98156E-02, 3.76525E-02, 5.10415E-04
775, 7.78217E-02, 3.98179E-02, 3.76644E-02, 5.08599E-04
776, 7.72555E-02, 3.97796E-02, 3.76681E-02, 5.07184E-04
777, 7.70939E-02, 3.97012E-02, 3.76636E-02, 5.08253E-04
778, 7.68710E-02, 3.95832E-02, 3.76508E-02, 5.08999E-04
779, 7.80019E-02, 3.94262E-02, 3.76297E-02, 5.09419E-04
780, 7.90002E-02, 3.92311E-02, 3.76001E-02, 5.09508E-04
781, 7.98623E-02, 3.89987E-02, 3.75621E-02, 5.09263E-04
782, 8.05849E-02, 3.89122E-02, 3.75155E-02, 5.08682E-04
783, 8.11649E-02, 3.89682E-02, 3.74604E-02, 5.07762E-04
784, 8.15998E-02, 3.91249E-02, 3.73966E-02, 5.06502E-04
785, 8.18873E-02, 3.92544E-02, 3.73243E-02, 5.05467E-04
786, 8.20253E-02, 3.93486E-02, 3.72432E-02, 5.06254E-04
787, 8.20123E-02, 3.94076E-02, 3.71535E-02, 5.06667E-04
788, 8.18471E-02, 3.95524E-02, 3.70552E-02, 5.06701E-04
789, 8.15288E-02, 3.98226E-02, 3.69481E-02, 5.06350E-04
790, 8.10571E-02, 4.00484E-02, 3.68324E-02, 5.05609E-04
791, 8.04320E-02, 4.02294E-02, 3.67079E-02, 5.04475E-04
792, 8.02597E-02, 4.03653E-02, 3.65749E-02, 5.02944E-04
793, 8.00398E-02, 4.04561E-02, 3.64331E-02, 5.01014E-04
794, 7.96729E-02, 4.05018E-02, 3.62828E-02, 4.98682E-04
795, 7.91588E-02, 4.05735E-02, 3.61239E-02, 4.95948E-04
796, 7.84976E-02, 4.06459E-02, 3.59664E-02, 4.92809E-04
797, 7.79176E-02, 4.06777E-02, 3.60043E-02, 4.89267E-04
798, 7.84563E-02, 4.06692E-02, 3.60351E-02, 4.85322E-04
799, 7.95261E-02, 4.06206E-02, 3.60587E-02, 4.80975E-04
800, 8.04562E-02, 4.05325E-02, 3.60750E-02, 4.80556E-04
801, 8.12430E-02, 4.04054E-02, 3.60840E-02, 4.81922E-04
802, 8.18831E-02, 4.02399E-02, 3.60855E-02, 4.82995E-04
803, 8.23737E-02, 4.00367E-02, 3.60796E-02, 4.83770E-04
804, 8.27120E-02, 4.01957E-02, 3.60662E-02, 4.84242E-04
805, 8.28958E-02, 4.04004E-02, 3.60451E-02, 4.84410E-04
806, 8.29232E-02, 4.05622E-02, 3.60165E-02, 4.84270E-04
807, 8.27927E-02, 4.06808E-02, 3.59801E-02, 4.83820E-04
808, 8.25033E-02, 4.07562E-02, 3.59361E-02, 4.83058E-04
809, 8.22805E-02, 4.07883E-02, 3.58843E-02, 4.81981E-04
810, 8.24663E-02, 4.07772E-02, 3.58247E-02, 4.80589E-04
811, 8.24970E-02, 4.08344E-02, 3.57573E-02, 4.78882E-04
812, 8.23710E-02, 4.10867E-02, 3.56822E-02, 4.77252E-04
813, 8.20874E-02, 4.12936E-02, 3.55992E-02, 4.77046E-04
814, 8.16455E-02, 4.14547E-02, 3.55084E-02, 4.76481E-04
815, 8.10449E-02, 4.15699E-02, 3.54098E-02, 4.75554E-04
816, 8.02859E-02, 4.16392E-02, 3.53033E-02, 4.74263E-04
817, 7.93689E-02, 4.16626E-02, 3.51891E-02, 4.72603E-04
818, 8.01812E-02, 4.16403E-02, 3.50671E-02, 4.70575E-04
819, 8.09125E-02, 4.15727E-02, 3.49373E-02, 4.68177E-04
820, 8.15073E-02, 4.14602E-02, 3.47998E-02, 4.65408E-04
821, 8.19631E-02, 4.13034E-02, 3.46546E-02, 4.62269E-04
822, 8.27405E-02, 4.11030E-02, 3.45017E-02, 4.58760E-04
823, 8.34235E-02, 4.09543E-02, 3.43412E-02, 4.56699E-04
824, 8.39602E-02, 4.09624E-02, 3.41732E-02, 4.57513E-04
825, 8.43479E-02, 4.12586E-02, 3.39976E-02, 4.58074E-04
826, 8.45844E-02, 4.15116E-02, 3.38684E-02, 4.59449E-04
827, 8.46678E-02, 4.17210E-02, 3.38786E-02, 4.61270E-04
828, 8.45964E-02, 4.18865E-02, 3.38824E-02, 4.62811E-04
829, 8.43691E-02, 4.20079E-02, 3.38797E-02, 4.64065E-04
830, 8.39850E-02, 4.20849E-02, 3.38703E-02, 4.65027E-04
831, 8.34436E-02, 4.21176E-02, 3.38543E-02, 4.65694E-04
832, 8.27450E-02, 4.21062E-02, 3.38316E-02, 4.66060E-04
833, 8.18893E-02, 4.20508E-02, 3.38023E-02, 4.66124E-04
834, 8.10797E-02, 4.19517E-02, 3.37662E-02, 4.65881E-04
835, 8.06331E-02, 4.18208E-02, 3.37233E-02, 4.65328E-04
836, 8.00269E-02, 4.20047E-02, 3.36737E-02, 4.64463E-04
837, 8.05400E-02, 4.21440E-02, 3.36173E-02, 4.63285E-04
838, 8.14924E-02, 4.22386E-02, 3.35540E-02, 4.61792E-04
839, 8.23142E-02, 4.22884E-02, 3.34840E-02, 4.59982E-04
840, 8.30024E-02, 4.22937E-02, 3.34071E-02, 4.57856E-04
841, 8.35542E-02, 4.22545E-02, 3.33234E-02, 4.55412E-04
842, 8.39674E-02, 4.21712E-02, 3.32329E-02, 4.52652E-04
843, 8.42396E-02, 4.20442E-02, 3.31356E-02, 4.49576E-04
844, 8.43692E-02, 4.18742E-02, 3.30316E-02, 4.46184E-04
845, 8.43547E-02, 4.16618E-02, 3.29207E-02, 4.43270E-04
846, 8.42323E-02, 4.17297E-02, 3.28032E-02, 4.41076E-04
847, 8.44310E-02, 4.20048E-02, 3.26789E-02, 4.38516E-04
848, 8.44737E-02, 4.22342E-02, 3.25479E-02, 4.36635E-04
849, 8.43591E-02, 4.24175E-02, 3.24103E-02, 4.37652E-04
850, 8.40859E-02, 4.25541E-02, 3.22662E-02, 4.38438E-04
851, 8.36533E-02, 4.26439E-02, 3.21154E-02, 4.38988E-04
852, 8.30609E-02, 4.26867E-02, 3.19582E-02, 4.39302E-04
853, 8.25315E-02, 4.26823E-02, 3.17945E-02, 4.39376E-04
854, 8.25504E-02, 4.26309E-02, 3.16244E-02, 4.39487E-04
855, 8.24165E-02, 4.25328E-02, 3.14480E-02, 4.40369E-04
856, 8.21285E-02, 4.23882E-02, 3.12653E-02, 4.40975E-04
857, 8.16859E-02, 4.23487E-02, 3.12251E-02, 4.41302E-04
858, 8.13901E-02, 4.25007E-02, 3.12111E-02, 4.41347E-04
859, 8.22950E-02, 4.26040E-02, 3.11914E-02, 4.41107E-04
860, 8.30653E-02, 4.26586E-02, 3.11660E-02, 4.40580E-04
861, 8.36980E-02, 4.26643E-02, 3.11349E-02, 4.39765E-04
862, 8.41904E-02, 4.26215E-02, 3.10980E-02, 4.38659E-04
863, 8.45400E-02, 4.25304E-02, 3.10554E-02, 4.37262E-04
864, 8.47448E-02, 4.23913E-02, 3.10071E-02, 4.35572E-04
865, 8.48031E-02, 4.22967E-02, 3.09530E-02, 4.33590E-04
866, 8.47132E-02, 4.23324E-02, 3.08931E-02, 4.31316E-04
867, 8.48017E-02, 4.26947E-02, 3.08274E-02, 4.28750E-04
868, 8.50473E-02, 4.30116E-02, 3.07560E-02, 4.25893E-04
869, 8.51426E-02, 4.32825E-02, 3.06789E-02, 4.22747E-04
870, 8.50861E-02, 4.35066E-02, 3.05960E-02, 4.19313E-04
871, 8.48765E-02, 4.36835E-02, 3.05073E-02, 4.15593E-04
872, 8.45128E-02, 4.38128E-02, 3.04130E-02, 4.17737E-04
873, 8.39944E-02, 4.38943E-02, 3.03130E-02, 4.19954E-04
874, 8.33210E-02, 4.39279E-02, 3.02073E-02, 4.21955E-04
875, 8.24929E-02, 4.39135E-02, 3.00959E-02, 4.23735E-04
876, 8.15104E-02, 4.38512E-02, 2.99790E-02, 4.25289E-04
877, 8.03745E-02, 4.37414E-02, 2.98565E-02, 4.26614E-04
878, 8.13543E-02, 4.35844E-02, 2.97284E-02, 4.27705E-04
879, 8.23272E-02, 4.33807E-02, 2.95949E-02, 4.28561E-04
880, 8.31713E-02, 4.31309E-02, 2.96600E-02, 4.29176E-04
881, 8.38836E-02, 4.32071E-02, 2.98870E-02, 4.29549E-04
882, 8.44616E-02, 4.32736E-02, 3.00858E-02, 4.29677E-04
883, 8.49026E-02, 4.32927E-02, 3.02561E-02, 4.29558E-04
884, 8.52045E-02, 4.32647E-02, 3.03976E-02, 4.29189E-04
885, 8.53654E-02, 4.31896E-02, 3.05102E-02, 4.28569E-04
886, 8.53836E-02, 4.30679E-02, 3.05939E-02, 4.27696E-04
887, 8.52580E-02, 4.28999E-02, 3.06486E-02, 4.26569E-04
888, 8.49876E-02, 4.26861E-02, 3.06744E-02, 4.25188E-04
889, 8.45715E-02, 4.27414E-02, 3.06712E-02, 4.23552E-04
890, 8.40097E-02, 4.30456E-02, 3.06393E-02, 4.21659E-04
891, 8.33415E-02, 4.33063E-02, 3.05789E-02, 4.19826E-04
892, 8.33210E-02, 4.35227E-02, 3.04901E-02, 4.18368E-04
893, 8.31500E-02, 4.36946E-02, 3.03734E-02, 4.16609E-04
894, 8.28274E-02, 4.38214E-02, 3.02290E-02, 4.14549E-04
895, 8.23527E-02, 4.39030E-02, 3.00746E-02, 4.12188E-04
896, 8.17256E-02, 4.39393E-02, 3.00809E-02, 4.09524E-04
897, 8.10057E-02, 4.39302E-02, 3.00567E-02, 4.06560E-04
898, 8.17033E-02, 4.38758E-02, 3.00020E-02, 4.03295E-04
899, 8.22807E-02, 4.37763E-02, 2.99169E-02, 4.04787E-04
900, 8.27359E-02, 4.36321E-02, 2.98589E-02, 4.06556E-04
901, 8.30669E-02, 4.34435E-02, 3.00098E-02, 4.08112E-04
902, 8.32720E-02, 4.32111E-02, 3.01358E-02, 4.09453E-04
903, 8.33501E-02, 4.29752E-02, 3.02368E-02, 4.10574E-04
904, 8.32999E-02, 4.30677E-02, 3.03128E-02, 4.11473E-04
905, 8.34226E-02, 4.31170E-02, 3.03638E-02, 4.12146E-04
906, 8.37065E-02, 4.31231E-02, 3.05697E-02, 4.12591E-04
907, 8.38511E-02, 4.30861E-02, 3.08035E-02, 4.12805E-04
908, 8.38549E-02, 4.30060E-02, 3.10088E-02, 4.12787E-04
909, 8.37164E-02, 4.28831E-02, 3.11854E-02, 4.12534E-04
910, 8.34349E-02, 4.31805E-02, 3.13330E-02, 4.12045E-04
911, 8.30096E-02, 4.35509E-02, 3.14516E-02, 4.11318E-04
912, 8.30401E-02, 4.38750E-02, 3.15410E-02, 4.10353E-04
913, 8.30458E-02, 4.41519E-02, 3.16011E-02, 4.09148E-04
914, 8.29080E-02, 4.43809E-02, 3.16320E-02, 4.07702E-04
915, 8.26258E-02, 4.45615E-02, 3.16338E-02, 4.06017E-04
916, 8.21983E-02, 4.46931E-02, 3.16066E-02, 4.04091E-04
917, 8.16250E-02, 4.47755E-02, 3.15506E-02, 4.01925E-04
918, 8.09058E-02, 4.48083E-02, 3.14660E-02, 3.99520E-04
919, 8.03107E-02, 4.47915E-02, 3.13531E-02, 3.96876E-04
920, 8.09382E-02, 4.47251E-02, 3.12123E-02, 3.93995E-04
921, 8.14458E-02, 4.46092E-02, 3.10949E-02, 3.90878E-04
922, 8.18316E-02, 4.44441E-02, 3.10894E-02, 3.88655E-04
923, 8.20936E-02, 4.42302E-02, 3.10531E-02, 3.91011E-04
924, 8.23719E-02, 4.39680E-02, 3.12238E-02, 3.93189E-04
925, 8.28472E-02, 4.36748E-02, 3.14689E-02, 3.95187E-04
926, 8.31929E-02, 4.37474E-02, 3.16882E-02, 3.96999E-04
927, 8.34070E-02, 4.37719E-02, 3.18817E-02, 3.98623E-04
928, 8.34879E-02, 4.37481E-02, 3.20492E-02, 4.00054E-04
929, 8.34342E-02, 4.36761E-02, 3.21906E-02, 4.01289E-04
930, 8.32447E-02, 4.37545E-02, 3.23060E-02, 4.02324E-04
931, 8.29187E-02, 4.38392E-02, 3.23953E-02, 4.03158E-04
932, 8.24554E-02, 4.38785E-02, 3.24586E-02, 4.03786E-04
933, 8.18547E-02, 4.38722E-02, 3.24961E-02, 4.04207E-04
934, 8.11165E-02, 4.38201E-02, 3.25077E-02, 4.04418E-04
935, 8.02412E-02, 4.40246E-02, 3.24937E-02, 4.04417E-04
936, 7.92293E-02, 4.42273E-02, 3.25134E-02, 4.04338E-04
937, 7.90372E-02, 4.43847E-02, 3.25737E-02, 4.04346E-04
938, 7.90791E-02, 4.44964E-02, 3.26059E-02, 4.04101E-04
939, 7.97928E-02, 4.45619E-02, 3.26098E-02, 4.03600E-04
940, 8.03945E-02, 4.45813E-02, 3.25857E-02, 4.02841E-04
941, 8.08820E-02, 4.45543E-02, 3.25336E-02, 4.01822E-04
942, 8.12534E-02, 4.44809E-02, 3.24538E-02, 4.00542E-04
943, 8.15071E-02, 4.43614E-02, 3.23465E-02, 3.98997E-04
944, 8.16415E-02, 4.41959E-02, 3.22120E-02, 3.97189E-04
945, 8.16556E-02, 4.39847E-02, 3.20507E-02, 3.95115E-04
946, 8.15482E-02, 4.37284E-02, 3.18629E-02, 3.92776E-04
947, 8.13187E-02, 4.34276E-02, 3.16490E-02, 3.90172E-04
948, 8.09665E-02, 4.32828E-02, 3.14097E-02, 3.87301E-04
949, 8.04915E-02, 4.33138E-02, 3.13722E-02, 3.86073E-04
950, 7.99682E-02, 4.33016E-02, 3.16236E-02, 3.88077E-04
951, 8.00126E-02, 4.32461E-02, 3.18713E-02, 3.89902E-04
952, 7.99287E-02, 4.31473E-02, 3.20934E-02, 3.91542E-04
953, 7.97154E-02, 4.30055E-02, 3.22896E-02, 3.92996E-04
954, 7.93721E-02, 4.28363E-02, 3.24599E-02, 3.94259E-04
955, 7.88983E-02, 4.32035E-02, 3.26041E-02, 3.95328E-04
956, 7.84031E-02, 4.35444E-02, 3.27223E-02, 3.96201E-04
957, 7.84127E-02, 4.38397E-02, 3.28144E-02, 3.96873E-04
958, 7.82938E-02, 4.40887E-02, 3.28805E-02, 3.97344E-04
959, 7.80455E-02, 4.42907E-02, 3.29206E-02, 3.97609E-04
960, 7.76670E-02, 4.44450E-02, 3.29350E-02, 3.97668E-04
961, 7.77114E-02, 4.45511E-02, 3.29237E-02, 3.97518E-04
962, 7.77639E-02, 4.46087E-02, 3.29888E-02, 3.97156E-04
963, 7.81314E-02, 4.46176E-02, 3.30345E-02, 3.96582E-04
964, 7.85058E-02, 4.45775E-02, 3.30520E-02, 3.95794E-04
965, 7.87676E-02, 4.44886E-02, 3.30413E-02, 3.94790E-04
966, 7.89154E-02, 4.43507E-02, 3.30025E-02, 3.93570E-04
967, 7.89479E-02, 4.41643E-02, 3.29358E-02, 3.92133E-04
968, 7.88640E-02, 4.39296E-02, 3.28414E-02, 3.90478E-04
969, 7.86629E-02, 4.36470E-02, 3.27196E-02, 3.88605E-04
970, 7.87554E-02, 4.35431E-02, 3.25707E-02, 3.86513E-04
971, 7.88330E-02, 4.35920E-02, 3.23951E-02, 3.84204E-04
972, 7.87905E-02, 4.35937E-02, 3.22406E-02, 3.81676E-04
973, 7.86268E-02, 4.36125E-02, 3.24629E-02, 3.78931E-04
974, 7.83410E-02, 4.37376E-02, 3.26622E-02, 3.75969E-04
975, 7.79325E-02, 4.38182E-02, 3.28526E-02, 3.77695E-04
976, 7.74009E-02, 4.38540E-02, 3.30663E-02, 3.80147E-04
977, 7.67460E-02, 4.38448E-02, 3.32551E-02, 3.82411E-04
978, 7.59680E-02, 4.37905E-02, 3.34188E-02, 3.84482E-04
979, 7.50672E-02, 4.37583E-02, 3.35573E-02, 3.86355E-04
980, 7.53786E-02, 4.39570E-02, 3.36706E-02, 3.88024E-04
981, 7.56812E-02, 4.41117E-02, 3.37587E-02, 3.89485E-04
982, 7.60098E-02, 4.42220E-02, 3.38215E-02, 3.90732E-04
983, 7.64414E-02, 4.42875E-02, 3.38591E-02, 3.91761E-04
984, 7.67692E-02, 4.43080E-02, 3.38717E-02, 3.92567E-04
985, 7.69919E-02, 4.42832E-02, 3.38593E-02, 3.93147E-04
986, 7.71080E-02, 4.42131E-02, 3.38221E-02, 3.93495E-04
987, 7.71164E-02, 4.40977E-02, 3.37603E-02, 3.93609E-04
988, 7.70162E-02, 4.39371E-02, 3.36742E-02, 3.93485E-04
989, 7.68067E-02, 4.37315E-02, 3.35640E-02, 3.93120E-04
990, 7.64872E-02, 4.34812E-02, 3.34300E-02, 3.92509E-04
991, 7.60574E-02, 4.31867E-02, 3.32726E-02, 3.91652E-04
992, 7.55173E-02, 4.29716E-02, 3.30922E-02, 3.90544E-04
993, 7.48669E-02, 4.29946E-02, 3.28891E-02, 3.89184E-04
994, 7.47746E-02, 4.29755E-02, 3.26638E-02, 3.87569E-04
995, 7.47468E-02, 4.29143E-02, 3.24168E-02, 3.85698E-04
996, 7.46060E-02, 4.28108E-02, 3.22507E-02, 3.83570E-04
997, 7.43515E-02, 4.26653E-02, 3.24329E-02, 3.81182E-04
998, 7.39826E-02, 4.24778E-02, 3.25937E-02, 3.78535E-04
999, 7.40259E-02, 4.22954E-02, 3.27329E-02, 3.77711E-04
1000, 7.43601E-02, 4.23854E-02, 3.28630E-02, 3.79993E-04
