time_step, rel_err_u, rel_err_v, rel_err_w, rel_err_p, rel_err_u_m, rel_err_v_m, rel_err_w_m, rel_err_p_m
0, 0.00000E+00, 0.00000E+00, 0.00000E+00, 0.00000E+00, 0.00000E+00, 0.00000E+00, 0.00000E+00,         NaN
1, 1.86232E-15, 1.95902E-15, 2.50402E-15, 3.86069E-14, 1.48115E-16, 9.75542E-17, 1.03490E-16, 2.19799E-12
2, 3.70785E-15, 1.95975E-15, 2.82530E-15, 6.79497E-14, 2.49267E-16, 1.56972E-16, 1.69397E-16, 7.96620E-13
3, 4.30615E-15, 2.45068E-15, 3.46317E-15, 6.00201E-14, 3.15293E-16, 2.00613E-16, 2.18786E-16, 5.64408E-13
4, 4.28639E-15, 2.69690E-15, 3.15737E-15, 4.87415E-14, 3.60774E-16, 2.36874E-16, 2.61134E-16, 7.20755E-13
5, 4.87608E-15, 2.94341E-15, 4.11619E-15, 4.56180E-14, 4.05661E-16, 2.71321E-16, 2.97161E-16, 5.92713E-13
6, 6.25629E-15, 3.19024E-15, 4.44518E-15, 4.76665E-14, 4.42843E-16, 3.01730E-16, 3.36731E-16, 4.59688E-13
7, 7.24593E-15, 3.43741E-15, 4.77577E-15, 4.43068E-14, 4.81343E-16, 3.32302E-16, 3.71857E-16, 5.07733E-13
8, 8.03814E-15, 4.17627E-15, 5.74640E-15, 4.00222E-14, 5.15422E-16, 3.60870E-16, 4.06699E-16, 6.46742E-13
9, 9.64497E-15, 4.17867E-15, 5.44156E-15, 5.41763E-14, 5.46854E-16, 3.88891E-16, 4.37510E-16, 5.50682E-13
10, 1.12734E-14, 4.67312E-15, 6.41852E-15, 4.48493E-14, 5.75216E-16, 4.15583E-16, 4.70663E-16, 5.44510E-13
11, 1.31545E-14, 4.92223E-15, 6.11318E-15, 4.77474E-14, 6.07565E-16, 4.40489E-16, 5.01249E-16, 4.46723E-13
12, 1.53166E-14, 5.17183E-15, 7.41870E-15, 4.14143E-14, 6.37907E-16, 4.63759E-16, 5.30597E-16, 4.04228E-13
13, 1.78795E-14, 5.66840E-15, 8.08358E-15, 4.23751E-14, 6.64100E-16, 4.87488E-16, 5.60351E-16, 4.68838E-13
14, 2.10973E-14, 6.41254E-15, 7.77885E-15, 4.28899E-14, 6.91455E-16, 5.09315E-16, 5.88377E-16, 6.14383E-13
15, 2.29944E-14, 6.91120E-15, 9.09659E-15, 4.44663E-14, 7.16629E-16, 5.32260E-16, 6.17451E-16, 5.71318E-13
16, 2.59757E-14, 7.41092E-15, 9.11741E-15, 3.29106E-14, 7.48828E-16, 5.52500E-16, 6.43409E-16, 6.86130E-13
17, 2.79209E-14, 8.40623E-15, 9.79045E-15, 3.62956E-14, 7.72396E-16, 5.73322E-16, 6.70882E-16, 5.58637E-13
18, 3.06351E-14, 8.90867E-15, 1.07929E-14, 4.22602E-14, 7.95884E-16, 5.93628E-16, 6.96048E-16, 5.23828E-13
19, 3.37156E-14, 9.16468E-15, 1.21267E-14, 3.29520E-14, 8.19903E-16, 6.14102E-16, 7.21343E-16, 4.44173E-13
20, 3.67846E-14, 9.66946E-15, 1.18233E-14, 3.50701E-14, 8.46388E-16, 6.31308E-16, 7.45937E-16, 5.10568E-13
21, 4.03722E-14, 1.04238E-14, 1.25050E-14, 3.70295E-14, 8.69466E-16, 6.51192E-16, 7.68565E-16, 5.56093E-13
22, 4.45766E-14, 1.06832E-14, 1.25292E-14, 3.15713E-14, 8.90044E-16, 6.68735E-16, 7.94418E-16, 5.62080E-13
23, 4.63201E-14, 1.14411E-14, 1.25527E-14, 3.43815E-14, 9.14841E-16, 6.87415E-16, 8.17435E-16, 6.47018E-13
24, 4.79872E-14, 1.24500E-14, 1.32374E-14, 3.15224E-14, 9.38813E-16, 7.04419E-16, 8.39316E-16, 1.00805E-12
25, 5.04325E-14, 1.29632E-14, 1.35921E-14, 3.02286E-14, 9.63756E-16, 7.20025E-16, 8.65650E-16, 9.90979E-13
26, 5.29384E-14, 1.34782E-14, 1.46112E-14, 2.97775E-14, 9.85278E-16, 7.36903E-16, 8.84064E-16, 8.26152E-13
27, 5.55722E-14, 1.42449E-14, 1.46350E-14, 3.38540E-14, 1.00437E-15, 7.53677E-16, 9.06063E-16, 8.11431E-13
28, 5.83868E-14, 1.45137E-14, 1.53241E-14, 3.99383E-14, 1.02956E-15, 7.68406E-16, 9.25940E-16, 7.46604E-13
29, 6.12282E-14, 1.47837E-14, 1.67649E-14, 2.99690E-14, 1.04689E-15, 7.83279E-16, 9.45192E-16, 1.06810E-12
30, 6.41906E-14, 1.55569E-14, 1.72065E-14, 2.53202E-14, 1.06803E-15, 7.97930E-16, 9.65249E-16, 6.89136E-13
31, 6.67583E-14, 1.60817E-14, 1.87355E-14, 2.89332E-14, 1.09069E-15, 8.17234E-16, 9.86160E-16, 9.59312E-13
32, 6.96425E-14, 1.66086E-14, 2.06861E-14, 2.76601E-14, 1.10985E-15, 8.30979E-16, 1.00523E-15, 8.04409E-13
33, 7.25051E-14, 1.63816E-14, 2.33110E-14, 2.84118E-14, 1.13062E-15, 8.45883E-16, 1.02112E-15, 6.79524E-13
34, 7.54217E-14, 1.71643E-14, 2.53529E-14, 3.11740E-14, 1.14946E-15, 8.60387E-16, 1.03694E-15, 9.01427E-13
35, 7.83342E-14, 1.76973E-14, 2.63051E-14, 2.57493E-14, 1.16845E-15, 8.73288E-16, 1.05201E-15, 8.11014E-13
36, 8.06646E-14, 1.82327E-14, 2.87297E-14, 2.93439E-14, 1.18901E-15, 8.88334E-16, 1.06749E-15, 7.52610E-13
37, 8.36718E-14, 1.90243E-14, 3.22097E-14, 2.80381E-14, 1.21066E-15, 9.00429E-16, 1.08278E-15, 8.98322E-13
38, 8.73810E-14, 1.98193E-14, 3.33762E-14, 2.51250E-14, 1.22951E-15, 9.12471E-16, 1.09618E-15, 7.26857E-13
39, 9.05106E-14, 2.03632E-14, 3.57654E-14, 2.86651E-14, 1.24829E-15, 9.25226E-16, 1.10879E-15, 9.42098E-13
40, 9.16030E-14, 2.14199E-14, 3.83247E-14, 2.51379E-14, 1.27059E-15, 9.36382E-16, 1.12246E-15, 1.25472E-12
41, 9.45084E-14, 2.27368E-14, 4.13496E-14, 2.35157E-14, 1.28916E-15, 9.50863E-16, 1.13718E-15, 1.26530E-12
42, 9.79715E-14, 2.22677E-14, 4.38261E-14, 2.80871E-14, 1.30720E-15, 9.63063E-16, 1.14960E-15, 9.62742E-13
43, 1.00562E-13, 2.23106E-14, 4.66409E-14, 2.52306E-14, 1.32501E-15, 9.76207E-16, 1.15739E-15, 7.69861E-13
44, 1.02852E-13, 2.26114E-14, 4.97938E-14, 2.39902E-14, 1.34217E-15, 9.87701E-16, 1.16846E-15, 9.82468E-13
45, 1.05787E-13, 2.36866E-14, 5.21421E-14, 3.04740E-14, 1.36405E-15, 9.99783E-16, 1.18136E-15, 9.36470E-13
46, 1.08776E-13, 2.37350E-14, 5.55472E-14, 2.33815E-14, 1.38180E-15, 1.01087E-15, 1.18633E-15, 1.04595E-12
47, 1.10842E-13, 2.43016E-14, 5.91416E-14, 2.36035E-14, 1.39806E-15, 1.02069E-15, 1.19537E-15, 8.50253E-13
48, 1.12738E-13, 2.46123E-14, 6.20139E-14, 2.21182E-14, 1.41498E-15, 1.03311E-15, 1.20445E-15, 8.28150E-13
49, 1.14977E-13, 2.57040E-14, 6.46507E-14, 2.39965E-14, 1.43376E-15, 1.04560E-15, 1.21376E-15, 9.80626E-13
50, 1.17422E-13, 2.47198E-14, 6.68606E-14, 2.40441E-14, 1.45191E-15, 1.05035E-15, 1.22206E-15, 1.03319E-12
51, 1.18551E-13, 2.52967E-14, 6.95756E-14, 2.51577E-14, 1.46579E-15, 1.06638E-15, 1.22695E-15, 9.62906E-13
52, 1.20159E-13, 2.48315E-14, 7.23295E-14, 2.42857E-14, 1.48601E-15, 1.07489E-15, 1.23345E-15, 1.05003E-12
53, 1.21720E-13, 2.48889E-14, 7.51853E-14, 2.61437E-14, 1.50399E-15, 1.08677E-15, 1.24059E-15, 1.08828E-12
54, 1.23172E-13, 2.52100E-14, 7.82278E-14, 2.52931E-14, 1.52019E-15, 1.09820E-15, 1.24777E-15, 1.05394E-12
55, 1.22864E-13, 2.60597E-14, 8.16895E-14, 2.32359E-14, 1.53634E-15, 1.10719E-15, 1.25359E-15, 1.21890E-12
56, 1.23294E-13, 2.63866E-14, 8.37703E-14, 2.20556E-14, 1.54785E-15, 1.11768E-15, 1.26376E-15, 9.99170E-13
57, 1.23562E-13, 2.64513E-14, 8.62067E-14, 2.72074E-14, 1.56431E-15, 1.13068E-15, 1.27258E-15, 1.56368E-12
58, 1.24438E-13, 2.78428E-14, 8.90622E-14, 2.61608E-14, 1.58321E-15, 1.13892E-15, 1.28124E-15, 1.19140E-12
59, 1.25442E-13, 2.87103E-14, 9.30187E-14, 2.45248E-14, 1.59800E-15, 1.14293E-15, 1.28567E-15, 1.91038E-12
60, 1.25285E-13, 2.95829E-14, 9.43789E-14, 2.37486E-14, 1.61490E-15, 1.15517E-15, 1.29572E-15, 1.32175E-12
61, 1.25169E-13, 2.96591E-14, 9.65867E-14, 2.65327E-14, 1.63142E-15, 1.16507E-15, 1.30191E-15, 1.13031E-12
62, 1.25277E-13, 3.02721E-14, 9.90653E-14, 2.22869E-14, 1.64362E-15, 1.17150E-15, 1.31007E-15, 1.07914E-12
63, 1.25575E-13, 3.11576E-14, 1.01044E-13, 2.60387E-14, 1.66221E-15, 1.18215E-15, 1.31788E-15, 1.27969E-12
64, 1.24300E-13, 3.15098E-14, 1.03340E-13, 2.10977E-14, 1.67725E-15, 1.18791E-15, 1.32516E-15, 1.30377E-12
65, 1.24071E-13, 3.21345E-14, 1.05549E-13, 2.38361E-14, 1.69564E-15, 1.20150E-15, 1.33388E-15, 1.14150E-12
66, 1.23488E-13, 3.27632E-14, 1.07971E-13, 2.97478E-14, 1.71101E-15, 1.20750E-15, 1.34441E-15, 1.08019E-12
67, 1.23097E-13, 3.33959E-14, 1.09482E-13, 2.47096E-14, 1.72604E-15, 1.21505E-15, 1.35154E-15, 1.05488E-12
68, 1.21568E-13, 3.40326E-14, 1.10855E-13, 1.82428E-14, 1.74390E-15, 1.22265E-15, 1.35933E-15, 1.11936E-12
69, 1.22826E-13, 3.52194E-14, 1.12314E-13, 2.22464E-14, 1.76257E-15, 1.23359E-15, 1.36860E-15, 1.55722E-12
70, 1.23547E-13, 3.44970E-14, 1.13751E-13, 2.23638E-14, 1.77739E-15, 1.24243E-15, 1.37733E-15, 1.18205E-12
71, 1.24154E-13, 3.45946E-14, 1.15359E-13, 2.49939E-14, 1.79498E-15, 1.25001E-15, 1.39045E-15, 1.56778E-12
72, 1.24707E-13, 3.52440E-14, 1.15767E-13, 2.29606E-14, 1.81702E-15, 1.25744E-15, 1.39694E-15, 1.40729E-12
73, 1.25267E-13, 3.50693E-14, 1.16759E-13, 2.11668E-14, 1.83306E-15, 1.26699E-15, 1.40751E-15, 1.02038E-12
74, 1.25594E-13, 3.51709E-14, 1.17967E-13, 2.58305E-14, 1.85673E-15, 1.27205E-15, 1.41527E-15, 1.13241E-12
75, 1.25928E-13, 3.49958E-14, 1.19671E-13, 2.37968E-14, 1.87558E-15, 1.27844E-15, 1.42400E-15, 1.51802E-12
76, 1.26269E-13, 3.50988E-14, 1.19002E-13, 2.05668E-14, 1.89905E-15, 1.28810E-15, 1.43353E-15, 1.50140E-12
77, 1.25184E-13, 3.43646E-14, 1.19351E-13, 2.49884E-14, 1.91916E-15, 1.29698E-15, 1.44268E-15, 1.91640E-12
78, 1.24706E-13, 3.39067E-14, 1.20077E-13, 2.40284E-14, 1.93727E-15, 1.29970E-15, 1.45372E-15, 1.49556E-12
79, 1.23997E-13, 3.37276E-14, 1.20009E-13, 2.58166E-14, 1.95866E-15, 1.30992E-15, 1.46372E-15, 1.07940E-12
80, 1.24249E-13, 3.32658E-14, 1.19741E-13, 2.00748E-14, 1.98128E-15, 1.31477E-15, 1.46962E-15, 1.25025E-12
81, 1.25104E-13, 3.28016E-14, 1.19485E-13, 2.26975E-14, 1.99442E-15, 1.32132E-15, 1.48014E-15, 1.24423E-12
82, 1.25963E-13, 3.34694E-14, 1.19207E-13, 1.63611E-14, 2.01095E-15, 1.32830E-15, 1.48742E-15, 1.12564E-12
83, 1.24689E-13, 3.15811E-14, 1.19166E-13, 2.68616E-14, 2.02986E-15, 1.33756E-15, 1.49911E-15, 1.53653E-12
84, 1.24372E-13, 3.13937E-14, 1.19616E-13, 1.64695E-14, 2.04339E-15, 1.34071E-15, 1.50303E-15, 1.87767E-12
85, 1.24299E-13, 3.06329E-14, 1.18168E-13, 2.09974E-14, 2.05765E-15, 1.35128E-15, 1.51171E-15, 1.38158E-12
86, 1.24943E-13, 3.13034E-14, 1.17745E-13, 2.17061E-14, 2.07184E-15, 1.35400E-15, 1.52166E-15, 1.38799E-12
87, 1.24050E-13, 3.19784E-14, 1.17344E-13, 2.02688E-14, 2.08556E-15, 1.36225E-15, 1.52720E-15, 1.21689E-12
88, 1.23636E-13, 3.20799E-14, 1.16672E-13, 2.21704E-14, 2.09715E-15, 1.36593E-15, 1.53676E-15, 1.80936E-12
89, 1.23227E-13, 3.16022E-14, 1.16282E-13, 2.39530E-14, 2.10879E-15, 1.37462E-15, 1.54534E-15, 1.23613E-12
90, 1.23769E-13, 3.22851E-14, 1.15653E-13, 1.95405E-14, 2.11911E-15, 1.38176E-15, 1.55140E-15, 1.55928E-12
91, 1.22894E-13, 3.26806E-14, 1.14284E-13, 1.98365E-14, 2.12901E-15, 1.38877E-15, 1.55811E-15, 1.07090E-12
92, 1.23323E-13, 3.27860E-14, 1.13574E-13, 2.07295E-14, 2.13773E-15, 1.39494E-15, 1.56508E-15, 1.21147E-12
93, 1.24111E-13, 3.34794E-14, 1.12906E-13, 2.27562E-14, 2.14051E-15, 1.40151E-15, 1.57292E-15, 1.44746E-12
94, 1.25136E-13, 3.38826E-14, 1.12260E-13, 1.90657E-14, 2.14784E-15, 1.40626E-15, 1.58048E-15, 1.15962E-12
95, 1.25572E-13, 3.42883E-14, 1.11771E-13, 2.19309E-14, 2.15169E-15, 1.41322E-15, 1.58456E-15, 1.72970E-12
96, 1.24354E-13, 3.41035E-14, 1.10639E-13, 1.91961E-14, 2.15695E-15, 1.41918E-15, 1.58844E-15, 2.14769E-12
97, 1.23848E-13, 3.48098E-14, 1.10008E-13, 1.62225E-14, 2.16087E-15, 1.42613E-15, 1.59376E-15, 1.27348E-12
98, 1.24524E-13, 3.52221E-14, 1.09555E-13, 1.83796E-14, 2.16469E-15, 1.43131E-15, 1.59821E-15, 1.24886E-12
99, 1.25202E-13, 3.71341E-14, 1.08886E-13, 2.19741E-14, 2.16680E-15, 1.43976E-15, 1.60358E-15, 1.25619E-12
100, 1.26588E-13, 3.66547E-14, 1.08488E-13, 1.88233E-14, 2.16990E-15, 1.44773E-15, 1.60996E-15, 1.44796E-12
101, 1.27739E-13, 3.73776E-14, 1.07792E-13, 2.00951E-14, 2.17831E-15, 1.45394E-15, 1.61599E-15, 1.53103E-12
102, 1.26292E-13, 3.68952E-14, 1.07181E-13, 2.25083E-14, 2.17969E-15, 1.45856E-15, 1.62178E-15, 1.59458E-12
103, 1.26263E-13, 3.79262E-14, 1.06707E-13, 2.45087E-14, 2.18544E-15, 1.46909E-15, 1.62787E-15, 1.36413E-12
104, 1.26707E-13, 3.74416E-14, 1.06205E-13, 1.91968E-14, 2.18688E-15, 1.47414E-15, 1.63244E-15, 1.22880E-12
105, 1.28329E-13, 3.72587E-14, 1.05529E-13, 1.77781E-14, 2.19052E-15, 1.48229E-15, 1.63817E-15, 1.52587E-12
106, 1.27593E-13, 3.73806E-14, 1.05074E-13, 2.16492E-14, 2.19468E-15, 1.48953E-15, 1.64567E-15, 1.14283E-12
107, 1.27800E-13, 3.62733E-14, 1.04818E-13, 2.30628E-14, 2.19780E-15, 1.49754E-15, 1.65167E-15, 1.38655E-12
108, 1.28243E-13, 3.67002E-14, 1.04088E-13, 2.08636E-14, 2.20238E-15, 1.50312E-15, 1.65581E-15, 1.05391E-12
109, 1.28685E-13, 3.62013E-14, 1.03600E-13, 2.22221E-14, 2.20716E-15, 1.51082E-15, 1.66170E-15, 1.12598E-12
110, 1.29126E-13, 3.60090E-14, 1.02008E-13, 2.04407E-14, 2.21182E-15, 1.51834E-15, 1.66550E-15, 1.30664E-12
111, 1.30038E-13, 3.61265E-14, 1.01236E-13, 1.81701E-14, 2.21494E-15, 1.52573E-15, 1.67062E-15, 1.35950E-12
112, 1.31184E-13, 3.59319E-14, 1.00365E-13, 2.43856E-14, 2.21837E-15, 1.53297E-15, 1.67432E-15, 1.16959E-12
113, 1.31858E-13, 3.47952E-14, 9.93824E-14, 2.01708E-14, 2.22246E-15, 1.53965E-15, 1.67827E-15, 1.58247E-12
114, 1.32060E-13, 3.42797E-14, 9.86312E-14, 2.04460E-14, 2.22493E-15, 1.54693E-15, 1.68594E-15, 1.90280E-12
115, 1.33437E-13, 3.47070E-14, 9.73970E-14, 1.96250E-14, 2.22955E-15, 1.55240E-15, 1.68933E-15, 1.88624E-12
116, 1.33165E-13, 3.38706E-14, 9.65179E-14, 1.90455E-14, 2.23491E-15, 1.55777E-15, 1.69381E-15, 1.34821E-12
117, 1.35244E-13, 3.20755E-14, 9.52074E-14, 2.17654E-14, 2.24022E-15, 1.56630E-15, 1.69782E-15, 1.60960E-12
118, 1.33793E-13, 3.32953E-14, 9.43761E-14, 1.86150E-14, 2.24397E-15, 1.57396E-15, 1.70068E-15, 1.11193E-12
119, 1.35633E-13, 3.32841E-14, 9.29167E-14, 1.98700E-14, 2.25136E-15, 1.57827E-15, 1.70447E-15, 1.00364E-12
120, 1.36764E-13, 3.29118E-14, 9.10668E-14, 1.77501E-14, 2.26083E-15, 1.58575E-15, 1.70673E-15, 1.19597E-12
121, 1.37423E-13, 3.22149E-14, 8.95923E-14, 1.86989E-14, 2.26303E-15, 1.59287E-15, 1.70802E-15, 1.20841E-12
122, 1.38549E-13, 3.17956E-14, 8.80168E-14, 2.21138E-14, 2.26556E-15, 1.59670E-15, 1.71178E-15, 1.57258E-12
123, 1.38733E-13, 3.38427E-14, 8.66303E-14, 1.97392E-14, 2.27301E-15, 1.59919E-15, 1.71275E-15, 1.71828E-12
124, 1.39384E-13, 3.53343E-14, 8.48731E-14, 2.12487E-14, 2.28166E-15, 1.60547E-15, 1.71686E-15, 1.93207E-12
125, 1.41909E-13, 3.69984E-14, 8.35117E-14, 1.80608E-14, 2.28752E-15, 1.61391E-15, 1.71759E-15, 1.57469E-12
126, 1.42555E-13, 3.86730E-14, 8.26293E-14, 2.08714E-14, 2.29132E-15, 1.61586E-15, 1.72351E-15, 1.00735E-12
127, 1.43197E-13, 3.87176E-14, 8.01728E-14, 2.28204E-14, 2.29809E-15, 1.62015E-15, 1.72499E-15, 1.47866E-12
128, 1.44071E-13, 3.83918E-14, 7.87131E-14, 2.16072E-14, 2.30396E-15, 1.62525E-15, 1.72572E-15, 1.29645E-12
129, 1.45880E-13, 3.76507E-14, 7.74834E-14, 2.06391E-14, 2.31065E-15, 1.62552E-15, 1.72674E-15, 1.83622E-12
130, 1.48152E-13, 3.56616E-14, 7.54866E-14, 2.06641E-14, 2.31804E-15, 1.63020E-15, 1.72988E-15, 1.29629E-12
131, 1.48315E-13, 3.39085E-14, 7.38229E-14, 2.14366E-14, 2.32472E-15, 1.63554E-15, 1.73140E-15, 1.32915E-12
132, 1.48710E-13, 3.59372E-14, 7.20976E-14, 2.29596E-14, 2.33246E-15, 1.63847E-15, 1.73207E-15, 1.32379E-12
133, 1.50038E-13, 3.75605E-14, 7.05808E-14, 2.59853E-14, 2.33934E-15, 1.64213E-15, 1.73283E-15, 1.20743E-12
134, 1.50663E-13, 3.78511E-14, 6.85857E-14, 2.42654E-14, 2.34762E-15, 1.64821E-15, 1.73341E-15, 1.07334E-12
135, 1.51519E-13, 3.74694E-14, 6.69028E-14, 2.40445E-14, 2.35350E-15, 1.65500E-15, 1.73304E-15, 1.21040E-12
136, 1.51906E-13, 3.65778E-14, 6.55534E-14, 2.50773E-14, 2.35863E-15, 1.65955E-15, 1.73486E-15, 1.22148E-12
137, 1.52758E-13, 3.55737E-14, 6.41626E-14, 2.83732E-14, 2.36303E-15, 1.66720E-15, 1.73471E-15, 1.65459E-12
138, 1.52909E-13, 3.48601E-14, 6.38159E-14, 2.58959E-14, 2.36903E-15, 1.67139E-15, 1.73664E-15, 1.69641E-12
139, 1.52127E-13, 3.81290E-14, 6.27394E-14, 2.66859E-14, 2.37214E-15, 1.67589E-15, 1.73886E-15, 1.30119E-12
140, 1.52044E-13, 3.84231E-14, 6.15167E-14, 2.97482E-14, 2.37465E-15, 1.67950E-15, 1.73708E-15, 1.45732E-12
141, 1.52194E-13, 3.99202E-14, 6.06707E-14, 2.67615E-14, 2.37669E-15, 1.68768E-15, 1.73784E-15, 1.69655E-12
142, 1.51878E-13, 4.05647E-14, 5.98043E-14, 2.93301E-14, 2.37742E-15, 1.69015E-15, 1.73725E-15, 1.42062E-12
143, 1.50632E-13, 4.04349E-14, 5.89801E-14, 2.81098E-14, 2.37699E-15, 1.69619E-15, 1.73718E-15, 1.98385E-12
144, 1.49620E-13, 4.04765E-14, 5.81143E-14, 2.89168E-14, 2.37685E-15, 1.69811E-15, 1.74168E-15, 1.36030E-12
145, 1.49306E-13, 3.99087E-14, 5.76268E-14, 2.82039E-14, 2.37584E-15, 1.70374E-15, 1.74011E-15, 1.30491E-12
146, 1.47367E-13, 4.02957E-14, 5.68457E-14, 2.77452E-14, 2.37370E-15, 1.70681E-15, 1.74016E-15, 1.83701E-12
147, 1.46591E-13, 4.16464E-14, 5.55381E-14, 2.88171E-14, 2.37388E-15, 1.71239E-15, 1.73992E-15, 1.10115E-12
148, 1.45817E-13, 4.31798E-14, 5.48196E-14, 2.83624E-14, 2.36952E-15, 1.71639E-15, 1.73861E-15, 1.49409E-12
149, 1.43653E-13, 4.41931E-14, 5.49245E-14, 2.68840E-14, 2.36452E-15, 1.71832E-15, 1.73903E-15, 1.36585E-12
150, 1.42419E-13, 4.46816E-14, 5.47775E-14, 2.56584E-14, 2.35689E-15, 1.72440E-15, 1.73813E-15, 1.34318E-12
151, 1.41419E-13, 4.55258E-14, 5.56474E-14, 2.62297E-14, 2.35148E-15, 1.72693E-15, 1.73772E-15, 1.20932E-12
152, 1.39033E-13, 4.51300E-14, 5.45720E-14, 2.75792E-14, 2.34349E-15, 1.73213E-15, 1.73809E-15, 1.09610E-12
153, 1.37113E-13, 4.57995E-14, 5.44498E-14, 2.66122E-14, 2.33616E-15, 1.73146E-15, 1.73686E-15, 1.65009E-12
154, 1.35658E-13, 4.64714E-14, 5.48809E-14, 2.56429E-14, 2.32765E-15, 1.73655E-15, 1.73598E-15, 2.01377E-12
155, 1.34899E-13, 4.64287E-14, 5.48465E-14, 2.51903E-14, 2.31742E-15, 1.73740E-15, 1.73519E-15, 1.22338E-12
156, 1.32988E-13, 4.58447E-14, 5.56651E-14, 2.08317E-14, 2.30914E-15, 1.74000E-15, 1.73599E-15, 1.49300E-12
157, 1.30389E-13, 4.47148E-14, 5.47172E-14, 2.35014E-14, 2.29849E-15, 1.74077E-15, 1.73869E-15, 1.41400E-12
158, 1.29869E-13, 4.52043E-14, 5.46646E-14, 2.12126E-14, 2.29012E-15, 1.74347E-15, 1.73707E-15, 1.57485E-12
159, 1.27047E-13, 4.69642E-14, 5.51687E-14, 2.73178E-14, 2.28098E-15, 1.74683E-15, 1.74033E-15, 1.26506E-12
160, 1.25842E-13, 4.82778E-14, 5.58464E-14, 2.47677E-14, 2.27303E-15, 1.74863E-15, 1.74066E-15, 1.75984E-12
161, 1.24871E-13, 4.94148E-14, 5.56690E-14, 2.48470E-14, 2.26253E-15, 1.75072E-15, 1.74536E-15, 1.64492E-12
162, 1.24364E-13, 4.97336E-14, 5.61788E-14, 1.90945E-14, 2.25182E-15, 1.74789E-15, 1.74476E-15, 1.26453E-12
163, 1.21327E-13, 4.96857E-14, 5.62175E-14, 2.18205E-14, 2.24063E-15, 1.75196E-15, 1.74524E-15, 1.14523E-12
164, 1.19906E-13, 4.88087E-14, 5.65580E-14, 2.24309E-14, 2.23146E-15, 1.75363E-15, 1.74788E-15, 1.17104E-12
165, 1.18719E-13, 4.87088E-14, 5.66409E-14, 2.14396E-14, 2.22179E-15, 1.75577E-15, 1.74835E-15, 1.09305E-12
166, 1.18455E-13, 4.83296E-14, 5.69399E-14, 1.99048E-14, 2.21110E-15, 1.75989E-15, 1.74837E-15, 1.55231E-12
167, 1.17274E-13, 4.78543E-14, 5.70665E-14, 2.10602E-14, 2.20137E-15, 1.75876E-15, 1.74885E-15, 9.98284E-13
168, 1.16097E-13, 4.64462E-14, 5.78863E-14, 2.11420E-14, 2.19116E-15, 1.76176E-15, 1.74681E-15, 1.13585E-12
169, 1.15383E-13, 4.50527E-14, 6.00530E-14, 2.20424E-14, 2.17908E-15, 1.76482E-15, 1.74896E-15, 9.97516E-13
170, 1.14672E-13, 4.36218E-14, 6.25727E-14, 2.02193E-14, 2.16676E-15, 1.76573E-15, 1.75026E-15, 1.17568E-12
171, 1.14423E-13, 4.08601E-14, 6.37060E-14, 2.35957E-14, 2.15829E-15, 1.76932E-15, 1.75073E-15, 1.20314E-12
172, 1.13028E-13, 4.11042E-14, 6.55385E-14, 2.25937E-14, 2.14841E-15, 1.77204E-15, 1.75028E-15, 1.21376E-12
173, 1.12326E-13, 3.93258E-14, 6.77235E-14, 2.15846E-14, 2.13837E-15, 1.77739E-15, 1.74846E-15, 1.16487E-12
174, 1.11167E-13, 3.96127E-14, 6.99126E-14, 2.00121E-14, 2.12719E-15, 1.77967E-15, 1.74949E-15, 1.16373E-12
175, 1.10470E-13, 3.95221E-14, 7.10553E-14, 2.27543E-14, 2.11728E-15, 1.78411E-15, 1.74787E-15, 1.31456E-12
176, 1.09545E-13, 4.01886E-14, 7.36006E-14, 2.07547E-14, 2.10702E-15, 1.78704E-15, 1.74883E-15, 1.03047E-12
177, 1.08393E-13, 4.00976E-14, 7.63252E-14, 2.08511E-14, 2.09576E-15, 1.78768E-15, 1.75044E-15, 9.55097E-13
178, 1.07933E-13, 4.01962E-14, 7.78239E-14, 2.29311E-14, 2.08507E-15, 1.78919E-15, 1.75081E-15, 1.40510E-12
179, 1.07244E-13, 4.16315E-14, 8.02025E-14, 2.21875E-14, 2.07835E-15, 1.79456E-15, 1.75347E-15, 1.42114E-12
180, 1.07476E-13, 4.05848E-14, 8.18788E-14, 2.05802E-14, 2.06619E-15, 1.79461E-15, 1.75510E-15, 1.10985E-12
181, 1.06561E-13, 4.01083E-14, 8.37316E-14, 2.19739E-14, 2.05660E-15, 1.79754E-15, 1.75721E-15, 1.13646E-12
182, 1.06566E-13, 3.98215E-14, 8.62905E-14, 2.42482E-14, 2.04864E-15, 1.79899E-15, 1.76044E-15, 1.27058E-12
183, 1.06457E-13, 3.95331E-14, 8.74376E-14, 2.19042E-14, 2.03800E-15, 1.80196E-15, 1.76005E-15, 1.92491E-12
184, 1.06810E-13, 3.90498E-14, 8.91134E-14, 2.56605E-14, 2.03061E-15, 1.80035E-15, 1.76268E-15, 1.58161E-12
185, 1.06129E-13, 3.87578E-14, 9.00804E-14, 2.62319E-14, 2.02361E-15, 1.80196E-15, 1.76045E-15, 1.05678E-12
186, 1.05910E-13, 3.72986E-14, 9.08678E-14, 2.31270E-14, 2.01506E-15, 1.80147E-15, 1.75956E-15, 1.12423E-12
187, 1.06610E-13, 3.62218E-14, 9.18298E-14, 2.42842E-14, 2.00810E-15, 1.80185E-15, 1.75950E-15, 1.14188E-12
188, 1.06392E-13, 3.49444E-14, 9.22571E-14, 2.20303E-14, 2.00181E-15, 1.79877E-15, 1.76047E-15, 1.28567E-12
189, 1.07555E-13, 3.38564E-14, 9.30361E-14, 2.57382E-14, 1.99513E-15, 1.80293E-15, 1.76032E-15, 1.28980E-12
190, 1.09178E-13, 3.29593E-14, 9.32793E-14, 2.46717E-14, 1.98945E-15, 1.80212E-15, 1.76076E-15, 1.33964E-12
191, 1.11492E-13, 3.22544E-14, 9.42302E-14, 2.35937E-14, 1.98525E-15, 1.80377E-15, 1.76021E-15, 1.14713E-12
192, 1.13119E-13, 3.17433E-14, 9.39333E-14, 2.66093E-14, 1.97699E-15, 1.80256E-15, 1.76060E-15, 1.13596E-12
193, 1.14978E-13, 3.12298E-14, 9.41666E-14, 2.75169E-14, 1.97435E-15, 1.80522E-15, 1.75966E-15, 1.20702E-12
194, 1.17068E-13, 3.11101E-14, 9.42187E-14, 2.45915E-14, 1.97050E-15, 1.80220E-15, 1.75957E-15, 8.87696E-13
195, 1.18701E-13, 3.05926E-14, 9.48022E-14, 2.47244E-14, 1.96560E-15, 1.80193E-15, 1.75766E-15, 9.69515E-13
196, 1.20336E-13, 2.98735E-14, 9.44917E-14, 2.51689E-14, 1.96281E-15, 1.80009E-15, 1.75693E-15, 1.05169E-12
197, 1.22204E-13, 2.97498E-14, 9.41780E-14, 2.37430E-14, 1.96003E-15, 1.80008E-15, 1.75690E-15, 1.29086E-12
198, 1.23845E-13, 2.92254E-14, 9.40397E-14, 2.23008E-14, 1.95697E-15, 1.79915E-15, 1.75605E-15, 1.44796E-12
199, 1.25489E-13, 2.88990E-14, 9.40771E-14, 2.55790E-14, 1.95534E-15, 1.79685E-15, 1.75376E-15, 9.98406E-13
200, 1.27826E-13, 2.81688E-14, 9.41121E-14, 2.57166E-14, 1.95609E-15, 1.79656E-15, 1.75422E-15, 1.22756E-12
201, 1.28786E-13, 2.86452E-14, 9.30728E-14, 2.84081E-14, 1.95561E-15, 1.79363E-15, 1.75373E-15, 1.52613E-12
202, 1.30210E-13, 2.81131E-14, 9.25666E-14, 2.25430E-14, 1.95634E-15, 1.79219E-15, 1.75465E-15, 1.36428E-12
203, 1.31638E-13, 2.79838E-14, 9.24155E-14, 2.45179E-14, 1.95754E-15, 1.79189E-15, 1.75631E-15, 1.29863E-12
204, 1.33301E-13, 2.78541E-14, 9.15471E-14, 2.43232E-14, 1.95839E-15, 1.78893E-15, 1.75723E-15, 9.24686E-13
205, 1.34276E-13, 2.73161E-14, 9.15705E-14, 2.73852E-14, 1.95845E-15, 1.78655E-15, 1.75682E-15, 1.02427E-12
206, 1.35486E-13, 2.67754E-14, 9.12342E-14, 2.32679E-14, 1.95846E-15, 1.78501E-15, 1.75521E-15, 1.03568E-12
207, 1.36009E-13, 2.70517E-14, 9.07172E-14, 2.93181E-14, 1.95786E-15, 1.78470E-15, 1.75560E-15, 1.25118E-12
208, 1.36767E-13, 2.67132E-14, 8.98402E-14, 2.35089E-14, 1.95821E-15, 1.78425E-15, 1.75562E-15, 1.61652E-12
209, 1.36605E-13, 2.67850E-14, 8.89614E-14, 2.79553E-14, 1.95714E-15, 1.78635E-15, 1.75309E-15, 1.45105E-12
210, 1.36911E-13, 2.62376E-14, 8.87967E-14, 2.59226E-14, 1.95796E-15, 1.78561E-15, 1.75340E-15, 1.11598E-12
211, 1.37220E-13, 2.61016E-14, 8.68401E-14, 2.82376E-14, 1.95856E-15, 1.78508E-15, 1.75139E-15, 1.15598E-12
212, 1.37535E-13, 2.65882E-14, 8.55977E-14, 2.49996E-14, 1.95865E-15, 1.78278E-15, 1.75241E-15, 1.43322E-12
213, 1.38319E-13, 2.69734E-14, 8.48910E-14, 2.51227E-14, 1.95846E-15, 1.78513E-15, 1.75124E-15, 1.37554E-12
214, 1.37021E-13, 2.61076E-14, 8.32873E-14, 2.38807E-14, 1.95805E-15, 1.78445E-15, 1.75130E-15, 1.61127E-12
215, 1.36423E-13, 2.68079E-14, 8.22195E-14, 3.08522E-14, 1.96050E-15, 1.78449E-15, 1.74925E-15, 1.61713E-12
216, 1.36526E-13, 2.73021E-14, 8.13294E-14, 2.85888E-14, 1.96102E-15, 1.78374E-15, 1.74984E-15, 1.59584E-12
217, 1.34310E-13, 2.72726E-14, 7.95424E-14, 2.73402E-14, 1.96187E-15, 1.78432E-15, 1.74887E-15, 1.29726E-12
218, 1.33027E-13, 2.80878E-14, 7.79332E-14, 3.09459E-14, 1.96111E-15, 1.78398E-15, 1.75010E-15, 1.44019E-12
219, 1.31979E-13, 2.78485E-14, 7.70395E-14, 2.61997E-14, 1.96539E-15, 1.78691E-15, 1.74822E-15, 1.30562E-12
220, 1.30468E-13, 2.82451E-14, 7.54282E-14, 2.52682E-14, 1.96509E-15, 1.78428E-15, 1.74909E-15, 1.47524E-12
221, 1.28494E-13, 2.82179E-14, 7.41742E-14, 2.97032E-14, 1.96467E-15, 1.78751E-15, 1.74884E-15, 1.74154E-12
222, 1.26988E-13, 2.87244E-14, 7.22027E-14, 2.79794E-14, 1.96502E-15, 1.78818E-15, 1.74577E-15, 1.26860E-12
223, 1.25719E-13, 2.95548E-14, 7.14845E-14, 2.73948E-14, 1.96760E-15, 1.78997E-15, 1.74500E-15, 1.25954E-12
224, 1.22814E-13, 2.98529E-14, 6.84365E-14, 2.84119E-14, 1.96831E-15, 1.79211E-15, 1.74286E-15, 1.62865E-12
225, 1.20845E-13, 3.05833E-14, 6.70003E-14, 2.73727E-14, 1.96728E-15, 1.79464E-15, 1.74298E-15, 1.97217E-12
226, 1.18173E-13, 3.17495E-14, 6.62801E-14, 2.88924E-14, 1.96647E-15, 1.79827E-15, 1.73995E-15, 1.76857E-12
227, 1.16674E-13, 3.24889E-14, 6.44846E-14, 3.15112E-14, 1.96779E-15, 1.80273E-15, 1.73798E-15, 1.58127E-12
228, 1.13766E-13, 3.32321E-14, 6.28678E-14, 2.81041E-14, 1.96698E-15, 1.80234E-15, 1.73516E-15, 1.72272E-12
229, 1.11092E-13, 3.41970E-14, 6.16088E-14, 3.14260E-14, 1.96539E-15, 1.80955E-15, 1.73528E-15, 1.53297E-12
230, 1.09357E-13, 3.58222E-14, 6.08868E-14, 2.82158E-14, 1.96590E-15, 1.80999E-15, 1.73127E-15, 1.59446E-12
231, 1.05735E-13, 3.67988E-14, 5.99853E-14, 3.05984E-14, 1.96861E-15, 1.81635E-15, 1.72874E-15, 1.84506E-12
232, 1.03171E-13, 3.75607E-14, 5.83673E-14, 3.03631E-14, 1.97040E-15, 1.81685E-15, 1.72781E-15, 1.79992E-12
233, 1.00841E-13, 3.85465E-14, 5.76444E-14, 3.23564E-14, 1.97062E-15, 1.82205E-15, 1.72468E-15, 1.92346E-12
234, 9.72039E-14, 4.13040E-14, 5.76372E-14, 2.98840E-14, 1.97131E-15, 1.82705E-15, 1.72140E-15, 1.15572E-12
235, 9.54596E-14, 4.18611E-14, 5.74506E-14, 2.81396E-14, 1.97293E-15, 1.83205E-15, 1.71837E-15, 1.57200E-12
236, 9.18112E-14, 4.35308E-14, 5.69058E-14, 2.97706E-14, 1.97305E-15, 1.83498E-15, 1.71581E-15, 1.24057E-12
237, 8.89885E-14, 4.42064E-14, 5.68976E-14, 3.00906E-14, 1.97484E-15, 1.84178E-15, 1.71203E-15, 1.18881E-12
238, 8.54440E-14, 4.55545E-14, 5.68891E-14, 2.77516E-14, 1.97630E-15, 1.84488E-15, 1.71268E-15, 1.59658E-12
239, 8.30861E-14, 4.81401E-14, 5.58071E-14, 3.36005E-14, 1.97774E-15, 1.85062E-15, 1.71092E-15, 2.27364E-12
240, 8.07233E-14, 4.82687E-14, 5.57982E-14, 2.95288E-14, 1.97865E-15, 1.85477E-15, 1.70933E-15, 1.55446E-12
241, 7.77550E-14, 4.86215E-14, 5.54315E-14, 2.96575E-14, 1.98016E-15, 1.85867E-15, 1.70710E-15, 1.33067E-12
242, 7.50190E-14, 4.98773E-14, 5.50647E-14, 2.93994E-14, 1.98077E-15, 1.86579E-15, 1.70555E-15, 1.45196E-12
243, 7.22754E-14, 5.04592E-14, 5.54129E-14, 3.26344E-14, 1.98314E-15, 1.86851E-15, 1.70661E-15, 1.45276E-12
244, 6.96443E-14, 5.10424E-14, 5.57608E-14, 2.96533E-14, 1.98393E-15, 1.87498E-15, 1.70314E-15, 1.48523E-12
245, 6.80936E-14, 5.25363E-14, 5.55723E-14, 3.44821E-14, 1.98756E-15, 1.88039E-15, 1.69939E-15, 1.26484E-12
246, 6.48421E-14, 5.28959E-14, 5.52052E-14, 3.34479E-14, 1.99123E-15, 1.88592E-15, 1.69888E-15, 2.14302E-12
247, 6.24292E-14, 5.37122E-14, 5.48382E-14, 3.35886E-14, 1.99336E-15, 1.89020E-15, 1.69755E-15, 1.66478E-12
248, 6.04949E-14, 5.54469E-14, 5.48284E-14, 3.29351E-14, 1.99625E-15, 1.89529E-15, 1.69741E-15, 1.72898E-12
249, 5.80660E-14, 5.58097E-14, 5.51758E-14, 4.02431E-14, 1.99815E-15, 1.90457E-15, 1.69595E-15, 2.13456E-12
250, 5.57503E-14, 5.59417E-14, 5.46304E-14, 3.16057E-14, 2.00252E-15, 1.90354E-15, 1.69257E-15, 2.01533E-12
251, 5.36707E-14, 5.72257E-14, 5.46207E-14, 3.41433E-14, 2.00383E-15, 1.90986E-15, 1.69075E-15, 1.39985E-12
252, 5.19515E-14, 5.89757E-14, 5.46111E-14, 3.46825E-14, 2.00581E-15, 1.91324E-15, 1.69183E-15, 1.40422E-12
253, 4.97330E-14, 5.98039E-14, 5.44231E-14, 3.23895E-14, 2.00918E-15, 1.91923E-15, 1.69065E-15, 1.60610E-12
254, 4.76287E-14, 6.04008E-14, 5.40569E-14, 3.41405E-14, 2.01161E-15, 1.92467E-15, 1.69219E-15, 1.73742E-12
255, 4.65048E-14, 6.09976E-14, 5.38693E-14, 3.63105E-14, 2.01151E-15, 1.92818E-15, 1.69131E-15, 1.91000E-12
256, 4.38886E-14, 6.18276E-14, 5.36820E-14, 3.72656E-14, 2.01663E-15, 1.93211E-15, 1.69090E-15, 1.38294E-12
257, 4.21304E-14, 6.31259E-14, 5.31382E-14, 3.78139E-14, 2.01738E-15, 1.93851E-15, 1.69144E-15, 1.58226E-12
258, 4.02397E-14, 6.32553E-14, 5.34862E-14, 3.25883E-14, 2.01962E-15, 1.94452E-15, 1.69191E-15, 2.93692E-12
259, 3.90895E-14, 6.43214E-14, 5.31212E-14, 4.26398E-14, 2.02009E-15, 1.95340E-15, 1.69358E-15, 2.88071E-12
260, 3.75585E-14, 6.49183E-14, 5.27565E-14, 3.15723E-14, 2.02653E-15, 1.95189E-15, 1.69284E-15, 2.27973E-12
261, 3.55182E-14, 6.46898E-14, 5.25704E-14, 3.54324E-14, 2.02672E-15, 1.95885E-15, 1.69369E-15, 1.48206E-12
262, 3.54811E-14, 6.51659E-14, 5.25628E-14, 3.26241E-14, 2.02989E-15, 1.96376E-15, 1.69509E-15, 1.67583E-12
263, 3.68315E-14, 6.55225E-14, 5.27335E-14, 3.27322E-14, 2.03205E-15, 1.96698E-15, 1.69482E-15, 1.78988E-12
264, 3.89475E-14, 6.52850E-14, 5.23700E-14, 3.24177E-14, 2.03538E-15, 1.97203E-15, 1.69530E-15, 1.61422E-12
265, 3.98067E-14, 6.53999E-14, 5.20069E-14, 4.01238E-14, 2.03996E-15, 1.97468E-15, 1.69752E-15, 2.09844E-12
266, 4.14329E-14, 6.62255E-14, 5.18223E-14, 3.13527E-14, 2.04172E-15, 1.97977E-15, 1.69593E-15, 1.81663E-12
267, 4.23029E-14, 6.49073E-14, 5.16379E-14, 3.82496E-14, 2.05098E-15, 1.98418E-15, 1.69717E-15, 1.40121E-12
268, 4.39438E-14, 6.45362E-14, 5.12759E-14, 3.15454E-14, 2.05711E-15, 1.98627E-15, 1.69773E-15, 1.27632E-12
269, 4.43124E-14, 6.40415E-14, 5.07362E-14, 3.50606E-14, 2.06213E-15, 1.99373E-15, 1.69770E-15, 1.45186E-12
270, 4.39124E-14, 6.33031E-14, 5.03749E-14, 3.94526E-14, 2.06647E-15, 1.99763E-15, 1.70009E-15, 1.71360E-12
271, 4.45401E-14, 6.26794E-14, 5.03700E-14, 2.96757E-14, 2.07247E-15, 1.99902E-15, 1.70311E-15, 1.89763E-12
272, 4.31060E-14, 6.18111E-14, 4.98314E-14, 3.45057E-14, 2.07508E-15, 2.00712E-15, 1.70582E-15, 1.28647E-12
273, 4.29584E-14, 6.06971E-14, 5.00051E-14, 3.80643E-14, 2.07698E-15, 2.00904E-15, 1.70555E-15, 1.28088E-12
274, 4.38477E-14, 6.01791E-14, 5.01791E-14, 3.16650E-14, 2.08157E-15, 2.01388E-15, 1.70860E-15, 1.52054E-12
275, 4.86433E-14, 5.82107E-14, 4.98197E-14, 3.30581E-14, 2.08730E-15, 2.01486E-15, 1.71062E-15, 1.42544E-12
276, 5.11165E-14, 5.68380E-14, 4.96385E-14, 3.44579E-14, 2.09162E-15, 2.01806E-15, 1.71095E-15, 1.37198E-12
277, 5.43869E-14, 5.58216E-14, 4.96356E-14, 3.36775E-14, 2.09654E-15, 2.02160E-15, 1.71283E-15, 1.39618E-12
278, 5.71499E-14, 5.66148E-14, 4.92773E-14, 3.68389E-14, 2.09984E-15, 2.02332E-15, 1.71643E-15, 1.41429E-12
279, 6.09785E-14, 5.61962E-14, 5.01646E-14, 3.21011E-14, 2.10402E-15, 2.02573E-15, 1.71950E-15, 1.96513E-12
280, 6.14012E-14, 5.62590E-14, 4.99850E-14, 3.35100E-14, 2.10940E-15, 2.03162E-15, 1.71920E-15, 2.28304E-12
281, 6.40720E-14, 5.65621E-14, 4.94500E-14, 3.18309E-14, 2.11149E-15, 2.02979E-15, 1.72218E-15, 2.15714E-12
282, 6.80813E-14, 5.71062E-14, 4.94490E-14, 3.32452E-14, 2.11468E-15, 2.03387E-15, 1.72400E-15, 1.98810E-12
283, 7.06508E-14, 5.61893E-14, 4.98041E-14, 3.77773E-14, 2.11898E-15, 2.03712E-15, 1.72692E-15, 1.59357E-12
284, 7.27014E-14, 5.50245E-14, 4.92703E-14, 3.29750E-14, 2.12631E-15, 2.03655E-15, 1.73064E-15, 1.72662E-12
285, 7.50300E-14, 5.45860E-14, 5.01599E-14, 3.39550E-14, 2.12873E-15, 2.03802E-15, 1.73453E-15, 1.54575E-12
286, 7.84420E-14, 5.41441E-14, 4.85596E-14, 3.31477E-14, 2.13461E-15, 2.03887E-15, 1.74000E-15, 1.75022E-12
287, 7.86512E-14, 5.29666E-14, 4.83827E-14, 3.68269E-14, 2.13988E-15, 2.04257E-15, 1.74247E-15, 1.54262E-12
288, 7.94001E-14, 5.06856E-14, 4.85619E-14, 3.24198E-14, 2.14442E-15, 2.04220E-15, 1.74686E-15, 1.13934E-12
289, 8.12328E-14, 4.86432E-14, 4.82079E-14, 3.92753E-14, 2.14694E-15, 2.04207E-15, 1.75150E-15, 2.08526E-12
290, 7.98284E-14, 4.74518E-14, 4.87436E-14, 3.12298E-14, 2.15081E-15, 2.04452E-15, 1.75513E-15, 1.74790E-12
291, 7.84168E-14, 4.52776E-14, 4.82124E-14, 3.76631E-14, 2.15546E-15, 2.04637E-15, 1.75869E-15, 1.87358E-12
292, 7.75421E-14, 4.22415E-14, 4.80373E-14, 3.86698E-14, 2.15756E-15, 2.04809E-15, 1.76060E-15, 1.73567E-12
293, 7.55716E-14, 3.94453E-14, 4.76846E-14, 3.55762E-14, 2.15718E-15, 2.04869E-15, 1.76435E-15, 1.28808E-12
294, 7.35908E-14, 3.72571E-14, 4.76881E-14, 3.79536E-14, 2.16198E-15, 2.04999E-15, 1.76790E-15, 1.68901E-12
295, 7.10507E-14, 3.55557E-14, 4.76919E-14, 4.08012E-14, 2.16650E-15, 2.04867E-15, 1.77298E-15, 1.66602E-12
296, 6.84970E-14, 3.53231E-14, 4.73401E-14, 3.12534E-14, 2.16821E-15, 2.05024E-15, 1.77676E-15, 1.30240E-12
297, 6.73088E-14, 3.52113E-14, 4.73445E-14, 3.04114E-14, 2.17055E-15, 2.05090E-15, 1.78018E-15, 1.55182E-12
298, 6.19648E-14, 3.46069E-14, 4.69932E-14, 3.78798E-14, 2.17529E-15, 2.05501E-15, 1.78364E-15, 2.02600E-12
299, 5.74233E-14, 3.47370E-14, 4.69981E-14, 2.96398E-14, 2.17741E-15, 2.05573E-15, 1.78860E-15, 2.33233E-12
300, 5.34129E-14, 3.42516E-14, 4.75375E-14, 3.94651E-14, 2.17874E-15, 2.05880E-15, 1.79072E-15, 2.37703E-12
301, 5.04959E-14, 3.32734E-14, 4.70089E-14, 2.93247E-14, 2.18149E-15, 2.05649E-15, 1.79491E-15, 1.70892E-12
302, 4.50445E-14, 3.31530E-14, 4.66585E-14, 3.63987E-14, 2.17987E-15, 2.05765E-15, 1.79877E-15, 1.79363E-12
303, 4.40514E-14, 3.29082E-14, 4.77332E-14, 3.64909E-14, 2.18179E-15, 2.06098E-15, 1.80255E-15, 1.92594E-12
304, 4.44598E-14, 3.25392E-14, 4.66708E-14, 2.81411E-14, 2.18263E-15, 2.06210E-15, 1.80739E-15, 1.80058E-12
305, 4.34597E-14, 3.22915E-14, 4.70337E-14, 3.99677E-14, 2.18180E-15, 2.06633E-15, 1.81231E-15, 1.89082E-12
306, 4.33031E-14, 3.20424E-14, 4.77532E-14, 3.53552E-14, 2.18636E-15, 2.06704E-15, 1.81725E-15, 1.67591E-12
307, 4.34296E-14, 3.17920E-14, 4.70476E-14, 3.82807E-14, 2.18733E-15, 2.06748E-15, 1.82060E-15, 1.57619E-12
308, 4.29876E-14, 3.19085E-14, 4.74114E-14, 2.84284E-14, 2.18717E-15, 2.06908E-15, 1.82179E-15, 2.03088E-12
309, 4.31143E-14, 3.19009E-14, 4.70625E-14, 3.94266E-14, 2.18888E-15, 2.07294E-15, 1.82840E-15, 2.23237E-12
310, 4.29555E-14, 3.20146E-14, 4.68920E-14, 3.95278E-14, 2.19257E-15, 2.07500E-15, 1.82994E-15, 1.49149E-12
311, 4.30832E-14, 3.21269E-14, 4.74350E-14, 2.91254E-14, 2.19296E-15, 2.07782E-15, 1.83437E-15, 1.82855E-12
312, 4.37878E-14, 3.23604E-14, 4.70866E-14, 3.49452E-14, 2.19421E-15, 2.08328E-15, 1.83691E-15, 1.79204E-12
313, 4.30522E-14, 3.18573E-14, 4.69167E-14, 3.59959E-14, 2.19591E-15, 2.08534E-15, 1.84281E-15, 1.70089E-12
314, 4.34714E-14, 3.19657E-14, 4.71039E-14, 3.12779E-14, 2.20186E-15, 2.08707E-15, 1.84665E-15, 1.47209E-12
315, 4.38933E-14, 3.19503E-14, 4.72913E-14, 3.66670E-14, 2.20171E-15, 2.09217E-15, 1.84973E-15, 1.37357E-12
316, 4.37347E-14, 3.15667E-14, 4.65866E-14, 4.11173E-14, 2.20537E-15, 2.09686E-15, 1.85226E-15, 1.52990E-12
317, 4.35752E-14, 3.17936E-14, 4.65960E-14, 3.92862E-14, 2.20594E-15, 2.10068E-15, 1.85748E-15, 1.94164E-12
318, 4.37082E-14, 3.15303E-14, 4.73199E-14, 3.93907E-14, 2.20911E-15, 2.10700E-15, 1.86213E-15, 1.50310E-12
319, 4.38420E-14, 3.13883E-14, 4.60797E-14, 3.07192E-14, 2.21076E-15, 2.11089E-15, 1.86617E-15, 1.84932E-12
320, 4.33864E-14, 3.13673E-14, 4.59110E-14, 3.81354E-14, 2.21103E-15, 2.11546E-15, 1.87006E-15, 1.38067E-12
321, 4.35201E-14, 3.14672E-14, 4.59212E-14, 4.26503E-14, 2.21491E-15, 2.11639E-15, 1.87588E-15, 1.47751E-12
322, 4.33577E-14, 3.16877E-14, 4.66466E-14, 3.61296E-14, 2.21452E-15, 2.12164E-15, 1.88081E-15, 1.47824E-12
323, 4.28964E-14, 3.16631E-14, 4.54062E-14, 3.99243E-14, 2.21916E-15, 2.12722E-15, 1.88319E-15, 1.42904E-12
324, 4.36275E-14, 3.17591E-14, 4.52382E-14, 4.00328E-14, 2.22112E-15, 2.13197E-15, 1.88904E-15, 1.37990E-12
325, 4.34639E-14, 3.13676E-14, 4.48916E-14, 3.71683E-14, 2.22212E-15, 2.13384E-15, 1.89460E-15, 1.48917E-12
326, 4.23971E-14, 3.12185E-14, 4.45451E-14, 4.37295E-14, 2.22654E-15, 2.13813E-15, 1.89877E-15, 1.34816E-12
327, 4.25302E-14, 3.08258E-14, 4.40198E-14, 3.38829E-14, 2.23061E-15, 2.14113E-15, 1.90095E-15, 1.59774E-12
328, 4.26640E-14, 3.11603E-14, 4.38525E-14, 3.99705E-14, 2.23317E-15, 2.14427E-15, 1.90770E-15, 1.49076E-12
329, 4.24950E-14, 3.08875E-14, 4.36854E-14, 3.55699E-14, 2.23321E-15, 2.14850E-15, 1.91186E-15, 1.84256E-12
330, 4.29339E-14, 3.08560E-14, 4.36976E-14, 4.11915E-14, 2.23504E-15, 2.15341E-15, 1.91516E-15, 1.89809E-12
331, 4.42918E-14, 3.07028E-14, 4.35310E-14, 3.57615E-14, 2.24179E-15, 2.15431E-15, 1.91854E-15, 1.35793E-12
332, 4.25939E-14, 3.06695E-14, 4.33646E-14, 4.39372E-14, 2.24202E-15, 2.15839E-15, 1.92361E-15, 1.45274E-12
333, 4.27295E-14, 3.13589E-14, 4.33777E-14, 3.79770E-14, 2.24518E-15, 2.16174E-15, 1.92849E-15, 1.41342E-12
334, 4.37910E-14, 3.12023E-14, 4.35705E-14, 3.80764E-14, 2.24979E-15, 2.16428E-15, 1.93361E-15, 1.62917E-12
335, 4.30028E-14, 3.11654E-14, 4.30463E-14, 4.17379E-14, 2.25085E-15, 2.16657E-15, 1.93773E-15, 1.05271E-12
336, 4.34509E-14, 3.11274E-14, 4.30605E-14, 4.28652E-14, 2.25493E-15, 2.16871E-15, 1.94130E-15, 1.38690E-12
337, 4.45244E-14, 3.09685E-14, 4.34340E-14, 3.63226E-14, 2.25772E-15, 2.17008E-15, 1.94382E-15, 1.18150E-12
338, 4.31057E-14, 3.11686E-14, 4.30900E-14, 4.46183E-14, 2.26194E-15, 2.17431E-15, 1.94785E-15, 2.01333E-12
339, 4.32444E-14, 3.14868E-14, 4.38238E-14, 3.95859E-14, 2.26581E-15, 2.17432E-15, 1.95473E-15, 2.15454E-12
340, 4.33838E-14, 3.15640E-14, 4.27619E-14, 4.32878E-14, 2.26922E-15, 2.17770E-15, 1.95782E-15, 1.49095E-12
341, 4.25776E-14, 3.05653E-14, 4.34970E-14, 3.56410E-14, 2.27229E-15, 2.17937E-15, 1.96081E-15, 1.30056E-12
342, 4.30316E-14, 3.04031E-14, 4.22553E-14, 3.41692E-14, 2.27484E-15, 2.17967E-15, 1.96541E-15, 1.35166E-12
343, 4.19011E-14, 3.02403E-14, 4.20924E-14, 4.35850E-14, 2.28042E-15, 2.18096E-15, 1.96798E-15, 1.20681E-12
344, 4.23553E-14, 3.00770E-14, 4.17498E-14, 3.43196E-14, 2.28620E-15, 2.18420E-15, 1.97198E-15, 1.47146E-12
345, 4.21731E-14, 3.01506E-14, 4.15875E-14, 3.93421E-14, 2.28504E-15, 2.18770E-15, 1.97711E-15, 1.53144E-12
346, 4.26304E-14, 3.04601E-14, 4.10653E-14, 4.17720E-14, 2.28838E-15, 2.18840E-15, 1.98330E-15, 1.16510E-12
347, 4.21257E-14, 2.95843E-14, 4.07234E-14, 3.76690E-14, 2.29293E-15, 2.19007E-15, 1.98693E-15, 1.68457E-12
348, 4.12947E-14, 2.96555E-14, 4.00211E-14, 4.50790E-14, 2.29905E-15, 2.19033E-15, 1.99034E-15, 1.59137E-12
349, 4.11052E-14, 2.96076E-14, 3.94990E-14, 3.85973E-14, 2.30134E-15, 2.18966E-15, 1.99525E-15, 1.27767E-12
350, 4.18882E-14, 2.92057E-14, 3.91574E-14, 4.73449E-14, 2.30594E-15, 2.19100E-15, 1.99943E-15, 1.23469E-12
351, 4.07212E-14, 2.92746E-14, 3.84549E-14, 4.63704E-14, 2.30801E-15, 2.19044E-15, 2.00042E-15, 1.41455E-12
352, 4.08535E-14, 2.92250E-14, 3.85650E-14, 4.59167E-14, 2.31257E-15, 2.19099E-15, 2.00595E-15, 1.38537E-12
353, 4.13141E-14, 2.91748E-14, 3.97602E-14, 3.93791E-14, 2.31558E-15, 2.19209E-15, 2.00947E-15, 1.31996E-12
354, 4.14482E-14, 2.93578E-14, 3.79736E-14, 4.34056E-14, 2.32087E-15, 2.19255E-15, 2.01223E-15, 1.08583E-12
355, 4.02626E-14, 2.93059E-14, 3.74520E-14, 4.29341E-14, 2.32448E-15, 2.19227E-15, 2.01620E-15, 1.47466E-12
356, 4.07241E-14, 2.92534E-14, 3.72925E-14, 4.16614E-14, 2.32781E-15, 2.19298E-15, 2.02139E-15, 1.28210E-12
357, 4.08559E-14, 2.98983E-14, 3.64088E-14, 4.64924E-14, 2.33265E-15, 2.19309E-15, 2.02575E-15, 1.27013E-12
358, 4.09879E-14, 2.90306E-14, 3.60683E-14, 4.12235E-14, 2.34010E-15, 2.18943E-15, 2.03275E-15, 1.49840E-12
359, 4.21231E-14, 2.85130E-14, 3.59093E-14, 3.96670E-14, 2.34675E-15, 2.19025E-15, 2.03579E-15, 1.16419E-12
360, 4.19233E-14, 2.83438E-14, 3.50248E-14, 4.79628E-14, 2.35189E-15, 2.18939E-15, 2.04003E-15, 1.05727E-12
361, 4.07120E-14, 2.80590E-14, 3.43213E-14, 3.97343E-14, 2.35616E-15, 2.18707E-15, 2.04622E-15, 1.21881E-12
362, 4.11799E-14, 2.76595E-14, 3.43442E-14, 4.53663E-14, 2.36513E-15, 2.18464E-15, 2.04831E-15, 1.08838E-12
363, 4.13114E-14, 2.74909E-14, 3.47315E-14, 4.27234E-14, 2.36662E-15, 2.18709E-15, 2.05241E-15, 1.54762E-12
364, 4.07635E-14, 2.75521E-14, 3.53017E-14, 4.54164E-14, 2.37496E-15, 2.18767E-15, 2.05514E-15, 1.71111E-12
365, 4.19150E-14, 2.73833E-14, 3.53271E-14, 4.94435E-14, 2.38089E-15, 2.18425E-15, 2.05748E-15, 1.48474E-12
366, 4.17055E-14, 2.66428E-14, 3.55353E-14, 4.19726E-14, 2.38803E-15, 2.17911E-15, 2.06168E-15, 1.33355E-12
367, 4.25225E-14, 2.67037E-14, 3.55620E-14, 3.85046E-14, 2.39227E-15, 2.18092E-15, 2.06556E-15, 1.25769E-12
368, 4.12795E-14, 2.64222E-14, 3.59544E-14, 4.73327E-14, 2.39833E-15, 2.18228E-15, 2.06821E-15, 1.17306E-12
369, 4.10629E-14, 2.64823E-14, 3.63480E-14, 4.03792E-14, 2.40281E-15, 2.17888E-15, 2.07171E-15, 1.22034E-12
370, 4.08438E-14, 2.65417E-14, 3.67428E-14, 4.35828E-14, 2.40844E-15, 2.17700E-15, 2.07615E-15, 1.05964E-12
371, 4.09695E-14, 2.61478E-14, 3.69559E-14, 4.25037E-14, 2.41176E-15, 2.17566E-15, 2.07863E-15, 1.26314E-12
372, 4.10946E-14, 2.59809E-14, 3.71699E-14, 4.51621E-14, 2.41827E-15, 2.17326E-15, 2.08186E-15, 1.50688E-12
373, 4.08700E-14, 2.58144E-14, 3.75682E-14, 4.48756E-14, 2.42365E-15, 2.16856E-15, 2.08366E-15, 1.24166E-12
374, 4.13435E-14, 2.56483E-14, 3.74175E-14, 3.79105E-14, 2.42887E-15, 2.17011E-15, 2.08351E-15, 1.27735E-12
375, 4.21699E-14, 2.53703E-14, 3.70835E-14, 4.40234E-14, 2.43037E-15, 2.16634E-15, 2.08845E-15, 9.89167E-13
376, 4.12375E-14, 2.56532E-14, 3.74845E-14, 4.15921E-14, 2.43768E-15, 2.16104E-15, 2.09245E-15, 1.18224E-12
377, 4.06517E-14, 2.48169E-14, 3.75190E-14, 4.31568E-14, 2.44278E-15, 2.16050E-15, 2.09532E-15, 1.22829E-12
378, 4.00610E-14, 2.49877E-14, 3.75541E-14, 3.75286E-14, 2.44950E-15, 2.15972E-15, 2.09977E-15, 1.49907E-12
379, 4.08876E-14, 2.46011E-14, 3.77742E-14, 4.78618E-14, 2.45760E-15, 2.15899E-15, 2.10188E-15, 1.16159E-12
380, 4.17174E-14, 2.43270E-14, 3.74418E-14, 4.11706E-14, 2.46453E-15, 2.15594E-15, 2.10509E-15, 1.29639E-12
381, 4.11201E-14, 2.39430E-14, 3.78479E-14, 4.40424E-14, 2.46943E-15, 2.15475E-15, 2.10949E-15, 1.28101E-12
382, 4.12349E-14, 2.37817E-14, 3.71464E-14, 4.71693E-14, 2.47620E-15, 2.15075E-15, 2.10845E-15, 1.26977E-12
383, 4.09892E-14, 2.37314E-14, 3.71840E-14, 5.16086E-14, 2.48412E-15, 2.14817E-15, 2.11369E-15, 1.59439E-12
384, 4.03800E-14, 2.34608E-14, 3.74073E-14, 3.70030E-14, 2.49269E-15, 2.14397E-15, 2.11686E-15, 1.90496E-12
385, 4.01272E-14, 2.40706E-14, 3.74462E-14, 4.46061E-14, 2.49591E-15, 2.14276E-15, 2.11789E-15, 1.73856E-12
386, 4.13214E-14, 2.32520E-14, 3.74856E-14, 3.74259E-14, 2.50162E-15, 2.14303E-15, 2.11747E-15, 1.37198E-12
387, 4.14298E-14, 2.30934E-14, 3.73397E-14, 4.55288E-14, 2.50984E-15, 2.13753E-15, 2.12187E-15, 1.38193E-12
388, 4.08083E-14, 2.29355E-14, 3.71940E-14, 4.20435E-14, 2.51930E-15, 2.13545E-15, 2.12247E-15, 2.17941E-12
389, 4.09124E-14, 2.27783E-14, 3.70483E-14, 4.64381E-14, 2.52195E-15, 2.13404E-15, 2.12138E-15, 1.76688E-12
390, 4.02828E-14, 2.30567E-14, 3.70890E-14, 3.92917E-14, 2.52919E-15, 2.13188E-15, 2.12348E-15, 1.65088E-12
391, 4.11168E-14, 2.26828E-14, 3.71301E-14, 4.47200E-14, 2.53485E-15, 2.12782E-15, 2.12613E-15, 1.50141E-12
392, 4.04810E-14, 2.26355E-14, 3.69849E-14, 4.75186E-14, 2.54231E-15, 2.12714E-15, 2.12685E-15, 1.42795E-12
393, 4.13158E-14, 2.23723E-14, 3.70266E-14, 3.98804E-14, 2.54998E-15, 2.12578E-15, 2.12641E-15, 1.17817E-12
394, 4.14132E-14, 2.23259E-14, 3.70687E-14, 4.24156E-14, 2.55544E-15, 2.12344E-15, 2.12903E-15, 1.07255E-12
395, 4.15092E-14, 2.15264E-14, 3.69236E-14, 5.24749E-14, 2.56296E-15, 2.12200E-15, 2.12995E-15, 1.34631E-12
396, 4.30896E-14, 2.17910E-14, 3.65909E-14, 4.30493E-14, 2.57414E-15, 2.11769E-15, 2.13105E-15, 1.37327E-12
397, 4.20691E-14, 2.17465E-14, 3.62575E-14, 4.84120E-14, 2.57840E-15, 2.11685E-15, 2.13178E-15, 1.47205E-12
398, 4.14152E-14, 2.19831E-14, 3.57354E-14, 4.05753E-14, 2.58178E-15, 2.11243E-15, 2.13191E-15, 1.61865E-12
399, 4.11305E-14, 2.21639E-14, 3.55888E-14, 4.36012E-14, 2.58663E-15, 2.10779E-15, 2.13275E-15, 1.58727E-12
400, 4.19667E-14, 2.21344E-14, 3.52535E-14, 3.86323E-14, 2.59639E-15, 2.10708E-15, 2.13322E-15, 1.45798E-12
401, 4.24290E-14, 2.21301E-14, 3.52950E-14, 4.34503E-14, 2.60210E-15, 2.10529E-15, 2.13286E-15, 1.71906E-12
402, 4.25149E-14, 2.22819E-14, 3.51476E-14, 4.67117E-14, 2.61122E-15, 2.10186E-15, 2.13400E-15, 2.12313E-12
403, 4.22222E-14, 2.29695E-14, 3.48107E-14, 4.48375E-14, 2.61795E-15, 2.09988E-15, 2.13496E-15, 2.39064E-12
404, 4.15486E-14, 2.38430E-14, 3.44730E-14, 4.34813E-14, 2.62343E-15, 2.09843E-15, 2.13492E-15, 1.59443E-12
405, 4.23842E-14, 2.51263E-14, 3.47035E-14, 4.51939E-14, 2.63088E-15, 2.09699E-15, 2.13596E-15, 1.27677E-12
406, 4.17044E-14, 2.48788E-14, 3.55039E-14, 4.30773E-14, 2.63547E-15, 2.09434E-15, 2.13741E-15, 1.30416E-12
407, 4.10202E-14, 2.54860E-14, 3.47856E-14, 4.37671E-14, 2.63994E-15, 2.09436E-15, 2.13815E-15, 1.47194E-12
408, 4.03315E-14, 2.61985E-14, 3.50170E-14, 4.80112E-14, 2.65049E-15, 2.09337E-15, 2.13988E-15, 1.47656E-12
409, 4.15442E-14, 2.71802E-14, 3.56298E-14, 4.20973E-14, 2.65651E-15, 2.09191E-15, 2.13799E-15, 1.74515E-12
410, 4.12319E-14, 2.73161E-14, 3.60532E-14, 4.75963E-14, 2.65891E-15, 2.09203E-15, 2.13884E-15, 1.87734E-12
411, 4.12991E-14, 2.78007E-14, 3.62865E-14, 4.37254E-14, 2.66547E-15, 2.08931E-15, 2.13757E-15, 1.52573E-12
412, 4.02154E-14, 2.83751E-14, 3.57552E-14, 4.36528E-14, 2.66956E-15, 2.08688E-15, 2.13801E-15, 1.47051E-12
413, 4.10445E-14, 2.93637E-14, 3.59882E-14, 5.06342E-14, 2.67542E-15, 2.08512E-15, 2.13741E-15, 1.90210E-12
414, 4.11057E-14, 2.97494E-14, 3.66048E-14, 4.75331E-14, 2.68014E-15, 2.08289E-15, 2.13679E-15, 2.37686E-12
415, 3.92416E-14, 2.99594E-14, 3.66469E-14, 4.72046E-14, 2.68548E-15, 2.08307E-15, 2.13633E-15, 1.54893E-12
416, 3.96818E-14, 3.05021E-14, 3.68809E-14, 4.18639E-14, 2.69092E-15, 2.08213E-15, 2.13604E-15, 1.71706E-12
417, 3.93498E-14, 3.13661E-14, 3.73074E-14, 4.37988E-14, 2.69974E-15, 2.07967E-15, 2.13576E-15, 1.67124E-12
418, 3.90150E-14, 3.17125E-14, 3.77345E-14, 4.72272E-14, 2.70645E-15, 2.07688E-15, 2.13364E-15, 1.66668E-12
419, 3.94510E-14, 3.24827E-14, 3.77767E-14, 4.26617E-14, 2.71011E-15, 2.07649E-15, 2.13157E-15, 1.46051E-12
420, 3.98862E-14, 3.26604E-14, 3.87834E-14, 5.38036E-14, 2.71562E-15, 2.07477E-15, 2.13042E-15, 1.59131E-12
421, 3.99329E-14, 3.32484E-14, 3.88260E-14, 4.12845E-14, 2.71941E-15, 2.07338E-15, 2.12918E-15, 2.29754E-12
422, 3.92014E-14, 3.35024E-14, 3.82881E-14, 5.16497E-14, 2.72374E-15, 2.07363E-15, 2.12894E-15, 1.71656E-12
423, 4.04093E-14, 3.40886E-14, 3.83294E-14, 3.94214E-14, 2.72762E-15, 2.07149E-15, 2.12584E-15, 1.86165E-12
424, 3.96729E-14, 3.40102E-14, 3.87578E-14, 4.92633E-14, 2.73153E-15, 2.07080E-15, 2.13000E-15, 1.96202E-12
425, 3.93225E-14, 3.43404E-14, 3.91865E-14, 4.10316E-14, 2.74346E-15, 2.07017E-15, 2.12607E-15, 1.68481E-12
426, 3.89695E-14, 3.44414E-14, 3.90331E-14, 4.29441E-14, 2.74360E-15, 2.07428E-15, 2.12574E-15, 2.13011E-12
427, 3.86139E-14, 3.46953E-14, 3.96563E-14, 4.04154E-14, 2.75408E-15, 2.07084E-15, 2.12595E-15, 1.55465E-12
428, 4.02077E-14, 3.47970E-14, 3.95019E-14, 4.47845E-14, 2.75623E-15, 2.07133E-15, 2.12270E-15, 1.78923E-12
429, 3.86766E-14, 3.52791E-14, 3.95413E-14, 3.95584E-14, 2.76379E-15, 2.06818E-15, 2.12103E-15, 1.82184E-12
430, 3.90961E-14, 3.50778E-14, 3.99701E-14, 4.53885E-14, 2.76632E-15, 2.06763E-15, 2.12296E-15, 1.97948E-12
431, 4.10792E-14, 3.51052E-14, 3.94233E-14, 4.55673E-14, 2.77510E-15, 2.06859E-15, 2.12225E-15, 1.71917E-12
432, 3.99310E-14, 3.53098E-14, 3.92655E-14, 4.25656E-14, 2.78385E-15, 2.06853E-15, 2.12209E-15, 1.50595E-12
433, 3.87794E-14, 3.53384E-14, 3.93022E-14, 4.64126E-14, 2.78727E-15, 2.06887E-15, 2.12107E-15, 1.76504E-12
434, 3.95841E-14, 3.54683E-14, 3.99255E-14, 4.46387E-14, 2.79196E-15, 2.06794E-15, 2.11938E-15, 1.55940E-12
435, 3.88192E-14, 3.53224E-14, 3.97656E-14, 3.77549E-14, 2.79777E-15, 2.06380E-15, 2.11915E-15, 1.56873E-12
436, 3.92285E-14, 3.52781E-14, 3.92126E-14, 4.11068E-14, 2.80305E-15, 2.06312E-15, 2.11841E-15, 1.60263E-12
437, 3.84588E-14, 3.52848E-14, 3.96391E-14, 4.95502E-14, 2.81103E-15, 2.06368E-15, 2.11962E-15, 1.85218E-12
438, 3.96494E-14, 3.53924E-14, 3.96727E-14, 3.95363E-14, 2.82070E-15, 2.06055E-15, 2.11658E-15, 2.17193E-12
439, 4.04460E-14, 3.52007E-14, 4.00987E-14, 4.06926E-14, 2.82207E-15, 2.06131E-15, 2.11680E-15, 1.94682E-12
440, 3.88843E-14, 3.49603E-14, 3.97378E-14, 4.47486E-14, 2.82615E-15, 2.06246E-15, 2.11203E-15, 1.74651E-12
441, 4.04627E-14, 3.49707E-14, 4.01631E-14, 4.54121E-14, 2.82966E-15, 2.06105E-15, 2.11250E-15, 1.91521E-12
442, 3.92893E-14, 3.51813E-14, 4.05881E-14, 4.89689E-14, 2.83428E-15, 2.05969E-15, 2.11363E-15, 1.60913E-12
443, 3.92923E-14, 3.46456E-14, 3.92384E-14, 4.21577E-14, 2.83966E-15, 2.06178E-15, 2.10969E-15, 1.80875E-12
444, 3.96864E-14, 3.46091E-14, 3.98592E-14, 4.42667E-14, 2.84226E-15, 2.06182E-15, 2.11006E-15, 1.81960E-12
445, 3.81137E-14, 3.51945E-14, 3.96901E-14, 4.99744E-14, 2.84770E-15, 2.05907E-15, 2.11146E-15, 2.22904E-12
446, 3.73251E-14, 3.45390E-14, 3.93223E-14, 4.07909E-14, 2.84424E-15, 2.05926E-15, 2.10809E-15, 2.16696E-12
447, 3.73204E-14, 3.42078E-14, 3.97442E-14, 4.14568E-14, 2.85088E-15, 2.05833E-15, 2.10877E-15, 3.04959E-12
448, 3.80995E-14, 3.41753E-14, 3.95721E-14, 4.61900E-14, 2.85359E-15, 2.05956E-15, 2.10775E-15, 2.10528E-12
449, 3.88763E-14, 3.40943E-14, 3.92010E-14, 4.63702E-14, 2.85850E-15, 2.06021E-15, 2.10490E-15, 1.55665E-12
450, 3.80804E-14, 3.40637E-14, 3.96210E-14, 4.79829E-14, 2.85878E-15, 2.06324E-15, 2.10361E-15, 1.42452E-12
451, 3.84606E-14, 3.39352E-14, 3.94460E-14, 4.50621E-14, 2.86513E-15, 2.06063E-15, 2.10124E-15, 1.76570E-12
452, 3.80539E-14, 3.38077E-14, 3.96666E-14, 4.16729E-14, 2.86696E-15, 2.06212E-15, 2.09821E-15, 1.71047E-12
453, 3.72537E-14, 3.39279E-14, 4.12756E-14, 4.66170E-14, 2.87040E-15, 2.06403E-15, 2.09938E-15, 1.99796E-12
454, 3.76282E-14, 3.38517E-14, 4.05029E-14, 4.29978E-14, 2.86754E-15, 2.06444E-15, 2.10034E-15, 3.56702E-12
455, 3.70212E-14, 3.38257E-14, 4.09204E-14, 4.31843E-14, 2.87227E-15, 2.06688E-15, 2.09939E-15, 3.19846E-12
456, 3.79793E-14, 3.42926E-14, 3.99462E-14, 4.62151E-14, 2.87515E-15, 2.06753E-15, 2.10167E-15, 2.23840E-12
457, 3.71736E-14, 3.51285E-14, 3.95667E-14, 4.49785E-14, 2.87631E-15, 2.06695E-15, 2.10062E-15, 2.97470E-12
458, 3.87136E-14, 3.48832E-14, 3.95838E-14, 4.35091E-14, 2.87676E-15, 2.07037E-15, 2.09956E-15, 2.50607E-12
459, 3.75143E-14, 3.52037E-14, 3.99980E-14, 4.13351E-14, 2.88187E-15, 2.07160E-15, 2.09692E-15, 1.72714E-12
460, 3.67056E-14, 3.54757E-14, 4.02127E-14, 4.50652E-14, 2.88047E-15, 2.07396E-15, 2.09482E-15, 1.68828E-12
461, 3.78474E-14, 3.56502E-14, 4.04266E-14, 4.78453E-14, 2.88315E-15, 2.07385E-15, 2.09306E-15, 1.60019E-12
462, 3.85959E-14, 3.58990E-14, 4.00421E-14, 3.86129E-14, 2.88290E-15, 2.07718E-15, 2.09227E-15, 1.64243E-12
463, 3.73940E-14, 3.60504E-14, 4.06529E-14, 4.44533E-14, 2.87981E-15, 2.07714E-15, 2.09295E-15, 1.47912E-12
464, 3.65818E-14, 3.62760E-14, 3.98678E-14, 4.88730E-14, 2.88608E-15, 2.07778E-15, 2.09389E-15, 1.65928E-12
465, 3.65473E-14, 3.63066E-14, 3.96796E-14, 4.01397E-14, 2.88126E-15, 2.07941E-15, 2.09230E-15, 1.95250E-12
466, 3.68998E-14, 3.65827E-14, 3.94905E-14, 4.76054E-14, 2.88126E-15, 2.07966E-15, 2.09273E-15, 1.89890E-12
467, 3.68622E-14, 3.68595E-14, 4.02979E-14, 3.98292E-14, 2.87980E-15, 2.08046E-15, 2.09341E-15, 1.45441E-12
468, 3.60481E-14, 3.63552E-14, 3.95085E-14, 5.43054E-14, 2.88121E-15, 2.07967E-15, 2.09181E-15, 1.94694E-12
469, 3.60087E-14, 3.64384E-14, 3.99154E-14, 3.78863E-14, 2.88156E-15, 2.08081E-15, 2.09034E-15, 2.11372E-12
470, 3.71285E-14, 3.57412E-14, 3.99224E-14, 4.18257E-14, 2.87792E-15, 2.08109E-15, 2.09199E-15, 2.11142E-12
471, 3.63129E-14, 3.56800E-14, 3.95293E-14, 4.48255E-14, 2.87974E-15, 2.08251E-15, 2.09046E-15, 1.98201E-12
472, 3.58838E-14, 3.58638E-14, 3.99340E-14, 4.05898E-14, 2.87504E-15, 2.08110E-15, 2.09028E-15, 1.64915E-12
473, 3.66106E-14, 3.53166E-14, 3.89401E-14, 4.66179E-14, 2.87554E-15, 2.08196E-15, 2.09094E-15, 2.15413E-12
474, 3.61798E-14, 3.52096E-14, 3.93433E-14, 3.74985E-14, 2.87500E-15, 2.08172E-15, 2.08528E-15, 2.17554E-12
475, 3.57489E-14, 3.46160E-14, 3.95459E-14, 4.58490E-14, 2.87048E-15, 2.08328E-15, 2.08914E-15, 1.97819E-12
476, 3.72375E-14, 3.44136E-14, 3.93484E-14, 4.81417E-14, 2.86765E-15, 2.08142E-15, 2.08868E-15, 1.65258E-12
477, 3.56540E-14, 3.45045E-14, 3.99491E-14, 4.04387E-14, 2.86317E-15, 2.08357E-15, 2.08979E-15, 3.13743E-12
478, 3.63708E-14, 3.36217E-14, 3.89510E-14, 4.36631E-14, 2.86431E-15, 2.08513E-15, 2.08825E-15, 2.74418E-12
479, 3.59376E-14, 3.34221E-14, 3.93505E-14, 3.96892E-14, 2.85965E-15, 2.08520E-15, 2.08974E-15, 2.13726E-12
480, 3.62681E-14, 3.31260E-14, 3.91499E-14, 4.24480E-14, 2.85811E-15, 2.08779E-15, 2.08712E-15, 2.20942E-12
481, 3.62154E-14, 3.32205E-14, 3.85492E-14, 4.33500E-14, 2.85496E-15, 2.08701E-15, 2.08796E-15, 2.57026E-12
482, 3.57811E-14, 3.24391E-14, 3.87468E-14, 4.07767E-14, 2.85355E-15, 2.08912E-15, 2.08528E-15, 2.40859E-12
483, 3.53471E-14, 3.21456E-14, 3.91433E-14, 4.05228E-14, 2.85140E-15, 2.08793E-15, 2.08986E-15, 2.09913E-12
484, 3.60520E-14, 3.20478E-14, 3.91397E-14, 4.55932E-14, 2.85109E-15, 2.08876E-15, 2.09325E-15, 3.12276E-12
485, 3.56169E-14, 3.24378E-14, 3.95348E-14, 4.16379E-14, 2.84821E-15, 2.09018E-15, 2.08961E-15, 2.71983E-12
486, 3.63171E-14, 3.17571E-14, 3.93301E-14, 3.69939E-14, 2.84428E-15, 2.09039E-15, 2.09090E-15, 2.43471E-12
487, 3.62587E-14, 3.14668E-14, 4.01229E-14, 4.89946E-14, 2.83934E-15, 2.09154E-15, 2.09016E-15, 2.19816E-12
488, 3.65765E-14, 3.12747E-14, 4.01165E-14, 3.81162E-14, 2.83249E-15, 2.09040E-15, 2.08751E-15, 1.66060E-12
489, 3.68923E-14, 3.12782E-14, 4.03090E-14, 4.15643E-14, 2.83144E-15, 2.09179E-15, 2.08685E-15, 1.90433E-12
490, 3.53270E-14, 3.07951E-14, 4.12988E-14, 4.27023E-14, 2.82642E-15, 2.09371E-15, 2.08702E-15, 2.06081E-12
491, 3.52666E-14, 3.04102E-14, 4.24870E-14, 4.29173E-14, 2.82069E-15, 2.09330E-15, 2.08846E-15, 2.66693E-12
492, 3.48311E-14, 2.99283E-14, 4.28763E-14, 4.05959E-14, 2.81364E-15, 2.09171E-15, 2.08944E-15, 2.54185E-12
493, 3.55177E-14, 2.97395E-14, 4.34642E-14, 4.26579E-14, 2.80895E-15, 2.09176E-15, 2.08799E-15, 2.49305E-12
494, 3.50813E-14, 2.98440E-14, 4.38518E-14, 3.82650E-14, 2.80626E-15, 2.09190E-15, 2.08834E-15, 2.88468E-12
495, 3.42731E-14, 2.96565E-14, 4.44379E-14, 4.47065E-14, 2.79815E-15, 2.09172E-15, 2.08844E-15, 2.52461E-12
496, 3.42105E-14, 2.98600E-14, 4.48238E-14, 4.07779E-14, 2.79480E-15, 2.09160E-15, 2.08659E-15, 2.96548E-12
497, 3.37762E-14, 2.94786E-14, 4.58063E-14, 4.42224E-14, 2.78910E-15, 2.09313E-15, 2.08633E-15, 2.04740E-12
498, 3.40836E-14, 2.94882E-14, 4.55931E-14, 3.73038E-14, 2.78472E-15, 2.09210E-15, 2.08460E-15, 1.88477E-12
499, 3.32796E-14, 2.92056E-14, 4.61755E-14, 3.68351E-14, 2.77834E-15, 2.09427E-15, 2.08414E-15, 1.93503E-12
500, 3.32160E-14, 2.95096E-14, 4.69558E-14, 3.95896E-14, 2.77052E-15, 2.09251E-15, 2.08467E-15, 2.09996E-12
