time_step, rel_err_u, rel_err_v, rel_err_w, rel_err_p, rel_err_u_m, rel_err_v_m, rel_err_w_m, rel_err_p_m
0, 0.00000E+00, 0.00000E+00, 0.00000E+00, 0.00000E+00, 0.00000E+00, 0.00000E+00, 0.00000E+00,         NaN
1, 1.02499E-03, 6.18348E-04, 5.46469E-04, 1.72370E-02, 4.04328E-05, 3.20883E-05, 2.65559E-05, 3.58144E+00
2, 1.81621E-03, 1.24898E-03, 7.36325E-04, 1.70527E-02, 7.79439E-05, 6.09630E-05, 4.89447E-05, 1.81727E-01
3, 2.66829E-03, 1.88813E-03, 1.07261E-03, 1.70945E-02, 1.16313E-04, 9.09517E-05, 7.31685E-05, 1.82412E-01
4, 3.59327E-03, 2.50852E-03, 1.39593E-03, 1.70047E-02, 1.54328E-04, 1.20723E-04, 9.71712E-05, 1.74109E-01
5, 4.56362E-03, 3.11925E-03, 1.76397E-03, 1.69182E-02, 1.91913E-04, 1.50181E-04, 1.21028E-04, 1.68014E-01
6, 5.56827E-03, 3.70953E-03, 2.12484E-03, 1.68221E-02, 2.29157E-04, 1.79358E-04, 1.44734E-04, 1.67926E-01
7, 6.55977E-03, 4.31946E-03, 2.47067E-03, 1.67202E-02, 2.65983E-04, 2.08289E-04, 1.68241E-04, 1.69671E-01
8, 7.51920E-03, 5.04353E-03, 2.79355E-03, 1.66123E-02, 3.02423E-04, 2.36990E-04, 1.91594E-04, 1.70274E-01
9, 8.61455E-03, 5.77350E-03, 3.08566E-03, 1.64987E-02, 3.38384E-04, 2.65435E-04, 2.14790E-04, 1.69769E-01
10, 9.76166E-03, 6.50190E-03, 3.33951E-03, 1.63796E-02, 3.73946E-04, 2.93635E-04, 2.37846E-04, 1.69310E-01
11, 1.08798E-02, 7.22119E-03, 3.54800E-03, 1.62549E-02, 4.09152E-04, 3.21551E-04, 2.60749E-04, 1.69582E-01
12, 1.20856E-02, 7.92383E-03, 3.85199E-03, 1.61249E-02, 4.44007E-04, 3.49221E-04, 2.83553E-04, 1.76337E-01
13, 1.35246E-02, 8.60232E-03, 4.15090E-03, 1.59896E-02, 4.78475E-04, 3.76682E-04, 3.06173E-04, 1.81989E-01
14, 1.49337E-02, 9.24933E-03, 4.40967E-03, 1.58493E-02, 5.12623E-04, 4.03900E-04, 3.28595E-04, 1.86509E-01
15, 1.62899E-02, 9.85777E-03, 4.62052E-03, 1.57322E-02, 5.46421E-04, 4.30922E-04, 3.50876E-04, 1.89864E-01
16, 1.75709E-02, 1.04208E-02, 4.77621E-03, 1.56647E-02, 5.79857E-04, 4.57654E-04, 3.72967E-04, 1.92020E-01
17, 1.87555E-02, 1.09321E-02, 4.95732E-03, 1.55915E-02, 6.12947E-04, 4.84123E-04, 3.94982E-04, 1.92943E-01
18, 1.99312E-02, 1.13857E-02, 5.24579E-03, 1.55129E-02, 6.45893E-04, 5.10495E-04, 4.16944E-04, 1.92599E-01
19, 2.15808E-02, 1.20492E-02, 5.61352E-03, 1.54288E-02, 6.78678E-04, 5.36714E-04, 4.38768E-04, 1.90959E-01
20, 2.32102E-02, 1.28719E-02, 5.97615E-03, 1.53393E-02, 7.11120E-04, 5.62647E-04, 4.60407E-04, 1.89558E-01
21, 2.51007E-02, 1.36695E-02, 6.29440E-03, 1.54748E-02, 7.42990E-04, 5.88224E-04, 4.81931E-04, 1.91493E-01
22, 2.73769E-02, 1.44348E-02, 6.55917E-03, 1.58787E-02, 7.74220E-04, 6.13587E-04, 5.03431E-04, 1.96514E-01
23, 2.96721E-02, 1.51608E-02, 6.76176E-03, 1.62532E-02, 8.04924E-04, 6.38806E-04, 5.24768E-04, 2.02168E-01
24, 3.19656E-02, 1.58406E-02, 7.17385E-03, 1.65955E-02, 8.35741E-04, 6.63819E-04, 5.45912E-04, 2.06564E-01
25, 3.42351E-02, 1.64676E-02, 7.71805E-03, 1.69030E-02, 8.66209E-04, 6.88648E-04, 5.66902E-04, 2.09619E-01
26, 3.64569E-02, 1.70356E-02, 8.22673E-03, 1.71728E-02, 8.96338E-04, 7.13274E-04, 5.87849E-04, 2.11258E-01
27, 3.86068E-02, 1.75386E-02, 8.93277E-03, 1.74026E-02, 9.26084E-04, 7.37710E-04, 6.08547E-04, 2.11417E-01
28, 4.06594E-02, 1.79712E-02, 9.71974E-03, 1.75899E-02, 9.55458E-04, 7.62010E-04, 6.29076E-04, 2.10878E-01
29, 4.25889E-02, 1.83286E-02, 1.05077E-02, 1.77327E-02, 9.84598E-04, 7.86176E-04, 6.49505E-04, 2.11301E-01
30, 4.43694E-02, 1.86064E-02, 1.12875E-02, 1.78289E-02, 1.01372E-03, 8.10164E-04, 6.69792E-04, 2.12738E-01
31, 4.59750E-02, 1.88448E-02, 1.20490E-02, 1.78769E-02, 1.04251E-03, 8.34135E-04, 6.90039E-04, 2.12524E-01
32, 4.79660E-02, 1.93615E-02, 1.27817E-02, 1.78754E-02, 1.07097E-03, 8.57804E-04, 7.10160E-04, 2.11090E-01
33, 5.05883E-02, 2.01679E-02, 1.34745E-02, 1.79509E-02, 1.09888E-03, 8.81468E-04, 7.30165E-04, 2.16573E-01
34, 5.30795E-02, 2.09268E-02, 1.41161E-02, 1.84188E-02, 1.12621E-03, 9.05163E-04, 7.50075E-04, 2.23344E-01
35, 5.54078E-02, 2.16325E-02, 1.46950E-02, 1.88481E-02, 1.15332E-03, 9.28673E-04, 7.69922E-04, 2.28400E-01
36, 5.75409E-02, 2.22787E-02, 1.51997E-02, 1.92352E-02, 1.18044E-03, 9.51897E-04, 7.89606E-04, 2.31690E-01
37, 5.94467E-02, 2.28598E-02, 1.56189E-02, 1.95771E-02, 1.20673E-03, 9.74917E-04, 8.09008E-04, 2.33185E-01
38, 6.10934E-02, 2.33708E-02, 1.59417E-02, 1.98706E-02, 1.23266E-03, 9.97867E-04, 8.28307E-04, 2.32881E-01
39, 6.24502E-02, 2.38069E-02, 1.70086E-02, 2.01129E-02, 1.25866E-03, 1.02069E-03, 8.47758E-04, 2.30796E-01
40, 6.34874E-02, 2.41640E-02, 1.83292E-02, 2.03014E-02, 1.28431E-03, 1.04342E-03, 8.67146E-04, 2.26970E-01
41, 6.41767E-02, 2.44385E-02, 1.96235E-02, 2.04339E-02, 1.31010E-03, 1.06595E-03, 8.86471E-04, 2.21461E-01
42, 6.44948E-02, 2.46275E-02, 2.08751E-02, 2.05083E-02, 1.33516E-03, 1.08826E-03, 9.05634E-04, 2.19984E-01
43, 6.61353E-02, 2.47596E-02, 2.20676E-02, 2.05231E-02, 1.35977E-03, 1.11061E-03, 9.24650E-04, 2.23640E-01
44, 6.79244E-02, 2.50623E-02, 2.31844E-02, 2.04769E-02, 1.38428E-03, 1.13296E-03, 9.43719E-04, 2.25608E-01
45, 6.93965E-02, 2.56830E-02, 2.42084E-02, 2.03690E-02, 1.40842E-03, 1.15515E-03, 9.62718E-04, 2.25914E-01
46, 7.05183E-02, 2.62761E-02, 2.51228E-02, 2.02395E-02, 1.43238E-03, 1.17725E-03, 9.81637E-04, 2.24604E-01
47, 7.12580E-02, 2.69107E-02, 2.59108E-02, 2.06968E-02, 1.45600E-03, 1.19909E-03, 1.00048E-03, 2.21743E-01
48, 7.15858E-02, 2.79500E-02, 2.65564E-02, 2.11028E-02, 1.47973E-03, 1.22091E-03, 1.01923E-03, 2.19014E-01
49, 7.14745E-02, 2.98074E-02, 2.70440E-02, 2.14541E-02, 1.50310E-03, 1.24254E-03, 1.03796E-03, 2.16287E-01
50, 7.08997E-02, 3.16782E-02, 2.73591E-02, 2.17475E-02, 1.52594E-03, 1.26376E-03, 1.05668E-03, 2.12173E-01
51, 7.44159E-02, 3.35557E-02, 2.74887E-02, 2.19801E-02, 1.54788E-03, 1.28498E-03, 1.07522E-03, 2.10288E-01
52, 7.78953E-02, 3.54333E-02, 2.74209E-02, 2.21495E-02, 1.57012E-03, 1.30630E-03, 1.09385E-03, 2.06875E-01
53, 8.09749E-02, 3.73053E-02, 2.80183E-02, 2.22535E-02, 1.59238E-03, 1.32742E-03, 1.11209E-03, 2.07176E-01
54, 8.36229E-02, 3.91637E-02, 2.99858E-02, 2.22904E-02, 1.61408E-03, 1.34816E-03, 1.13030E-03, 2.06523E-01
55, 8.58123E-02, 4.10831E-02, 3.19127E-02, 2.22589E-02, 1.63612E-03, 1.36883E-03, 1.14870E-03, 2.04097E-01
56, 8.99169E-02, 4.31338E-02, 3.37818E-02, 2.21580E-02, 1.65741E-03, 1.38927E-03, 1.16709E-03, 2.01674E-01
57, 9.42980E-02, 4.51630E-02, 3.55756E-02, 2.19876E-02, 1.67809E-03, 1.40951E-03, 1.18564E-03, 2.06975E-01
58, 9.82218E-02, 4.71647E-02, 3.72768E-02, 2.17477E-02, 1.69834E-03, 1.42983E-03, 1.20406E-03, 2.10801E-01
59, 1.01646E-01, 4.91294E-02, 3.88677E-02, 2.15132E-02, 1.71805E-03, 1.44997E-03, 1.22221E-03, 2.13120E-01
60, 1.04532E-01, 5.10492E-02, 4.03312E-02, 2.19020E-02, 1.73806E-03, 1.46987E-03, 1.23988E-03, 2.13919E-01
61, 1.06849E-01, 5.29167E-02, 4.16506E-02, 2.22298E-02, 1.75864E-03, 1.48974E-03, 1.25724E-03, 2.13199E-01
62, 1.08572E-01, 5.47244E-02, 4.28096E-02, 2.24938E-02, 1.77893E-03, 1.50968E-03, 1.27474E-03, 2.15887E-01
63, 1.09679E-01, 5.64653E-02, 4.37933E-02, 2.26914E-02, 1.79886E-03, 1.52980E-03, 1.29214E-03, 2.23567E-01
64, 1.10157E-01, 5.81323E-02, 4.45874E-02, 2.28204E-02, 1.81824E-03, 1.55003E-03, 1.30946E-03, 2.29621E-01
65, 1.10981E-01, 5.97192E-02, 4.51793E-02, 2.28792E-02, 1.83774E-03, 1.57014E-03, 1.32657E-03, 2.33991E-01
66, 1.13774E-01, 6.12197E-02, 4.55575E-02, 2.28664E-02, 1.85791E-03, 1.59010E-03, 1.34386E-03, 2.36639E-01
67, 1.15932E-01, 6.26284E-02, 4.57167E-02, 2.32412E-02, 1.87831E-03, 1.60987E-03, 1.36123E-03, 2.37544E-01
68, 1.17423E-01, 6.39401E-02, 4.56456E-02, 2.36430E-02, 1.89833E-03, 1.62937E-03, 1.37894E-03, 2.36708E-01
69, 1.18222E-01, 6.51501E-02, 4.53374E-02, 2.40122E-02, 1.91755E-03, 1.64862E-03, 1.39689E-03, 2.37070E-01
70, 1.18310E-01, 6.62545E-02, 4.47878E-02, 2.43475E-02, 1.93638E-03, 1.66772E-03, 1.41462E-03, 2.42862E-01
71, 1.17676E-01, 6.72965E-02, 4.39949E-02, 2.46790E-02, 1.95603E-03, 1.68657E-03, 1.43206E-03, 2.46838E-01
72, 1.16315E-01, 6.86419E-02, 4.29587E-02, 2.51187E-02, 1.97644E-03, 1.70515E-03, 1.44921E-03, 2.48942E-01
73, 1.19613E-01, 6.98745E-02, 4.16814E-02, 2.55221E-02, 1.99692E-03, 1.72371E-03, 1.46604E-03, 2.49142E-01
74, 1.22920E-01, 7.09895E-02, 4.01675E-02, 2.58880E-02, 2.01711E-03, 1.74210E-03, 1.48267E-03, 2.47427E-01
75, 1.25674E-01, 7.19830E-02, 3.84234E-02, 2.62153E-02, 2.03720E-03, 1.76038E-03, 1.49942E-03, 2.43815E-01
76, 1.27840E-01, 7.28516E-02, 3.64576E-02, 2.65031E-02, 2.05665E-03, 1.77913E-03, 1.51611E-03, 2.43278E-01
77, 1.29392E-01, 7.35927E-02, 3.42808E-02, 2.68806E-02, 2.07594E-03, 1.79807E-03, 1.53277E-03, 2.46344E-01
78, 1.30305E-01, 7.42043E-02, 3.32926E-02, 2.72677E-02, 2.09464E-03, 1.81709E-03, 1.54920E-03, 2.49117E-01
79, 1.30560E-01, 7.46850E-02, 3.59069E-02, 2.76127E-02, 2.11372E-03, 1.83624E-03, 1.56520E-03, 2.52163E-01
80, 1.30144E-01, 7.50343E-02, 3.83442E-02, 2.79147E-02, 2.13350E-03, 1.85534E-03, 1.58122E-03, 2.54312E-01
81, 1.29048E-01, 7.57023E-02, 4.05855E-02, 2.81728E-02, 2.15287E-03, 1.87439E-03, 1.59732E-03, 2.55537E-01
82, 1.27270E-01, 7.63988E-02, 4.26146E-02, 2.85395E-02, 2.17260E-03, 1.89336E-03, 1.61330E-03, 2.55816E-01
83, 1.24809E-01, 7.69513E-02, 4.44168E-02, 2.88902E-02, 2.19196E-03, 1.91209E-03, 1.62911E-03, 2.55134E-01
84, 1.26932E-01, 7.73580E-02, 4.59791E-02, 2.91947E-02, 2.21099E-03, 1.93072E-03, 1.64491E-03, 2.53482E-01
85, 1.30033E-01, 7.76178E-02, 4.72908E-02, 2.94522E-02, 2.22980E-03, 1.94946E-03, 1.66042E-03, 2.50861E-01
86, 1.32579E-01, 7.77301E-02, 4.83425E-02, 2.97326E-02, 2.24871E-03, 1.96815E-03, 1.67590E-03, 2.47279E-01
87, 1.34567E-01, 7.76953E-02, 4.91271E-02, 3.00754E-02, 2.26823E-03, 1.98685E-03, 1.69140E-03, 2.43297E-01
88, 1.36000E-01, 7.76439E-02, 4.96396E-02, 3.03690E-02, 2.28723E-03, 2.00578E-03, 1.70685E-03, 2.37863E-01
89, 1.37266E-01, 7.82994E-02, 4.98766E-02, 3.06128E-02, 2.30592E-03, 2.02454E-03, 1.72283E-03, 2.30953E-01
90, 1.41017E-01, 7.92684E-02, 4.98370E-02, 3.08477E-02, 2.32467E-03, 2.04306E-03, 1.73901E-03, 2.25280E-01
91, 1.44132E-01, 8.21961E-02, 4.95214E-02, 3.11676E-02, 2.34435E-03, 2.06162E-03, 1.75501E-03, 2.19321E-01
92, 1.46597E-01, 8.50045E-02, 4.89327E-02, 3.14357E-02, 2.36371E-03, 2.08049E-03, 1.77101E-03, 2.12630E-01
93, 1.48403E-01, 8.76805E-02, 4.80754E-02, 3.16517E-02, 2.38236E-03, 2.09926E-03, 1.78689E-03, 2.05239E-01
94, 1.49545E-01, 9.02116E-02, 4.69558E-02, 3.18602E-02, 2.40072E-03, 2.11782E-03, 1.80271E-03, 1.97184E-01
95, 1.50025E-01, 9.25859E-02, 4.55821E-02, 3.21414E-02, 2.41886E-03, 2.13598E-03, 1.81860E-03, 1.90077E-01
96, 1.49848E-01, 9.47925E-02, 4.41527E-02, 3.23687E-02, 2.43645E-03, 2.15409E-03, 1.83486E-03, 1.92424E-01
97, 1.50514E-01, 9.68214E-02, 4.56410E-02, 3.25419E-02, 2.45400E-03, 2.17179E-03, 1.85156E-03, 1.93782E-01
98, 1.56502E-01, 9.86636E-02, 4.68979E-02, 3.27290E-02, 2.47163E-03, 2.18949E-03, 1.86790E-03, 1.94178E-01
99, 1.61996E-01, 1.00311E-01, 4.79142E-02, 3.29551E-02, 2.48886E-03, 2.20748E-03, 1.88418E-03, 1.93643E-01
100, 1.66970E-01, 1.01757E-01, 4.86831E-02, 3.31258E-02, 2.50591E-03, 2.22586E-03, 1.90038E-03, 1.92220E-01
101, 1.71400E-01, 1.02995E-01, 4.91995E-02, 3.32411E-02, 2.52435E-03, 2.24418E-03, 1.91629E-03, 1.89955E-01
102, 1.75268E-01, 1.04022E-01, 4.94602E-02, 3.34062E-02, 2.54308E-03, 2.26227E-03, 1.93211E-03, 1.86900E-01
103, 1.78559E-01, 1.04836E-01, 4.94642E-02, 3.35604E-02, 2.56178E-03, 2.28025E-03, 1.94793E-03, 1.83113E-01
104, 1.81261E-01, 1.05432E-01, 4.92125E-02, 3.36585E-02, 2.58007E-03, 2.29827E-03, 1.96382E-03, 1.88440E-01
105, 1.83365E-01, 1.05809E-01, 4.87078E-02, 3.37227E-02, 2.59846E-03, 2.31632E-03, 1.97958E-03, 1.93315E-01
106, 1.84869E-01, 1.05966E-01, 4.79560E-02, 3.38449E-02, 2.61689E-03, 2.33442E-03, 1.99543E-03, 1.97593E-01
107, 1.85770E-01, 1.05905E-01, 4.69629E-02, 3.39107E-02, 2.63474E-03, 2.35285E-03, 2.01123E-03, 2.01219E-01
108, 1.86072E-01, 1.05627E-01, 4.57362E-02, 3.39206E-02, 2.65277E-03, 2.37067E-03, 2.02719E-03, 2.04135E-01
109, 1.85781E-01, 1.05136E-01, 4.42861E-02, 3.39861E-02, 2.67116E-03, 2.38842E-03, 2.04302E-03, 2.06289E-01
110, 1.84906E-01, 1.04436E-01, 4.26238E-02, 3.40032E-02, 2.68950E-03, 2.40616E-03, 2.05873E-03, 2.07633E-01
111, 1.83460E-01, 1.03531E-01, 4.08062E-02, 3.41447E-02, 2.70760E-03, 2.42361E-03, 2.07413E-03, 2.08122E-01
112, 1.81459E-01, 1.02428E-01, 4.25366E-02, 3.42980E-02, 2.72554E-03, 2.44111E-03, 2.08982E-03, 2.07718E-01
113, 1.78920E-01, 1.01132E-01, 4.40661E-02, 3.43967E-02, 2.74324E-03, 2.45882E-03, 2.10551E-03, 2.06392E-01
114, 1.75865E-01, 9.96511E-02, 4.53876E-02, 3.44410E-02, 2.76068E-03, 2.47633E-03, 2.12098E-03, 2.04118E-01
115, 1.72318E-01, 9.79927E-02, 4.64956E-02, 3.44315E-02, 2.77789E-03, 2.49370E-03, 2.13639E-03, 2.00883E-01
116, 1.68303E-01, 9.61654E-02, 4.73861E-02, 3.43686E-02, 2.79477E-03, 2.51084E-03, 2.15220E-03, 1.96679E-01
117, 1.63848E-01, 9.41778E-02, 4.80568E-02, 3.42532E-02, 2.81130E-03, 2.52796E-03, 2.16805E-03, 1.99999E-01
118, 1.58983E-01, 9.20394E-02, 4.85070E-02, 3.40862E-02, 2.82753E-03, 2.54553E-03, 2.18384E-03, 2.04224E-01
119, 1.53738E-01, 8.97596E-02, 4.87391E-02, 3.38688E-02, 2.84444E-03, 2.56310E-03, 2.19947E-03, 2.07879E-01
120, 1.48145E-01, 8.73484E-02, 4.87537E-02, 3.36021E-02, 2.86222E-03, 2.58081E-03, 2.21493E-03, 2.10921E-01
121, 1.42237E-01, 8.48158E-02, 4.85543E-02, 3.32874E-02, 2.88028E-03, 2.59857E-03, 2.23055E-03, 2.13305E-01
122, 1.40334E-01, 8.21720E-02, 4.81458E-02, 3.29264E-02, 2.89797E-03, 2.61634E-03, 2.24602E-03, 2.14991E-01
123, 1.40822E-01, 7.94275E-02, 4.75345E-02, 3.25205E-02, 2.91571E-03, 2.63413E-03, 2.26149E-03, 2.18351E-01
124, 1.40724E-01, 7.65924E-02, 4.67279E-02, 3.20716E-02, 2.93488E-03, 2.65180E-03, 2.27704E-03, 2.21579E-01
125, 1.40054E-01, 7.41610E-02, 4.57344E-02, 3.15815E-02, 2.95374E-03, 2.66940E-03, 2.29252E-03, 2.23877E-01
126, 1.38829E-01, 7.46527E-02, 4.45637E-02, 3.10520E-02, 2.97317E-03, 2.68680E-03, 2.30765E-03, 2.25167E-01
127, 1.37071E-01, 7.50295E-02, 4.32261E-02, 3.04852E-02, 2.99294E-03, 2.70414E-03, 2.32305E-03, 2.25381E-01
128, 1.34801E-01, 7.52919E-02, 4.17331E-02, 3.07402E-02, 3.01245E-03, 2.72191E-03, 2.33845E-03, 2.28007E-01
129, 1.32048E-01, 7.54408E-02, 4.00968E-02, 3.10563E-02, 3.03192E-03, 2.74004E-03, 2.35345E-03, 2.31304E-01
130, 1.28839E-01, 7.54771E-02, 3.83297E-02, 3.13269E-02, 3.05163E-03, 2.75820E-03, 2.36859E-03, 2.34395E-01
131, 1.25205E-01, 7.54026E-02, 3.64452E-02, 3.15516E-02, 3.07120E-03, 2.77666E-03, 2.38372E-03, 2.37639E-01
132, 1.21180E-01, 7.52195E-02, 3.57870E-02, 3.18132E-02, 3.09038E-03, 2.79574E-03, 2.39886E-03, 2.40049E-01
133, 1.16799E-01, 7.49289E-02, 3.53824E-02, 3.22091E-02, 3.10975E-03, 2.81493E-03, 2.41385E-03, 2.41566E-01
134, 1.12098E-01, 7.53582E-02, 3.47941E-02, 3.25587E-02, 3.12884E-03, 2.83434E-03, 2.42920E-03, 2.42137E-01
135, 1.07114E-01, 7.62934E-02, 3.40319E-02, 3.28614E-02, 3.14788E-03, 2.85391E-03, 2.44499E-03, 2.41715E-01
136, 1.01887E-01, 7.71102E-02, 3.31068E-02, 3.33935E-02, 3.16703E-03, 2.87393E-03, 2.46091E-03, 2.42625E-01
137, 9.64544E-02, 7.78077E-02, 3.20304E-02, 3.39214E-02, 3.18676E-03, 2.89377E-03, 2.47656E-03, 2.46059E-01
138, 9.08569E-02, 7.83853E-02, 3.08154E-02, 3.43983E-02, 3.20712E-03, 2.91349E-03, 2.49213E-03, 2.48479E-01
139, 8.51337E-02, 7.88426E-02, 2.98546E-02, 3.48225E-02, 3.22780E-03, 2.93345E-03, 2.50750E-03, 2.49802E-01
140, 7.93240E-02, 7.91797E-02, 2.99999E-02, 3.52581E-02, 3.24857E-03, 2.95326E-03, 2.52242E-03, 2.49950E-01
141, 7.34666E-02, 7.93969E-02, 3.01899E-02, 3.57173E-02, 3.26909E-03, 2.97281E-03, 2.53704E-03, 2.50083E-01
142, 6.90364E-02, 7.94949E-02, 3.04457E-02, 3.61267E-02, 3.28955E-03, 2.99256E-03, 2.55154E-03, 2.51059E-01
143, 6.79378E-02, 7.94755E-02, 3.06030E-02, 3.64855E-02, 3.31030E-03, 3.01255E-03, 2.56596E-03, 2.50971E-01
144, 6.65344E-02, 7.93390E-02, 3.06599E-02, 3.67930E-02, 3.33159E-03, 3.03333E-03, 2.58000E-03, 2.49767E-01
145, 6.48457E-02, 7.90870E-02, 3.06158E-02, 3.70487E-02, 3.35286E-03, 3.05399E-03, 2.59422E-03, 2.47400E-01
146, 6.33083E-02, 7.87212E-02, 3.07011E-02, 3.74858E-02, 3.37378E-03, 3.07475E-03, 2.60857E-03, 2.48536E-01
147, 6.28817E-02, 7.85177E-02, 3.11104E-02, 3.79701E-02, 3.39437E-03, 3.09550E-03, 2.62271E-03, 2.49190E-01
148, 6.23166E-02, 7.95003E-02, 3.15855E-02, 3.83952E-02, 3.41461E-03, 3.11641E-03, 2.63654E-03, 2.48579E-01
149, 6.16340E-02, 8.03601E-02, 3.19758E-02, 3.87599E-02, 3.43461E-03, 3.13754E-03, 2.65081E-03, 2.46628E-01
150, 6.08544E-02, 8.10954E-02, 3.22789E-02, 3.90629E-02, 3.45457E-03, 3.15891E-03, 2.66494E-03, 2.43273E-01
151, 6.05641E-02, 8.17050E-02, 3.24926E-02, 3.93035E-02, 3.47505E-03, 3.18072E-03, 2.67884E-03, 2.42352E-01
152, 6.18005E-02, 8.21878E-02, 3.29018E-02, 3.97618E-02, 3.49579E-03, 3.20189E-03, 2.69285E-03, 2.41536E-01
153, 6.27764E-02, 8.25433E-02, 3.32216E-02, 4.02130E-02, 3.51682E-03, 3.22284E-03, 2.70669E-03, 2.39592E-01
154, 6.34859E-02, 8.27717E-02, 3.34427E-02, 4.06039E-02, 3.53770E-03, 3.24390E-03, 2.72040E-03, 2.37875E-01
155, 6.39246E-02, 8.28728E-02, 3.35632E-02, 4.09337E-02, 3.55825E-03, 3.26500E-03, 2.73390E-03, 2.37842E-01
156, 6.40905E-02, 8.28466E-02, 3.36056E-02, 4.12282E-02, 3.57851E-03, 3.28632E-03, 2.74718E-03, 2.36520E-01
157, 6.39844E-02, 8.26936E-02, 3.38403E-02, 4.18089E-02, 3.59847E-03, 3.30808E-03, 2.76059E-03, 2.33837E-01
158, 6.36060E-02, 8.24150E-02, 3.39680E-02, 4.25532E-02, 3.61833E-03, 3.32955E-03, 2.77398E-03, 2.30491E-01
159, 6.29585E-02, 8.20121E-02, 3.39872E-02, 4.32358E-02, 3.63778E-03, 3.35109E-03, 2.78740E-03, 2.31193E-01
160, 6.20467E-02, 8.14865E-02, 3.38972E-02, 4.38541E-02, 3.65705E-03, 3.37262E-03, 2.80067E-03, 2.31986E-01
161, 6.08773E-02, 8.19783E-02, 3.37742E-02, 4.44059E-02, 3.67649E-03, 3.39403E-03, 2.81361E-03, 2.32686E-01
162, 5.94584E-02, 8.29628E-02, 3.41602E-02, 4.48894E-02, 3.69598E-03, 3.41521E-03, 2.82696E-03, 2.33206E-01
163, 5.85276E-02, 8.38154E-02, 3.46254E-02, 4.53028E-02, 3.71599E-03, 3.43651E-03, 2.84053E-03, 2.37030E-01
164, 5.86455E-02, 8.45337E-02, 3.49981E-02, 4.56450E-02, 3.73627E-03, 3.45778E-03, 2.85376E-03, 2.40414E-01
165, 5.87421E-02, 8.51154E-02, 3.52759E-02, 4.59152E-02, 3.75700E-03, 3.47923E-03, 2.86678E-03, 2.43318E-01
166, 5.88172E-02, 8.55596E-02, 3.54566E-02, 4.61130E-02, 3.77800E-03, 3.50087E-03, 2.87972E-03, 2.45702E-01
167, 5.88707E-02, 8.58641E-02, 3.57195E-02, 4.62383E-02, 3.79934E-03, 3.52234E-03, 2.89248E-03, 2.47528E-01
168, 5.89025E-02, 8.60278E-02, 3.60019E-02, 4.65495E-02, 3.82060E-03, 3.54336E-03, 2.90491E-03, 2.48759E-01
169, 5.89126E-02, 8.60500E-02, 3.62897E-02, 4.69328E-02, 3.84144E-03, 3.56452E-03, 2.91717E-03, 2.49356E-01
170, 5.89489E-02, 8.59305E-02, 3.67394E-02, 4.74306E-02, 3.86217E-03, 3.58553E-03, 2.92941E-03, 2.49285E-01
171, 5.96671E-02, 8.56694E-02, 3.71506E-02, 4.79670E-02, 3.88278E-03, 3.60670E-03, 2.94175E-03, 2.48513E-01
172, 6.04167E-02, 8.52674E-02, 3.75229E-02, 4.84845E-02, 3.90377E-03, 3.62821E-03, 2.95447E-03, 2.48285E-01
173, 6.12069E-02, 8.47257E-02, 3.78537E-02, 4.91533E-02, 3.92474E-03, 3.64994E-03, 2.96717E-03, 2.47905E-01
174, 6.20458E-02, 8.40456E-02, 3.81409E-02, 4.97479E-02, 3.94530E-03, 3.67142E-03, 2.97968E-03, 2.50160E-01
175, 6.29404E-02, 8.51950E-02, 3.83828E-02, 5.02661E-02, 3.96562E-03, 3.69292E-03, 2.99218E-03, 2.53282E-01
176, 6.38964E-02, 8.62486E-02, 3.85781E-02, 5.07064E-02, 3.98612E-03, 3.71436E-03, 3.00481E-03, 2.56346E-01
177, 6.49183E-02, 8.71557E-02, 3.87253E-02, 5.10675E-02, 4.00677E-03, 3.73551E-03, 3.01740E-03, 2.60258E-01
178, 6.60093E-02, 8.79128E-02, 3.88230E-02, 5.16841E-02, 4.02771E-03, 3.75686E-03, 3.02986E-03, 2.63640E-01
179, 6.71716E-02, 8.85168E-02, 3.88702E-02, 5.24577E-02, 4.04857E-03, 3.77801E-03, 3.04221E-03, 2.66446E-01
180, 6.84059E-02, 8.89638E-02, 3.88658E-02, 5.31425E-02, 4.06980E-03, 3.79888E-03, 3.05434E-03, 2.68630E-01
181, 6.97120E-02, 8.92515E-02, 3.89468E-02, 5.37356E-02, 4.09133E-03, 3.82000E-03, 3.06671E-03, 2.70147E-01
182, 7.10894E-02, 8.93778E-02, 3.95174E-02, 5.42342E-02, 4.11278E-03, 3.84122E-03, 3.07872E-03, 2.70954E-01
183, 7.25345E-02, 8.93415E-02, 4.00509E-02, 5.46363E-02, 4.13421E-03, 3.86262E-03, 3.09059E-03, 2.71009E-01
184, 7.40434E-02, 8.91416E-02, 4.05456E-02, 5.49403E-02, 4.15543E-03, 3.88411E-03, 3.10197E-03, 2.70273E-01
185, 7.56115E-02, 8.87780E-02, 4.09996E-02, 5.51453E-02, 4.17682E-03, 3.90548E-03, 3.11321E-03, 2.72594E-01
186, 7.72331E-02, 8.82510E-02, 4.14115E-02, 5.53254E-02, 4.19810E-03, 3.92677E-03, 3.12511E-03, 2.75800E-01
187, 7.89016E-02, 8.75616E-02, 4.17794E-02, 5.56551E-02, 4.21967E-03, 3.94813E-03, 3.13695E-03, 2.78304E-01
188, 8.06098E-02, 8.70818E-02, 4.21020E-02, 5.58936E-02, 4.24169E-03, 3.96915E-03, 3.14853E-03, 2.81792E-01
189, 8.23494E-02, 8.84136E-02, 4.23785E-02, 5.63336E-02, 4.26397E-03, 3.99035E-03, 3.16011E-03, 2.84923E-01
190, 8.41119E-02, 8.95842E-02, 4.26078E-02, 5.70040E-02, 4.28665E-03, 4.01107E-03, 3.17192E-03, 2.87352E-01
191, 8.58878E-02, 9.05886E-02, 4.27875E-02, 5.76283E-02, 4.30924E-03, 4.03145E-03, 3.18380E-03, 2.89031E-01
192, 8.76675E-02, 9.14207E-02, 4.29165E-02, 5.84326E-02, 4.33199E-03, 4.05186E-03, 3.19524E-03, 2.89913E-01
193, 8.94409E-02, 9.20753E-02, 4.29936E-02, 5.91366E-02, 4.35460E-03, 4.07209E-03, 3.20653E-03, 2.89954E-01
194, 9.11974E-02, 9.25482E-02, 4.30177E-02, 5.97373E-02, 4.37727E-03, 4.09246E-03, 3.21745E-03, 2.89111E-01
195, 9.29265E-02, 9.28359E-02, 4.29882E-02, 6.02320E-02, 4.40061E-03, 4.11314E-03, 3.22858E-03, 2.87348E-01
196, 9.46174E-02, 9.29355E-02, 4.29041E-02, 6.06190E-02, 4.42499E-03, 4.13416E-03, 3.23970E-03, 2.90735E-01
197, 9.62593E-02, 9.28450E-02, 4.32311E-02, 6.08971E-02, 4.45016E-03, 4.15477E-03, 3.25044E-03, 2.95571E-01
198, 9.78414E-02, 9.25633E-02, 4.37038E-02, 6.10656E-02, 4.47596E-03, 4.17540E-03, 3.26101E-03, 2.99728E-01
199, 9.93533E-02, 9.20897E-02, 4.41360E-02, 6.14248E-02, 4.50152E-03, 4.19542E-03, 3.27163E-03, 3.03142E-01
200, 1.00784E-01, 9.14248E-02, 4.45265E-02, 6.20524E-02, 4.52708E-03, 4.21539E-03, 3.28254E-03, 3.05751E-01
201, 1.02125E-01, 9.05697E-02, 4.48741E-02, 6.28077E-02, 4.55295E-03, 4.23510E-03, 3.29429E-03, 3.07492E-01
202, 1.03365E-01, 8.99782E-02, 4.51774E-02, 6.36269E-02, 4.57921E-03, 4.25448E-03, 3.30614E-03, 3.08304E-01
203, 1.04495E-01, 9.14731E-02, 4.54353E-02, 6.43292E-02, 4.60580E-03, 4.27382E-03, 3.31756E-03, 3.08132E-01
204, 1.05506E-01, 9.27856E-02, 4.56467E-02, 6.49120E-02, 4.63155E-03, 4.29298E-03, 3.32901E-03, 3.08691E-01
205, 1.06390E-01, 9.39073E-02, 4.58104E-02, 6.53731E-02, 4.65800E-03, 4.31224E-03, 3.34030E-03, 3.09023E-01
206, 1.07140E-01, 9.48309E-02, 4.59254E-02, 6.57112E-02, 4.68385E-03, 4.33185E-03, 3.35108E-03, 3.09816E-01
207, 1.07748E-01, 9.55502E-02, 4.59921E-02, 6.59256E-02, 4.70976E-03, 4.35146E-03, 3.36185E-03, 3.15005E-01
208, 1.08208E-01, 9.60599E-02, 4.60090E-02, 6.60166E-02, 4.73584E-03, 4.37042E-03, 3.37223E-03, 3.19430E-01
209, 1.08514E-01, 9.63557E-02, 4.59747E-02, 6.59851E-02, 4.76224E-03, 4.38888E-03, 3.38283E-03, 3.23022E-01
210, 1.08662E-01, 9.64340E-02, 4.58887E-02, 6.64165E-02, 4.78917E-03, 4.40653E-03, 3.39342E-03, 3.25714E-01
211, 1.08647E-01, 9.62923E-02, 4.60060E-02, 6.72650E-02, 4.81627E-03, 4.42340E-03, 3.40402E-03, 3.27438E-01
212, 1.08465E-01, 9.59294E-02, 4.63830E-02, 6.79814E-02, 4.84315E-03, 4.44033E-03, 3.41484E-03, 3.28132E-01
213, 1.08115E-01, 9.53447E-02, 4.67218E-02, 6.85618E-02, 4.86982E-03, 4.45736E-03, 3.42588E-03, 3.27736E-01
214, 1.07594E-01, 9.45391E-02, 4.70215E-02, 6.90032E-02, 4.89618E-03, 4.47457E-03, 3.43683E-03, 3.26196E-01
215, 1.06902E-01, 9.35143E-02, 4.72816E-02, 6.93034E-02, 4.92249E-03, 4.49224E-03, 3.44804E-03, 3.26023E-01
216, 1.06037E-01, 9.30531E-02, 4.75012E-02, 6.97995E-02, 4.94909E-03, 4.51020E-03, 3.45905E-03, 3.25800E-01
217, 1.05002E-01, 9.38708E-02, 4.76795E-02, 7.02647E-02, 4.97585E-03, 4.52864E-03, 3.47033E-03, 3.26382E-01
218, 1.03796E-01, 9.53275E-02, 4.78160E-02, 7.05985E-02, 5.00275E-03, 4.54706E-03, 3.48149E-03, 3.30585E-01
219, 1.02422E-01, 9.65706E-02, 4.79098E-02, 7.08005E-02, 5.02955E-03, 4.56444E-03, 3.49262E-03, 3.36438E-01
220, 1.00883E-01, 9.75917E-02, 4.79604E-02, 7.17731E-02, 5.05696E-03, 4.58144E-03, 3.50394E-03, 3.41495E-01
221, 9.91827E-02, 9.83838E-02, 4.79670E-02, 7.26041E-02, 5.08485E-03, 4.59801E-03, 3.51537E-03, 3.45679E-01
222, 9.73242E-02, 9.89406E-02, 4.79292E-02, 7.32837E-02, 5.11338E-03, 4.61412E-03, 3.52626E-03, 3.48915E-01
223, 9.53127E-02, 9.92572E-02, 4.80931E-02, 7.38085E-02, 5.14183E-03, 4.62966E-03, 3.53696E-03, 3.51129E-01
224, 9.31538E-02, 9.93296E-02, 4.83900E-02, 7.41760E-02, 5.16976E-03, 4.64495E-03, 3.54746E-03, 3.52247E-01
225, 9.08537E-02, 9.91553E-02, 4.86520E-02, 7.43851E-02, 5.19752E-03, 4.66033E-03, 3.55791E-03, 3.52203E-01
226, 8.84179E-02, 9.87328E-02, 4.88788E-02, 7.44356E-02, 5.22593E-03, 4.67605E-03, 3.56906E-03, 3.50932E-01
227, 8.58532E-02, 9.80619E-02, 4.90705E-02, 7.43282E-02, 5.25448E-03, 4.69208E-03, 3.58015E-03, 3.48375E-01
228, 8.31667E-02, 9.78972E-02, 4.92271E-02, 7.43983E-02, 5.28250E-03, 4.70825E-03, 3.59079E-03, 3.50861E-01
229, 8.03659E-02, 9.77211E-02, 4.93483E-02, 7.46135E-02, 5.31034E-03, 4.72399E-03, 3.60142E-03, 3.54052E-01
230, 7.74586E-02, 9.72988E-02, 4.94341E-02, 7.46880E-02, 5.33846E-03, 4.73992E-03, 3.61211E-03, 3.58989E-01
231, 7.76863E-02, 9.66295E-02, 4.96531E-02, 7.58072E-02, 5.36727E-03, 4.75614E-03, 3.62346E-03, 3.63884E-01
232, 7.85459E-02, 9.64904E-02, 4.99918E-02, 7.67903E-02, 5.39558E-03, 4.77226E-03, 3.63496E-03, 3.67781E-01
233, 7.88837E-02, 9.78503E-02, 5.02923E-02, 7.76160E-02, 5.42355E-03, 4.78812E-03, 3.64633E-03, 3.70601E-01
234, 7.86903E-02, 9.89717E-02, 5.05555E-02, 7.82803E-02, 5.45226E-03, 4.80362E-03, 3.65702E-03, 3.72267E-01
235, 7.94245E-02, 9.98467E-02, 5.07821E-02, 7.87800E-02, 5.48040E-03, 4.81841E-03, 3.66744E-03, 3.72706E-01
236, 8.14198E-02, 1.00469E-01, 5.09730E-02, 7.91131E-02, 5.50861E-03, 4.83310E-03, 3.67814E-03, 3.71850E-01
237, 8.28527E-02, 1.00832E-01, 5.11290E-02, 7.92787E-02, 5.53784E-03, 4.84802E-03, 3.68911E-03, 3.69637E-01
238, 8.37011E-02, 1.00933E-01, 5.12507E-02, 7.92772E-02, 5.56749E-03, 4.86304E-03, 3.69983E-03, 3.72344E-01
239, 8.39489E-02, 1.00830E-01, 5.13388E-02, 7.91100E-02, 5.59651E-03, 4.87755E-03, 3.71066E-03, 3.78634E-01
240, 8.35862E-02, 1.01335E-01, 5.15503E-02, 7.89716E-02, 5.62537E-03, 4.89145E-03, 3.72114E-03, 3.83879E-01
241, 8.26100E-02, 1.01576E-01, 5.19884E-02, 7.94278E-02, 5.65595E-03, 4.90522E-03, 3.73127E-03, 3.87974E-01
242, 8.46348E-02, 1.01550E-01, 5.23808E-02, 8.03484E-02, 5.68628E-03, 4.91826E-03, 3.74151E-03, 3.90815E-01
243, 8.62265E-02, 1.01254E-01, 5.27288E-02, 8.12038E-02, 5.71643E-03, 4.93133E-03, 3.75219E-03, 3.92299E-01
244, 8.71327E-02, 1.00688E-01, 5.30332E-02, 8.18857E-02, 5.74631E-03, 4.94397E-03, 3.76298E-03, 3.93448E-01
245, 8.73292E-02, 9.98516E-02, 5.32953E-02, 8.23914E-02, 5.77664E-03, 4.95615E-03, 3.77329E-03, 3.96711E-01
246, 8.75808E-02, 9.87464E-02, 5.35162E-02, 8.27194E-02, 5.80662E-03, 4.96890E-03, 3.78339E-03, 3.98725E-01
247, 8.97844E-02, 9.73758E-02, 5.36971E-02, 8.28695E-02, 5.83680E-03, 4.98202E-03, 3.79415E-03, 3.99403E-01
248, 9.13615E-02, 9.83783E-02, 5.38392E-02, 8.28425E-02, 5.86742E-03, 4.99540E-03, 3.80494E-03, 3.98665E-01
249, 9.22856E-02, 9.93540E-02, 5.39437E-02, 8.26406E-02, 5.89766E-03, 5.00899E-03, 3.81540E-03, 4.01620E-01
250, 9.25373E-02, 1.00123E-01, 5.40118E-02, 8.26755E-02, 5.92834E-03, 5.02204E-03, 3.82577E-03, 4.07411E-01
251, 9.21042E-02, 1.01397E-01, 5.40447E-02, 8.34706E-02, 5.96045E-03, 5.03539E-03, 3.83561E-03, 4.11939E-01
252, 9.22565E-02, 1.02413E-01, 5.40435E-02, 8.40723E-02, 5.99267E-03, 5.04813E-03, 3.84493E-03, 4.15089E-01
253, 9.51018E-02, 1.03163E-01, 5.40093E-02, 8.44770E-02, 6.02445E-03, 5.06037E-03, 3.85455E-03, 4.16749E-01
254, 9.72426E-02, 1.03640E-01, 5.39431E-02, 8.46822E-02, 6.05721E-03, 5.07180E-03, 3.86525E-03, 4.17365E-01
255, 9.86425E-02, 1.03840E-01, 5.38461E-02, 8.46872E-02, 6.08963E-03, 5.08305E-03, 3.87604E-03, 4.21894E-01
256, 9.92727E-02, 1.03758E-01, 5.37191E-02, 8.51503E-02, 6.12064E-03, 5.09439E-03, 3.88616E-03, 4.25113E-01
257, 9.91128E-02, 1.03392E-01, 5.38343E-02, 8.55487E-02, 6.15190E-03, 5.10533E-03, 3.89633E-03, 4.26931E-01
258, 9.81513E-02, 1.02743E-01, 5.40864E-02, 8.57661E-02, 6.18286E-03, 5.11574E-03, 3.90683E-03, 4.27258E-01
259, 9.81030E-02, 1.01809E-01, 5.42983E-02, 8.58030E-02, 6.21394E-03, 5.12575E-03, 3.91730E-03, 4.26013E-01
260, 9.92148E-02, 1.00594E-01, 5.44711E-02, 8.58222E-02, 6.24538E-03, 5.13598E-03, 3.92747E-03, 4.33306E-01
261, 9.96381E-02, 9.91011E-02, 5.46059E-02, 8.65910E-02, 6.27890E-03, 5.14665E-03, 3.93693E-03, 4.40959E-01
262, 1.01547E-01, 9.73359E-02, 5.47039E-02, 8.71549E-02, 6.31294E-03, 5.15774E-03, 3.94638E-03, 4.47309E-01
263, 1.02694E-01, 9.87995E-02, 5.47660E-02, 8.75109E-02, 6.34631E-03, 5.16907E-03, 3.95561E-03, 4.52221E-01
264, 1.03076E-01, 1.00349E-01, 5.47936E-02, 8.76575E-02, 6.37999E-03, 5.18035E-03, 3.96553E-03, 4.55564E-01
265, 1.05551E-01, 1.01647E-01, 5.47876E-02, 8.75947E-02, 6.41427E-03, 5.19147E-03, 3.97565E-03, 4.57213E-01
266, 1.07256E-01, 1.02684E-01, 5.47493E-02, 8.73242E-02, 6.44847E-03, 5.20276E-03, 3.98550E-03, 4.57047E-01
267, 1.08161E-01, 1.03454E-01, 5.46798E-02, 8.76558E-02, 6.48292E-03, 5.21336E-03, 3.99508E-03, 4.54955E-01
268, 1.08243E-01, 1.03948E-01, 5.45800E-02, 8.79750E-02, 6.51643E-03, 5.22357E-03, 4.00497E-03, 4.53119E-01
269, 1.07489E-01, 1.04163E-01, 5.44511E-02, 8.81095E-02, 6.54904E-03, 5.23364E-03, 4.01451E-03, 4.54346E-01
270, 1.05897E-01, 1.04094E-01, 5.42939E-02, 8.80609E-02, 6.58343E-03, 5.24332E-03, 4.02408E-03, 4.57476E-01
271, 1.08107E-01, 1.03741E-01, 5.41095E-02, 8.83785E-02, 6.61823E-03, 5.25302E-03, 4.03381E-03, 4.65611E-01
272, 1.10228E-01, 1.03102E-01, 5.43284E-02, 8.92473E-02, 6.65272E-03, 5.26284E-03, 4.04363E-03, 4.72326E-01
273, 1.11948E-01, 1.02177E-01, 5.45331E-02, 8.99105E-02, 6.68684E-03, 5.27269E-03, 4.05368E-03, 4.77484E-01
274, 1.13536E-01, 1.00968E-01, 5.47041E-02, 9.03644E-02, 6.72133E-03, 5.28194E-03, 4.06356E-03, 4.80955E-01
275, 1.14228E-01, 9.94810E-02, 5.48420E-02, 9.06070E-02, 6.75583E-03, 5.29097E-03, 4.07350E-03, 4.82614E-01
276, 1.14001E-01, 9.77194E-02, 5.49473E-02, 9.06378E-02, 6.78953E-03, 5.29984E-03, 4.08324E-03, 4.82343E-01
277, 1.12872E-01, 9.62933E-02, 5.50207E-02, 9.04578E-02, 6.82270E-03, 5.30844E-03, 4.09274E-03, 4.80038E-01
278, 1.13893E-01, 9.78755E-02, 5.50628E-02, 9.00697E-02, 6.85691E-03, 5.31709E-03, 4.10217E-03, 4.80504E-01
279, 1.14093E-01, 9.92155E-02, 5.50741E-02, 8.94775E-02, 6.89090E-03, 5.32545E-03, 4.11187E-03, 4.83003E-01
280, 1.13460E-01, 1.00305E-01, 5.50555E-02, 8.86934E-02, 6.92533E-03, 5.33418E-03, 4.12163E-03, 4.83821E-01
281, 1.14809E-01, 1.01136E-01, 5.50075E-02, 8.98208E-02, 6.95992E-03, 5.34270E-03, 4.13149E-03, 4.86281E-01
282, 1.18082E-01, 1.01702E-01, 5.49307E-02, 9.07447E-02, 6.99572E-03, 5.35154E-03, 4.14139E-03, 4.92041E-01
283, 1.20466E-01, 1.02000E-01, 5.48258E-02, 9.14603E-02, 7.03138E-03, 5.36023E-03, 4.15150E-03, 4.99716E-01
284, 1.21913E-01, 1.02025E-01, 5.46935E-02, 9.19643E-02, 7.06578E-03, 5.36854E-03, 4.16149E-03, 5.05804E-01
285, 1.22386E-01, 1.01774E-01, 5.45343E-02, 9.22547E-02, 7.09957E-03, 5.37627E-03, 4.17142E-03, 5.10169E-01
286, 1.22124E-01, 1.01248E-01, 5.43489E-02, 9.23312E-02, 7.13328E-03, 5.38395E-03, 4.18159E-03, 5.12679E-01
287, 1.22095E-01, 1.00446E-01, 5.41378E-02, 9.21951E-02, 7.16703E-03, 5.39078E-03, 4.19150E-03, 5.13213E-01
288, 1.21120E-01, 9.93696E-02, 5.39016E-02, 9.18490E-02, 7.20007E-03, 5.39709E-03, 4.20140E-03, 5.11658E-01
289, 1.19196E-01, 9.80228E-02, 5.39640E-02, 9.12972E-02, 7.23391E-03, 5.40324E-03, 4.21052E-03, 5.07915E-01
290, 1.22560E-01, 9.64097E-02, 5.44367E-02, 9.05452E-02, 7.26843E-03, 5.40942E-03, 4.21923E-03, 5.01899E-01
291, 1.24986E-01, 9.45362E-02, 5.48726E-02, 9.04357E-02, 7.30303E-03, 5.41666E-03, 4.22832E-03, 5.04494E-01
292, 1.26401E-01, 9.32178E-02, 5.52705E-02, 9.05725E-02, 7.33828E-03, 5.42386E-03, 4.23784E-03, 5.08774E-01
293, 1.26767E-01, 9.46512E-02, 5.56289E-02, 9.11742E-02, 7.37258E-03, 5.43093E-03, 4.24761E-03, 5.16720E-01
294, 1.27371E-01, 9.58550E-02, 5.61851E-02, 9.19490E-02, 7.40610E-03, 5.43789E-03, 4.25757E-03, 5.23142E-01
295, 1.28856E-01, 9.68223E-02, 5.68763E-02, 9.25175E-02, 7.43995E-03, 5.44444E-03, 4.26806E-03, 5.27800E-01
296, 1.29362E-01, 9.75469E-02, 5.75354E-02, 9.28776E-02, 7.47399E-03, 5.45103E-03, 4.27894E-03, 5.30569E-01
297, 1.28865E-01, 9.80243E-02, 5.81609E-02, 9.30284E-02, 7.50742E-03, 5.45747E-03, 4.29009E-03, 5.31331E-01
298, 1.27349E-01, 9.82504E-02, 5.87511E-02, 9.29705E-02, 7.54115E-03, 5.46379E-03, 4.30119E-03, 5.29982E-01
299, 1.25616E-01, 9.82224E-02, 5.93045E-02, 9.27062E-02, 7.57644E-03, 5.46948E-03, 4.31181E-03, 5.26429E-01
300, 1.28129E-01, 9.79389E-02, 5.98194E-02, 9.22392E-02, 7.61230E-03, 5.47460E-03, 4.32183E-03, 5.20791E-01
301, 1.31322E-01, 9.73995E-02, 6.02940E-02, 9.15743E-02, 7.64697E-03, 5.48012E-03, 4.33208E-03, 5.26675E-01
302, 1.33927E-01, 9.66053E-02, 6.07267E-02, 9.10692E-02, 7.68195E-03, 5.48570E-03, 4.34240E-03, 5.30584E-01
303, 1.35506E-01, 9.55583E-02, 6.11158E-02, 9.15008E-02, 7.71670E-03, 5.49129E-03, 4.35250E-03, 5.32367E-01
304, 1.36018E-01, 9.42618E-02, 6.14595E-02, 9.24026E-02, 7.75067E-03, 5.49719E-03, 4.36220E-03, 5.31886E-01
305, 1.35433E-01, 9.27203E-02, 6.17562E-02, 9.31023E-02, 7.78349E-03, 5.50272E-03, 4.37150E-03, 5.33092E-01
306, 1.33734E-01, 9.09392E-02, 6.22089E-02, 9.35974E-02, 7.81649E-03, 5.50790E-03, 4.38082E-03, 5.38270E-01
307, 1.32449E-01, 8.89251E-02, 6.28948E-02, 9.38867E-02, 7.85050E-03, 5.51310E-03, 4.39054E-03, 5.41602E-01
308, 1.31956E-01, 8.66859E-02, 6.35434E-02, 9.39705E-02, 7.88437E-03, 5.51822E-03, 4.40102E-03, 5.42969E-01
309, 1.32311E-01, 8.76977E-02, 6.41526E-02, 9.38505E-02, 7.91883E-03, 5.52341E-03, 4.41104E-03, 5.42267E-01
310, 1.34310E-01, 8.85957E-02, 6.47204E-02, 9.35299E-02, 7.95379E-03, 5.52837E-03, 4.42072E-03, 5.39402E-01
311, 1.36823E-01, 8.92774E-02, 6.52446E-02, 9.30129E-02, 7.98841E-03, 5.53285E-03, 4.43062E-03, 5.34294E-01
312, 1.38318E-01, 8.97386E-02, 6.57231E-02, 9.23054E-02, 8.02254E-03, 5.53684E-03, 4.44110E-03, 5.33325E-01
313, 1.39087E-01, 8.99761E-02, 6.61540E-02, 9.24181E-02, 8.05597E-03, 5.54133E-03, 4.45167E-03, 5.35491E-01
314, 1.40677E-01, 8.99879E-02, 6.65349E-02, 9.23843E-02, 8.09017E-03, 5.54613E-03, 4.46254E-03, 5.37533E-01
315, 1.41223E-01, 8.97726E-02, 6.68640E-02, 9.21280E-02, 8.12232E-03, 5.55121E-03, 4.47292E-03, 5.42572E-01
316, 1.40697E-01, 8.93300E-02, 6.71391E-02, 9.22204E-02, 8.15457E-03, 5.55667E-03, 4.48260E-03, 5.48704E-01
317, 1.39082E-01, 8.86609E-02, 6.73583E-02, 9.26344E-02, 8.18527E-03, 5.56221E-03, 4.49250E-03, 5.53000E-01
318, 1.39378E-01, 8.77670E-02, 6.75259E-02, 9.28522E-02, 8.21564E-03, 5.56737E-03, 4.50274E-03, 5.55342E-01
319, 1.41894E-01, 8.66511E-02, 6.82003E-02, 9.28750E-02, 8.24728E-03, 5.57335E-03, 4.51272E-03, 5.55625E-01
320, 1.43317E-01, 8.53166E-02, 6.88313E-02, 9.27054E-02, 8.28011E-03, 5.57972E-03, 4.52202E-03, 5.53755E-01
321, 1.43601E-01, 8.38395E-02, 6.94165E-02, 9.23470E-02, 8.31241E-03, 5.58536E-03, 4.53121E-03, 5.49654E-01
322, 1.42754E-01, 8.23082E-02, 6.99533E-02, 9.21218E-02, 8.34478E-03, 5.59054E-03, 4.54105E-03, 5.43993E-01
323, 1.43984E-01, 8.14520E-02, 7.04394E-02, 9.23171E-02, 8.37514E-03, 5.59616E-03, 4.55147E-03, 5.48610E-01
324, 1.44123E-01, 8.27946E-02, 7.08721E-02, 9.22948E-02, 8.40519E-03, 5.60201E-03, 4.56165E-03, 5.51093E-01
325, 1.43148E-01, 8.39595E-02, 7.12492E-02, 9.20563E-02, 8.43660E-03, 5.60807E-03, 4.57205E-03, 5.51303E-01
326, 1.42047E-01, 8.49402E-02, 7.15682E-02, 9.16042E-02, 8.46794E-03, 5.61361E-03, 4.58204E-03, 5.49115E-01
327, 1.43240E-01, 8.57314E-02, 7.18267E-02, 9.19113E-02, 8.50068E-03, 5.61835E-03, 4.59179E-03, 5.48027E-01
328, 1.45057E-01, 8.63281E-02, 7.20227E-02, 9.24427E-02, 8.53313E-03, 5.62282E-03, 4.60173E-03, 5.51364E-01
329, 1.45870E-01, 8.67264E-02, 7.21539E-02, 9.27849E-02, 8.56418E-03, 5.62745E-03, 4.61164E-03, 5.52694E-01
330, 1.48357E-01, 8.69232E-02, 7.22183E-02, 9.29386E-02, 8.59488E-03, 5.63239E-03, 4.62129E-03, 5.51923E-01
331, 1.49761E-01, 8.69160E-02, 7.24906E-02, 9.29054E-02, 8.62639E-03, 5.63794E-03, 4.63104E-03, 5.48969E-01
332, 1.50041E-01, 8.67034E-02, 7.30981E-02, 9.26882E-02, 8.65688E-03, 5.64380E-03, 4.64060E-03, 5.43768E-01
333, 1.49166E-01, 8.62849E-02, 7.36538E-02, 9.22910E-02, 8.68609E-03, 5.65004E-03, 4.65013E-03, 5.40959E-01
334, 1.47118E-01, 8.56606E-02, 7.41548E-02, 9.17192E-02, 8.71594E-03, 5.65599E-03, 4.65959E-03, 5.44126E-01
335, 1.49037E-01, 8.48316E-02, 7.45984E-02, 9.12920E-02, 8.74509E-03, 5.66201E-03, 4.66889E-03, 5.45051E-01
336, 1.50852E-01, 8.38000E-02, 7.49820E-02, 9.11701E-02, 8.77399E-03, 5.66726E-03, 4.67815E-03, 5.43608E-01
337, 1.51462E-01, 8.25685E-02, 7.53029E-02, 9.08431E-02, 8.80448E-03, 5.67232E-03, 4.68680E-03, 5.43160E-01
338, 1.50831E-01, 8.11409E-02, 7.55586E-02, 9.14794E-02, 8.83551E-03, 5.67723E-03, 4.69566E-03, 5.49704E-01
339, 1.52212E-01, 7.95214E-02, 7.57468E-02, 9.19802E-02, 8.86523E-03, 5.68181E-03, 4.70433E-03, 5.54458E-01
340, 1.52890E-01, 7.77155E-02, 7.58652E-02, 9.23000E-02, 8.89458E-03, 5.68660E-03, 4.71356E-03, 5.57309E-01
341, 1.52370E-01, 7.57290E-02, 7.59116E-02, 9.24400E-02, 8.92291E-03, 5.69178E-03, 4.72359E-03, 5.58160E-01
342, 1.51180E-01, 7.43104E-02, 7.58841E-02, 9.24024E-02, 8.95072E-03, 5.69668E-03, 4.73339E-03, 5.56922E-01
343, 1.51975E-01, 7.48191E-02, 7.57810E-02, 9.21903E-02, 8.97856E-03, 5.70110E-03, 4.74305E-03, 5.53525E-01
344, 1.54414E-01, 7.50099E-02, 7.60760E-02, 9.18080E-02, 9.00610E-03, 5.70556E-03, 4.75246E-03, 5.47911E-01
345, 1.55665E-01, 7.51783E-02, 7.66031E-02, 9.12801E-02, 9.03379E-03, 5.70981E-03, 4.76221E-03, 5.42843E-01
346, 1.57674E-01, 7.61152E-02, 7.70710E-02, 9.12342E-02, 9.06233E-03, 5.71322E-03, 4.77146E-03, 5.44990E-01
347, 1.59435E-01, 7.67146E-02, 7.74769E-02, 9.09887E-02, 9.08972E-03, 5.71753E-03, 4.77967E-03, 5.44895E-01
348, 1.59978E-01, 7.69745E-02, 7.78181E-02, 9.05467E-02, 9.11675E-03, 5.72274E-03, 4.78771E-03, 5.42445E-01
349, 1.59268E-01, 7.68966E-02, 7.80919E-02, 8.99130E-02, 9.14560E-03, 5.72759E-03, 4.79549E-03, 5.40480E-01
350, 1.57284E-01, 7.71250E-02, 7.82959E-02, 9.01785E-02, 9.17317E-03, 5.73188E-03, 4.80340E-03, 5.45437E-01
351, 1.56887E-01, 7.72704E-02, 7.84277E-02, 9.04384E-02, 9.20059E-03, 5.73682E-03, 4.81137E-03, 5.48516E-01
352, 1.59275E-01, 7.71168E-02, 7.84852E-02, 9.05282E-02, 9.22788E-03, 5.74264E-03, 4.81960E-03, 5.49616E-01
353, 1.60995E-01, 7.70683E-02, 7.84664E-02, 9.04503E-02, 9.25342E-03, 5.74786E-03, 4.82821E-03, 5.48652E-01
354, 1.61388E-01, 7.76505E-02, 7.83694E-02, 9.02081E-02, 9.27919E-03, 5.75323E-03, 4.83724E-03, 5.45550E-01
355, 1.63397E-01, 7.78996E-02, 7.81928E-02, 8.98062E-02, 9.30594E-03, 5.75845E-03, 4.84664E-03, 5.40255E-01
356, 1.64671E-01, 7.78994E-02, 7.79352E-02, 8.93054E-02, 9.33217E-03, 5.76304E-03, 4.85612E-03, 5.32728E-01
357, 1.64606E-01, 7.90195E-02, 7.80535E-02, 8.91369E-02, 9.35822E-03, 5.76775E-03, 4.86486E-03, 5.30921E-01
358, 1.63173E-01, 7.97886E-02, 7.84983E-02, 8.87798E-02, 9.38398E-03, 5.77246E-03, 4.87324E-03, 5.33732E-01
359, 1.62237E-01, 8.02038E-02, 7.88793E-02, 8.82383E-02, 9.40950E-03, 5.77708E-03, 4.88098E-03, 5.34912E-01
360, 1.61570E-01, 8.02661E-02, 7.91938E-02, 8.88841E-02, 9.43471E-03, 5.78113E-03, 4.88853E-03, 5.34407E-01
361, 1.63693E-01, 7.99799E-02, 7.94393E-02, 8.95068E-02, 9.45890E-03, 5.78467E-03, 4.89578E-03, 5.32175E-01
362, 1.67988E-01, 7.98058E-02, 7.96135E-02, 8.99648E-02, 9.48284E-03, 5.78849E-03, 4.90262E-03, 5.35547E-01
363, 1.71008E-01, 8.05085E-02, 7.97141E-02, 9.02587E-02, 9.50587E-03, 5.79212E-03, 4.90996E-03, 5.38293E-01
364, 1.72690E-01, 8.08385E-02, 7.97391E-02, 9.03899E-02, 9.52894E-03, 5.79521E-03, 4.91754E-03, 5.39147E-01
365, 1.72987E-01, 8.13528E-02, 7.96868E-02, 9.03607E-02, 9.55264E-03, 5.79926E-03, 4.92496E-03, 5.38032E-01
366, 1.71865E-01, 8.17268E-02, 7.95555E-02, 9.01745E-02, 9.57699E-03, 5.80396E-03, 4.93239E-03, 5.34886E-01
367, 1.70072E-01, 8.17527E-02, 7.93439E-02, 8.98355E-02, 9.60217E-03, 5.80938E-03, 4.93972E-03, 5.29658E-01
368, 1.70120E-01, 8.14356E-02, 7.90509E-02, 8.93488E-02, 9.62750E-03, 5.81453E-03, 4.94710E-03, 5.22317E-01
369, 1.68826E-01, 8.19377E-02, 7.86756E-02, 8.87202E-02, 9.65231E-03, 5.81895E-03, 4.95403E-03, 5.25688E-01
370, 1.66777E-01, 8.25005E-02, 7.82950E-02, 8.79563E-02, 9.67525E-03, 5.82317E-03, 4.96083E-03, 5.28641E-01
371, 1.71172E-01, 8.27043E-02, 7.86667E-02, 8.79873E-02, 9.69941E-03, 5.82698E-03, 4.96783E-03, 5.29968E-01
372, 1.74352E-01, 8.26369E-02, 7.89733E-02, 8.86009E-02, 9.72254E-03, 5.83128E-03, 4.97433E-03, 5.29612E-01
373, 1.76115E-01, 8.39557E-02, 7.92125E-02, 8.90555E-02, 9.74523E-03, 5.83519E-03, 4.98092E-03, 5.27529E-01
374, 1.76409E-01, 8.48811E-02, 7.93822E-02, 8.93514E-02, 9.76728E-03, 5.83823E-03, 4.98786E-03, 5.23684E-01
375, 1.76582E-01, 8.54061E-02, 7.94803E-02, 8.94898E-02, 9.78987E-03, 5.84097E-03, 4.99440E-03, 5.24551E-01
376, 1.76758E-01, 8.55285E-02, 7.95049E-02, 8.94729E-02, 9.81288E-03, 5.84304E-03, 5.00091E-03, 5.25300E-01
377, 1.75548E-01, 8.52504E-02, 7.94545E-02, 8.93037E-02, 9.83592E-03, 5.84495E-03, 5.00706E-03, 5.24099E-01
378, 1.72938E-01, 8.45788E-02, 7.93275E-02, 8.89861E-02, 9.86008E-03, 5.84662E-03, 5.01291E-03, 5.20882E-01
379, 1.72287E-01, 8.41178E-02, 7.91229E-02, 8.85250E-02, 9.88335E-03, 5.84792E-03, 5.01859E-03, 5.15600E-01
380, 1.76477E-01, 8.39035E-02, 7.88396E-02, 8.79257E-02, 9.90583E-03, 5.84990E-03, 5.02462E-03, 5.11925E-01
381, 1.79319E-01, 8.43114E-02, 7.84769E-02, 8.71946E-02, 9.92819E-03, 5.85219E-03, 5.03073E-03, 5.10902E-01
382, 1.80751E-01, 8.46694E-02, 7.80343E-02, 8.63384E-02, 9.94955E-03, 5.85449E-03, 5.03674E-03, 5.14296E-01
383, 1.81927E-01, 8.50229E-02, 7.75118E-02, 8.56639E-02, 9.97234E-03, 5.85679E-03, 5.04286E-03, 5.16173E-01
384, 1.83763E-01, 8.64788E-02, 7.71038E-02, 8.59785E-02, 9.99489E-03, 5.85901E-03, 5.04860E-03, 5.16480E-01
385, 1.84119E-01, 8.75747E-02, 7.73548E-02, 8.62276E-02, 1.00159E-02, 5.86092E-03, 5.05366E-03, 5.15173E-01
386, 1.82955E-01, 8.82603E-02, 7.75409E-02, 8.65665E-02, 1.00361E-02, 5.86211E-03, 5.05886E-03, 5.12218E-01
387, 1.80251E-01, 8.85320E-02, 7.76604E-02, 8.67587E-02, 1.00568E-02, 5.86246E-03, 5.06414E-03, 5.07593E-01
388, 1.76000E-01, 8.83909E-02, 7.77114E-02, 8.68061E-02, 1.00760E-02, 5.86220E-03, 5.06956E-03, 5.07906E-01
389, 1.75284E-01, 8.78429E-02, 7.76926E-02, 8.67115E-02, 1.00946E-02, 5.86214E-03, 5.07469E-03, 5.06844E-01
390, 1.80518E-01, 8.68984E-02, 7.76026E-02, 8.64784E-02, 1.01146E-02, 5.86204E-03, 5.07929E-03, 5.03882E-01
391, 1.84443E-01, 8.58103E-02, 7.74403E-02, 8.61112E-02, 1.01358E-02, 5.86149E-03, 5.08393E-03, 5.01701E-01
392, 1.86989E-01, 8.66174E-02, 7.72050E-02, 8.56148E-02, 1.01554E-02, 5.86067E-03, 5.08868E-03, 5.03622E-01
393, 1.88095E-01, 8.74183E-02, 7.68958E-02, 8.57300E-02, 1.01743E-02, 5.85922E-03, 5.09350E-03, 5.04198E-01
394, 1.87718E-01, 8.82324E-02, 7.65124E-02, 8.62443E-02, 1.01933E-02, 5.85748E-03, 5.09825E-03, 5.06828E-01
395, 1.85829E-01, 8.94007E-02, 7.60547E-02, 8.66334E-02, 1.02141E-02, 5.85558E-03, 5.10327E-03, 5.10206E-01
396, 1.83424E-01, 9.01222E-02, 7.55226E-02, 8.68985E-02, 1.02327E-02, 5.85357E-03, 5.10847E-03, 5.12043E-01
397, 1.82314E-01, 9.03907E-02, 7.49164E-02, 8.70415E-02, 1.02523E-02, 5.85169E-03, 5.11343E-03, 5.12279E-01
398, 1.79751E-01, 9.02051E-02, 7.42366E-02, 8.70650E-02, 1.02714E-02, 5.84940E-03, 5.11789E-03, 5.10866E-01
399, 1.80262E-01, 9.02293E-02, 7.42972E-02, 8.69720E-02, 1.02899E-02, 5.84705E-03, 5.12218E-03, 5.07764E-01
400, 1.85059E-01, 8.98538E-02, 7.43907E-02, 8.67660E-02, 1.03067E-02, 5.84452E-03, 5.12626E-03, 5.02944E-01
401, 1.88464E-01, 8.90823E-02, 7.44217E-02, 8.64953E-02, 1.03233E-02, 5.84150E-03, 5.13003E-03, 4.96392E-01
402, 1.90409E-01, 9.01187E-02, 7.43891E-02, 8.62047E-02, 1.03386E-02, 5.83860E-03, 5.13406E-03, 4.91185E-01
403, 1.90836E-01, 9.09521E-02, 7.42919E-02, 8.57833E-02, 1.03533E-02, 5.83618E-03, 5.13802E-03, 4.90188E-01
404, 1.89704E-01, 9.13510E-02, 7.41292E-02, 8.52362E-02, 1.03679E-02, 5.83334E-03, 5.14211E-03, 4.93129E-01
405, 1.88784E-01, 9.13115E-02, 7.39003E-02, 8.45688E-02, 1.03823E-02, 5.82976E-03, 5.14621E-03, 4.94814E-01
406, 1.88774E-01, 9.14911E-02, 7.36048E-02, 8.45728E-02, 1.03966E-02, 5.82570E-03, 5.14944E-03, 4.95209E-01
407, 1.87217E-01, 9.23747E-02, 7.32426E-02, 8.48891E-02, 1.04111E-02, 5.82256E-03, 5.15252E-03, 4.94555E-01
408, 1.84093E-01, 9.27990E-02, 7.28134E-02, 8.50853E-02, 1.04246E-02, 5.81957E-03, 5.15584E-03, 4.96870E-01
409, 1.84865E-01, 9.27612E-02, 7.23174E-02, 8.51632E-02, 1.04396E-02, 5.81624E-03, 5.15987E-03, 4.97677E-01
410, 1.87869E-01, 9.22644E-02, 7.17551E-02, 8.51248E-02, 1.04559E-02, 5.81294E-03, 5.16346E-03, 4.96927E-01
411, 1.89582E-01, 9.13165E-02, 7.11269E-02, 8.49730E-02, 1.04709E-02, 5.81051E-03, 5.16720E-03, 4.94583E-01
412, 1.92652E-01, 9.15680E-02, 7.04336E-02, 8.47110E-02, 1.04866E-02, 5.80780E-03, 5.17054E-03, 4.90619E-01
413, 1.94270E-01, 9.29052E-02, 6.98044E-02, 8.43425E-02, 1.05007E-02, 5.80454E-03, 5.17386E-03, 4.85017E-01
414, 1.94384E-01, 9.38072E-02, 6.98355E-02, 8.38718E-02, 1.05136E-02, 5.80116E-03, 5.17755E-03, 4.81745E-01
415, 1.92958E-01, 9.42650E-02, 6.98108E-02, 8.33033E-02, 1.05257E-02, 5.79805E-03, 5.18096E-03, 4.88246E-01
416, 1.89970E-01, 9.42749E-02, 6.97297E-02, 8.26421E-02, 1.05351E-02, 5.79484E-03, 5.18352E-03, 4.93577E-01
417, 1.86098E-01, 9.38381E-02, 6.95913E-02, 8.32704E-02, 1.05420E-02, 5.79126E-03, 5.18594E-03, 4.97679E-01
418, 1.83492E-01, 9.33803E-02, 6.93952E-02, 8.38750E-02, 1.05493E-02, 5.78715E-03, 5.18843E-03, 5.00496E-01
419, 1.87168E-01, 9.39581E-02, 6.91411E-02, 8.43633E-02, 1.05600E-02, 5.78262E-03, 5.19077E-03, 5.01983E-01
420, 1.90805E-01, 9.40871E-02, 6.88289E-02, 8.47354E-02, 1.05728E-02, 5.77835E-03, 5.19295E-03, 5.02097E-01
421, 1.93105E-01, 9.37677E-02, 6.84585E-02, 8.49924E-02, 1.05851E-02, 5.77418E-03, 5.19529E-03, 5.00807E-01
422, 1.94017E-01, 9.30056E-02, 6.80300E-02, 8.51356E-02, 1.05984E-02, 5.77113E-03, 5.19794E-03, 4.98086E-01
423, 1.94148E-01, 9.36915E-02, 6.75438E-02, 8.51670E-02, 1.06099E-02, 5.76805E-03, 5.19994E-03, 4.93951E-01
424, 1.94596E-01, 9.48695E-02, 6.70004E-02, 8.50892E-02, 1.06199E-02, 5.76516E-03, 5.20134E-03, 4.92562E-01
425, 1.93486E-01, 9.55833E-02, 6.64004E-02, 8.49050E-02, 1.06284E-02, 5.76183E-03, 5.20264E-03, 4.89496E-01
426, 1.90792E-01, 9.58235E-02, 6.57445E-02, 8.46180E-02, 1.06370E-02, 5.75768E-03, 5.20430E-03, 4.84725E-01
427, 1.88839E-01, 9.55861E-02, 6.50338E-02, 8.42319E-02, 1.06440E-02, 5.75399E-03, 5.20555E-03, 4.78229E-01
428, 1.87992E-01, 9.48729E-02, 6.43245E-02, 8.37509E-02, 1.06503E-02, 5.75079E-03, 5.20712E-03, 4.81390E-01
429, 1.88174E-01, 9.47024E-02, 6.42723E-02, 8.31796E-02, 1.06535E-02, 5.74831E-03, 5.20837E-03, 4.86100E-01
430, 1.92016E-01, 9.50625E-02, 6.43028E-02, 8.25720E-02, 1.06590E-02, 5.74454E-03, 5.20954E-03, 4.89599E-01
431, 1.94501E-01, 9.49320E-02, 6.48941E-02, 8.29224E-02, 1.06687E-02, 5.74036E-03, 5.21005E-03, 4.91840E-01
432, 1.95573E-01, 9.43127E-02, 6.52034E-02, 8.31750E-02, 1.06775E-02, 5.73656E-03, 5.21148E-03, 4.92783E-01
433, 1.95188E-01, 9.46796E-02, 6.52302E-02, 8.33313E-02, 1.06859E-02, 5.73337E-03, 5.21247E-03, 4.92396E-01
434, 1.95234E-01, 9.63527E-02, 6.54565E-02, 8.33928E-02, 1.06931E-02, 5.73069E-03, 5.21299E-03, 4.90652E-01
435, 1.95397E-01, 9.75673E-02, 6.60283E-02, 8.33615E-02, 1.06969E-02, 5.72794E-03, 5.21354E-03, 4.87533E-01
436, 1.94049E-01, 9.83094E-02, 6.62896E-02, 8.32400E-02, 1.07006E-02, 5.72509E-03, 5.21345E-03, 4.83027E-01
437, 1.91165E-01, 9.85696E-02, 6.62369E-02, 8.30308E-02, 1.07052E-02, 5.72187E-03, 5.21371E-03, 4.77131E-01
438, 1.86736E-01, 9.83443E-02, 6.58698E-02, 8.27369E-02, 1.07097E-02, 5.71828E-03, 5.21416E-03, 4.75219E-01
439, 1.87064E-01, 9.76351E-02, 6.58472E-02, 8.23615E-02, 1.07124E-02, 5.71460E-03, 5.21455E-03, 4.81848E-01
440, 1.91246E-01, 9.64494E-02, 6.72056E-02, 8.19082E-02, 1.07138E-02, 5.71126E-03, 5.21470E-03, 4.87470E-01
441, 1.94351E-01, 9.63633E-02, 6.82880E-02, 8.13806E-02, 1.07199E-02, 5.70809E-03, 5.21444E-03, 4.92035E-01
442, 1.96110E-01, 9.63493E-02, 6.90874E-02, 8.14287E-02, 1.07260E-02, 5.70491E-03, 5.21380E-03, 4.95499E-01
443, 1.96477E-01, 9.58612E-02, 6.95991E-02, 8.19690E-02, 1.07322E-02, 5.70122E-03, 5.21403E-03, 4.97819E-01
444, 1.95414E-01, 9.60687E-02, 6.98209E-02, 8.24139E-02, 1.07401E-02, 5.69677E-03, 5.21441E-03, 4.98960E-01
445, 1.92900E-01, 9.62127E-02, 6.97528E-02, 8.27637E-02, 1.07462E-02, 5.69261E-03, 5.21420E-03, 4.98891E-01
446, 1.91822E-01, 9.74304E-02, 6.93972E-02, 8.30194E-02, 1.07513E-02, 5.68885E-03, 5.21339E-03, 4.99345E-01
447, 1.90349E-01, 9.82032E-02, 6.90198E-02, 8.31822E-02, 1.07557E-02, 5.68488E-03, 5.21184E-03, 4.99198E-01
448, 1.87361E-01, 9.85223E-02, 6.91456E-02, 8.32539E-02, 1.07576E-02, 5.68106E-03, 5.20999E-03, 4.97578E-01
449, 1.88322E-01, 9.83835E-02, 6.89611E-02, 8.32363E-02, 1.07600E-02, 5.67649E-03, 5.20823E-03, 4.94458E-01
450, 1.90668E-01, 9.77872E-02, 6.84673E-02, 8.31318E-02, 1.07591E-02, 5.67231E-03, 5.20667E-03, 4.89817E-01
451, 1.91781E-01, 9.67390E-02, 6.83608E-02, 8.29429E-02, 1.07598E-02, 5.66778E-03, 5.20519E-03, 4.83644E-01
452, 1.92173E-01, 9.58032E-02, 6.87736E-02, 8.26724E-02, 1.07620E-02, 5.66276E-03, 5.20421E-03, 4.80538E-01
453, 1.93562E-01, 9.59818E-02, 6.89388E-02, 8.23236E-02, 1.07638E-02, 5.65841E-03, 5.20291E-03, 4.85783E-01
454, 1.93564E-01, 9.62621E-02, 6.99657E-02, 8.18995E-02, 1.07656E-02, 5.65398E-03, 5.20121E-03, 4.89980E-01
455, 1.92145E-01, 9.66485E-02, 7.08103E-02, 8.14038E-02, 1.07688E-02, 5.64893E-03, 5.20007E-03, 4.93088E-01
456, 1.90422E-01, 9.83453E-02, 7.13659E-02, 8.15709E-02, 1.07730E-02, 5.64424E-03, 5.19819E-03, 4.95071E-01
457, 1.90099E-01, 9.95871E-02, 7.16301E-02, 8.19314E-02, 1.07757E-02, 5.63966E-03, 5.19617E-03, 4.95897E-01
458, 1.88347E-01, 1.00344E-01, 7.16024E-02, 8.21954E-02, 1.07763E-02, 5.63582E-03, 5.19442E-03, 4.95541E-01
459, 1.85145E-01, 1.00605E-01, 7.12851E-02, 8.23635E-02, 1.07751E-02, 5.63129E-03, 5.19212E-03, 4.93981E-01
460, 1.87830E-01, 1.00365E-01, 7.10460E-02, 8.24367E-02, 1.07726E-02, 5.62580E-03, 5.18947E-03, 4.91201E-01
461, 1.89601E-01, 9.96222E-02, 7.11363E-02, 8.24165E-02, 1.07706E-02, 5.61982E-03, 5.18680E-03, 4.87191E-01
462, 1.90131E-01, 9.83832E-02, 7.09134E-02, 8.23044E-02, 1.07689E-02, 5.61440E-03, 5.18472E-03, 4.81948E-01
463, 1.91475E-01, 9.74467E-02, 7.13504E-02, 8.21026E-02, 1.07668E-02, 5.60922E-03, 5.18220E-03, 4.75472E-01
464, 1.92100E-01, 9.81398E-02, 7.22311E-02, 8.18134E-02, 1.07679E-02, 5.60423E-03, 5.17869E-03, 4.81775E-01
465, 1.91387E-01, 9.88869E-02, 7.28548E-02, 8.14397E-02, 1.07678E-02, 5.59877E-03, 5.17536E-03, 4.88116E-01
466, 1.89311E-01, 9.91769E-02, 7.32206E-02, 8.09842E-02, 1.07661E-02, 5.59339E-03, 5.17291E-03, 4.93527E-01
467, 1.85858E-01, 9.90038E-02, 7.35992E-02, 8.04503E-02, 1.07651E-02, 5.58839E-03, 5.17107E-03, 4.99066E-01
468, 1.82334E-01, 9.91792E-02, 7.40945E-02, 7.99354E-02, 1.07632E-02, 5.58294E-03, 5.16874E-03, 5.03988E-01
469, 1.82492E-01, 9.98928E-02, 7.43062E-02, 8.03852E-02, 1.07598E-02, 5.57802E-03, 5.16544E-03, 5.07704E-01
470, 1.85550E-01, 1.00145E-01, 7.42344E-02, 8.08500E-02, 1.07542E-02, 5.57237E-03, 5.16211E-03, 5.10162E-01
471, 1.87476E-01, 9.99300E-02, 7.38812E-02, 8.12323E-02, 1.07468E-02, 5.56683E-03, 5.15895E-03, 5.11317E-01
472, 1.88229E-01, 9.92473E-02, 7.32511E-02, 8.15325E-02, 1.07398E-02, 5.56136E-03, 5.15580E-03, 5.11128E-01
473, 1.87778E-01, 9.81008E-02, 7.23505E-02, 8.17514E-02, 1.07317E-02, 5.55629E-03, 5.15221E-03, 5.09563E-01
474, 1.86100E-01, 9.64995E-02, 7.11879E-02, 8.18901E-02, 1.07231E-02, 5.55205E-03, 5.14818E-03, 5.06594E-01
475, 1.85133E-01, 9.65609E-02, 7.19462E-02, 8.19496E-02, 1.07168E-02, 5.54752E-03, 5.14418E-03, 5.02201E-01
476, 1.84629E-01, 9.64878E-02, 7.26855E-02, 8.19317E-02, 1.07103E-02, 5.54216E-03, 5.14039E-03, 4.96371E-01
477, 1.82825E-01, 9.69045E-02, 7.31833E-02, 8.18380E-02, 1.07011E-02, 5.53640E-03, 5.13629E-03, 4.89098E-01
478, 1.79706E-01, 9.76499E-02, 7.34390E-02, 8.16705E-02, 1.06934E-02, 5.53057E-03, 5.13285E-03, 4.95117E-01
479, 1.79349E-01, 9.89809E-02, 7.37464E-02, 8.14312E-02, 1.06846E-02, 5.52582E-03, 5.12930E-03, 5.00241E-01
480, 1.79057E-01, 9.98417E-02, 7.43176E-02, 8.11226E-02, 1.06734E-02, 5.52072E-03, 5.12632E-03, 5.04378E-01
481, 1.80730E-01, 1.00219E-01, 7.47643E-02, 8.07470E-02, 1.06617E-02, 5.51559E-03, 5.12252E-03, 5.07489E-01
482, 1.82440E-01, 1.00104E-01, 7.49274E-02, 8.11227E-02, 1.06509E-02, 5.51030E-03, 5.11859E-03, 5.09536E-01
483, 1.83016E-01, 9.94937E-02, 7.48072E-02, 8.14752E-02, 1.06393E-02, 5.50549E-03, 5.11415E-03, 5.10487E-01
484, 1.82427E-01, 9.83900E-02, 7.44063E-02, 8.17387E-02, 1.06268E-02, 5.49993E-03, 5.10973E-03, 5.10314E-01
485, 1.81267E-01, 9.71973E-02, 7.37294E-02, 8.19131E-02, 1.06132E-02, 5.49423E-03, 5.10570E-03, 5.08994E-01
486, 1.81227E-01, 9.83625E-02, 7.27832E-02, 8.19992E-02, 1.06013E-02, 5.48900E-03, 5.10210E-03, 5.06505E-01
487, 1.79977E-01, 9.90895E-02, 7.37579E-02, 8.19976E-02, 1.05867E-02, 5.48378E-03, 5.09793E-03, 5.02833E-01
488, 1.81653E-01, 9.93666E-02, 7.48483E-02, 8.19095E-02, 1.05714E-02, 5.47834E-03, 5.09419E-03, 4.97968E-01
489, 1.83676E-01, 9.91864E-02, 7.56913E-02, 8.17362E-02, 1.05567E-02, 5.47245E-03, 5.09065E-03, 4.93922E-01
490, 1.84061E-01, 9.87368E-02, 7.62842E-02, 8.14794E-02, 1.05425E-02, 5.46700E-03, 5.08729E-03, 5.02250E-01
491, 1.82851E-01, 9.94486E-02, 7.66259E-02, 8.11411E-02, 1.05271E-02, 5.46194E-03, 5.08339E-03, 5.09597E-01
492, 1.80108E-01, 9.97128E-02, 7.67169E-02, 8.07233E-02, 1.05123E-02, 5.45686E-03, 5.07932E-03, 5.15896E-01
493, 1.77968E-01, 9.95223E-02, 7.65596E-02, 8.02284E-02, 1.04977E-02, 5.45208E-03, 5.07528E-03, 5.21080E-01
494, 1.77546E-01, 9.88743E-02, 7.61576E-02, 7.96591E-02, 1.04854E-02, 5.44726E-03, 5.07100E-03, 5.25088E-01
495, 1.76024E-01, 9.77704E-02, 7.55164E-02, 8.00809E-02, 1.04714E-02, 5.44234E-03, 5.06625E-03, 5.27863E-01
496, 1.73388E-01, 9.62169E-02, 7.46427E-02, 8.04698E-02, 1.04562E-02, 5.43743E-03, 5.06075E-03, 5.29352E-01
497, 1.73252E-01, 9.60328E-02, 7.36921E-02, 8.07679E-02, 1.04406E-02, 5.43255E-03, 5.05476E-03, 5.29506E-01
498, 1.72443E-01, 9.59110E-02, 7.33604E-02, 8.10176E-02, 1.04240E-02, 5.42768E-03, 5.04939E-03, 5.28281E-01
499, 1.73846E-01, 9.60612E-02, 7.41524E-02, 8.13024E-02, 1.04042E-02, 5.42363E-03, 5.04440E-03, 5.25640E-01
500, 1.77382E-01, 9.58012E-02, 7.47301E-02, 8.15081E-02, 1.03840E-02, 5.42059E-03, 5.04084E-03, 5.21549E-01
