time_step, rel_err_u, rel_err_v, rel_err_w, rel_err_p, rel_err_u_m, rel_err_v_m, rel_err_w_m, rel_err_p_m
0, 0.00000E+00, 0.00000E+00, 0.00000E+00, 0.00000E+00, 0.00000E+00, 0.00000E+00, 0.00000E+00,         NaN
1, 1.50671E-05, 1.98319E-05, 1.52199E-05, 1.10134E-04, 3.35308E-07, 2.40134E-07, 2.78383E-07, 6.22254E-03
2, 2.20155E-05, 5.38596E-06, 7.31430E-06, 8.55745E-05, 2.37466E-07, 6.89751E-08, 9.66171E-08, 3.79616E-03
3, 1.07714E-05, 2.81581E-06, 5.26007E-06, 4.25508E-05, 1.39356E-07, 4.19511E-08, 5.66736E-08, 1.66761E-03
4, 8.82279E-06, 2.13458E-06, 2.95906E-06, 1.66915E-05, 8.18439E-08, 2.19745E-08, 3.24046E-08, 1.61139E-03
5, 8.99125E-06, 1.86999E-06, 2.75057E-06, 1.16199E-05, 6.23159E-08, 1.69318E-08, 2.42199E-08, 7.42852E-04
6, 7.85758E-06, 1.91180E-06, 1.92583E-06, 1.07426E-05, 4.83631E-08, 1.31580E-08, 1.91089E-08, 5.86955E-04
7, 7.58640E-06, 2.00606E-06, 1.83437E-06, 1.02630E-05, 4.11296E-08, 1.19066E-08, 1.72718E-08, 5.63318E-04
8, 6.92223E-06, 2.08991E-06, 1.80233E-06, 9.83465E-06, 3.38935E-08, 1.04328E-08, 1.49689E-08, 5.40337E-04
9, 6.78560E-06, 2.15821E-06, 1.76510E-06, 9.49428E-06, 3.22494E-08, 9.87391E-09, 1.43068E-08, 5.23102E-04
10, 6.52595E-06, 2.21622E-06, 1.79553E-06, 9.13320E-06, 2.84687E-08, 9.08714E-09, 1.29645E-08, 5.09426E-04
11, 6.59990E-06, 2.27622E-06, 1.76632E-06, 8.83799E-06, 2.75324E-08, 8.69622E-09, 1.25358E-08, 4.98555E-04
12, 6.74513E-06, 2.32152E-06, 1.78148E-06, 8.52549E-06, 2.53850E-08, 8.25653E-09, 1.17141E-08, 4.90365E-04
13, 6.88164E-06, 2.37458E-06, 1.75902E-06, 8.26402E-06, 2.47735E-08, 7.94434E-09, 1.13494E-08, 4.84324E-04
14, 7.43480E-06, 2.41326E-06, 1.76608E-06, 8.28375E-06, 2.34837E-08, 7.61930E-09, 1.07659E-08, 4.80333E-04
15, 8.30064E-06, 2.45834E-06, 1.94374E-06, 9.00154E-06, 2.29898E-08, 7.34458E-09, 1.04394E-08, 5.25167E-04
16, 9.25581E-06, 2.49206E-06, 2.13884E-06, 9.78067E-06, 2.22164E-08, 7.09875E-09, 1.00093E-08, 5.87743E-04
17, 1.02897E-05, 2.52836E-06, 2.37886E-06, 1.06762E-05, 2.17945E-08, 6.87558E-09, 9.71569E-09, 6.60755E-04
18, 1.14092E-05, 2.55668E-06, 2.64051E-06, 1.16389E-05, 2.12465E-08, 6.67050E-09, 9.37985E-09, 7.45312E-04
19, 1.26074E-05, 2.58387E-06, 2.93935E-06, 1.27182E-05, 2.08526E-08, 6.47270E-09, 9.12170E-09, 8.42477E-04
20, 1.38861E-05, 2.60566E-06, 3.26617E-06, 1.38669E-05, 2.04188E-08, 6.29249E-09, 8.84575E-09, 9.53365E-04
21, 1.52395E-05, 2.68782E-06, 3.63139E-06, 1.51281E-05, 2.00626E-08, 6.12236E-09, 8.62030E-09, 1.07895E-03
22, 1.66657E-05, 2.97959E-06, 4.02329E-06, 1.64554E-05, 1.97279E-08, 5.96745E-09, 8.38843E-09, 1.22019E-03
23, 1.81599E-05, 3.28890E-06, 4.45676E-06, 1.78857E-05, 1.94115E-08, 5.82614E-09, 8.18583E-09, 1.37778E-03
24, 1.97157E-05, 3.62826E-06, 4.91232E-06, 1.93724E-05, 1.91116E-08, 5.69454E-09, 7.98054E-09, 1.55227E-03
25, 2.13297E-05, 3.98206E-06, 5.41028E-06, 2.09458E-05, 1.88277E-08, 5.57268E-09, 7.80474E-09, 1.74386E-03
26, 2.29904E-05, 4.36556E-06, 5.92442E-06, 2.25579E-05, 1.85860E-08, 5.45153E-09, 7.63646E-09, 1.95244E-03
27, 2.46951E-05, 4.75917E-06, 6.47726E-06, 2.42325E-05, 1.83584E-08, 5.34812E-09, 7.48931E-09, 2.17744E-03
28, 2.64264E-05, 5.17901E-06, 7.03929E-06, 2.59194E-05, 1.81435E-08, 5.25013E-09, 7.34106E-09, 2.41790E-03
29, 2.81807E-05, 5.60345E-06, 7.63116E-06, 2.76359E-05, 1.79414E-08, 5.16797E-09, 7.21203E-09, 2.67228E-03
30, 2.99349E-05, 6.04708E-06, 8.22353E-06, 2.93293E-05, 1.77496E-08, 5.08815E-09, 7.08535E-09, 2.93860E-03
31, 3.16825E-05, 6.48830E-06, 8.83212E-06, 3.10114E-05, 1.75756E-08, 5.02059E-09, 6.97452E-09, 3.21434E-03
32, 3.33958E-05, 6.93824E-06, 9.43011E-06, 3.26273E-05, 1.74121E-08, 4.95185E-09, 6.86599E-09, 3.49654E-03
33, 3.50639E-05, 7.37695E-06, 1.00270E-05, 3.41849E-05, 1.72509E-08, 4.88936E-09, 6.77468E-09, 3.78179E-03
34, 3.66559E-05, 7.81125E-06, 1.05997E-05, 3.56288E-05, 1.70954E-08, 4.82581E-09, 6.68222E-09, 4.06642E-03
35, 3.81565E-05, 8.22378E-06, 1.11520E-05, 3.69651E-05, 1.69412E-08, 4.76739E-09, 6.59557E-09, 4.34647E-03
36, 3.95342E-05, 8.61736E-06, 1.16646E-05, 3.81405E-05, 1.67908E-08, 4.70766E-09, 6.50600E-09, 4.61795E-03
37, 4.07709E-05, 8.97769E-06, 1.21373E-05, 3.91621E-05, 1.66373E-08, 4.65184E-09, 6.42609E-09, 4.87683E-03
38, 4.18371E-05, 9.30466E-06, 1.25548E-05, 3.99818E-05, 1.64801E-08, 4.59223E-09, 6.34432E-09, 5.11928E-03
39, 4.27148E-05, 9.58730E-06, 1.29147E-05, 4.06104E-05, 1.63158E-08, 4.53506E-09, 6.26586E-09, 5.34171E-03
40, 4.33800E-05, 9.82409E-06, 1.32060E-05, 4.10081E-05, 1.61441E-08, 4.47620E-09, 6.17848E-09, 5.54094E-03
41, 4.38185E-05, 1.00075E-05, 1.34262E-05, 4.11921E-05, 1.59538E-08, 4.41868E-09, 6.08985E-09, 5.71421E-03
42, 4.40149E-05, 1.01360E-05, 1.35683E-05, 4.11326E-05, 1.57512E-08, 4.35818E-09, 6.00033E-09, 5.85933E-03
43, 4.39621E-05, 1.02055E-05, 1.36314E-05, 4.08549E-05, 1.55292E-08, 4.29564E-09, 5.91316E-09, 5.97458E-03
44, 4.36555E-05, 1.02159E-05, 1.36127E-05, 4.03398E-05, 1.52865E-08, 4.23000E-09, 5.82081E-09, 6.05885E-03
45, 4.30978E-05, 1.01663E-05, 1.35141E-05, 3.96205E-05, 1.50256E-08, 4.16248E-09, 5.72657E-09, 6.11151E-03
46, 4.22961E-05, 1.00584E-05, 1.33364E-05, 3.86881E-05, 1.47606E-08, 4.09163E-09, 5.62310E-09, 6.13244E-03
47, 4.12633E-05, 9.89418E-06, 1.30844E-05, 3.75823E-05, 1.44752E-08, 4.01967E-09, 5.51550E-09, 6.12190E-03
48, 4.00170E-05, 9.67738E-06, 1.27623E-05, 3.63018E-05, 1.41758E-08, 3.94395E-09, 5.40439E-09, 6.08054E-03
49, 3.85796E-05, 9.41233E-06, 1.23772E-05, 3.48903E-05, 1.38658E-08, 3.86699E-09, 5.29437E-09, 6.00926E-03
50, 3.69764E-05, 9.10418E-06, 1.19361E-05, 3.33517E-05, 1.35482E-08, 3.78766E-09, 5.17946E-09, 5.90924E-03
51, 3.52359E-05, 8.75886E-06, 1.14474E-05, 3.17304E-05, 1.32251E-08, 3.70788E-09, 5.06768E-09, 5.78177E-03
52, 3.33877E-05, 8.38233E-06, 1.09194E-05, 3.00321E-05, 1.29016E-08, 3.62845E-09, 4.95510E-09, 5.62842E-03
53, 3.14623E-05, 7.98120E-06, 1.03612E-05, 2.82995E-05, 1.25798E-08, 3.54957E-09, 4.84304E-09, 5.45085E-03
54, 2.94894E-05, 7.56154E-06, 9.78148E-06, 2.65371E-05, 1.22651E-08, 3.46917E-09, 4.73252E-09, 5.25100E-03
55, 2.74976E-05, 7.12987E-06, 9.18851E-06, 2.47836E-05, 1.19588E-08, 3.39069E-09, 4.62613E-09, 5.03103E-03
56, 2.55133E-05, 6.69167E-06, 8.59050E-06, 2.30406E-05, 1.16682E-08, 3.31391E-09, 4.52220E-09, 4.79345E-03
57, 2.35601E-05, 6.25277E-06, 7.99443E-06, 2.13416E-05, 1.13931E-08, 3.24103E-09, 4.42198E-09, 4.54110E-03
58, 2.16588E-05, 5.81765E-06, 7.40718E-06, 1.96841E-05, 1.11407E-08, 3.16970E-09, 4.32506E-09, 4.27723E-03
59, 1.98262E-05, 5.39103E-06, 6.83401E-06, 1.80958E-05, 1.09105E-08, 3.10391E-09, 4.23308E-09, 4.00536E-03
60, 1.80763E-05, 4.97617E-06, 6.28010E-06, 1.65704E-05, 1.07066E-08, 3.04266E-09, 4.14538E-09, 3.72928E-03
61, 1.65415E-05, 4.57652E-06, 5.74891E-06, 1.51300E-05, 1.05292E-08, 2.98781E-09, 4.06462E-09, 3.45283E-03
62, 1.51799E-05, 4.19413E-06, 5.24384E-06, 1.37645E-05, 1.03821E-08, 2.93769E-09, 3.98960E-09, 3.17977E-03
63, 1.38880E-05, 3.83117E-06, 4.76666E-06, 1.24914E-05, 1.02671E-08, 2.89408E-09, 3.92320E-09, 2.91353E-03
64, 1.26791E-05, 3.48862E-06, 4.31918E-06, 1.12977E-05, 1.01862E-08, 2.85599E-09, 3.86239E-09, 2.65713E-03
65, 1.34693E-05, 3.16756E-06, 4.08232E-06, 1.11847E-05, 1.01398E-08, 2.82509E-09, 3.81062E-09, 2.44215E-03
66, 1.43289E-05, 3.33432E-06, 4.32231E-06, 1.18552E-05, 1.01291E-08, 2.79931E-09, 3.76908E-09, 2.59620E-03
67, 1.52655E-05, 3.54939E-06, 4.58273E-06, 1.25849E-05, 1.01548E-08, 2.77980E-09, 3.73694E-09, 2.76162E-03
68, 1.62870E-05, 3.78380E-06, 4.86588E-06, 1.33815E-05, 1.02209E-08, 2.76558E-09, 3.71307E-09, 2.94004E-03
69, 1.74027E-05, 4.03974E-06, 5.17404E-06, 1.42504E-05, 1.03291E-08, 2.75862E-09, 3.69713E-09, 3.13327E-03
70, 1.86227E-05, 4.31947E-06, 5.50996E-06, 1.52002E-05, 1.04815E-08, 2.75847E-09, 3.68900E-09, 3.34321E-03
71, 1.99585E-05, 4.62566E-06, 5.87655E-06, 1.62382E-05, 1.06792E-08, 2.76533E-09, 3.69001E-09, 3.57194E-03
72, 2.14225E-05, 4.96116E-06, 6.27713E-06, 1.73746E-05, 1.09238E-08, 2.78029E-09, 3.70087E-09, 3.82160E-03
73, 2.30291E-05, 5.32925E-06, 6.71535E-06, 1.86187E-05, 1.12186E-08, 2.80341E-09, 3.72150E-09, 4.09452E-03
74, 2.47939E-05, 5.73353E-06, 7.19531E-06, 1.99830E-05, 1.15664E-08, 2.83484E-09, 3.75153E-09, 4.39318E-03
75, 2.67347E-05, 6.17807E-06, 7.72156E-06, 2.14793E-05, 1.19717E-08, 2.87442E-09, 3.79049E-09, 4.72029E-03
76, 2.88712E-05, 6.66739E-06, 8.29916E-06, 2.31227E-05, 1.24398E-08, 2.92352E-09, 3.83929E-09, 5.07884E-03
77, 3.12256E-05, 7.20659E-06, 8.93379E-06, 2.49284E-05, 1.29805E-08, 2.98252E-09, 3.90006E-09, 5.47216E-03
78, 3.38227E-05, 7.80134E-06, 9.63178E-06, 2.69151E-05, 1.35980E-08, 3.05293E-09, 3.97327E-09, 5.90401E-03
79, 3.66904E-05, 8.45802E-06, 1.04002E-05, 2.91021E-05, 1.42961E-08, 3.13531E-09, 4.05950E-09, 6.37869E-03
80, 3.98599E-05, 9.18377E-06, 1.12469E-05, 3.15125E-05, 1.50816E-08, 3.22921E-09, 4.15954E-09, 6.90107E-03
81, 4.33662E-05, 9.98665E-06, 1.21809E-05, 3.41711E-05, 1.59647E-08, 3.33622E-09, 4.27646E-09, 7.47672E-03
82, 4.72486E-05, 1.08756E-05, 1.32119E-05, 3.71066E-05, 1.69543E-08, 3.45818E-09, 4.41026E-09, 8.11197E-03
83, 5.15514E-05, 1.18609E-05, 1.43511E-05, 4.04129E-05, 1.80631E-08, 3.59623E-09, 4.56234E-09, 8.81403E-03
84, 5.63241E-05, 1.30506E-05, 1.56761E-05, 4.43850E-05, 1.93031E-08, 3.75209E-09, 4.73525E-09, 9.64878E-03
85, 6.16228E-05, 1.43923E-05, 1.72176E-05, 4.88055E-05, 2.06889E-08, 3.92778E-09, 4.93009E-09, 1.06043E-02
86, 6.75100E-05, 1.58909E-05, 1.89337E-05, 5.37301E-05, 2.22377E-08, 4.12654E-09, 5.14909E-09, 1.16698E-02
87, 7.40565E-05, 1.75662E-05, 2.08459E-05, 5.92208E-05, 2.39675E-08, 4.35019E-09, 5.39502E-09, 1.28592E-02
88, 8.13415E-05, 1.94403E-05, 2.29782E-05, 6.53489E-05, 2.59006E-08, 4.60165E-09, 5.67088E-09, 1.41882E-02
89, 8.94544E-05, 2.15384E-05, 2.53577E-05, 7.21933E-05, 2.80603E-08, 4.88409E-09, 5.98041E-09, 1.56741E-02
90, 9.84953E-05, 2.38889E-05, 2.80151E-05, 7.98450E-05, 3.04719E-08, 5.20079E-09, 6.32752E-09, 1.73367E-02
91, 1.08577E-04, 2.65239E-05, 3.09848E-05, 8.84048E-05, 3.31655E-08, 5.55589E-09, 6.71616E-09, 1.91978E-02
92, 1.19826E-04, 2.94794E-05, 3.43057E-05, 9.79883E-05, 3.61742E-08, 5.95411E-09, 7.15046E-09, 2.12817E-02
93, 1.32384E-04, 3.27962E-05, 3.80213E-05, 1.08724E-04, 3.95374E-08, 6.40110E-09, 7.63628E-09, 2.36160E-02
94, 1.46410E-04, 3.65203E-05, 4.21808E-05, 1.20757E-04, 4.32968E-08, 6.90213E-09, 8.17977E-09, 2.62310E-02
95, 1.62083E-04, 4.07031E-05, 4.68391E-05, 1.34252E-04, 4.75000E-08, 7.46428E-09, 8.78785E-09, 2.91611E-02
96, 1.79602E-04, 4.54026E-05, 5.20581E-05, 1.49391E-04, 5.21991E-08, 8.09575E-09, 9.46869E-09, 3.24443E-02
97, 1.99188E-04, 5.06838E-05, 5.79067E-05, 1.66380E-04, 5.74537E-08, 8.80422E-09, 1.02305E-08, 3.61234E-02
98, 2.21089E-04, 5.66192E-05, 6.44621E-05, 1.85449E-04, 6.33282E-08, 9.59910E-09, 1.10827E-08, 4.02461E-02
99, 2.45580E-04, 6.32898E-05, 7.18102E-05, 2.06851E-04, 6.98957E-08, 1.04916E-08, 1.20364E-08, 4.48655E-02
100, 2.72965E-04, 7.07857E-05, 8.00461E-05, 2.30871E-04, 7.72365E-08, 1.14932E-08, 1.31034E-08, 5.00408E-02
101, 3.03579E-04, 7.92064E-05, 8.92754E-05, 2.57820E-04, 8.54398E-08, 1.26169E-08, 1.42959E-08, 5.58379E-02
102, 3.37792E-04, 8.86621E-05, 9.96142E-05, 2.88045E-04, 9.46023E-08, 1.38773E-08, 1.56285E-08, 6.23295E-02
103, 3.76005E-04, 9.92735E-05, 1.11190E-04, 3.21921E-04, 1.04829E-07, 1.52896E-08, 1.71177E-08, 6.95959E-02
104, 4.18658E-04, 1.11172E-04, 1.24141E-04, 3.59858E-04, 1.16235E-07, 1.68720E-08, 1.87820E-08, 7.77253E-02
105, 4.66222E-04, 1.24501E-04, 1.38618E-04, 4.02297E-04, 1.28943E-07, 1.86417E-08, 2.06384E-08, 8.68137E-02
106, 5.19205E-04, 1.39414E-04, 1.54783E-04, 4.49712E-04, 1.43083E-07, 2.06180E-08, 2.27059E-08, 9.69655E-02
107, 5.78144E-04, 1.56074E-04, 1.72806E-04, 5.02602E-04, 1.58794E-07, 2.28208E-08, 2.50052E-08, 1.08292E-01
108, 6.43604E-04, 1.74654E-04, 1.92870E-04, 5.61491E-04, 1.76219E-07, 2.52732E-08, 2.75586E-08, 1.20914E-01
109, 7.16169E-04, 1.95332E-04, 2.15162E-04, 6.26915E-04, 1.95506E-07, 2.79981E-08, 3.03875E-08, 1.34955E-01
110, 7.96435E-04, 2.18292E-04, 2.39875E-04, 6.99420E-04, 2.16804E-07, 3.10192E-08, 3.35151E-08, 1.50544E-01
111, 8.84997E-04, 2.43716E-04, 2.67201E-04, 7.79540E-04, 2.40265E-07, 3.43598E-08, 3.69638E-08, 1.67814E-01
112, 9.82432E-04, 2.71785E-04, 2.97329E-04, 8.67789E-04, 2.66032E-07, 3.80429E-08, 4.07551E-08, 1.86894E-01
113, 1.08928E-03, 3.02664E-04, 3.30435E-04, 9.64634E-04, 2.94229E-07, 4.20898E-08, 4.49068E-08, 2.07909E-01
114, 1.20603E-03, 3.36507E-04, 3.66682E-04, 1.07048E-03, 3.24969E-07, 4.65200E-08, 4.94375E-08, 2.30974E-01
115, 1.33308E-03, 3.73436E-04, 4.06202E-04, 1.18563E-03, 3.58342E-07, 5.13503E-08, 5.43630E-08, 2.56185E-01
116, 1.47071E-03, 4.13543E-04, 4.49092E-04, 1.31028E-03, 3.94408E-07, 5.65931E-08, 5.96924E-08, 2.83619E-01
117, 1.61905E-03, 4.56869E-04, 4.95406E-04, 1.44444E-03, 4.33183E-07, 6.22567E-08, 6.54297E-08, 3.13319E-01
118, 1.77806E-03, 5.03404E-04, 5.45135E-04, 1.58798E-03, 4.74637E-07, 6.83412E-08, 7.15717E-08, 3.45289E-01
119, 1.94746E-03, 5.53065E-04, 5.98205E-04, 1.74050E-03, 5.18687E-07, 7.48388E-08, 7.81087E-08, 3.79486E-01
120, 2.12673E-03, 6.05697E-04, 6.54460E-04, 1.90139E-03, 5.65185E-07, 8.17336E-08, 8.50211E-08, 4.15815E-01
121, 2.31505E-03, 6.61052E-04, 7.13656E-04, 2.06974E-03, 6.13912E-07, 8.89992E-08, 9.22775E-08, 4.54115E-01
122, 2.51132E-03, 7.18793E-04, 7.75450E-04, 2.24438E-03, 6.64576E-07, 9.65974E-08, 9.98373E-08, 4.94160E-01
123, 2.71409E-03, 7.78484E-04, 8.39400E-04, 2.42384E-03, 7.16806E-07, 1.04479E-07, 1.07648E-07, 5.35654E-01
124, 2.92161E-03, 8.39593E-04, 9.04962E-04, 2.60637E-03, 7.70157E-07, 1.12584E-07, 1.15645E-07, 5.78231E-01
125, 3.13179E-03, 9.01495E-04, 9.71495E-04, 2.78996E-03, 8.24113E-07, 1.20839E-07, 1.23755E-07, 6.21459E-01
126, 3.34229E-03, 9.63486E-04, 1.03827E-03, 2.97240E-03, 8.78094E-07, 1.29162E-07, 1.31893E-07, 6.64847E-01
127, 3.55053E-03, 1.02480E-03, 1.10449E-03, 3.15131E-03, 9.31470E-07, 1.37461E-07, 1.39967E-07, 7.07858E-01
128, 3.75376E-03, 1.08462E-03, 1.16931E-03, 3.32424E-03, 9.83574E-07, 1.45639E-07, 1.47880E-07, 7.49923E-01
129, 3.94916E-03, 1.14212E-03, 1.23185E-03, 3.48873E-03, 1.03373E-06, 1.53595E-07, 1.55530E-07, 7.90460E-01
130, 4.13392E-03, 1.19650E-03, 1.29125E-03, 3.64244E-03, 1.08125E-06, 1.61225E-07, 1.62816E-07, 8.28892E-01
131, 4.30537E-03, 1.24697E-03, 1.34668E-03, 3.78318E-03, 1.12550E-06, 1.68429E-07, 1.69643E-07, 8.64671E-01
132, 4.46103E-03, 1.29285E-03, 1.39739E-03, 3.90906E-03, 1.16588E-06, 1.75114E-07, 1.75921E-07, 8.97300E-01
133, 4.59877E-03, 1.33354E-03, 1.44271E-03, 4.01853E-03, 1.20188E-06, 1.81196E-07, 1.81571E-07, 9.26347E-01
134, 4.71686E-03, 1.36859E-03, 1.48212E-03, 4.11043E-03, 1.23306E-06, 1.86603E-07, 1.86526E-07, 9.51469E-01
135, 4.81403E-03, 1.39766E-03, 1.51522E-03, 4.18407E-03, 1.25910E-06, 1.91278E-07, 1.90736E-07, 9.72418E-01
136, 4.88955E-03, 1.42058E-03, 1.54178E-03, 4.23922E-03, 1.27981E-06, 1.95181E-07, 1.94168E-07, 9.89049E-01
137, 4.94319E-03, 1.43735E-03, 1.56172E-03, 4.27605E-03, 1.29508E-06, 1.98289E-07, 1.96802E-07, 1.00132E+00
138, 4.97526E-03, 1.44807E-03, 1.57513E-03, 4.29519E-03, 1.30496E-06, 2.00596E-07, 1.98641E-07, 1.00930E+00
139, 4.98654E-03, 1.45301E-03, 1.58220E-03, 4.29759E-03, 1.30958E-06, 2.02116E-07, 1.99703E-07, 1.01313E+00
140, 4.97821E-03, 1.45252E-03, 1.58329E-03, 4.28452E-03, 1.30918E-06, 2.02873E-07, 2.00018E-07, 1.01304E+00
141, 4.95182E-03, 1.44706E-03, 1.57883E-03, 4.25743E-03, 1.30408E-06, 2.02908E-07, 1.99628E-07, 1.00933E+00
142, 4.90913E-03, 1.43713E-03, 1.56932E-03, 4.21794E-03, 1.29466E-06, 2.02269E-07, 1.98587E-07, 1.00233E+00
143, 4.85208E-03, 1.42326E-03, 1.55532E-03, 4.16768E-03, 1.28135E-06, 2.01016E-07, 1.96956E-07, 9.92406E-01
144, 4.78267E-03, 1.40600E-03, 1.53738E-03, 4.10831E-03, 1.26461E-06, 1.99210E-07, 1.94798E-07, 9.79939E-01
145, 4.70290E-03, 1.38588E-03, 1.51607E-03, 4.04139E-03, 1.24489E-06, 1.96915E-07, 1.92181E-07, 9.65294E-01
146, 4.61467E-03, 1.36339E-03, 1.49192E-03, 3.96838E-03, 1.22263E-06, 1.94197E-07, 1.89168E-07, 9.48825E-01
147, 4.51974E-03, 1.33899E-03, 1.46544E-03, 3.89056E-03, 1.19826E-06, 1.91117E-07, 1.85820E-07, 9.30857E-01
148, 4.41969E-03, 1.31307E-03, 1.43706E-03, 3.80907E-03, 1.17219E-06, 1.87731E-07, 1.82196E-07, 9.11678E-01
149, 4.31591E-03, 1.28597E-03, 1.40718E-03, 3.72484E-03, 1.14475E-06, 1.84092E-07, 1.78347E-07, 8.91540E-01
150, 4.20955E-03, 1.25796E-03, 1.37610E-03, 3.63861E-03, 1.11627E-06, 1.80247E-07, 1.74319E-07, 8.70653E-01
151, 4.10153E-03, 1.22927E-03, 1.34409E-03, 3.55095E-03, 1.08700E-06, 1.76234E-07, 1.70151E-07, 8.49184E-01
152, 3.99258E-03, 1.20003E-03, 1.31135E-03, 3.46227E-03, 1.05716E-06, 1.72088E-07, 1.65874E-07, 8.27263E-01
153, 3.88320E-03, 1.17037E-03, 1.27802E-03, 3.37281E-03, 1.02692E-06, 1.67834E-07, 1.61515E-07, 8.04983E-01
154, 3.77374E-03, 1.14032E-03, 1.24419E-03, 3.28270E-03, 9.96424E-07, 1.63494E-07, 1.57093E-07, 7.82407E-01
155, 3.66438E-03, 1.10993E-03, 1.20993E-03, 3.19195E-03, 9.65762E-07, 1.59083E-07, 1.52624E-07, 7.59569E-01
156, 3.55516E-03, 1.07917E-03, 1.17526E-03, 3.10052E-03, 9.35004E-07, 1.54611E-07, 1.48117E-07, 7.36486E-01
157, 3.44604E-03, 1.04801E-03, 1.14016E-03, 3.00828E-03, 9.04196E-07, 1.50087E-07, 1.43579E-07, 7.13158E-01
158, 3.33690E-03, 1.01642E-03, 1.10464E-03, 2.91509E-03, 8.73364E-07, 1.45515E-07, 1.39015E-07, 6.89575E-01
159, 3.22758E-03, 9.84340E-04, 1.06864E-03, 2.82079E-03, 8.42521E-07, 1.40896E-07, 1.34425E-07, 6.65724E-01
160, 3.11788E-03, 9.51729E-04, 1.03216E-03, 2.72523E-03, 8.11674E-07, 1.36235E-07, 1.29812E-07, 6.41593E-01
161, 3.00764E-03, 9.18547E-04, 9.95173E-04, 2.62831E-03, 7.80827E-07, 1.31529E-07, 1.25178E-07, 6.17174E-01
162, 2.89669E-03, 8.84775E-04, 9.57668E-04, 2.52995E-03, 7.49986E-07, 1.26784E-07, 1.20523E-07, 5.92470E-01
163, 2.78492E-03, 8.50409E-04, 9.19657E-04, 2.43015E-03, 7.19161E-07, 1.22000E-07, 1.15848E-07, 5.67496E-01
164, 2.67227E-03, 8.15474E-04, 8.81171E-04, 2.32898E-03, 6.88372E-07, 1.17183E-07, 1.11157E-07, 5.42280E-01
165, 2.55877E-03, 7.80016E-04, 8.42267E-04, 2.22656E-03, 6.57647E-07, 1.12337E-07, 1.06453E-07, 5.16868E-01
166, 2.44449E-03, 7.44115E-04, 8.03026E-04, 2.12312E-03, 6.27026E-07, 1.07472E-07, 1.01744E-07, 4.91322E-01
167, 2.32962E-03, 7.07870E-04, 7.63552E-04, 2.01895E-03, 5.96559E-07, 1.02595E-07, 9.70385E-08, 4.65719E-01
168, 2.21441E-03, 6.71413E-04, 7.23975E-04, 1.91440E-03, 5.66309E-07, 9.77196E-08, 9.23456E-08, 4.40151E-01
169, 2.09917E-03, 6.34891E-04, 6.84444E-04, 1.81747E-03, 5.36350E-07, 9.28590E-08, 8.76781E-08, 4.14722E-01
170, 1.98429E-03, 6.04805E-04, 6.45525E-04, 1.73288E-03, 5.06763E-07, 8.80288E-08, 8.30499E-08, 3.93369E-01
171, 1.87022E-03, 5.74838E-04, 6.13458E-04, 1.64765E-03, 4.77637E-07, 8.32453E-08, 7.84751E-08, 3.72641E-01
172, 1.75744E-03, 5.44744E-04, 5.81333E-04, 1.56214E-03, 4.49063E-07, 7.85266E-08, 7.39699E-08, 3.51983E-01
173, 1.64645E-03, 5.14666E-04, 5.49284E-04, 1.47672E-03, 4.21136E-07, 7.38898E-08, 6.95506E-08, 3.31486E-01
174, 1.53776E-03, 4.84754E-04, 5.17461E-04, 1.39182E-03, 3.93947E-07, 6.93527E-08, 6.52322E-08, 3.11246E-01
175, 1.43187E-03, 4.55168E-04, 4.86019E-04, 1.30787E-03, 3.67584E-07, 6.49322E-08, 6.10313E-08, 2.91363E-01
176, 1.32925E-03, 4.26068E-04, 4.55116E-04, 1.22533E-03, 3.42130E-07, 6.06444E-08, 5.69606E-08, 2.71934E-01
177, 1.23033E-03, 3.97610E-04, 4.24905E-04, 1.14461E-03, 3.17658E-07, 5.65042E-08, 5.30334E-08, 2.53053E-01
178, 1.13549E-03, 3.69940E-04, 3.95533E-04, 1.06613E-03, 2.94231E-07, 5.25244E-08, 4.92625E-08, 2.34807E-01
179, 1.04505E-03, 3.43194E-04, 3.67133E-04, 9.90261E-04, 2.71900E-07, 4.87159E-08, 4.56568E-08, 2.17270E-01
180, 9.59259E-04, 3.17489E-04, 3.39825E-04, 9.17320E-04, 2.50704E-07, 4.50872E-08, 4.22240E-08, 2.00508E-01
181, 8.78290E-04, 2.92924E-04, 3.13708E-04, 8.47584E-04, 2.30671E-07, 4.16444E-08, 3.89700E-08, 1.84574E-01
182, 8.02253E-04, 2.69577E-04, 2.88864E-04, 7.81266E-04, 2.11812E-07, 3.83916E-08, 3.58983E-08, 1.69504E-01
183, 7.31189E-04, 2.47507E-04, 2.65350E-04, 7.18525E-04, 1.94131E-07, 3.53306E-08, 3.30101E-08, 1.55325E-01
184, 6.65076E-04, 2.26747E-04, 2.43207E-04, 6.59457E-04, 1.77618E-07, 3.24617E-08, 3.03056E-08, 1.42047E-01
185, 6.03831E-04, 2.07315E-04, 2.22452E-04, 6.04109E-04, 1.62250E-07, 2.97827E-08, 2.77812E-08, 1.29670E-01
186, 5.52111E-04, 1.89208E-04, 2.03085E-04, 5.52472E-04, 1.47999E-07, 2.72898E-08, 2.54341E-08, 1.18183E-01
187, 5.04599E-04, 1.72408E-04, 1.85089E-04, 5.04496E-04, 1.34825E-07, 2.49782E-08, 2.32582E-08, 1.07564E-01
188, 4.60455E-04, 1.56880E-04, 1.68434E-04, 4.60089E-04, 1.22687E-07, 2.28415E-08, 2.12485E-08, 9.77835E-02
189, 4.19597E-04, 1.42581E-04, 1.53074E-04, 4.19128E-04, 1.11535E-07, 2.08722E-08, 1.93970E-08, 8.88067E-02
190, 3.81913E-04, 1.29456E-04, 1.38956E-04, 3.81465E-04, 1.01315E-07, 1.90618E-08, 1.76952E-08, 8.05925E-02
191, 3.47270E-04, 1.17445E-04, 1.26019E-04, 3.46934E-04, 9.19738E-08, 1.74014E-08, 1.61355E-08, 7.30970E-02
192, 3.15517E-04, 1.06482E-04, 1.14197E-04, 3.15353E-04, 8.34537E-08, 1.58821E-08, 1.47100E-08, 6.62739E-02
193, 2.86489E-04, 9.64998E-05, 1.03420E-04, 2.86535E-04, 7.56985E-08, 1.44946E-08, 1.34090E-08, 6.00763E-02
194, 2.60014E-04, 8.74282E-05, 9.36162E-05, 2.60289E-04, 6.86525E-08, 1.32294E-08, 1.22243E-08, 5.44571E-02
195, 2.35920E-04, 7.91990E-05, 8.47152E-05, 2.36425E-04, 6.22610E-08, 1.20781E-08, 1.11475E-08, 4.93702E-02
196, 2.14030E-04, 7.17449E-05, 7.66469E-05, 2.14757E-04, 5.64717E-08, 1.10312E-08, 1.01702E-08, 4.47710E-02
197, 1.94173E-04, 6.50012E-05, 6.93433E-05, 1.95105E-04, 5.12345E-08, 1.00804E-08, 9.28364E-09, 4.06169E-02
198, 1.76184E-04, 5.89060E-05, 6.27397E-05, 1.77299E-04, 4.65019E-08, 9.21781E-09, 8.48057E-09, 3.68676E-02
199, 1.59905E-04, 5.34013E-05, 5.67746E-05, 1.61175E-04, 4.22286E-08, 8.43544E-09, 7.75403E-09, 3.34854E-02
200, 1.45183E-04, 4.84326E-05, 5.13901E-05, 1.46583E-04, 3.83717E-08, 7.72673E-09, 7.09651E-09, 3.04351E-02
201, 1.31880E-04, 4.39493E-05, 4.65325E-05, 1.33380E-04, 3.48927E-08, 7.08494E-09, 6.50181E-09, 2.76846E-02
202, 1.19862E-04, 3.99048E-05, 4.21520E-05, 1.21437E-04, 3.17556E-08, 6.50372E-09, 5.96505E-09, 2.52040E-02
203, 1.09009E-04, 3.62563E-05, 3.82026E-05, 1.10634E-04, 2.89267E-08, 5.97766E-09, 5.47981E-09, 2.29664E-02
204, 9.92079E-05, 3.29648E-05, 3.46424E-05, 1.00861E-04, 2.63762E-08, 5.50149E-09, 5.04093E-09, 2.09471E-02
205, 9.03568E-05, 2.99948E-05, 3.14329E-05, 9.20174E-05, 2.40763E-08, 5.07051E-09, 4.64436E-09, 1.91238E-02
206, 8.23621E-05, 2.73140E-05, 2.85393E-05, 8.40127E-05, 2.20020E-08, 4.67992E-09, 4.28554E-09, 1.74765E-02
207, 7.51387E-05, 2.48933E-05, 2.59300E-05, 7.67644E-05, 2.01307E-08, 4.32579E-09, 3.96143E-09, 1.59869E-02
208, 6.86095E-05, 2.27613E-05, 2.35762E-05, 7.06555E-05, 1.84413E-08, 4.00435E-09, 3.66858E-09, 1.46796E-02
209, 6.27051E-05, 2.09258E-05, 2.14570E-05, 6.51303E-05, 1.69159E-08, 3.71252E-09, 3.40314E-09, 1.35517E-02
210, 5.73625E-05, 1.92565E-05, 1.96834E-05, 6.00910E-05, 1.55375E-08, 3.44804E-09, 3.16286E-09, 1.25235E-02
211, 5.25252E-05, 1.77374E-05, 1.80716E-05, 5.54919E-05, 1.42912E-08, 3.20763E-09, 2.94571E-09, 1.15852E-02
212, 4.81424E-05, 1.63540E-05, 1.66061E-05, 5.12920E-05, 1.31643E-08, 2.98882E-09, 2.74871E-09, 1.07280E-02
213, 4.41683E-05, 1.50933E-05, 1.52729E-05, 4.74538E-05, 1.21438E-08, 2.78966E-09, 2.56981E-09, 9.94401E-03
214, 4.05618E-05, 1.39434E-05, 1.40592E-05, 4.39435E-05, 1.12183E-08, 2.60806E-09, 2.40679E-09, 9.22618E-03
215, 3.72863E-05, 1.28938E-05, 1.29535E-05, 4.07303E-05, 1.03782E-08, 2.44213E-09, 2.25861E-09, 8.56811E-03
216, 3.43085E-05, 1.19348E-05, 1.19455E-05, 3.77868E-05, 9.61516E-09, 2.29031E-09, 2.12388E-09, 7.96407E-03
217, 3.15989E-05, 1.10577E-05, 1.10258E-05, 3.50876E-05, 8.92193E-09, 2.15143E-09, 2.00078E-09, 7.40892E-03
218, 2.91309E-05, 1.02547E-05, 1.01859E-05, 3.26103E-05, 8.29067E-09, 2.02420E-09, 1.88782E-09, 6.89805E-03
219, 2.68806E-05, 9.51889E-06, 9.41816E-06, 3.03342E-05, 7.71525E-09, 1.90778E-09, 1.78466E-09, 6.42734E-03
220, 2.48266E-05, 8.84380E-06, 8.71577E-06, 2.82409E-05, 7.19007E-09, 1.80090E-09, 1.69009E-09, 5.99305E-03
221, 2.29496E-05, 8.22373E-06, 8.07250E-06, 2.63135E-05, 6.71025E-09, 1.70257E-09, 1.60327E-09, 5.59186E-03
222, 2.12324E-05, 7.65353E-06, 7.48274E-06, 2.45370E-05, 6.27129E-09, 1.61189E-09, 1.52354E-09, 5.22078E-03
223, 1.96596E-05, 7.12853E-06, 6.94145E-06, 2.28974E-05, 5.86907E-09, 1.52813E-09, 1.45060E-09, 4.87711E-03
224, 1.82170E-05, 6.64453E-06, 6.44408E-06, 2.13826E-05, 5.50016E-09, 1.45059E-09, 1.38348E-09, 4.55842E-03
225, 1.68923E-05, 6.19773E-06, 5.98651E-06, 1.99810E-05, 5.16110E-09, 1.37869E-09, 1.32144E-09, 4.26255E-03
226, 1.56742E-05, 5.78470E-06, 5.56504E-06, 1.86825E-05, 4.84887E-09, 1.31206E-09, 1.26417E-09, 3.98752E-03
227, 1.45525E-05, 5.40235E-06, 5.17631E-06, 1.74779E-05, 4.56090E-09, 1.25027E-09, 1.21093E-09, 3.73156E-03
228, 1.35181E-05, 5.04787E-06, 4.81730E-06, 1.63587E-05, 4.29465E-09, 1.19288E-09, 1.16106E-09, 3.49307E-03
229, 1.25629E-05, 4.71873E-06, 4.48529E-06, 1.53173E-05, 4.04805E-09, 1.13965E-09, 1.11434E-09, 3.27061E-03
230, 1.16795E-05, 4.41264E-06, 4.17782E-06, 1.43469E-05, 3.81928E-09, 1.08998E-09, 1.07071E-09, 3.06287E-03
231, 1.08613E-05, 4.12756E-06, 3.89265E-06, 1.34412E-05, 3.60653E-09, 1.04367E-09, 1.02956E-09, 2.86866E-03
232, 1.01674E-05, 3.86160E-06, 3.62780E-06, 1.25944E-05, 3.40836E-09, 1.00051E-09, 9.90412E-10, 2.68690E-03
233, 9.54160E-06, 3.61310E-06, 3.38146E-06, 1.18017E-05, 3.22385E-09, 9.60265E-10, 9.53210E-10, 2.51663E-03
234, 8.95583E-06, 3.38055E-06, 3.15199E-06, 1.10583E-05, 3.05196E-09, 9.22876E-10, 9.17795E-10, 2.35694E-03
235, 8.40656E-06, 3.16257E-06, 2.93795E-06, 1.03600E-05, 2.89070E-09, 8.87697E-10, 8.84203E-10, 2.20705E-03
236, 7.89068E-06, 2.95796E-06, 2.73801E-06, 9.70318E-06, 2.73927E-09, 8.54580E-10, 8.52358E-10, 2.06621E-03
237, 7.40532E-06, 2.76562E-06, 2.55099E-06, 9.08447E-06, 2.59670E-09, 8.23296E-10, 8.23141E-10, 1.93375E-03
238, 6.94798E-06, 2.58456E-06, 2.37583E-06, 8.50080E-06, 2.46276E-09, 7.93890E-10, 7.97265E-10, 1.80907E-03
239, 6.51636E-06, 2.41391E-06, 2.21160E-06, 7.94957E-06, 2.33655E-09, 7.65971E-10, 7.73168E-10, 1.69160E-03
240, 6.10846E-06, 2.25290E-06, 2.05743E-06, 7.42831E-06, 2.21764E-09, 7.39467E-10, 7.50704E-10, 1.58084E-03
241, 5.72246E-06, 2.10083E-06, 1.91257E-06, 6.93501E-06, 2.10551E-09, 7.14512E-10, 7.29769E-10, 1.47632E-03
242, 5.35678E-06, 1.95709E-06, 1.77636E-06, 6.46768E-06, 1.99973E-09, 6.90870E-10, 7.09810E-10, 1.37764E-03
243, 5.00998E-06, 1.82114E-06, 1.64818E-06, 6.02480E-06, 1.89973E-09, 6.68447E-10, 6.90623E-10, 1.28439E-03
244, 4.68085E-06, 1.69250E-06, 1.52751E-06, 5.60481E-06, 1.80506E-09, 6.47179E-10, 6.72072E-10, 1.19624E-03
245, 4.36825E-06, 1.57076E-06, 1.41387E-06, 5.20655E-06, 1.71560E-09, 6.27018E-10, 6.54076E-10, 1.11287E-03
246, 4.07127E-06, 1.45553E-06, 1.30684E-06, 4.82881E-06, 1.63069E-09, 6.07861E-10, 6.36651E-10, 1.03400E-03
247, 3.78904E-06, 1.34651E-06, 1.20604E-06, 4.47075E-06, 1.55012E-09, 5.89500E-10, 6.19672E-10, 9.59369E-04
248, 3.52086E-06, 1.24433E-06, 1.11116E-06, 4.16241E-06, 1.47403E-09, 5.72079E-10, 6.03101E-10, 8.89160E-04
249, 3.26608E-06, 1.16228E-06, 1.02726E-06, 3.89189E-06, 1.40188E-09, 5.55515E-10, 5.86991E-10, 8.33595E-04
250, 3.02417E-06, 1.08365E-06, 9.55848E-07, 3.63202E-06, 1.33348E-09, 5.39745E-10, 5.71362E-10, 7.80256E-04
251, 2.79465E-06, 1.00834E-06, 8.87757E-07, 3.38250E-06, 1.26855E-09, 5.24684E-10, 5.56264E-10, 7.29049E-04
252, 2.57711E-06, 9.36276E-07, 8.22881E-07, 3.14325E-06, 1.20691E-09, 5.10210E-10, 5.41711E-10, 6.79898E-04
253, 2.37117E-06, 8.67412E-07, 7.61131E-07, 2.91407E-06, 1.14839E-09, 4.96211E-10, 5.28101E-10, 6.32742E-04
254, 2.17651E-06, 8.01698E-07, 7.02429E-07, 2.69498E-06, 1.09276E-09, 4.82807E-10, 5.15144E-10, 5.87534E-04
255, 1.99282E-06, 7.39101E-07, 6.46707E-07, 2.48583E-06, 1.04031E-09, 4.70167E-10, 5.02925E-10, 5.44236E-04
256, 1.81984E-06, 6.79588E-07, 5.93905E-07, 2.28668E-06, 9.91037E-10, 4.58040E-10, 4.91128E-10, 5.02825E-04
257, 1.65726E-06, 6.23135E-07, 5.43969E-07, 2.09740E-06, 9.44636E-10, 4.46500E-10, 4.79611E-10, 4.63284E-04
258, 1.50487E-06, 5.69712E-07, 4.96846E-07, 1.91808E-06, 9.00989E-10, 4.35646E-10, 4.68451E-10, 4.25602E-04
259, 1.36235E-06, 5.19294E-07, 4.52484E-07, 1.74855E-06, 8.59705E-10, 4.25229E-10, 4.57551E-10, 3.89776E-04
260, 1.22948E-06, 4.71846E-07, 4.10832E-07, 1.58889E-06, 8.20944E-10, 4.15272E-10, 4.46881E-10, 3.55801E-04
261, 1.11782E-06, 4.27330E-07, 3.71834E-07, 1.43887E-06, 7.84703E-10, 4.05922E-10, 4.36470E-10, 3.23677E-04
262, 1.01766E-06, 3.85700E-07, 3.35430E-07, 1.29853E-06, 7.50832E-10, 3.96941E-10, 4.26353E-10, 2.93399E-04
263, 9.23406E-07, 3.46903E-07, 3.01558E-07, 1.16757E-06, 7.19269E-10, 3.88525E-10, 4.16541E-10, 2.64961E-04
264, 8.34989E-07, 3.10875E-07, 2.70148E-07, 1.04598E-06, 6.89947E-10, 3.80665E-10, 4.06958E-10, 2.38351E-04
265, 7.52367E-07, 2.77547E-07, 2.41125E-07, 9.33370E-07, 6.62639E-10, 3.73226E-10, 3.97722E-10, 2.13552E-04
266, 6.75416E-07, 2.46836E-07, 2.14408E-07, 8.29672E-07, 6.37282E-10, 3.66168E-10, 3.88864E-10, 1.90539E-04
267, 6.04054E-07, 2.18653E-07, 1.89910E-07, 7.34411E-07, 6.14082E-10, 3.59437E-10, 3.80381E-10, 1.69278E-04
268, 5.38113E-07, 1.92899E-07, 1.67537E-07, 6.47466E-07, 5.92776E-10, 3.53053E-10, 3.72159E-10, 1.49727E-04
269, 4.77467E-07, 1.69468E-07, 1.47192E-07, 5.68285E-07, 5.73068E-10, 3.47042E-10, 3.64314E-10, 1.31837E-04
270, 4.21902E-07, 1.48246E-07, 1.28772E-07, 4.96703E-07, 5.54827E-10, 3.41359E-10, 3.56744E-10, 1.15549E-04
271, 3.71252E-07, 1.29876E-07, 1.12171E-07, 4.39025E-07, 5.37960E-10, 3.35917E-10, 3.49429E-10, 1.01377E-04
272, 3.25265E-07, 1.14715E-07, 9.85025E-08, 3.87493E-07, 5.22417E-10, 3.30660E-10, 3.42473E-10, 8.96861E-05
273, 2.83741E-07, 1.00875E-07, 8.66520E-08, 3.40520E-07, 5.07995E-10, 3.25684E-10, 3.36139E-10, 7.89662E-05
274, 2.46400E-07, 8.83061E-08, 7.58879E-08, 2.97820E-07, 4.94554E-10, 3.20972E-10, 3.30129E-10, 6.91914E-05
275, 2.13020E-07, 7.69483E-08, 6.61583E-08, 2.59315E-07, 4.82136E-10, 3.16644E-10, 3.24325E-10, 6.03295E-05
276, 1.83302E-07, 6.67403E-08, 5.74106E-08, 2.24671E-07, 4.70690E-10, 3.12517E-10, 3.18821E-10, 5.23416E-05
277, 1.57016E-07, 5.76137E-08, 4.95855E-08, 1.93782E-07, 4.60289E-10, 3.08665E-10, 3.13480E-10, 4.51838E-05
278, 1.33857E-07, 4.94996E-08, 4.26251E-08, 1.66285E-07, 4.50802E-10, 3.05015E-10, 3.08407E-10, 3.88080E-05
279, 1.13596E-07, 4.23246E-08, 3.64659E-08, 1.42056E-07, 4.42171E-10, 3.01472E-10, 3.03416E-10, 3.31628E-05
280, 9.59348E-08, 3.60169E-08, 3.10480E-08, 1.20720E-07, 4.34255E-10, 2.98040E-10, 2.98561E-10, 2.81951E-05
281, 8.18873E-08, 3.05022E-08, 2.63073E-08, 1.02148E-07, 4.27068E-10, 2.94900E-10, 2.93829E-10, 2.38501E-05
282, 6.97819E-08, 2.57094E-08, 2.21848E-08, 8.59714E-08, 4.20433E-10, 2.91868E-10, 2.89218E-10, 2.00733E-05
283, 5.91761E-08, 2.15674E-08, 1.86185E-08, 7.20664E-08, 4.14408E-10, 2.89076E-10, 2.84660E-10, 1.68105E-05
284, 4.99675E-08, 1.80092E-08, 1.55535E-08, 6.00838E-08, 4.08965E-10, 2.86336E-10, 2.80226E-10, 1.40093E-05
285, 4.19876E-08, 1.49696E-08, 1.29323E-08, 4.99158E-08, 4.03980E-10, 2.83694E-10, 2.75913E-10, 1.16188E-05
286, 4.06359E-08, 1.46949E-08, 1.24123E-08, 4.12434E-08, 3.99405E-10, 2.81184E-10, 2.71703E-10, 9.59172E-06
287, 4.02239E-08, 1.46456E-08, 1.19563E-08, 3.39795E-08, 3.95163E-10, 2.78684E-10, 2.67683E-10, 7.88263E-06
288, 3.97208E-08, 1.45599E-08, 1.14551E-08, 2.78432E-08, 3.91268E-10, 2.76191E-10, 2.63796E-10, 6.45059E-06
289, 3.91325E-08, 1.44403E-08, 1.09719E-08, 2.28644E-08, 3.87665E-10, 2.73758E-10, 2.59999E-10, 5.25713E-06
290, 3.84660E-08, 1.42895E-08, 1.08513E-08, 1.89595E-08, 3.84249E-10, 2.71351E-10, 2.56311E-10, 4.32372E-06
291, 3.77292E-08, 1.41100E-08, 1.07221E-08, 1.56746E-08, 3.80992E-10, 2.68935E-10, 2.52685E-10, 3.56286E-06
292, 3.69302E-08, 1.39043E-08, 1.05847E-08, 1.29023E-08, 3.77857E-10, 2.66563E-10, 2.49109E-10, 2.92476E-06
293, 3.60777E-08, 1.36749E-08, 1.04396E-08, 1.06034E-08, 3.74888E-10, 2.64220E-10, 2.45614E-10, 2.39302E-06
294, 3.51804E-08, 1.35000E-08, 1.02872E-08, 8.67189E-09, 3.72052E-10, 2.61896E-10, 2.42199E-10, 1.95161E-06
295, 3.42468E-08, 1.33109E-08, 1.01281E-08, 7.09663E-09, 3.69330E-10, 2.59607E-10, 2.38900E-10, 1.58754E-06
296, 3.32854E-08, 1.31021E-08, 9.96248E-09, 5.77148E-09, 3.66674E-10, 2.57341E-10, 2.35722E-10, 1.28799E-06
297, 3.23041E-08, 1.28752E-08, 9.79090E-09, 4.71370E-09, 3.64034E-10, 2.55121E-10, 2.32669E-10, 1.04319E-06
298, 3.13106E-08, 1.26319E-08, 9.61374E-09, 3.81427E-09, 3.61468E-10, 2.52899E-10, 2.29672E-10, 8.43237E-07
299, 3.03119E-08, 1.23738E-08, 9.43136E-09, 3.83106E-09, 3.58958E-10, 2.50686E-10, 2.26722E-10, 6.81121E-07
300, 2.93144E-08, 1.21023E-08, 9.24417E-09, 3.84855E-09, 3.56505E-10, 2.48513E-10, 2.23869E-10, 5.49412E-07
301, 2.83238E-08, 1.18190E-08, 9.05252E-09, 3.86426E-09, 3.54006E-10, 2.46353E-10, 2.21060E-10, 4.43345E-07
302, 2.73452E-08, 1.15253E-08, 8.85678E-09, 3.87804E-09, 3.51487E-10, 2.44191E-10, 2.18329E-10, 3.57435E-07
303, 2.63831E-08, 1.12223E-08, 8.65730E-09, 3.88977E-09, 3.48959E-10, 2.42053E-10, 2.15648E-10, 2.88645E-07
304, 2.54410E-08, 1.09116E-08, 8.45445E-09, 3.89933E-09, 3.46467E-10, 2.39940E-10, 2.13015E-10, 2.32950E-07
305, 2.45220E-08, 1.05942E-08, 8.24855E-09, 3.90658E-09, 3.43978E-10, 2.37873E-10, 2.10441E-10, 1.88578E-07
306, 2.36284E-08, 1.02714E-08, 8.03995E-09, 3.91143E-09, 3.41467E-10, 2.35817E-10, 2.07888E-10, 1.52556E-07
307, 2.27618E-08, 1.01025E-08, 7.82899E-09, 3.91377E-09, 3.38922E-10, 2.33800E-10, 2.05351E-10, 1.23998E-07
308, 2.19235E-08, 1.00515E-08, 7.61599E-09, 3.91350E-09, 3.36374E-10, 2.31800E-10, 2.02877E-10, 1.00668E-07
309, 2.11140E-08, 9.98871E-09, 7.40130E-09, 3.91055E-09, 3.33910E-10, 2.29848E-10, 2.00480E-10, 8.22770E-08
310, 2.03333E-08, 9.91464E-09, 7.22748E-09, 3.90483E-09, 3.31501E-10, 2.27917E-10, 1.98126E-10, 6.70911E-08
311, 1.95813E-08, 9.82987E-09, 7.07253E-09, 3.89628E-09, 3.29152E-10, 2.25956E-10, 1.95827E-10, 5.52132E-08
312, 1.88571E-08, 9.73499E-09, 6.91515E-09, 3.88485E-09, 3.26870E-10, 2.23970E-10, 1.93567E-10, 4.52439E-08
313, 1.81600E-08, 9.63063E-09, 6.75548E-09, 3.87047E-09, 3.24644E-10, 2.21983E-10, 1.91369E-10, 3.75372E-08
314, 1.74888E-08, 9.51740E-09, 6.59369E-09, 3.85313E-09, 3.22440E-10, 2.20019E-10, 1.89247E-10, 3.09153E-08
315, 1.68420E-08, 9.39595E-09, 6.42997E-09, 3.83278E-09, 3.20311E-10, 2.18095E-10, 1.87205E-10, 2.58883E-08
316, 1.62184E-08, 9.26693E-09, 6.29961E-09, 3.80941E-09, 3.18251E-10, 2.16218E-10, 1.85186E-10, 2.14238E-08
317, 1.56164E-08, 9.13097E-09, 6.18593E-09, 3.78302E-09, 3.16257E-10, 2.14370E-10, 1.83200E-10, 1.81273E-08
318, 1.50379E-08, 8.98872E-09, 6.06633E-09, 3.75360E-09, 3.14342E-10, 2.12548E-10, 1.81251E-10, 1.50629E-08
319, 1.46118E-08, 8.84083E-09, 5.94037E-09, 3.72118E-09, 3.12474E-10, 2.10738E-10, 1.79354E-10, 1.28936E-08
320, 1.41961E-08, 8.68793E-09, 5.80756E-09, 3.69856E-09, 3.10654E-10, 2.08934E-10, 1.77497E-10, 1.07460E-08
321, 1.37893E-08, 8.53065E-09, 5.66746E-09, 3.68596E-09, 3.08844E-10, 2.07146E-10, 1.75684E-10, 9.31777E-09
322, 1.33896E-08, 8.36959E-09, 5.51966E-09, 3.67021E-09, 3.07106E-10, 2.05391E-10, 1.73930E-10, 7.77638E-09
323, 1.29954E-08, 8.20535E-09, 5.36389E-09, 3.65124E-09, 3.05427E-10, 2.03696E-10, 1.72203E-10, 7.47979E-09
324, 1.26052E-08, 8.03850E-09, 5.23466E-09, 3.62898E-09, 3.03753E-10, 2.02020E-10, 1.70518E-10, 7.31510E-09
325, 1.22176E-08, 7.93954E-09, 5.16654E-09, 3.60336E-09, 3.02109E-10, 2.00381E-10, 1.68860E-10, 7.31249E-09
326, 1.18313E-08, 7.85747E-09, 5.09771E-09, 3.57436E-09, 3.00475E-10, 1.98764E-10, 1.67222E-10, 7.27622E-09
327, 1.14454E-08, 7.77041E-09, 5.02802E-09, 3.54193E-09, 2.98867E-10, 1.97147E-10, 1.65635E-10, 7.20784E-09
328, 1.11006E-08, 7.67863E-09, 4.95732E-09, 3.50607E-09, 2.97279E-10, 1.95541E-10, 1.64090E-10, 7.10957E-09
329, 1.09335E-08, 7.58242E-09, 4.88540E-09, 3.46678E-09, 2.95742E-10, 1.93934E-10, 1.62582E-10, 6.98384E-09
330, 1.07553E-08, 7.48204E-09, 4.81200E-09, 3.42406E-09, 2.94221E-10, 1.92331E-10, 1.61128E-10, 6.83235E-09
331, 1.05649E-08, 7.37781E-09, 4.73683E-09, 3.37795E-09, 2.92694E-10, 1.90764E-10, 1.59695E-10, 6.65842E-09
332, 1.04347E-08, 7.26998E-09, 4.65958E-09, 3.32848E-09, 2.91176E-10, 1.89218E-10, 1.58287E-10, 6.59822E-09
333, 1.04388E-08, 7.15876E-09, 4.57987E-09, 3.27571E-09, 2.89658E-10, 1.87678E-10, 1.56928E-10, 6.57231E-09
334, 1.04141E-08, 7.04440E-09, 4.49736E-09, 3.21972E-09, 2.88152E-10, 1.86136E-10, 1.55609E-10, 6.51791E-09
335, 1.03599E-08, 6.92715E-09, 4.41166E-09, 3.16058E-09, 2.86662E-10, 1.84607E-10, 1.54320E-10, 6.43602E-09
336, 1.02758E-08, 6.80726E-09, 4.32242E-09, 3.09840E-09, 2.85166E-10, 1.83092E-10, 1.53073E-10, 6.32920E-09
337, 1.01616E-08, 6.68498E-09, 4.22928E-09, 3.03330E-09, 2.83652E-10, 1.81575E-10, 1.51865E-10, 6.19874E-09
338, 1.00172E-08, 6.56055E-09, 4.13196E-09, 2.96541E-09, 2.82123E-10, 1.80057E-10, 1.50695E-10, 6.04702E-09
339, 9.84307E-09, 6.43419E-09, 4.03019E-09, 2.91208E-09, 2.80578E-10, 1.78547E-10, 1.49562E-10, 6.03130E-09
340, 9.63975E-09, 6.30614E-09, 3.97978E-09, 2.86329E-09, 2.79077E-10, 1.77048E-10, 1.48482E-10, 6.01550E-09
341, 9.40835E-09, 6.17663E-09, 4.00350E-09, 2.81109E-09, 2.77576E-10, 1.75555E-10, 1.47449E-10, 5.98017E-09
342, 9.14991E-09, 6.04587E-09, 4.02197E-09, 2.75553E-09, 2.76079E-10, 1.74080E-10, 1.46470E-10, 5.95288E-09
343, 8.86572E-09, 5.91407E-09, 4.03521E-09, 2.69670E-09, 2.74570E-10, 1.72624E-10, 1.45516E-10, 6.03877E-09
344, 8.55749E-09, 5.82498E-09, 4.08132E-09, 2.63468E-09, 2.73064E-10, 1.71193E-10, 1.44604E-10, 6.10990E-09
345, 8.22712E-09, 5.75268E-09, 4.13103E-09, 2.56959E-09, 2.71534E-10, 1.69758E-10, 1.43706E-10, 6.16588E-09
346, 7.93075E-09, 5.67692E-09, 4.17530E-09, 2.50157E-09, 2.70001E-10, 1.68335E-10, 1.42853E-10, 6.20629E-09
347, 8.00376E-09, 5.59777E-09, 4.21397E-09, 2.43075E-09, 2.68460E-10, 1.66914E-10, 1.42044E-10, 6.23094E-09
348, 8.04855E-09, 5.51528E-09, 4.24691E-09, 2.35730E-09, 2.66931E-10, 1.65497E-10, 1.41267E-10, 6.23945E-09
349, 8.06447E-09, 5.42955E-09, 4.27404E-09, 2.28142E-09, 2.65416E-10, 1.64090E-10, 1.40528E-10, 6.23244E-09
350, 8.05128E-09, 5.34067E-09, 4.29526E-09, 2.20328E-09, 2.63910E-10, 1.62685E-10, 1.39833E-10, 6.20993E-09
351, 8.00912E-09, 5.24873E-09, 4.31054E-09, 2.12312E-09, 2.62436E-10, 1.61289E-10, 1.39155E-10, 6.17129E-09
352, 7.93854E-09, 5.15387E-09, 4.31985E-09, 2.04116E-09, 2.60950E-10, 1.59912E-10, 1.38491E-10, 6.11802E-09
353, 7.84253E-09, 5.05620E-09, 4.32321E-09, 1.95764E-09, 2.59470E-10, 1.58561E-10, 1.37853E-10, 6.05064E-09
354, 7.90371E-09, 4.95587E-09, 4.32065E-09, 1.89986E-09, 2.58013E-10, 1.57224E-10, 1.37234E-10, 5.98418E-09
355, 7.95536E-09, 4.85321E-09, 4.31225E-09, 1.89038E-09, 2.56555E-10, 1.55882E-10, 1.36632E-10, 6.02312E-09
356, 7.99717E-09, 4.74822E-09, 4.29810E-09, 1.87739E-09, 2.55097E-10, 1.54549E-10, 1.36043E-10, 6.04476E-09
357, 8.02889E-09, 4.64105E-09, 4.27834E-09, 1.86085E-09, 2.53649E-10, 1.53230E-10, 1.35477E-10, 6.04990E-09
358, 8.05031E-09, 4.53190E-09, 4.25311E-09, 1.84071E-09, 2.52227E-10, 1.51913E-10, 1.34931E-10, 6.03768E-09
359, 8.06127E-09, 4.42093E-09, 4.27285E-09, 1.81698E-09, 2.50829E-10, 1.50589E-10, 1.34419E-10, 6.00835E-09
360, 8.06165E-09, 4.30834E-09, 4.28879E-09, 1.78967E-09, 2.49442E-10, 1.49261E-10, 1.33910E-10, 5.96248E-09
361, 8.05142E-09, 4.21536E-09, 4.29836E-09, 1.77827E-09, 2.48048E-10, 1.47944E-10, 1.33400E-10, 5.90068E-09
362, 8.03057E-09, 4.14995E-09, 4.30156E-09, 1.77453E-09, 2.46647E-10, 1.46642E-10, 1.32886E-10, 5.82302E-09
363, 7.99915E-09, 4.08119E-09, 4.29840E-09, 1.76716E-09, 2.45264E-10, 1.45333E-10, 1.32377E-10, 5.73041E-09
364, 7.95727E-09, 4.00919E-09, 4.28897E-09, 1.75610E-09, 2.43915E-10, 1.44024E-10, 1.31880E-10, 5.62359E-09
365, 7.90508E-09, 3.93408E-09, 4.27336E-09, 1.74135E-09, 2.42576E-10, 1.42722E-10, 1.31393E-10, 5.50407E-09
366, 7.93504E-09, 3.85601E-09, 4.25172E-09, 1.72293E-09, 2.41264E-10, 1.41436E-10, 1.30923E-10, 5.37221E-09
367, 7.95692E-09, 3.77662E-09, 4.22421E-09, 1.70085E-09, 2.39983E-10, 1.40158E-10, 1.30457E-10, 5.30656E-09
368, 7.96669E-09, 3.70309E-09, 4.19105E-09, 1.67517E-09, 2.38755E-10, 1.38896E-10, 1.30006E-10, 5.27352E-09
369, 7.96428E-09, 3.64757E-09, 4.15246E-09, 1.64597E-09, 2.37554E-10, 1.37638E-10, 1.29549E-10, 5.22216E-09
370, 7.94970E-09, 3.64801E-09, 4.10870E-09, 1.63732E-09, 2.36407E-10, 1.36383E-10, 1.29093E-10, 5.15266E-09
371, 7.92300E-09, 3.64721E-09, 4.06007E-09, 1.62624E-09, 2.35276E-10, 1.35143E-10, 1.28658E-10, 5.11168E-09
372, 7.88435E-09, 3.64518E-09, 4.01074E-09, 1.61190E-09, 2.34157E-10, 1.33925E-10, 1.28217E-10, 5.13911E-09
373, 7.83394E-09, 3.64193E-09, 4.01691E-09, 1.59433E-09, 2.33026E-10, 1.32706E-10, 1.27779E-10, 5.14847E-09
374, 7.77207E-09, 3.63748E-09, 4.01669E-09, 1.57358E-09, 2.31899E-10, 1.31493E-10, 1.27359E-10, 5.15597E-09
375, 7.69907E-09, 3.63184E-09, 4.01025E-09, 1.54970E-09, 2.30826E-10, 1.30291E-10, 1.26937E-10, 5.15294E-09
376, 7.61534E-09, 3.62504E-09, 3.99779E-09, 1.52279E-09, 2.29806E-10, 1.29083E-10, 1.26521E-10, 5.13199E-09
377, 7.52132E-09, 3.61707E-09, 3.97954E-09, 1.49295E-09, 2.28810E-10, 1.27871E-10, 1.26099E-10, 5.09333E-09
378, 7.41750E-09, 3.60795E-09, 3.95576E-09, 1.46563E-09, 2.27812E-10, 1.26659E-10, 1.25684E-10, 5.03663E-09
379, 7.30441E-09, 3.59768E-09, 3.92672E-09, 1.46191E-09, 2.26799E-10, 1.25470E-10, 1.25265E-10, 4.98370E-09
380, 7.18262E-09, 3.58626E-09, 3.89272E-09, 1.45454E-09, 2.25775E-10, 1.24302E-10, 1.24836E-10, 5.02717E-09
381, 7.05270E-09, 3.57369E-09, 3.85407E-09, 1.44356E-09, 2.24783E-10, 1.23142E-10, 1.24404E-10, 5.05545E-09
382, 6.91525E-09, 3.55994E-09, 3.81109E-09, 1.42902E-09, 2.23788E-10, 1.21986E-10, 1.23969E-10, 5.06064E-09
383, 6.77089E-09, 3.54502E-09, 3.76411E-09, 1.41431E-09, 2.22807E-10, 1.20845E-10, 1.23535E-10, 5.04281E-09
384, 6.62025E-09, 3.52889E-09, 3.72633E-09, 1.40115E-09, 2.21816E-10, 1.19709E-10, 1.23107E-10, 5.01490E-09
385, 6.46393E-09, 3.51153E-09, 3.72149E-09, 1.38989E-09, 2.20857E-10, 1.18582E-10, 1.22666E-10, 4.96972E-09
386, 6.30255E-09, 3.49292E-09, 3.71189E-09, 1.38236E-09, 2.19901E-10, 1.17477E-10, 1.22212E-10, 4.90260E-09
387, 6.13673E-09, 3.49262E-09, 3.69772E-09, 1.37466E-09, 2.18935E-10, 1.16412E-10, 1.21744E-10, 4.98026E-09
388, 5.99525E-09, 3.49474E-09, 3.67919E-09, 1.36679E-09, 2.17976E-10, 1.15348E-10, 1.21275E-10, 5.05308E-09
389, 5.88821E-09, 3.49477E-09, 3.65649E-09, 1.35875E-09, 2.17045E-10, 1.14296E-10, 1.20812E-10, 5.08200E-09
390, 5.77474E-09, 3.49272E-09, 3.62985E-09, 1.35057E-09, 2.16137E-10, 1.13248E-10, 1.20359E-10, 5.06654E-09
391, 5.65543E-09, 3.48861E-09, 3.59949E-09, 1.34520E-09, 2.15261E-10, 1.12213E-10, 1.19894E-10, 5.00813E-09
392, 5.53090E-09, 3.48243E-09, 3.56563E-09, 1.34052E-09, 2.14433E-10, 1.11196E-10, 1.19417E-10, 4.92326E-09
393, 5.40174E-09, 3.47419E-09, 3.52852E-09, 1.33572E-09, 2.13593E-10, 1.10178E-10, 1.18937E-10, 4.94963E-09
394, 5.26858E-09, 3.46389E-09, 3.48838E-09, 1.33078E-09, 2.12769E-10, 1.09161E-10, 1.18461E-10, 5.08692E-09
395, 5.13198E-09, 3.45154E-09, 3.44543E-09, 1.32573E-09, 2.11964E-10, 1.08157E-10, 1.17990E-10, 5.20442E-09
396, 4.99253E-09, 3.43713E-09, 3.40004E-09, 1.32057E-09, 2.11164E-10, 1.07171E-10, 1.17516E-10, 5.28206E-09
397, 4.85078E-09, 3.42066E-09, 3.35232E-09, 1.31530E-09, 2.10413E-10, 1.06210E-10, 1.17036E-10, 5.31733E-09
398, 4.70726E-09, 3.40214E-09, 3.30245E-09, 1.30992E-09, 2.09671E-10, 1.05278E-10, 1.16544E-10, 5.30859E-09
399, 4.56249E-09, 3.38156E-09, 3.25066E-09, 1.30444E-09, 2.08928E-10, 1.04367E-10, 1.16036E-10, 5.25522E-09
400, 4.41692E-09, 3.35892E-09, 3.19714E-09, 1.29886E-09, 2.08192E-10, 1.03458E-10, 1.15530E-10, 5.39141E-09
401, 4.27102E-09, 3.33422E-09, 3.14209E-09, 1.29318E-09, 2.07467E-10, 1.02551E-10, 1.15027E-10, 5.50287E-09
402, 4.12518E-09, 3.30746E-09, 3.08569E-09, 1.28741E-09, 2.06750E-10, 1.01647E-10, 1.14513E-10, 5.56921E-09
403, 3.97980E-09, 3.27864E-09, 3.03847E-09, 1.28155E-09, 2.06020E-10, 1.00765E-10, 1.14009E-10, 5.58812E-09
404, 3.83523E-09, 3.24776E-09, 3.01404E-09, 1.27559E-09, 2.05286E-10, 9.99041E-11, 1.13497E-10, 5.55890E-09
405, 3.69177E-09, 3.21482E-09, 2.98717E-09, 1.26955E-09, 2.04541E-10, 9.90536E-11, 1.12992E-10, 5.48074E-09
406, 3.54971E-09, 3.17985E-09, 2.95795E-09, 1.26342E-09, 2.03796E-10, 9.82247E-11, 1.12495E-10, 5.47607E-09
407, 3.40931E-09, 3.14285E-09, 2.92649E-09, 1.25720E-09, 2.03050E-10, 9.74098E-11, 1.11990E-10, 5.58917E-09
408, 3.33673E-09, 3.10383E-09, 2.89290E-09, 1.25089E-09, 2.02313E-10, 9.66056E-11, 1.11477E-10, 5.65390E-09
409, 3.31695E-09, 3.06282E-09, 2.85729E-09, 1.24449E-09, 2.01611E-10, 9.58051E-11, 1.10951E-10, 5.66998E-09
410, 3.29601E-09, 3.01984E-09, 2.81977E-09, 1.23800E-09, 2.00947E-10, 9.50083E-11, 1.10422E-10, 5.63523E-09
411, 3.27396E-09, 2.97492E-09, 2.78043E-09, 1.23143E-09, 2.00267E-10, 9.42231E-11, 1.09884E-10, 5.55105E-09
412, 3.25082E-09, 2.92809E-09, 2.73938E-09, 1.22476E-09, 1.99585E-10, 9.34550E-11, 1.09345E-10, 5.41827E-09
413, 3.22665E-09, 2.87941E-09, 2.69671E-09, 1.21801E-09, 1.98887E-10, 9.27095E-11, 1.08815E-10, 5.45434E-09
414, 3.20146E-09, 2.82890E-09, 2.65251E-09, 1.21116E-09, 1.98196E-10, 9.19809E-11, 1.08287E-10, 5.53085E-09
415, 3.17531E-09, 2.77663E-09, 2.60789E-09, 1.20423E-09, 1.97488E-10, 9.12532E-11, 1.07744E-10, 5.55898E-09
416, 3.14822E-09, 2.72266E-09, 2.57739E-09, 1.20223E-09, 1.96759E-10, 9.05345E-11, 1.07203E-10, 5.53746E-09
417, 3.12024E-09, 2.66703E-09, 2.54564E-09, 1.20465E-09, 1.96035E-10, 8.98272E-11, 1.06663E-10, 5.46677E-09
418, 3.09140E-09, 2.60983E-09, 2.51267E-09, 1.20664E-09, 1.95321E-10, 8.91375E-11, 1.06121E-10, 5.34860E-09
419, 3.06175E-09, 2.55112E-09, 2.47853E-09, 1.20819E-09, 1.94647E-10, 8.84674E-11, 1.05578E-10, 5.18486E-09
420, 3.03131E-09, 2.49098E-09, 2.44327E-09, 1.20930E-09, 1.93981E-10, 8.78057E-11, 1.05029E-10, 5.20373E-09
421, 3.00014E-09, 2.42949E-09, 2.40691E-09, 1.20998E-09, 1.93323E-10, 8.71535E-11, 1.04478E-10, 5.25641E-09
422, 2.96825E-09, 2.36675E-09, 2.36950E-09, 1.21021E-09, 1.92651E-10, 8.65131E-11, 1.03922E-10, 5.26276E-09
423, 2.93570E-09, 2.30284E-09, 2.33107E-09, 1.21001E-09, 1.91980E-10, 8.58793E-11, 1.03373E-10, 5.22358E-09
424, 2.90251E-09, 2.23785E-09, 2.29164E-09, 1.20937E-09, 1.91317E-10, 8.52594E-11, 1.02831E-10, 5.13889E-09
425, 2.86872E-09, 2.17189E-09, 2.25126E-09, 1.20831E-09, 1.90649E-10, 8.46441E-11, 1.02293E-10, 5.01118E-09
426, 2.83438E-09, 2.10505E-09, 2.20994E-09, 1.20681E-09, 1.89966E-10, 8.40397E-11, 1.01751E-10, 4.84330E-09
427, 2.79951E-09, 2.03745E-09, 2.17646E-09, 1.20488E-09, 1.89291E-10, 8.34485E-11, 1.01203E-10, 4.77491E-09
428, 2.76414E-09, 1.96917E-09, 2.14891E-09, 1.20254E-09, 1.88611E-10, 8.28633E-11, 1.00654E-10, 4.81885E-09
429, 2.72832E-09, 1.90035E-09, 2.12049E-09, 1.19977E-09, 1.87935E-10, 8.22857E-11, 1.00096E-10, 4.82157E-09
430, 2.69208E-09, 1.83107E-09, 2.09120E-09, 1.19660E-09, 1.87276E-10, 8.17181E-11, 9.95354E-11, 4.78368E-09
431, 2.65545E-09, 1.76147E-09, 2.06104E-09, 1.19302E-09, 1.86623E-10, 8.11733E-11, 9.89771E-11, 4.70633E-09
432, 2.61846E-09, 1.69163E-09, 2.03000E-09, 1.18904E-09, 1.85984E-10, 8.06392E-11, 9.84355E-11, 4.59163E-09
433, 2.58115E-09, 1.62378E-09, 1.99809E-09, 1.18468E-09, 1.85332E-10, 8.01085E-11, 9.79089E-11, 4.44214E-09
434, 2.54355E-09, 1.56641E-09, 1.96529E-09, 1.17993E-09, 1.84667E-10, 7.95829E-11, 9.73805E-11, 4.26149E-09
435, 2.51465E-09, 1.50909E-09, 1.93161E-09, 1.17480E-09, 1.84000E-10, 7.90562E-11, 9.68525E-11, 4.28080E-09
436, 2.48706E-09, 1.46652E-09, 1.89705E-09, 1.16986E-09, 1.83357E-10, 7.85368E-11, 9.63242E-11, 4.29399E-09
437, 2.45878E-09, 1.44243E-09, 1.87061E-09, 1.16805E-09, 1.82722E-10, 7.80232E-11, 9.57910E-11, 4.27279E-09
438, 2.42983E-09, 1.41704E-09, 1.84855E-09, 1.16588E-09, 1.82120E-10, 7.75265E-11, 9.52510E-11, 4.21832E-09
439, 2.40026E-09, 1.39038E-09, 1.82565E-09, 1.16336E-09, 1.81579E-10, 7.70388E-11, 9.47173E-11, 4.13162E-09
440, 2.37007E-09, 1.36244E-09, 1.80189E-09, 1.16047E-09, 1.81075E-10, 7.65582E-11, 9.41854E-11, 4.01528E-09
441, 2.33930E-09, 1.33326E-09, 1.77725E-09, 1.15724E-09, 1.80590E-10, 7.60883E-11, 9.36489E-11, 3.87196E-09
442, 2.30798E-09, 1.30289E-09, 1.75171E-09, 1.15366E-09, 1.80105E-10, 7.56225E-11, 9.31187E-11, 3.70418E-09
443, 2.27828E-09, 1.27135E-09, 1.72523E-09, 1.14973E-09, 1.79627E-10, 7.51571E-11, 9.26028E-11, 3.72953E-09
444, 2.28325E-09, 1.23869E-09, 1.69782E-09, 1.14548E-09, 1.79129E-10, 7.47029E-11, 9.20951E-11, 3.73180E-09
445, 2.28652E-09, 1.20496E-09, 1.66945E-09, 1.14345E-09, 1.78632E-10, 7.42546E-11, 9.15852E-11, 3.70631E-09
446, 2.28783E-09, 1.17023E-09, 1.64224E-09, 1.14193E-09, 1.78137E-10, 7.38162E-11, 9.10803E-11, 3.65411E-09
447, 2.28714E-09, 1.13476E-09, 1.62499E-09, 1.14010E-09, 1.77655E-10, 7.33805E-11, 9.05780E-11, 3.57653E-09
448, 2.28442E-09, 1.11604E-09, 1.60687E-09, 1.13795E-09, 1.77179E-10, 7.29475E-11, 9.00722E-11, 3.47518E-09
449, 2.27964E-09, 1.09606E-09, 1.58785E-09, 1.13551E-09, 1.76691E-10, 7.25242E-11, 8.95731E-11, 3.35247E-09
450, 2.27277E-09, 1.07485E-09, 1.56788E-09, 1.13275E-09, 1.76200E-10, 7.21121E-11, 8.90739E-11, 3.21051E-09
451, 2.26377E-09, 1.05242E-09, 1.54693E-09, 1.12970E-09, 1.75706E-10, 7.17182E-11, 8.85833E-11, 3.18368E-09
452, 2.26477E-09, 1.02883E-09, 1.53767E-09, 1.12635E-09, 1.75204E-10, 7.13314E-11, 8.80993E-11, 3.18639E-09
453, 2.27198E-09, 1.00411E-09, 1.53555E-09, 1.12269E-09, 1.74696E-10, 7.09484E-11, 8.76198E-11, 3.16673E-09
454, 2.27799E-09, 9.78321E-10, 1.53168E-09, 1.11875E-09, 1.74185E-10, 7.05707E-11, 8.71385E-11, 3.12578E-09
455, 2.28277E-09, 9.51520E-10, 1.52607E-09, 1.11451E-09, 1.73666E-10, 7.01985E-11, 8.66579E-11, 3.06489E-09
456, 2.28633E-09, 9.32446E-10, 1.51873E-09, 1.10998E-09, 1.73149E-10, 6.98295E-11, 8.61825E-11, 2.98496E-09
457, 2.28866E-09, 9.12541E-10, 1.51833E-09, 1.10517E-09, 1.72626E-10, 6.94661E-11, 8.57198E-11, 2.88794E-09
458, 2.28977E-09, 8.91523E-10, 1.51741E-09, 1.10008E-09, 1.72091E-10, 6.91102E-11, 8.52580E-11, 2.77568E-09
459, 2.28965E-09, 8.69428E-10, 1.51465E-09, 1.09703E-09, 1.71549E-10, 6.87598E-11, 8.48001E-11, 2.67004E-09
460, 2.28832E-09, 8.46305E-10, 1.51587E-09, 1.09554E-09, 1.71014E-10, 6.84155E-11, 8.43385E-11, 2.67689E-09
461, 2.28577E-09, 8.22208E-10, 1.52086E-09, 1.09378E-09, 1.70490E-10, 6.80775E-11, 8.38760E-11, 2.66652E-09
462, 2.28757E-09, 7.97199E-10, 1.52411E-09, 1.09177E-09, 1.69971E-10, 6.77469E-11, 8.34191E-11, 2.63985E-09
463, 2.28869E-09, 7.84605E-10, 1.52558E-09, 1.08950E-09, 1.69456E-10, 6.74279E-11, 8.29687E-11, 2.59686E-09
464, 2.28856E-09, 7.82720E-10, 1.53298E-09, 1.08696E-09, 1.68950E-10, 6.71090E-11, 8.25252E-11, 2.54927E-09
465, 2.28721E-09, 7.80985E-10, 1.54104E-09, 1.08416E-09, 1.68446E-10, 6.68004E-11, 8.20885E-11, 2.53587E-09
466, 2.28464E-09, 7.78358E-10, 1.54724E-09, 1.08110E-09, 1.67936E-10, 6.64943E-11, 8.16572E-11, 2.52820E-09
467, 2.28086E-09, 7.79964E-10, 1.55151E-09, 1.07777E-09, 1.67424E-10, 6.61941E-11, 8.12286E-11, 2.53509E-09
468, 2.27590E-09, 7.80745E-10, 1.55383E-09, 1.07418E-09, 1.66916E-10, 6.58974E-11, 8.08075E-11, 2.53148E-09
469, 2.26977E-09, 7.80408E-10, 1.55414E-09, 1.07032E-09, 1.66416E-10, 6.56090E-11, 8.03931E-11, 2.51733E-09
470, 2.26249E-09, 7.78943E-10, 1.55244E-09, 1.06619E-09, 1.65906E-10, 6.53325E-11, 7.99753E-11, 2.49264E-09
471, 2.25408E-09, 7.76345E-10, 1.54870E-09, 1.06180E-09, 1.65396E-10, 6.50689E-11, 7.95551E-11, 2.45798E-09
472, 2.24456E-09, 7.72616E-10, 1.54293E-09, 1.05714E-09, 1.64878E-10, 6.48103E-11, 7.91350E-11, 2.46241E-09
473, 2.24270E-09, 7.70745E-10, 1.53515E-09, 1.05222E-09, 1.64357E-10, 6.45609E-11, 7.87168E-11, 2.47443E-09
474, 2.25985E-09, 7.72125E-10, 1.52538E-09, 1.04704E-09, 1.63823E-10, 6.43148E-11, 7.83045E-11, 2.48269E-09
475, 2.27408E-09, 7.72776E-10, 1.51715E-09, 1.04160E-09, 1.63298E-10, 6.40736E-11, 7.78991E-11, 2.49351E-09
476, 2.28547E-09, 7.72692E-10, 1.52587E-09, 1.03589E-09, 1.62767E-10, 6.38412E-11, 7.75014E-11, 2.50464E-09
477, 2.29411E-09, 7.71868E-10, 1.53269E-09, 1.03329E-09, 1.62235E-10, 6.36158E-11, 7.71021E-11, 2.51963E-09
478, 2.30008E-09, 7.70304E-10, 1.53756E-09, 1.03187E-09, 1.61693E-10, 6.33987E-11, 7.67060E-11, 2.53046E-09
479, 2.30348E-09, 7.68000E-10, 1.54044E-09, 1.03020E-09, 1.61144E-10, 6.31887E-11, 7.63120E-11, 2.53598E-09
480, 2.30440E-09, 7.64964E-10, 1.54132E-09, 1.02826E-09, 1.60583E-10, 6.29842E-11, 7.59207E-11, 2.53571E-09
481, 2.30295E-09, 7.61204E-10, 1.54017E-09, 1.02607E-09, 1.60011E-10, 6.27872E-11, 7.55369E-11, 2.55219E-09
482, 2.29922E-09, 7.56732E-10, 1.53700E-09, 1.02362E-09, 1.59439E-10, 6.26015E-11, 7.51646E-11, 2.56649E-09
483, 2.29331E-09, 7.51567E-10, 1.53180E-09, 1.02089E-09, 1.58869E-10, 6.24302E-11, 7.47997E-11, 2.57604E-09
484, 2.28534E-09, 7.45729E-10, 1.52461E-09, 1.01789E-09, 1.58289E-10, 6.22643E-11, 7.44348E-11, 2.57989E-09
485, 2.27541E-09, 7.48725E-10, 1.51779E-09, 1.01461E-09, 1.57699E-10, 6.21114E-11, 7.40745E-11, 2.57828E-09
486, 2.26361E-09, 7.51310E-10, 1.51799E-09, 1.01106E-09, 1.57096E-10, 6.19618E-11, 7.37235E-11, 2.57089E-09
487, 2.25006E-09, 7.53093E-10, 1.51594E-09, 1.00723E-09, 1.56486E-10, 6.18217E-11, 7.33765E-11, 2.55698E-09
488, 2.23485E-09, 7.54064E-10, 1.51164E-09, 1.00311E-09, 1.55873E-10, 6.16908E-11, 7.30361E-11, 2.54013E-09
489, 2.21809E-09, 7.54219E-10, 1.50508E-09, 9.98717E-10, 1.55257E-10, 6.15692E-11, 7.27030E-11, 2.53296E-09
490, 2.19987E-09, 7.53556E-10, 1.50408E-09, 9.94883E-10, 1.54638E-10, 6.14524E-11, 7.23776E-11, 2.53510E-09
491, 2.18030E-09, 7.52381E-10, 1.50572E-09, 9.93628E-10, 1.54009E-10, 6.13436E-11, 7.20625E-11, 2.54096E-09
492, 2.15946E-09, 7.50883E-10, 1.50541E-09, 9.92053E-10, 1.53368E-10, 6.12390E-11, 7.17602E-11, 2.54666E-09
493, 2.13744E-09, 7.48724E-10, 1.50314E-09, 9.90150E-10, 1.52723E-10, 6.11425E-11, 7.14639E-11, 2.56312E-09
494, 2.12537E-09, 7.45915E-10, 1.49894E-09, 9.88954E-10, 1.52071E-10, 6.10524E-11, 7.11732E-11, 2.57462E-09
495, 2.12394E-09, 7.42466E-10, 1.49692E-09, 9.87573E-10, 1.51400E-10, 6.09662E-11, 7.08928E-11, 2.58031E-09
496, 2.11916E-09, 7.38393E-10, 1.50020E-09, 9.85838E-10, 1.50719E-10, 6.08897E-11, 7.06181E-11, 2.58027E-09
497, 2.11095E-09, 7.34645E-10, 1.50124E-09, 9.83745E-10, 1.50030E-10, 6.08144E-11, 7.03508E-11, 2.57373E-09
498, 2.09928E-09, 7.37468E-10, 1.50002E-09, 9.81285E-10, 1.49336E-10, 6.07481E-11, 7.00916E-11, 2.56153E-09
499, 2.08413E-09, 7.39553E-10, 1.49653E-09, 9.78451E-10, 1.48633E-10, 6.06913E-11, 6.98420E-11, 2.54239E-09
500, 2.07064E-09, 7.40890E-10, 1.49079E-09, 9.75240E-10, 1.47925E-10, 6.06380E-11, 6.96019E-11, 2.53360E-09
