time_step, rel_err_u, rel_err_v, rel_err_w, rel_err_p, rel_err_u_m, rel_err_v_m, rel_err_w_m, rel_err_p_m
0, 0.00000E+00, 0.00000E+00, 0.00000E+00, 0.00000E+00, 0.00000E+00, 0.00000E+00, 0.00000E+00,         NaN
1, 1.46401E-03, 1.89231E-03, 1.30566E-03, 6.24783E-03, 2.43046E-05, 2.37992E-05, 2.30427E-05, 6.48012E-01
2, 8.90665E-04, 8.68516E-04, 8.28899E-04, 5.22179E-03, 1.10023E-05, 1.02614E-05, 7.37870E-06, 1.15739E+00
3, 8.03470E-04, 4.73788E-04, 3.80798E-04, 2.25821E-03, 6.50259E-06, 5.42242E-06, 3.98818E-06, 5.84403E-01
4, 5.75587E-04, 3.76364E-04, 2.71680E-04, 1.21435E-03, 2.84385E-06, 2.28803E-06, 1.88748E-06, 3.34626E-01
5, 5.72270E-04, 2.21929E-04, 2.20837E-04, 8.62795E-04, 2.26867E-06, 1.63188E-06, 1.31898E-06, 2.12585E-01
6, 4.62380E-04, 2.07381E-04, 1.73558E-04, 7.34462E-04, 1.53526E-06, 1.13717E-06, 1.01428E-06, 1.68297E-01
7, 4.58960E-04, 1.79554E-04, 1.56156E-04, 6.58241E-04, 1.36213E-06, 9.78285E-07, 8.61774E-07, 1.45943E-01
8, 4.10828E-04, 1.84784E-04, 1.46315E-04, 6.12602E-04, 1.09236E-06, 8.38716E-07, 7.55924E-07, 1.34695E-01
9, 4.04403E-04, 1.65644E-04, 1.33021E-04, 5.78287E-04, 1.04105E-06, 7.85423E-07, 6.97723E-07, 1.26592E-01
10, 3.72467E-04, 1.67229E-04, 1.29377E-04, 5.50307E-04, 8.91606E-07, 7.15841E-07, 6.38095E-07, 1.20314E-01
11, 3.64391E-04, 1.54767E-04, 1.19702E-04, 5.27593E-04, 8.59230E-07, 6.75751E-07, 6.00734E-07, 1.15225E-01
12, 3.41166E-04, 1.53386E-04, 1.17576E-04, 5.07116E-04, 7.69295E-07, 6.33069E-07, 5.59892E-07, 1.10896E-01
13, 3.31715E-04, 1.45236E-04, 1.09972E-04, 4.89821E-04, 7.40783E-07, 6.02358E-07, 5.33894E-07, 1.07106E-01
14, 3.19049E-04, 1.41874E-04, 1.08333E-04, 4.72498E-04, 6.81740E-07, 5.72561E-07, 5.04539E-07, 1.03615E-01
15, 3.14563E-04, 1.36317E-04, 1.01973E-04, 4.57667E-04, 6.55047E-07, 5.45679E-07, 4.83710E-07, 1.00349E-01
16, 3.07271E-04, 1.31737E-04, 1.00334E-04, 4.41582E-04, 6.12939E-07, 5.20603E-07, 4.60159E-07, 9.71791E-02
17, 3.01596E-04, 1.27609E-04, 9.47771E-05, 4.27740E-04, 5.87662E-07, 4.96662E-07, 4.42081E-07, 9.40785E-02
18, 2.94174E-04, 1.22358E-04, 9.29179E-05, 4.12007E-04, 5.56241E-07, 4.75389E-07, 4.22841E-07, 9.09811E-02
19, 2.87481E-04, 1.18899E-04, 8.79075E-05, 3.98403E-04, 5.34247E-07, 4.55592E-07, 4.07098E-07, 8.78754E-02
20, 2.79874E-04, 1.13344E-04, 8.57467E-05, 3.82607E-04, 5.09345E-07, 4.38176E-07, 3.90869E-07, 8.47323E-02
21, 2.72298E-04, 1.10083E-04, 8.11215E-05, 3.68863E-04, 4.89630E-07, 4.21048E-07, 3.76900E-07, 8.15450E-02
22, 2.64399E-04, 1.04452E-04, 7.86511E-05, 3.52829E-04, 4.69477E-07, 4.05651E-07, 3.62794E-07, 7.83070E-02
23, 2.56048E-04, 1.01122E-04, 7.43054E-05, 3.38782E-04, 4.51828E-07, 3.90473E-07, 3.49579E-07, 7.50131E-02
24, 2.47753E-04, 9.55480E-05, 7.15575E-05, 3.22476E-04, 4.34208E-07, 3.76524E-07, 3.36379E-07, 7.16714E-02
25, 2.38722E-04, 9.20222E-05, 6.74240E-05, 3.08100E-04, 4.17799E-07, 3.63212E-07, 3.24066E-07, 6.82779E-02
26, 2.29964E-04, 8.65789E-05, 6.44540E-05, 2.91586E-04, 4.02124E-07, 3.50337E-07, 3.12525E-07, 6.48504E-02
27, 2.20348E-04, 8.28284E-05, 6.04953E-05, 2.76957E-04, 3.87581E-07, 3.38112E-07, 3.01609E-07, 6.13863E-02
28, 2.11110E-04, 7.75588E-05, 5.73724E-05, 2.60378E-04, 3.73895E-07, 3.26704E-07, 2.91263E-07, 5.79103E-02
29, 2.01021E-04, 7.36185E-05, 5.35765E-05, 2.45655E-04, 3.60766E-07, 3.15697E-07, 2.81328E-07, 5.44214E-02
30, 1.91351E-04, 6.92462E-05, 5.03780E-05, 2.35595E-04, 3.48303E-07, 3.05263E-07, 2.71728E-07, 5.15298E-02
31, 1.80927E-04, 6.59886E-05, 4.82269E-05, 2.25238E-04, 3.36245E-07, 2.95537E-07, 2.62659E-07, 4.93117E-02
32, 1.70938E-04, 6.33148E-05, 4.57073E-05, 2.15179E-04, 3.24629E-07, 2.86572E-07, 2.53875E-07, 4.69907E-02
33, 1.60353E-04, 5.99581E-05, 4.35459E-05, 2.03944E-04, 3.13565E-07, 2.77950E-07, 2.45429E-07, 4.45784E-02
34, 1.50219E-04, 5.69388E-05, 4.09752E-05, 1.93121E-04, 3.03301E-07, 2.69479E-07, 2.37160E-07, 4.20894E-02
35, 1.39681E-04, 5.35034E-05, 3.86267E-05, 1.81266E-04, 2.93571E-07, 2.61469E-07, 2.29159E-07, 3.95419E-02
36, 1.29623E-04, 5.02557E-05, 3.60370E-05, 1.69959E-04, 2.84447E-07, 2.53990E-07, 2.21292E-07, 3.69527E-02
37, 1.19367E-04, 4.67945E-05, 3.35889E-05, 1.57821E-04, 2.75836E-07, 2.46983E-07, 2.13652E-07, 3.43456E-02
38, 1.09633E-04, 4.34466E-05, 3.10314E-05, 1.46382E-04, 2.67557E-07, 2.40267E-07, 2.06254E-07, 3.17381E-02
39, 9.99005E-05, 4.00380E-05, 2.85766E-05, 1.34349E-04, 2.59575E-07, 2.33870E-07, 1.99190E-07, 2.91573E-02
40, 9.07408E-05, 3.67213E-05, 2.61149E-05, 1.23165E-04, 2.51894E-07, 2.27723E-07, 1.92566E-07, 2.66199E-02
41, 8.17576E-05, 3.34573E-05, 2.37449E-05, 1.11637E-04, 2.44558E-07, 2.21895E-07, 1.86206E-07, 2.41530E-02
42, 7.33938E-05, 3.02961E-05, 2.14453E-05, 1.01087E-04, 2.37652E-07, 2.16218E-07, 1.80138E-07, 2.17703E-02
43, 6.53460E-05, 2.72684E-05, 1.92420E-05, 9.04291E-05, 2.31090E-07, 2.10751E-07, 1.74447E-07, 1.94964E-02
44, 5.79479E-05, 2.43679E-05, 1.71635E-05, 8.08380E-05, 2.24691E-07, 2.05555E-07, 1.68995E-07, 1.73397E-02
45, 5.09605E-05, 2.16540E-05, 1.51907E-05, 7.13397E-05, 2.18910E-07, 2.00584E-07, 1.63755E-07, 1.53202E-02
46, 4.76751E-05, 1.93519E-05, 1.37991E-05, 6.82130E-05, 2.13469E-07, 1.95860E-07, 1.58784E-07, 1.38078E-02
47, 4.56261E-05, 1.88618E-05, 1.34896E-05, 6.67880E-05, 2.08409E-07, 1.91357E-07, 1.54103E-07, 1.34300E-02
48, 4.35899E-05, 1.83152E-05, 1.30923E-05, 6.46800E-05, 2.03581E-07, 1.87030E-07, 1.49792E-07, 1.29980E-02
49, 4.13809E-05, 1.76897E-05, 1.26631E-05, 6.26641E-05, 1.99001E-07, 1.82802E-07, 1.45681E-07, 1.25105E-02
50, 3.91997E-05, 1.70003E-05, 1.21663E-05, 6.00483E-05, 1.94613E-07, 1.78721E-07, 1.41846E-07, 1.19771E-02
51, 3.77091E-05, 1.62594E-05, 1.16359E-05, 5.75397E-05, 1.90672E-07, 1.74848E-07, 1.38171E-07, 1.14002E-02
52, 3.67586E-05, 1.54594E-05, 1.10599E-05, 5.45280E-05, 1.86890E-07, 1.71202E-07, 1.34681E-07, 1.07907E-02
53, 3.57030E-05, 1.46351E-05, 1.04558E-05, 5.16689E-05, 1.83381E-07, 1.67706E-07, 1.31375E-07, 1.01535E-02
54, 3.44508E-05, 1.37647E-05, 9.82935E-06, 4.84107E-05, 1.79994E-07, 1.64381E-07, 1.28237E-07, 9.49985E-03
55, 3.31171E-05, 1.28962E-05, 9.18510E-06, 4.53679E-05, 1.76785E-07, 1.61245E-07, 1.25254E-07, 8.83615E-03
56, 3.16261E-05, 1.19991E-05, 8.54067E-06, 4.20277E-05, 1.73763E-07, 1.58193E-07, 1.22405E-07, 8.17274E-03
57, 3.00884E-05, 1.11274E-05, 7.89072E-06, 3.89695E-05, 1.70984E-07, 1.55225E-07, 1.19721E-07, 7.51610E-03
58, 2.84396E-05, 1.02454E-05, 7.25997E-06, 3.57034E-05, 1.68302E-07, 1.52406E-07, 1.17203E-07, 6.87490E-03
59, 2.67839E-05, 9.40781E-06, 6.63523E-06, 3.27781E-05, 1.65799E-07, 1.49753E-07, 1.14846E-07, 6.25443E-03
60, 2.50649E-05, 8.57607E-06, 6.06180E-06, 3.04601E-05, 1.63495E-07, 1.47126E-07, 1.12634E-07, 5.66111E-03
61, 2.33781E-05, 8.04123E-06, 5.77056E-06, 2.88521E-05, 1.61290E-07, 1.44555E-07, 1.10538E-07, 5.32842E-03
62, 2.16716E-05, 7.63143E-06, 5.45919E-06, 2.74958E-05, 1.59196E-07, 1.42074E-07, 1.08534E-07, 5.01970E-03
63, 2.00306E-05, 7.19599E-06, 5.13794E-06, 2.57440E-05, 1.57200E-07, 1.39685E-07, 1.06630E-07, 4.70267E-03
64, 1.84059E-05, 6.75886E-06, 4.80703E-06, 2.42784E-05, 1.55307E-07, 1.37464E-07, 1.04817E-07, 4.38063E-03
65, 1.68707E-05, 6.30920E-06, 4.47733E-06, 2.24877E-05, 1.53515E-07, 1.35338E-07, 1.03074E-07, 4.06018E-03
66, 1.53780E-05, 5.86974E-06, 4.14715E-06, 2.10114E-05, 1.51772E-07, 1.33288E-07, 1.01407E-07, 3.74375E-03
67, 1.42900E-05, 5.42894E-06, 3.82689E-06, 1.92691E-05, 1.50083E-07, 1.31316E-07, 9.97972E-08, 3.43660E-03
68, 1.34917E-05, 5.00720E-06, 3.51302E-06, 1.78589E-05, 1.48475E-07, 1.29401E-07, 9.82348E-08, 3.13999E-03
69, 1.26680E-05, 4.59251E-06, 3.41176E-06, 1.62284E-05, 1.46927E-07, 1.27554E-07, 9.67762E-08, 2.85774E-03
70, 1.18645E-05, 4.42202E-06, 3.36938E-06, 1.49362E-05, 1.45514E-07, 1.25759E-07, 9.53683E-08, 2.58999E-03
71, 1.10549E-05, 4.32792E-06, 3.35076E-06, 1.34570E-05, 1.44197E-07, 1.24003E-07, 9.40107E-08, 2.33930E-03
72, 1.02780E-05, 4.20886E-06, 3.38767E-06, 1.23118E-05, 1.43009E-07, 1.22322E-07, 9.26953E-08, 2.10484E-03
73, 9.50950E-06, 4.06664E-06, 3.41153E-06, 1.15980E-05, 1.41920E-07, 1.20727E-07, 9.14504E-08, 1.92130E-03
74, 8.78165E-06, 3.90321E-06, 3.42181E-06, 1.07829E-05, 1.40901E-07, 1.19219E-07, 9.02819E-08, 1.79732E-03
75, 8.07217E-06, 3.75727E-06, 3.41814E-06, 1.02323E-05, 1.39902E-07, 1.17752E-07, 8.91672E-08, 1.67366E-03
76, 7.40749E-06, 3.74415E-06, 3.40036E-06, 9.43152E-06, 1.38943E-07, 1.16277E-07, 8.80718E-08, 1.55332E-03
77, 6.76727E-06, 3.70814E-06, 3.36851E-06, 8.88667E-06, 1.37982E-07, 1.14830E-07, 8.69967E-08, 1.43544E-03
78, 6.20483E-06, 3.64954E-06, 3.32283E-06, 8.12341E-06, 1.37021E-07, 1.13433E-07, 8.59494E-08, 1.32254E-03
79, 5.85696E-06, 3.63416E-06, 3.26379E-06, 7.60457E-06, 1.36066E-07, 1.12064E-07, 8.49401E-08, 1.21349E-03
80, 5.50026E-06, 3.60955E-06, 3.26902E-06, 6.89501E-06, 1.35134E-07, 1.10709E-07, 8.39838E-08, 1.11041E-03
81, 5.15554E-06, 3.57511E-06, 3.28732E-06, 6.41585E-06, 1.34249E-07, 1.09389E-07, 8.30828E-08, 1.01198E-03
82, 4.80766E-06, 3.53142E-06, 3.29209E-06, 5.77005E-06, 1.33402E-07, 1.08144E-07, 8.21939E-08, 9.19972E-04
83, 4.47546E-06, 3.53321E-06, 3.28311E-06, 5.33875E-06, 1.32592E-07, 1.06933E-07, 8.13319E-08, 8.32940E-04
84, 4.14474E-06, 3.52363E-06, 3.26037E-06, 5.04620E-06, 1.31790E-07, 1.05707E-07, 8.04752E-08, 7.67327E-04
85, 3.83221E-06, 3.50304E-06, 3.22404E-06, 4.64923E-06, 1.31036E-07, 1.04502E-07, 7.96482E-08, 7.17621E-04
86, 3.52482E-06, 3.47185E-06, 3.17451E-06, 4.42852E-06, 1.30270E-07, 1.03341E-07, 7.88326E-08, 6.67794E-04
87, 3.23705E-06, 3.43049E-06, 3.11236E-06, 4.04602E-06, 1.29507E-07, 1.02184E-07, 7.80509E-08, 6.19785E-04
88, 2.95715E-06, 3.37947E-06, 3.06725E-06, 3.82425E-06, 1.28726E-07, 1.01020E-07, 7.73082E-08, 5.72345E-04
89, 2.70405E-06, 3.35144E-06, 3.07737E-06, 3.46475E-06, 1.27965E-07, 9.98564E-08, 7.65863E-08, 5.27234E-04
90, 2.53744E-06, 3.33243E-06, 3.07441E-06, 3.25023E-06, 1.27276E-07, 9.87761E-08, 7.58949E-08, 4.83202E-04
91, 2.36604E-06, 3.30247E-06, 3.05836E-06, 2.92010E-06, 1.26609E-07, 9.77104E-08, 7.52221E-08, 4.41835E-04
92, 2.30080E-06, 3.26205E-06, 3.02939E-06, 2.71900E-06, 1.25939E-07, 9.66672E-08, 7.45629E-08, 4.01890E-04
93, 2.30735E-06, 3.21172E-06, 2.98786E-06, 2.42249E-06, 1.25243E-07, 9.56007E-08, 7.39120E-08, 3.64792E-04
94, 2.33334E-06, 3.15209E-06, 2.93432E-06, 2.23893E-06, 1.24571E-07, 9.45475E-08, 7.32736E-08, 3.29311E-04
95, 2.34933E-06, 3.12680E-06, 2.86949E-06, 2.05781E-06, 1.23919E-07, 9.34880E-08, 7.26444E-08, 2.96727E-04
96, 2.35455E-06, 3.09782E-06, 2.80229E-06, 1.86464E-06, 1.23266E-07, 9.24040E-08, 7.20305E-08, 2.74913E-04
97, 2.34839E-06, 3.05810E-06, 2.80270E-06, 1.75917E-06, 1.22637E-07, 9.13855E-08, 7.14479E-08, 2.53042E-04
98, 2.33035E-06, 3.00824E-06, 2.79105E-06, 1.58219E-06, 1.22009E-07, 9.04280E-08, 7.08823E-08, 2.32511E-04
99, 2.30013E-06, 2.94892E-06, 2.76755E-06, 1.47771E-06, 1.21391E-07, 8.94910E-08, 7.03403E-08, 2.12218E-04
100, 2.25759E-06, 2.89782E-06, 2.73258E-06, 1.31973E-06, 1.20766E-07, 8.85260E-08, 6.97950E-08, 1.93414E-04
101, 2.20278E-06, 2.87102E-06, 2.68668E-06, 1.21974E-06, 1.20178E-07, 8.75607E-08, 6.92631E-08, 1.75061E-04
102, 2.16798E-06, 2.83309E-06, 2.63055E-06, 1.08231E-06, 1.19612E-07, 8.65844E-08, 6.87322E-08, 1.58263E-04
103, 2.12687E-06, 2.78464E-06, 2.56498E-06, 9.89231E-07, 1.19051E-07, 8.56123E-08, 6.82173E-08, 1.42052E-04
104, 2.07345E-06, 2.72642E-06, 2.50211E-06, 8.72817E-07, 1.18492E-07, 8.46899E-08, 6.77253E-08, 1.27390E-04
105, 2.00787E-06, 2.66875E-06, 2.49242E-06, 7.88070E-07, 1.17970E-07, 8.38161E-08, 6.72389E-08, 1.13387E-04
106, 1.98500E-06, 2.64620E-06, 2.47232E-06, 6.92198E-07, 1.17449E-07, 8.29117E-08, 6.67540E-08, 1.00868E-04
107, 1.99242E-06, 2.61208E-06, 2.44221E-06, 6.16412E-07, 1.16916E-07, 8.20166E-08, 6.62591E-08, 8.90261E-05
108, 1.98961E-06, 2.56700E-06, 2.40264E-06, 6.07575E-07, 1.16422E-07, 8.11393E-08, 6.57781E-08, 7.85594E-05
109, 1.97598E-06, 2.51167E-06, 2.35422E-06, 6.12509E-07, 1.15929E-07, 8.02589E-08, 6.53255E-08, 7.09199E-05
110, 1.95113E-06, 2.44697E-06, 2.29769E-06, 6.18373E-07, 1.15433E-07, 7.93691E-08, 6.48877E-08, 6.34666E-05
111, 1.91480E-06, 2.42057E-06, 2.23383E-06, 6.20669E-07, 1.14935E-07, 7.85133E-08, 6.44522E-08, 5.68075E-05
112, 1.86693E-06, 2.39250E-06, 2.18749E-06, 6.19217E-07, 1.14468E-07, 7.76965E-08, 6.40078E-08, 5.04021E-05
113, 1.82319E-06, 2.35305E-06, 2.16931E-06, 6.13879E-07, 1.14042E-07, 7.68719E-08, 6.35757E-08, 4.47294E-05
114, 1.84531E-06, 2.30289E-06, 2.14281E-06, 6.14002E-07, 1.13627E-07, 7.60584E-08, 6.31461E-08, 3.93487E-05
115, 1.84885E-06, 2.24283E-06, 2.10849E-06, 6.14057E-07, 1.13200E-07, 7.52632E-08, 6.27303E-08, 3.46199E-05
116, 1.83349E-06, 2.21198E-06, 2.06691E-06, 6.12845E-07, 1.12773E-07, 7.44692E-08, 6.23232E-08, 3.01970E-05
117, 1.79923E-06, 2.19187E-06, 2.01877E-06, 6.10369E-07, 1.12376E-07, 7.36730E-08, 6.19127E-08, 2.63344E-05
118, 1.74640E-06, 2.16011E-06, 1.96468E-06, 6.06632E-07, 1.12007E-07, 7.29030E-08, 6.15152E-08, 2.27750E-05
119, 1.72125E-06, 2.11724E-06, 1.90525E-06, 6.07922E-07, 1.11619E-07, 7.21535E-08, 6.11221E-08, 1.96801E-05
120, 1.73491E-06, 2.06396E-06, 1.86874E-06, 6.10813E-07, 1.11232E-07, 7.14060E-08, 6.07361E-08, 1.68752E-05
121, 1.73136E-06, 2.02038E-06, 1.84487E-06, 6.12383E-07, 1.10847E-07, 7.06667E-08, 6.03550E-08, 1.44404E-05
122, 1.71044E-06, 2.01084E-06, 1.81494E-06, 6.12603E-07, 1.10463E-07, 6.99438E-08, 5.99709E-08, 1.22768E-05
123, 1.67227E-06, 1.98973E-06, 1.77937E-06, 6.11589E-07, 1.10110E-07, 6.92394E-08, 5.95874E-08, 1.03945E-05
124, 1.68857E-06, 1.95732E-06, 1.74925E-06, 6.09678E-07, 1.09747E-07, 6.85481E-08, 5.92146E-08, 8.76301E-06
125, 1.69219E-06, 1.91414E-06, 1.71734E-06, 6.06510E-07, 1.09394E-07, 6.78569E-08, 5.88574E-08, 7.39865E-06
126, 1.67896E-06, 1.86088E-06, 1.67538E-06, 6.02112E-07, 1.09038E-07, 6.71745E-08, 5.84963E-08, 6.25195E-06
127, 1.65807E-06, 1.82473E-06, 1.62403E-06, 6.00791E-07, 1.08712E-07, 6.64938E-08, 5.81294E-08, 5.31872E-06
128, 1.64994E-06, 1.81607E-06, 1.58762E-06, 6.02876E-07, 1.08388E-07, 6.58534E-08, 5.77785E-08, 4.42387E-06
129, 1.67784E-06, 1.79648E-06, 1.58028E-06, 6.03623E-07, 1.08059E-07, 6.52204E-08, 5.74218E-08, 3.74214E-06
130, 1.69093E-06, 1.76618E-06, 1.56344E-06, 6.03026E-07, 1.07744E-07, 6.46034E-08, 5.70765E-08, 3.05329E-06
131, 1.68901E-06, 1.72563E-06, 1.53748E-06, 6.01097E-07, 1.07462E-07, 6.39836E-08, 5.67421E-08, 2.59059E-06
132, 1.67209E-06, 1.67544E-06, 1.50290E-06, 5.97857E-07, 1.07189E-07, 6.33617E-08, 5.63929E-08, 2.68224E-06
133, 1.64045E-06, 1.66862E-06, 1.46030E-06, 5.93343E-07, 1.06909E-07, 6.27498E-08, 5.60373E-08, 2.73704E-06
134, 1.59461E-06, 1.66243E-06, 1.41037E-06, 5.87601E-07, 1.06630E-07, 6.21460E-08, 5.56863E-08, 2.75352E-06
135, 1.59032E-06, 1.64610E-06, 1.40282E-06, 5.80688E-07, 1.06360E-07, 6.15536E-08, 5.53525E-08, 2.73143E-06
136, 1.60903E-06, 1.61984E-06, 1.38871E-06, 5.78165E-07, 1.06084E-07, 6.09688E-08, 5.50263E-08, 2.67161E-06
137, 1.61421E-06, 1.58397E-06, 1.36700E-06, 5.77679E-07, 1.05790E-07, 6.03948E-08, 5.47125E-08, 2.71566E-06
138, 1.60579E-06, 1.53899E-06, 1.33814E-06, 5.75879E-07, 1.05514E-07, 5.98391E-08, 5.44004E-08, 2.73562E-06
139, 1.58392E-06, 1.50266E-06, 1.30265E-06, 5.72790E-07, 1.05264E-07, 5.92926E-08, 5.40766E-08, 2.71534E-06
140, 1.54894E-06, 1.50184E-06, 1.26112E-06, 5.68447E-07, 1.05031E-07, 5.87477E-08, 5.37453E-08, 2.72619E-06
141, 1.53604E-06, 1.49182E-06, 1.23249E-06, 5.62897E-07, 1.04812E-07, 5.82109E-08, 5.34108E-08, 2.75132E-06
142, 1.56897E-06, 1.47276E-06, 1.22051E-06, 5.56198E-07, 1.04594E-07, 5.76897E-08, 5.30907E-08, 2.74257E-06
143, 1.59042E-06, 1.44482E-06, 1.20232E-06, 5.48416E-07, 1.04352E-07, 5.71998E-08, 5.27804E-08, 2.76341E-06
144, 1.60024E-06, 1.40840E-06, 1.17835E-06, 5.49328E-07, 1.04126E-07, 5.67066E-08, 5.24810E-08, 2.82007E-06
145, 1.59843E-06, 1.36399E-06, 1.14904E-06, 5.57360E-07, 1.03917E-07, 5.62171E-08, 5.21813E-08, 2.84085E-06
146, 1.58516E-06, 1.36684E-06, 1.11490E-06, 5.65289E-07, 1.03689E-07, 5.57284E-08, 5.18686E-08, 2.82589E-06
147, 1.56076E-06, 1.36375E-06, 1.07643E-06, 5.73105E-07, 1.03454E-07, 5.52387E-08, 5.15369E-08, 2.79365E-06
148, 1.52571E-06, 1.35266E-06, 1.05388E-06, 5.80798E-07, 1.03221E-07, 5.47686E-08, 5.11985E-08, 2.78097E-06
149, 1.49941E-06, 1.33368E-06, 1.03871E-06, 5.88357E-07, 1.03007E-07, 5.43065E-08, 5.08721E-08, 2.81085E-06
150, 1.48547E-06, 1.30700E-06, 1.01899E-06, 5.95773E-07, 1.02810E-07, 5.38645E-08, 5.05672E-08, 2.84284E-06
151, 1.51017E-06, 1.27295E-06, 9.95124E-07, 6.03039E-07, 1.02617E-07, 5.34275E-08, 5.02649E-08, 2.84095E-06
152, 1.52520E-06, 1.23200E-06, 9.67529E-07, 6.10146E-07, 1.02432E-07, 5.29908E-08, 4.99515E-08, 2.80536E-06
153, 1.53051E-06, 1.21874E-06, 9.36628E-07, 6.17087E-07, 1.02259E-07, 5.25540E-08, 4.96366E-08, 2.77647E-06
154, 1.52622E-06, 1.21705E-06, 9.02848E-07, 6.23856E-07, 1.02091E-07, 5.21323E-08, 4.93103E-08, 2.75690E-06
155, 1.51254E-06, 1.20863E-06, 8.78936E-07, 6.30449E-07, 1.01900E-07, 5.17307E-08, 4.89820E-08, 2.70880E-06
156, 1.48981E-06, 1.19351E-06, 8.62851E-07, 6.36860E-07, 1.01693E-07, 5.13305E-08, 4.86517E-08, 2.71973E-06
157, 1.46238E-06, 1.17186E-06, 8.43649E-07, 6.43087E-07, 1.01462E-07, 5.09437E-08, 4.83276E-08, 2.77904E-06
158, 1.44799E-06, 1.14396E-06, 8.21680E-07, 6.49126E-07, 1.01240E-07, 5.05627E-08, 4.80068E-08, 2.80916E-06
159, 1.45000E-06, 1.11017E-06, 7.97294E-07, 6.54975E-07, 1.01048E-07, 5.01932E-08, 4.76768E-08, 2.80987E-06
160, 1.46129E-06, 1.07990E-06, 7.70833E-07, 6.60634E-07, 1.00859E-07, 4.98154E-08, 4.73417E-08, 2.78152E-06
161, 1.46428E-06, 1.07905E-06, 7.42625E-07, 6.66102E-07, 1.00663E-07, 4.94393E-08, 4.70010E-08, 2.72504E-06
162, 1.45903E-06, 1.07260E-06, 7.12982E-07, 6.71379E-07, 1.00453E-07, 4.90640E-08, 4.66565E-08, 2.66388E-06
163, 1.45261E-06, 1.06060E-06, 6.94941E-07, 6.76464E-07, 1.00228E-07, 4.86995E-08, 4.63149E-08, 2.64845E-06
164, 1.44607E-06, 1.04314E-06, 6.77777E-07, 6.81360E-07, 9.99915E-08, 4.83389E-08, 4.59770E-08, 2.65510E-06
165, 1.45589E-06, 1.02042E-06, 6.58916E-07, 6.86067E-07, 9.97753E-08, 4.79851E-08, 4.56403E-08, 2.66412E-06
166, 1.47027E-06, 9.92719E-07, 6.38635E-07, 6.90587E-07, 9.95517E-08, 4.76398E-08, 4.52967E-08, 2.64710E-06
167, 1.48391E-06, 9.87764E-07, 6.17196E-07, 6.94919E-07, 9.93180E-08, 4.72932E-08, 4.49419E-08, 2.62268E-06
168, 1.49680E-06, 9.92852E-07, 5.96175E-07, 6.99065E-07, 9.90741E-08, 4.69504E-08, 4.45855E-08, 2.62243E-06
169, 1.50891E-06, 9.93404E-07, 5.96384E-07, 7.03026E-07, 9.88179E-08, 4.66174E-08, 4.42493E-08, 2.59816E-06
170, 1.52025E-06, 9.89449E-07, 5.93288E-07, 7.06802E-07, 9.85412E-08, 4.62878E-08, 4.39154E-08, 2.55079E-06
171, 1.53082E-06, 9.81019E-07, 5.86967E-07, 7.10391E-07, 9.82774E-08, 4.59562E-08, 4.35771E-08, 2.54360E-06
172, 1.54061E-06, 9.68209E-07, 5.83350E-07, 7.13793E-07, 9.79922E-08, 4.56242E-08, 4.32450E-08, 2.51949E-06
173, 1.54963E-06, 9.51177E-07, 5.86502E-07, 7.17005E-07, 9.76893E-08, 4.52958E-08, 4.29085E-08, 2.49361E-06
174, 1.55790E-06, 9.30130E-07, 5.86521E-07, 7.20024E-07, 9.73773E-08, 4.49774E-08, 4.25644E-08, 2.50837E-06
175, 1.56543E-06, 9.05327E-07, 5.83420E-07, 7.22847E-07, 9.70582E-08, 4.46561E-08, 4.22128E-08, 2.50098E-06
176, 1.57224E-06, 8.83662E-07, 5.79116E-07, 7.25468E-07, 9.67260E-08, 4.43305E-08, 4.18597E-08, 2.47183E-06
177, 1.57837E-06, 8.65651E-07, 5.82721E-07, 7.27881E-07, 9.64063E-08, 4.40017E-08, 4.15153E-08, 2.42168E-06
178, 1.58383E-06, 8.44137E-07, 5.89676E-07, 7.30079E-07, 9.60726E-08, 4.36837E-08, 4.11735E-08, 2.39442E-06
179, 1.58865E-06, 8.19378E-07, 5.95777E-07, 7.32055E-07, 9.57218E-08, 4.33684E-08, 4.08329E-08, 2.35922E-06
180, 1.59289E-06, 7.95491E-07, 6.00992E-07, 7.33799E-07, 9.53682E-08, 4.30536E-08, 4.04942E-08, 2.30247E-06
181, 1.59656E-06, 7.96300E-07, 6.05298E-07, 7.35303E-07, 9.50145E-08, 4.27420E-08, 4.01535E-08, 2.28884E-06
182, 1.59972E-06, 7.93291E-07, 6.08677E-07, 7.36556E-07, 9.46707E-08, 4.24352E-08, 3.98203E-08, 2.26058E-06
183, 1.60239E-06, 8.08556E-07, 6.11121E-07, 7.37548E-07, 9.43203E-08, 4.21262E-08, 3.94835E-08, 2.21398E-06
184, 1.60462E-06, 8.49856E-07, 6.12626E-07, 7.38547E-07, 9.39665E-08, 4.18251E-08, 3.91494E-08, 2.22820E-06
185, 1.60643E-06, 8.89594E-07, 6.13199E-07, 7.40863E-07, 9.35783E-08, 4.15305E-08, 3.88231E-08, 2.23129E-06
186, 1.60787E-06, 9.34450E-07, 6.12852E-07, 7.42827E-07, 9.31646E-08, 4.12298E-08, 3.85030E-08, 2.21706E-06
187, 1.60896E-06, 9.83766E-07, 6.11606E-07, 7.44419E-07, 9.27339E-08, 4.09321E-08, 3.81796E-08, 2.18605E-06
188, 1.60972E-06, 1.03124E-06, 6.09487E-07, 7.45622E-07, 9.22921E-08, 4.06364E-08, 3.78570E-08, 2.17206E-06
189, 1.61016E-06, 1.07662E-06, 6.06531E-07, 7.46421E-07, 9.18420E-08, 4.03374E-08, 3.75430E-08, 2.14739E-06
190, 1.61031E-06, 1.11970E-06, 6.02775E-07, 7.46801E-07, 9.13969E-08, 4.00367E-08, 3.72310E-08, 2.10521E-06
191, 1.61015E-06, 1.16025E-06, 6.06039E-07, 7.46752E-07, 9.09440E-08, 3.97389E-08, 3.69265E-08, 2.04645E-06
192, 1.61509E-06, 1.19808E-06, 6.10221E-07, 7.46261E-07, 9.04863E-08, 3.94497E-08, 3.66300E-08, 1.98749E-06
193, 1.65476E-06, 1.23303E-06, 6.13266E-07, 7.45323E-07, 9.00233E-08, 3.91609E-08, 3.63438E-08, 1.98093E-06
194, 1.69275E-06, 1.26493E-06, 6.15149E-07, 7.43930E-07, 8.95354E-08, 3.88748E-08, 3.60570E-08, 1.96559E-06
195, 1.72888E-06, 1.29366E-06, 6.23997E-07, 7.42081E-07, 8.90379E-08, 3.85917E-08, 3.57708E-08, 1.93596E-06
196, 1.76296E-06, 1.31911E-06, 6.33549E-07, 7.39774E-07, 8.85281E-08, 3.83080E-08, 3.54883E-08, 1.90703E-06
197, 1.79482E-06, 1.34122E-06, 6.42386E-07, 7.37013E-07, 8.80008E-08, 3.80198E-08, 3.52110E-08, 1.90832E-06
198, 1.82428E-06, 1.37509E-06, 6.50457E-07, 7.33801E-07, 8.74774E-08, 3.77398E-08, 3.49362E-08, 1.89785E-06
199, 1.85120E-06, 1.40657E-06, 6.57714E-07, 7.30146E-07, 8.69556E-08, 3.74600E-08, 3.46704E-08, 1.89431E-06
200, 1.87542E-06, 1.43458E-06, 6.64113E-07, 7.26056E-07, 8.64434E-08, 3.71793E-08, 3.44122E-08, 1.88495E-06
201, 1.89679E-06, 1.45905E-06, 6.69614E-07, 7.21545E-07, 8.59441E-08, 3.68993E-08, 3.41625E-08, 1.86166E-06
202, 1.91519E-06, 1.47993E-06, 6.74181E-07, 7.16626E-07, 8.54580E-08, 3.66153E-08, 3.39178E-08, 1.82501E-06
203, 1.93050E-06, 1.49719E-06, 6.77783E-07, 7.11313E-07, 8.49748E-08, 3.63324E-08, 3.36744E-08, 1.78753E-06
204, 1.94262E-06, 1.51084E-06, 6.80397E-07, 7.05626E-07, 8.45078E-08, 3.60491E-08, 3.34347E-08, 1.75619E-06
205, 1.96621E-06, 1.52092E-06, 6.82002E-07, 6.99582E-07, 8.40691E-08, 3.57677E-08, 3.31985E-08, 1.71061E-06
206, 1.99050E-06, 1.52748E-06, 6.82585E-07, 6.93202E-07, 8.36247E-08, 3.54889E-08, 3.29707E-08, 1.70150E-06
207, 2.01216E-06, 1.53060E-06, 6.82136E-07, 6.86507E-07, 8.31798E-08, 3.52042E-08, 3.27456E-08, 1.68681E-06
208, 2.03108E-06, 1.53037E-06, 6.80656E-07, 6.79518E-07, 8.27333E-08, 3.49292E-08, 3.25225E-08, 1.68448E-06
209, 2.04715E-06, 1.52692E-06, 6.78146E-07, 6.72259E-07, 8.22931E-08, 3.46514E-08, 3.23008E-08, 1.67006E-06
210, 2.06028E-06, 1.52040E-06, 6.74617E-07, 6.64750E-07, 8.18531E-08, 3.43756E-08, 3.20807E-08, 1.64319E-06
211, 2.07040E-06, 1.51095E-06, 6.70085E-07, 6.57015E-07, 8.14175E-08, 3.40965E-08, 3.18606E-08, 1.61740E-06
212, 2.07744E-06, 1.49875E-06, 6.64569E-07, 6.49077E-07, 8.09757E-08, 3.38201E-08, 3.16426E-08, 1.62258E-06
213, 2.08136E-06, 1.49455E-06, 6.58097E-07, 6.40956E-07, 8.05126E-08, 3.35384E-08, 3.14255E-08, 1.61929E-06
214, 2.08212E-06, 1.49285E-06, 6.50697E-07, 6.32674E-07, 8.00319E-08, 3.32546E-08, 3.12146E-08, 1.60534E-06
215, 2.08656E-06, 1.48831E-06, 6.42407E-07, 6.24252E-07, 7.95531E-08, 3.29713E-08, 3.10071E-08, 1.59663E-06
216, 2.09727E-06, 1.48107E-06, 6.39283E-07, 6.15708E-07, 7.90683E-08, 3.26846E-08, 3.08040E-08, 1.58231E-06
217, 2.10521E-06, 1.47129E-06, 6.41545E-07, 6.07062E-07, 7.85833E-08, 3.24012E-08, 3.06073E-08, 1.55626E-06
218, 2.11038E-06, 1.45913E-06, 6.43070E-07, 5.98330E-07, 7.81004E-08, 3.21204E-08, 3.04129E-08, 1.51911E-06
219, 2.11282E-06, 1.44475E-06, 6.43843E-07, 5.89530E-07, 7.76212E-08, 3.18403E-08, 3.02181E-08, 1.48706E-06
220, 2.11258E-06, 1.42834E-06, 6.43851E-07, 5.80674E-07, 7.71477E-08, 3.15610E-08, 3.00242E-08, 1.46320E-06
221, 2.10973E-06, 1.41006E-06, 6.43086E-07, 5.71778E-07, 7.66657E-08, 3.12797E-08, 2.98258E-08, 1.47274E-06
222, 2.10643E-06, 1.39010E-06, 6.41545E-07, 5.62853E-07, 7.61695E-08, 3.10028E-08, 2.96263E-08, 1.47196E-06
223, 2.10182E-06, 1.36864E-06, 6.39225E-07, 5.53910E-07, 7.56648E-08, 3.07277E-08, 2.94332E-08, 1.47749E-06
224, 2.09502E-06, 1.34584E-06, 6.36129E-07, 5.44959E-07, 7.51690E-08, 3.04500E-08, 2.92490E-08, 1.47534E-06
225, 2.08617E-06, 1.32189E-06, 6.32264E-07, 5.36008E-07, 7.46810E-08, 3.01716E-08, 2.90663E-08, 1.46130E-06
226, 2.07541E-06, 1.29695E-06, 6.27637E-07, 5.27064E-07, 7.41930E-08, 2.98927E-08, 2.88855E-08, 1.43748E-06
227, 2.06289E-06, 1.27117E-06, 6.22261E-07, 5.18135E-07, 7.37135E-08, 2.96226E-08, 2.87011E-08, 1.43312E-06
228, 2.04877E-06, 1.24472E-06, 6.16151E-07, 5.09225E-07, 7.32237E-08, 2.93577E-08, 2.85180E-08, 1.44587E-06
229, 2.03321E-06, 1.21772E-06, 6.09326E-07, 5.00337E-07, 7.27201E-08, 2.90938E-08, 2.83396E-08, 1.44855E-06
230, 2.01637E-06, 1.19032E-06, 6.01807E-07, 4.91477E-07, 7.22083E-08, 2.88324E-08, 2.81701E-08, 1.44488E-06
231, 1.99841E-06, 1.16264E-06, 5.93626E-07, 4.82647E-07, 7.17000E-08, 2.85728E-08, 2.80038E-08, 1.44231E-06
232, 1.97946E-06, 1.13479E-06, 5.84800E-07, 4.73848E-07, 7.11700E-08, 2.83113E-08, 2.78411E-08, 1.42834E-06
233, 1.95969E-06, 1.10687E-06, 5.75355E-07, 4.65083E-07, 7.06301E-08, 2.80537E-08, 2.76823E-08, 1.40347E-06
234, 1.93922E-06, 1.07898E-06, 5.65322E-07, 4.56353E-07, 7.00811E-08, 2.77961E-08, 2.75269E-08, 1.36838E-06
235, 1.91818E-06, 1.05120E-06, 5.54732E-07, 4.47659E-07, 6.95323E-08, 2.75418E-08, 2.73710E-08, 1.36072E-06
236, 1.89668E-06, 1.02359E-06, 5.47181E-07, 4.39002E-07, 6.89619E-08, 2.72939E-08, 2.72112E-08, 1.37237E-06
237, 1.88538E-06, 9.97961E-07, 5.46767E-07, 4.30383E-07, 6.83734E-08, 2.70554E-08, 2.70485E-08, 1.37645E-06
238, 1.90609E-06, 9.75589E-07, 5.45699E-07, 4.21802E-07, 6.77836E-08, 2.68210E-08, 2.68838E-08, 1.38806E-06
239, 1.92484E-06, 9.53019E-07, 5.43967E-07, 4.13262E-07, 6.71928E-08, 2.65892E-08, 2.67220E-08, 1.39235E-06
240, 1.94166E-06, 9.30323E-07, 5.41567E-07, 4.05246E-07, 6.65912E-08, 2.63588E-08, 2.65636E-08, 1.38456E-06
241, 1.95661E-06, 9.07569E-07, 5.38495E-07, 3.97465E-07, 6.59926E-08, 2.61293E-08, 2.64034E-08, 1.36706E-06
242, 1.96973E-06, 8.84816E-07, 5.34752E-07, 3.89724E-07, 6.53983E-08, 2.59077E-08, 2.62400E-08, 1.38627E-06
243, 1.98109E-06, 8.62119E-07, 5.30342E-07, 3.82027E-07, 6.48222E-08, 2.56909E-08, 2.60786E-08, 1.40933E-06
244, 1.99075E-06, 8.39526E-07, 5.25270E-07, 3.74377E-07, 6.42353E-08, 2.54785E-08, 2.59174E-08, 1.42195E-06
245, 1.99876E-06, 8.17081E-07, 5.19548E-07, 3.66780E-07, 6.36519E-08, 2.52660E-08, 2.57536E-08, 1.42419E-06
246, 2.00521E-06, 7.94820E-07, 5.13187E-07, 3.59242E-07, 6.30582E-08, 2.50524E-08, 2.55949E-08, 1.42000E-06
247, 2.01014E-06, 7.72777E-07, 5.06205E-07, 3.51768E-07, 6.24588E-08, 2.48465E-08, 2.54362E-08, 1.40608E-06
248, 2.01363E-06, 7.50988E-07, 4.98619E-07, 3.44368E-07, 6.18660E-08, 2.46472E-08, 2.52765E-08, 1.38095E-06
249, 2.01574E-06, 7.29469E-07, 4.90452E-07, 3.37050E-07, 6.12743E-08, 2.44518E-08, 2.51208E-08, 1.38267E-06
250, 2.01651E-06, 7.08242E-07, 4.81727E-07, 3.29823E-07, 6.06965E-08, 2.42609E-08, 2.49681E-08, 1.39673E-06
