time_step, rel_err_u, rel_err_v, rel_err_w, rel_err_p, rel_err_u_m, rel_err_v_m, rel_err_w_m, rel_err_p_m
0, 0.00000E+00, 0.00000E+00, 0.00000E+00, 0.00000E+00, 0.00000E+00, 0.00000E+00, 0.00000E+00,         NaN
1, 1.46401E-09, 1.89231E-09, 1.30566E-09, 6.24783E-09, 2.43046E-11, 2.37992E-11, 2.30427E-11, 6.48012E-07
2, 1.46345E-09, 1.89645E-09, 1.08775E-09, 1.39066E-09, 2.67567E-11, 2.55061E-11, 2.30964E-11, 5.39734E-07
3, 1.46305E-09, 1.89957E-09, 1.09772E-09, 9.39037E-10, 2.45034E-11, 2.39698E-11, 2.25723E-11, 2.36361E-07
4, 1.46280E-09, 1.90164E-09, 1.17216E-09, 4.09748E-10, 2.49918E-11, 2.40145E-11, 2.28252E-11, 1.26412E-07
5, 1.46268E-09, 1.90262E-09, 1.17061E-09, 5.70445E-10, 2.48609E-11, 2.42059E-11, 2.28587E-11, 9.08126E-08
6, 1.46267E-09, 1.90248E-09, 1.15953E-09, 4.52407E-10, 2.53226E-11, 2.44796E-11, 2.31037E-11, 7.78207E-08
7, 1.46276E-09, 1.90119E-09, 1.15567E-09, 4.33259E-10, 2.53980E-11, 2.47079E-11, 2.32474E-11, 6.92046E-08
8, 1.46293E-09, 1.89873E-09, 1.14928E-09, 4.44357E-10, 2.57851E-11, 2.49524E-11, 2.35121E-11, 6.45834E-08
9, 1.46316E-09, 1.89508E-09, 1.14007E-09, 4.46871E-10, 2.59697E-11, 2.52205E-11, 2.36859E-11, 6.11584E-08
10, 1.46345E-09, 1.89021E-09, 1.13010E-09, 4.43112E-10, 2.63174E-11, 2.54647E-11, 2.39341E-11, 5.82822E-08
11, 1.46377E-09, 1.88411E-09, 1.11969E-09, 4.40850E-10, 2.65334E-11, 2.57209E-11, 2.41210E-11, 5.61423E-08
12, 1.46410E-09, 1.87678E-09, 1.10891E-09, 4.39115E-10, 2.68488E-11, 2.59530E-11, 2.43478E-11, 5.39487E-08
13, 1.46443E-09, 1.86822E-09, 1.09803E-09, 4.36347E-10, 2.70677E-11, 2.61939E-11, 2.45321E-11, 5.24352E-08
14, 1.48019E-09, 1.85844E-09, 1.08718E-09, 4.32825E-10, 2.73531E-11, 2.64124E-11, 2.47373E-11, 5.04755E-08
15, 1.49500E-09, 1.84745E-09, 1.07644E-09, 4.28925E-10, 2.75634E-11, 2.66362E-11, 2.49110E-11, 4.92610E-08
16, 1.50689E-09, 1.83529E-09, 1.06583E-09, 4.24533E-10, 2.78208E-11, 2.68386E-11, 2.50950E-11, 4.73491E-08
17, 1.51615E-09, 1.82200E-09, 1.05534E-09, 4.19598E-10, 2.80152E-11, 2.70425E-11, 2.52528E-11, 4.62549E-08
18, 1.52308E-09, 1.80764E-09, 1.04495E-09, 4.14139E-10, 2.82440E-11, 2.72247E-11, 2.54158E-11, 4.43192E-08
19, 1.52801E-09, 1.79228E-09, 1.03461E-09, 4.08188E-10, 2.84235E-11, 2.74065E-11, 2.55617E-11, 4.32418E-08
20, 1.53121E-09, 1.77601E-09, 1.02430E-09, 4.01739E-10, 2.86287E-11, 2.75717E-11, 2.57110E-11, 4.12665E-08
21, 1.53299E-09, 1.75892E-09, 1.01398E-09, 3.94832E-10, 2.87975E-11, 2.77396E-11, 2.58459E-11, 4.01392E-08
22, 1.53358E-09, 1.74113E-09, 1.00364E-09, 3.87491E-10, 2.89841E-11, 2.78924E-11, 2.59836E-11, 3.81385E-08
23, 1.53322E-09, 1.72277E-09, 9.97010E-10, 3.79767E-10, 2.91410E-11, 2.80471E-11, 2.61060E-11, 3.69195E-08
24, 1.53211E-09, 1.70397E-09, 9.94038E-10, 3.71717E-10, 2.93104E-11, 2.81872E-11, 2.62315E-11, 3.49211E-08
25, 1.53041E-09, 1.68488E-09, 9.97481E-10, 3.63408E-10, 2.94584E-11, 2.83291E-11, 2.63432E-11, 3.35852E-08
26, 1.52824E-09, 1.66565E-09, 1.00209E-09, 3.54920E-10, 2.96168E-11, 2.84592E-11, 2.64563E-11, 3.16254E-08
27, 1.52572E-09, 1.64644E-09, 1.00549E-09, 3.46318E-10, 2.97576E-11, 2.85899E-11, 2.65561E-11, 3.01642E-08
28, 1.52291E-09, 1.62740E-09, 1.01115E-09, 3.37701E-10, 2.99029E-11, 2.87095E-11, 2.66575E-11, 2.82804E-08
29, 1.51987E-09, 1.60869E-09, 1.01971E-09, 3.29144E-10, 3.00331E-11, 2.88288E-11, 2.67475E-11, 2.66998E-08
30, 1.51662E-09, 1.59045E-09, 1.02686E-09, 3.20723E-10, 3.01668E-11, 2.89397E-11, 2.68386E-11, 2.57261E-08
31, 1.51319E-09, 1.57282E-09, 1.03273E-09, 3.12517E-10, 3.02857E-11, 2.90506E-11, 2.69213E-11, 2.38619E-08
32, 1.50955E-09, 1.55593E-09, 1.03740E-09, 3.10228E-10, 3.04087E-11, 2.91537E-11, 2.70053E-11, 2.34262E-08
33, 1.50572E-09, 1.53989E-09, 1.04098E-09, 3.11947E-10, 3.05149E-11, 2.92567E-11, 2.70809E-11, 2.16117E-08
34, 1.50167E-09, 1.52479E-09, 1.04355E-09, 3.13673E-10, 3.06276E-11, 2.93530E-11, 2.71558E-11, 2.09434E-08
35, 1.49739E-09, 1.51070E-09, 1.04518E-09, 3.15397E-10, 3.07246E-11, 2.94502E-11, 2.72229E-11, 1.92162E-08
36, 1.49285E-09, 1.49769E-09, 1.04593E-09, 3.17112E-10, 3.08258E-11, 2.95419E-11, 2.72909E-11, 1.83444E-08
37, 1.48804E-09, 1.48579E-09, 1.04587E-09, 3.18806E-10, 3.09146E-11, 2.96330E-11, 2.73542E-11, 1.67415E-08
38, 1.48296E-09, 1.47502E-09, 1.04506E-09, 3.20468E-10, 3.10078E-11, 2.97183E-11, 2.74182E-11, 1.57103E-08
39, 1.47761E-09, 1.46538E-09, 1.04355E-09, 3.22088E-10, 3.10875E-11, 2.98035E-11, 2.74752E-11, 1.42648E-08
40, 1.47198E-09, 1.45685E-09, 1.04138E-09, 3.23646E-10, 3.11720E-11, 2.98850E-11, 2.75326E-11, 1.31307E-08
41, 1.46609E-09, 1.44941E-09, 1.03863E-09, 3.25145E-10, 3.12417E-11, 2.99656E-11, 2.75850E-11, 1.18672E-08
42, 1.46354E-09, 1.44301E-09, 1.03533E-09, 3.26567E-10, 3.13165E-11, 3.00428E-11, 2.76369E-11, 1.06941E-08
43, 1.48860E-09, 1.43759E-09, 1.03871E-09, 3.27917E-10, 3.13789E-11, 3.01178E-11, 2.76854E-11, 9.62567E-09
44, 1.51172E-09, 1.43310E-09, 1.04497E-09, 3.29168E-10, 3.14453E-11, 3.01893E-11, 2.77342E-11, 8.47853E-09
45, 1.53259E-09, 1.42948E-09, 1.05033E-09, 3.30330E-10, 3.14996E-11, 3.02575E-11, 2.77805E-11, 7.60315E-09
46, 1.55100E-09, 1.42665E-09, 1.05465E-09, 3.31393E-10, 3.15578E-11, 3.03226E-11, 2.78269E-11, 6.68286E-09
47, 1.56676E-09, 1.42456E-09, 1.05781E-09, 3.32365E-10, 3.16080E-11, 3.03851E-11, 2.78711E-11, 6.52348E-09
48, 1.57979E-09, 1.42313E-09, 1.05966E-09, 3.33234E-10, 3.16616E-11, 3.04457E-11, 2.79159E-11, 6.39355E-09
49, 1.59003E-09, 1.42231E-09, 1.06006E-09, 3.33999E-10, 3.17064E-11, 3.05048E-11, 2.79579E-11, 5.95937E-09
50, 1.59753E-09, 1.42203E-09, 1.05890E-09, 3.34662E-10, 3.17540E-11, 3.05617E-11, 2.80008E-11, 6.01038E-09
51, 1.60238E-09, 1.42225E-09, 1.05603E-09, 3.35224E-10, 3.17943E-11, 3.06154E-11, 2.80421E-11, 5.29777E-09
52, 1.60472E-09, 1.42289E-09, 1.05134E-09, 3.35676E-10, 3.18382E-11, 3.06682E-11, 2.80845E-11, 5.54901E-09
53, 1.60476E-09, 1.42393E-09, 1.04476E-09, 3.45123E-10, 3.18743E-11, 3.07186E-11, 2.81262E-11, 4.57552E-09
54, 1.60272E-09, 1.42530E-09, 1.03620E-09, 3.57149E-10, 3.19147E-11, 3.07677E-11, 2.81695E-11, 5.03108E-09
55, 1.59887E-09, 1.42698E-09, 1.02564E-09, 3.67640E-10, 3.19481E-11, 3.08161E-11, 2.82112E-11, 3.82976E-09
56, 1.59348E-09, 1.42891E-09, 1.01308E-09, 3.76434E-10, 3.19858E-11, 3.08643E-11, 2.82530E-11, 4.48115E-09
57, 1.58684E-09, 1.43105E-09, 9.98599E-10, 3.83240E-10, 3.20163E-11, 3.09108E-11, 2.82937E-11, 3.14184E-09
58, 1.57925E-09, 1.43338E-09, 9.86150E-10, 3.87931E-10, 3.20543E-11, 3.09564E-11, 2.83337E-11, 3.92857E-09
59, 1.57097E-09, 1.43584E-09, 9.85241E-10, 3.90314E-10, 3.20845E-11, 3.09991E-11, 2.83723E-11, 2.96379E-09
60, 1.56229E-09, 1.43840E-09, 9.83152E-10, 3.90365E-10, 3.21208E-11, 3.10409E-11, 2.84113E-11, 3.39494E-09
61, 1.55344E-09, 1.44103E-09, 9.79837E-10, 3.88016E-10, 3.21532E-11, 3.10807E-11, 2.84498E-11, 2.73703E-09
62, 1.54465E-09, 1.44368E-09, 9.75272E-10, 3.83345E-10, 3.21910E-11, 3.11191E-11, 2.84878E-11, 2.89787E-09
63, 1.53611E-09, 1.44632E-09, 9.69438E-10, 3.76454E-10, 3.22268E-11, 3.11559E-11, 2.85246E-11, 2.47685E-09
64, 1.52800E-09, 1.44891E-09, 9.62331E-10, 3.67528E-10, 3.22658E-11, 3.11903E-11, 2.85602E-11, 2.44383E-09
65, 1.52046E-09, 1.45143E-09, 9.53961E-10, 3.56787E-10, 3.23030E-11, 3.12232E-11, 2.85952E-11, 2.19484E-09
66, 1.51358E-09, 1.45383E-09, 9.44354E-10, 3.44521E-10, 3.23423E-11, 3.12540E-11, 2.86291E-11, 2.09339E-09
67, 1.52276E-09, 1.45609E-09, 9.33543E-10, 3.40418E-10, 3.23829E-11, 3.12831E-11, 2.86620E-11, 1.90129E-09
68, 1.54226E-09, 1.45819E-09, 9.21579E-10, 3.42197E-10, 3.24256E-11, 3.13099E-11, 2.86952E-11, 1.96614E-09
69, 1.56062E-09, 1.46009E-09, 9.08528E-10, 3.43959E-10, 3.24732E-11, 3.13352E-11, 2.87271E-11, 1.79891E-09
70, 1.57769E-09, 1.46178E-09, 9.08455E-10, 3.45691E-10, 3.25193E-11, 3.13605E-11, 2.87574E-11, 1.79359E-09
71, 1.59339E-09, 1.46324E-09, 9.14400E-10, 3.47379E-10, 3.25693E-11, 3.13834E-11, 2.87869E-11, 1.71933E-09
72, 1.60777E-09, 1.46445E-09, 9.19712E-10, 3.49014E-10, 3.26194E-11, 3.14061E-11, 2.88166E-11, 1.58545E-09
73, 1.62094E-09, 1.46540E-09, 9.24385E-10, 3.50591E-10, 3.26749E-11, 3.14271E-11, 2.88461E-11, 1.59514E-09
74, 1.63311E-09, 1.46610E-09, 9.28410E-10, 3.52092E-10, 3.27319E-11, 3.14455E-11, 2.88749E-11, 1.35467E-09
75, 1.64457E-09, 1.46652E-09, 9.31788E-10, 3.53511E-10, 3.27909E-11, 3.14619E-11, 2.89030E-11, 1.43660E-09
76, 1.65562E-09, 1.46666E-09, 9.34518E-10, 3.54845E-10, 3.28501E-11, 3.14771E-11, 2.89311E-11, 1.11364E-09
77, 1.66661E-09, 1.46653E-09, 9.36609E-10, 3.56092E-10, 3.29132E-11, 3.14923E-11, 2.89584E-11, 1.25241E-09
78, 1.67787E-09, 1.46613E-09, 9.38072E-10, 3.57243E-10, 3.29778E-11, 3.15047E-11, 2.89857E-11, 9.30845E-10
79, 1.68971E-09, 1.46545E-09, 9.38922E-10, 3.58297E-10, 3.30448E-11, 3.15157E-11, 2.90118E-11, 1.05815E-09
80, 1.70237E-09, 1.46450E-09, 9.39183E-10, 3.59270E-10, 3.31133E-11, 3.15256E-11, 2.90381E-11, 8.78056E-10
81, 1.71602E-09, 1.46800E-09, 9.38880E-10, 3.60160E-10, 3.31839E-11, 3.15347E-11, 2.90634E-11, 8.70031E-10
82, 1.73076E-09, 1.47211E-09, 9.38046E-10, 3.60979E-10, 3.32563E-11, 3.15420E-11, 2.90893E-11, 8.04036E-10
83, 1.74657E-09, 1.47508E-09, 9.36715E-10, 3.61738E-10, 3.33309E-11, 3.15478E-11, 2.91149E-11, 7.30251E-10
84, 1.76339E-09, 1.47710E-09, 9.34931E-10, 3.62458E-10, 3.34084E-11, 3.15525E-11, 2.91394E-11, 7.31280E-10
85, 1.78104E-09, 1.47828E-09, 9.32737E-10, 3.63152E-10, 3.34877E-11, 3.15555E-11, 2.91640E-11, 7.45139E-10
86, 1.79930E-09, 1.47868E-09, 9.30182E-10, 3.63835E-10, 3.35682E-11, 3.15562E-11, 2.91882E-11, 7.23527E-10
87, 1.81794E-09, 1.47832E-09, 9.27320E-10, 3.64531E-10, 3.36498E-11, 3.15556E-11, 2.92129E-11, 6.70218E-10
88, 1.83667E-09, 1.47711E-09, 9.24208E-10, 3.65247E-10, 3.37325E-11, 3.15538E-11, 2.92383E-11, 6.48186E-10
89, 1.85523E-09, 1.47498E-09, 9.20896E-10, 3.66001E-10, 3.38161E-11, 3.15525E-11, 2.92637E-11, 6.53341E-10
90, 1.87337E-09, 1.47180E-09, 9.25977E-10, 3.66803E-10, 3.39010E-11, 3.15509E-11, 2.92886E-11, 6.49352E-10
91, 1.89088E-09, 1.46743E-09, 9.31605E-10, 3.68834E-10, 3.39859E-11, 3.15487E-11, 2.93132E-11, 6.35313E-10
92, 1.90758E-09, 1.46174E-09, 9.36281E-10, 3.71767E-10, 3.40728E-11, 3.15473E-11, 2.93369E-11, 6.15767E-10
93, 1.92336E-09, 1.45461E-09, 9.40044E-10, 3.74207E-10, 3.41611E-11, 3.15447E-11, 2.93604E-11, 5.91650E-10
94, 1.93813E-09, 1.44595E-09, 9.42934E-10, 3.76147E-10, 3.42508E-11, 3.15415E-11, 2.93847E-11, 5.68543E-10
95, 1.95184E-09, 1.43570E-09, 9.45012E-10, 3.77572E-10, 3.43406E-11, 3.15374E-11, 2.94096E-11, 6.01255E-10
96, 1.96450E-09, 1.42382E-09, 9.46339E-10, 3.78490E-10, 3.44308E-11, 3.15317E-11, 2.94354E-11, 6.11510E-10
97, 1.97611E-09, 1.41158E-09, 9.46985E-10, 3.78898E-10, 3.45230E-11, 3.15255E-11, 2.94602E-11, 6.02358E-10
98, 1.98672E-09, 1.40668E-09, 9.49003E-10, 3.78798E-10, 3.46173E-11, 3.15187E-11, 2.94841E-11, 5.78445E-10
99, 1.99638E-09, 1.40164E-09, 9.56002E-10, 3.78206E-10, 3.47132E-11, 3.15102E-11, 2.95076E-11, 5.43320E-10
100, 2.00512E-09, 1.39648E-09, 9.62767E-10, 3.77414E-10, 3.48110E-11, 3.15013E-11, 2.95317E-11, 5.28786E-10
101, 2.01299E-09, 1.39121E-09, 9.69282E-10, 3.78621E-10, 3.49104E-11, 3.14904E-11, 2.95557E-11, 5.16578E-10
102, 2.02002E-09, 1.38585E-09, 9.75525E-10, 3.79830E-10, 3.50107E-11, 3.14772E-11, 2.95796E-11, 4.92925E-10
103, 2.02624E-09, 1.38042E-09, 9.81479E-10, 3.81050E-10, 3.51119E-11, 3.14649E-11, 2.96043E-11, 4.95139E-10
104, 2.03166E-09, 1.37492E-09, 9.87126E-10, 3.82265E-10, 3.52178E-11, 3.14536E-11, 2.96289E-11, 4.96808E-10
105, 2.03628E-09, 1.36937E-09, 9.92449E-10, 3.83484E-10, 3.53264E-11, 3.14429E-11, 2.96517E-11, 4.98385E-10
106, 2.04011E-09, 1.36380E-09, 9.97432E-10, 3.84696E-10, 3.54347E-11, 3.14321E-11, 2.96738E-11, 4.98810E-10
107, 2.04314E-09, 1.35821E-09, 1.00206E-09, 3.85906E-10, 3.55437E-11, 3.14199E-11, 2.96956E-11, 4.98694E-10
108, 2.04537E-09, 1.35261E-09, 1.00633E-09, 3.87102E-10, 3.56539E-11, 3.14058E-11, 2.97175E-11, 4.97896E-10
109, 2.04680E-09, 1.34703E-09, 1.01021E-09, 3.88283E-10, 3.57648E-11, 3.13904E-11, 2.97399E-11, 4.96980E-10
110, 2.04743E-09, 1.34146E-09, 1.01371E-09, 3.89436E-10, 3.58763E-11, 3.13737E-11, 2.97628E-11, 4.95353E-10
111, 2.04726E-09, 1.33593E-09, 1.01681E-09, 3.90555E-10, 3.59893E-11, 3.13569E-11, 2.97854E-11, 4.92904E-10
112, 2.04633E-09, 1.33043E-09, 1.01951E-09, 3.91635E-10, 3.61041E-11, 3.13391E-11, 2.98081E-11, 4.90898E-10
113, 2.04464E-09, 1.32498E-09, 1.02181E-09, 3.92656E-10, 3.62216E-11, 3.13192E-11, 2.98315E-11, 4.99887E-10
114, 2.04224E-09, 1.31958E-09, 1.02372E-09, 3.93613E-10, 3.63391E-11, 3.12967E-11, 2.98541E-11, 5.09878E-10
115, 2.03914E-09, 1.31423E-09, 1.02523E-09, 3.94494E-10, 3.64556E-11, 3.12724E-11, 2.98762E-11, 5.07406E-10
116, 2.03540E-09, 1.30893E-09, 1.02635E-09, 3.95296E-10, 3.65727E-11, 3.12485E-11, 2.98980E-11, 5.00742E-10
117, 2.03104E-09, 1.30368E-09, 1.02874E-09, 3.96013E-10, 3.66895E-11, 3.12226E-11, 2.99202E-11, 5.24871E-10
118, 2.02610E-09, 1.29848E-09, 1.03536E-09, 3.96635E-10, 3.68062E-11, 3.11958E-11, 2.99420E-11, 5.37208E-10
119, 2.02062E-09, 1.29333E-09, 1.04168E-09, 3.97169E-10, 3.69227E-11, 3.11674E-11, 2.99635E-11, 5.38204E-10
120, 2.01463E-09, 1.28821E-09, 1.04768E-09, 3.97616E-10, 3.70392E-11, 3.11367E-11, 2.99847E-11, 5.30130E-10
121, 2.00814E-09, 1.28311E-09, 1.05334E-09, 3.97995E-10, 3.71565E-11, 3.11059E-11, 3.00063E-11, 5.13481E-10
122, 2.00119E-09, 1.28295E-09, 1.05863E-09, 3.98287E-10, 3.72738E-11, 3.10744E-11, 3.00282E-11, 4.89962E-10
123, 1.99377E-09, 1.28491E-09, 1.06354E-09, 3.98527E-10, 3.73911E-11, 3.10417E-11, 3.00493E-11, 4.62269E-10
124, 1.98590E-09, 1.28694E-09, 1.06805E-09, 3.98717E-10, 3.75069E-11, 3.10072E-11, 3.00688E-11, 4.55001E-10
125, 1.97757E-09, 1.28903E-09, 1.07215E-09, 3.98871E-10, 3.76229E-11, 3.09712E-11, 3.00879E-11, 4.74315E-10
126, 1.96877E-09, 1.29118E-09, 1.07582E-09, 3.99019E-10, 3.77379E-11, 3.09356E-11, 3.01063E-11, 5.08238E-10
127, 1.95950E-09, 1.29336E-09, 1.07905E-09, 3.99153E-10, 3.78538E-11, 3.09006E-11, 3.01234E-11, 5.35171E-10
128, 1.94971E-09, 1.29558E-09, 1.08182E-09, 3.99305E-10, 3.79686E-11, 3.08659E-11, 3.01395E-11, 5.55075E-10
129, 1.93940E-09, 1.29782E-09, 1.08413E-09, 3.99491E-10, 3.80839E-11, 3.08316E-11, 3.01548E-11, 5.66750E-10
130, 1.92852E-09, 1.30008E-09, 1.08597E-09, 3.99707E-10, 3.81994E-11, 3.07973E-11, 3.01692E-11, 5.70898E-10
131, 1.91704E-09, 1.30233E-09, 1.08733E-09, 3.99975E-10, 3.83149E-11, 3.07632E-11, 3.01830E-11, 5.64563E-10
132, 1.90491E-09, 1.30456E-09, 1.08822E-09, 4.00302E-10, 3.84301E-11, 3.07287E-11, 3.01951E-11, 5.64811E-10
133, 1.90043E-09, 1.30676E-09, 1.08864E-09, 4.00691E-10, 3.85450E-11, 3.06944E-11, 3.02062E-11, 5.88326E-10
134, 1.90413E-09, 1.30892E-09, 1.08858E-09, 4.01147E-10, 3.86590E-11, 3.06615E-11, 3.02162E-11, 6.08925E-10
135, 1.90722E-09, 1.31102E-09, 1.08806E-09, 4.01671E-10, 3.87716E-11, 3.06287E-11, 3.02258E-11, 6.28315E-10
136, 1.90969E-09, 1.31306E-09, 1.08709E-09, 4.02242E-10, 3.88821E-11, 3.05948E-11, 3.02342E-11, 6.45050E-10
137, 1.91153E-09, 1.31501E-09, 1.08569E-09, 4.02869E-10, 3.89913E-11, 3.05608E-11, 3.02409E-11, 6.94227E-10
138, 1.91276E-09, 1.31686E-09, 1.08388E-09, 4.03526E-10, 3.91000E-11, 3.05278E-11, 3.02459E-11, 7.44693E-10
139, 1.91338E-09, 1.31860E-09, 1.08167E-09, 4.04205E-10, 3.92081E-11, 3.04957E-11, 3.02506E-11, 7.92926E-10
140, 1.91338E-09, 1.32022E-09, 1.07909E-09, 4.04880E-10, 3.93168E-11, 3.04647E-11, 3.02550E-11, 8.38824E-10
141, 1.91278E-09, 1.32171E-09, 1.07616E-09, 4.05536E-10, 3.94261E-11, 3.04339E-11, 3.02585E-11, 8.82212E-10
142, 1.91159E-09, 1.32305E-09, 1.07292E-09, 4.06135E-10, 3.95337E-11, 3.04037E-11, 3.02619E-11, 9.21700E-10
143, 1.90981E-09, 1.32424E-09, 1.06939E-09, 4.06668E-10, 3.96381E-11, 3.03752E-11, 3.02663E-11, 9.58044E-10
144, 1.90745E-09, 1.32526E-09, 1.06561E-09, 4.07096E-10, 3.97416E-11, 3.03483E-11, 3.02706E-11, 9.89208E-10
145, 1.90452E-09, 1.32611E-09, 1.06160E-09, 4.07406E-10, 3.98443E-11, 3.03218E-11, 3.02742E-11, 1.01631E-09
146, 1.90103E-09, 1.32678E-09, 1.05740E-09, 4.07554E-10, 3.99452E-11, 3.02951E-11, 3.02771E-11, 1.03923E-09
147, 1.89698E-09, 1.32726E-09, 1.05302E-09, 4.07526E-10, 4.00439E-11, 3.02686E-11, 3.02801E-11, 1.05647E-09
148, 1.89240E-09, 1.32755E-09, 1.04851E-09, 4.07312E-10, 4.01403E-11, 3.02419E-11, 3.02833E-11, 1.06873E-09
149, 1.88728E-09, 1.32765E-09, 1.04389E-09, 4.06879E-10, 4.02351E-11, 3.02149E-11, 3.02867E-11, 1.07605E-09
150, 1.88163E-09, 1.32754E-09, 1.03918E-09, 4.06218E-10, 4.03269E-11, 3.01891E-11, 3.02898E-11, 1.07710E-09
151, 1.87547E-09, 1.32724E-09, 1.04005E-09, 4.05334E-10, 4.04171E-11, 3.01631E-11, 3.02927E-11, 1.07402E-09
152, 1.86879E-09, 1.32673E-09, 1.04449E-09, 4.04213E-10, 4.05048E-11, 3.01388E-11, 3.02950E-11, 1.06508E-09
153, 1.86161E-09, 1.32602E-09, 1.04862E-09, 4.02864E-10, 4.05906E-11, 3.01153E-11, 3.02974E-11, 1.05171E-09
154, 1.85392E-09, 1.32511E-09, 1.05240E-09, 4.01305E-10, 4.06760E-11, 3.00924E-11, 3.03002E-11, 1.03258E-09
155, 1.84575E-09, 1.32399E-09, 1.05583E-09, 3.99545E-10, 4.07602E-11, 3.00717E-11, 3.03031E-11, 1.00916E-09
156, 1.83709E-09, 1.32268E-09, 1.05889E-09, 3.97612E-10, 4.08439E-11, 3.00520E-11, 3.03062E-11, 9.81112E-10
157, 1.82794E-09, 1.32118E-09, 1.06156E-09, 3.95535E-10, 4.09254E-11, 3.00335E-11, 3.03097E-11, 9.48387E-10
158, 1.82721E-09, 1.31948E-09, 1.06385E-09, 3.93353E-10, 4.10045E-11, 3.00164E-11, 3.03134E-11, 9.12583E-10
159, 1.83772E-09, 1.31760E-09, 1.06573E-09, 3.91093E-10, 4.10798E-11, 3.00009E-11, 3.03169E-11, 8.72300E-10
160, 1.84849E-09, 1.31554E-09, 1.06719E-09, 3.88809E-10, 4.11514E-11, 2.99840E-11, 3.03204E-11, 8.28999E-10
161, 1.85950E-09, 1.31330E-09, 1.06824E-09, 3.86534E-10, 4.12209E-11, 2.99663E-11, 3.03248E-11, 7.82517E-10
162, 1.87072E-09, 1.31089E-09, 1.06886E-09, 3.84318E-10, 4.12889E-11, 2.99497E-11, 3.03291E-11, 7.33827E-10
163, 1.88209E-09, 1.30832E-09, 1.06905E-09, 3.82203E-10, 4.13549E-11, 2.99335E-11, 3.03328E-11, 7.55218E-10
164, 1.89357E-09, 1.30559E-09, 1.06880E-09, 3.80214E-10, 4.14179E-11, 2.99164E-11, 3.03362E-11, 7.81467E-10
165, 1.90511E-09, 1.30271E-09, 1.06812E-09, 3.78416E-10, 4.14777E-11, 2.98982E-11, 3.03398E-11, 8.04525E-10
166, 1.91666E-09, 1.29969E-09, 1.06701E-09, 3.76812E-10, 4.15355E-11, 2.98795E-11, 3.03432E-11, 8.49770E-10
167, 1.92815E-09, 1.29653E-09, 1.06546E-09, 3.75443E-10, 4.15916E-11, 2.98610E-11, 3.03458E-11, 8.96018E-10
168, 1.93953E-09, 1.29323E-09, 1.06349E-09, 3.74316E-10, 4.16461E-11, 2.98426E-11, 3.03471E-11, 9.35606E-10
169, 1.95073E-09, 1.28982E-09, 1.06110E-09, 3.73451E-10, 4.16993E-11, 2.98225E-11, 3.03482E-11, 9.88481E-10
170, 1.96168E-09, 1.28628E-09, 1.05829E-09, 3.72852E-10, 4.17524E-11, 2.98013E-11, 3.03489E-11, 1.04222E-09
171, 1.97233E-09, 1.28263E-09, 1.05507E-09, 3.72503E-10, 4.18051E-11, 2.97799E-11, 3.03491E-11, 1.08908E-09
172, 1.98260E-09, 1.27888E-09, 1.05146E-09, 3.72404E-10, 4.18574E-11, 2.97578E-11, 3.03486E-11, 1.12915E-09
173, 1.99244E-09, 1.27503E-09, 1.04746E-09, 3.72542E-10, 4.19088E-11, 2.97368E-11, 3.03484E-11, 1.16103E-09
174, 2.00179E-09, 1.27108E-09, 1.04310E-09, 3.72885E-10, 4.19614E-11, 2.97154E-11, 3.03481E-11, 1.18561E-09
175, 2.01060E-09, 1.26704E-09, 1.03837E-09, 3.73409E-10, 4.20137E-11, 2.96931E-11, 3.03469E-11, 1.20309E-09
176, 2.01881E-09, 1.26292E-09, 1.03331E-09, 3.74097E-10, 4.20661E-11, 2.96700E-11, 3.03450E-11, 1.21268E-09
177, 2.02639E-09, 1.25871E-09, 1.02793E-09, 3.74903E-10, 4.21176E-11, 2.96454E-11, 3.03441E-11, 1.21507E-09
178, 2.03331E-09, 1.25444E-09, 1.02225E-09, 3.75809E-10, 4.21674E-11, 2.96197E-11, 3.03436E-11, 1.21019E-09
179, 2.03953E-09, 1.25009E-09, 1.01628E-09, 3.76771E-10, 4.22173E-11, 2.95940E-11, 3.03427E-11, 1.19968E-09
180, 2.04504E-09, 1.24568E-09, 1.01005E-09, 3.77768E-10, 4.22679E-11, 2.95688E-11, 3.03418E-11, 1.18195E-09
181, 2.04983E-09, 1.24120E-09, 1.00359E-09, 3.78764E-10, 4.23173E-11, 2.95428E-11, 3.03414E-11, 1.15976E-09
182, 2.05390E-09, 1.23667E-09, 9.96903E-10, 3.79735E-10, 4.23670E-11, 2.95166E-11, 3.03407E-11, 1.13167E-09
183, 2.05726E-09, 1.23208E-09, 9.90028E-10, 3.80662E-10, 4.24156E-11, 2.94899E-11, 3.03404E-11, 1.10020E-09
184, 2.05991E-09, 1.22744E-09, 9.83093E-10, 3.81520E-10, 4.24630E-11, 2.94621E-11, 3.03408E-11, 1.06393E-09
185, 2.06190E-09, 1.22275E-09, 9.78889E-10, 3.82292E-10, 4.25101E-11, 2.94331E-11, 3.03414E-11, 1.02480E-09
186, 2.06325E-09, 1.21802E-09, 9.74389E-10, 3.82952E-10, 4.25578E-11, 2.94035E-11, 3.03415E-11, 9.83096E-10
187, 2.06399E-09, 1.21818E-09, 9.69608E-10, 3.83508E-10, 4.26046E-11, 2.93731E-11, 3.03416E-11, 9.38806E-10
188, 2.06417E-09, 1.21825E-09, 9.70539E-10, 3.83920E-10, 4.26489E-11, 2.93424E-11, 3.03419E-11, 9.08745E-10
189, 2.06383E-09, 1.21689E-09, 9.73725E-10, 3.84197E-10, 4.26923E-11, 2.93122E-11, 3.03422E-11, 9.08533E-10
190, 2.06302E-09, 1.21418E-09, 9.76727E-10, 3.84325E-10, 4.27357E-11, 2.92828E-11, 3.03429E-11, 9.04295E-10
191, 2.06181E-09, 1.21024E-09, 9.79527E-10, 3.84297E-10, 4.27767E-11, 2.92550E-11, 3.03430E-11, 8.93761E-10
192, 2.06023E-09, 1.20520E-09, 9.82113E-10, 3.84088E-10, 4.28150E-11, 2.92288E-11, 3.03427E-11, 8.78264E-10
193, 2.05835E-09, 1.19917E-09, 9.84469E-10, 3.83701E-10, 4.28503E-11, 2.92025E-11, 3.03416E-11, 8.59474E-10
194, 2.05622E-09, 1.19228E-09, 9.86583E-10, 3.83128E-10, 4.28843E-11, 2.91765E-11, 3.03407E-11, 8.31194E-10
195, 2.05390E-09, 1.18467E-09, 9.88443E-10, 3.82338E-10, 4.29165E-11, 2.91500E-11, 3.03410E-11, 8.01302E-10
196, 2.05143E-09, 1.17644E-09, 9.90037E-10, 3.81330E-10, 4.29479E-11, 2.91242E-11, 3.03411E-11, 7.63687E-10
197, 2.04888E-09, 1.16773E-09, 9.91359E-10, 3.80089E-10, 4.29775E-11, 2.90996E-11, 3.03422E-11, 7.71606E-10
198, 2.04628E-09, 1.16460E-09, 9.92397E-10, 3.78597E-10, 4.30053E-11, 2.90756E-11, 3.03435E-11, 7.74982E-10
199, 2.04368E-09, 1.16217E-09, 9.93145E-10, 3.76839E-10, 4.30323E-11, 2.90521E-11, 3.03449E-11, 7.71767E-10
200, 2.04113E-09, 1.15964E-09, 9.93598E-10, 3.74804E-10, 4.30585E-11, 2.90294E-11, 3.03463E-11, 7.60905E-10
201, 2.03866E-09, 1.15701E-09, 9.93750E-10, 3.72474E-10, 4.30826E-11, 2.90076E-11, 3.03480E-11, 7.43589E-10
202, 2.03631E-09, 1.15429E-09, 9.93599E-10, 3.69842E-10, 4.31055E-11, 2.89858E-11, 3.03501E-11, 7.18670E-10
203, 2.03411E-09, 1.15147E-09, 9.93142E-10, 3.66894E-10, 4.31270E-11, 2.89637E-11, 3.03529E-11, 6.87756E-10
204, 2.03209E-09, 1.14855E-09, 9.92384E-10, 3.63626E-10, 4.31474E-11, 2.89421E-11, 3.03553E-11, 6.74593E-10
205, 2.03026E-09, 1.14554E-09, 9.91321E-10, 3.60043E-10, 4.31665E-11, 2.89210E-11, 3.03581E-11, 6.66380E-10
206, 2.02865E-09, 1.14244E-09, 9.89960E-10, 3.56135E-10, 4.31854E-11, 2.88991E-11, 3.03615E-11, 6.55607E-10
207, 2.02726E-09, 1.13925E-09, 9.88304E-10, 3.51910E-10, 4.32028E-11, 2.88765E-11, 3.03645E-11, 6.45305E-10
208, 2.02611E-09, 1.13596E-09, 9.86362E-10, 3.47374E-10, 4.32199E-11, 2.88537E-11, 3.03680E-11, 6.34222E-10
209, 2.02519E-09, 1.13259E-09, 9.84142E-10, 3.42538E-10, 4.32353E-11, 2.88305E-11, 3.03716E-11, 6.22650E-10
210, 2.02968E-09, 1.12914E-09, 9.81654E-10, 3.37421E-10, 4.32498E-11, 2.88075E-11, 3.03756E-11, 6.10688E-10
211, 2.06231E-09, 1.12561E-09, 9.78906E-10, 3.32033E-10, 4.32636E-11, 2.87858E-11, 3.03805E-11, 6.13763E-10
212, 2.09277E-09, 1.12200E-09, 9.75916E-10, 3.26395E-10, 4.32761E-11, 2.87646E-11, 3.03852E-11, 6.50042E-10
213, 2.12108E-09, 1.11832E-09, 9.72693E-10, 3.20523E-10, 4.32888E-11, 2.87439E-11, 3.03895E-11, 6.84469E-10
214, 2.14727E-09, 1.11458E-09, 9.69256E-10, 3.14455E-10, 4.33026E-11, 2.87233E-11, 3.03943E-11, 7.14880E-10
215, 2.17138E-09, 1.11078E-09, 9.65618E-10, 3.08192E-10, 4.33146E-11, 2.87020E-11, 3.03993E-11, 7.45377E-10
216, 2.19348E-09, 1.10692E-09, 9.61797E-10, 3.01766E-10, 4.33263E-11, 2.86800E-11, 3.04046E-11, 7.72109E-10
217, 2.21363E-09, 1.10301E-09, 9.57809E-10, 2.95195E-10, 4.33365E-11, 2.86573E-11, 3.04115E-11, 7.96938E-10
218, 2.23191E-09, 1.10186E-09, 9.53674E-10, 2.88508E-10, 4.33455E-11, 2.86335E-11, 3.04193E-11, 8.18324E-10
219, 2.24839E-09, 1.10111E-09, 9.49408E-10, 2.83557E-10, 4.33517E-11, 2.86096E-11, 3.04275E-11, 8.38474E-10
220, 2.26314E-09, 1.10036E-09, 9.45031E-10, 2.84507E-10, 4.33576E-11, 2.85859E-11, 3.04358E-11, 8.56972E-10
221, 2.27625E-09, 1.09960E-09, 9.40561E-10, 2.85450E-10, 4.33624E-11, 2.85621E-11, 3.04454E-11, 8.71327E-10
222, 2.28780E-09, 1.09884E-09, 9.36017E-10, 2.86384E-10, 4.33666E-11, 2.85377E-11, 3.04557E-11, 8.85695E-10
223, 2.29786E-09, 1.09808E-09, 9.31416E-10, 2.87310E-10, 4.33700E-11, 2.85136E-11, 3.04666E-11, 8.96845E-10
224, 2.30652E-09, 1.09731E-09, 9.26778E-10, 2.88217E-10, 4.33715E-11, 2.84905E-11, 3.04783E-11, 9.07490E-10
225, 2.31383E-09, 1.09654E-09, 9.22120E-10, 2.89112E-10, 4.33739E-11, 2.84670E-11, 3.04906E-11, 9.14670E-10
226, 2.31987E-09, 1.09577E-09, 9.17460E-10, 2.89981E-10, 4.33750E-11, 2.84426E-11, 3.05041E-11, 9.22421E-10
227, 2.32472E-09, 1.09499E-09, 9.12815E-10, 2.90833E-10, 4.33762E-11, 2.84174E-11, 3.05184E-11, 9.26254E-10
228, 2.32841E-09, 1.09421E-09, 9.08201E-10, 2.91656E-10, 4.33778E-11, 2.83916E-11, 3.05339E-11, 9.30762E-10
229, 2.33102E-09, 1.09342E-09, 9.04962E-10, 2.92455E-10, 4.33795E-11, 2.83656E-11, 3.05499E-11, 9.31712E-10
230, 2.33260E-09, 1.09263E-09, 9.04365E-10, 2.93223E-10, 4.33786E-11, 2.83396E-11, 3.05674E-11, 9.32275E-10
231, 2.33319E-09, 1.09183E-09, 9.03072E-10, 2.93966E-10, 4.33773E-11, 2.83142E-11, 3.05856E-11, 9.31108E-10
232, 2.33285E-09, 1.09103E-09, 9.01112E-10, 2.94667E-10, 4.33752E-11, 2.82894E-11, 3.06048E-11, 9.28297E-10
233, 2.33160E-09, 1.09021E-09, 8.98530E-10, 2.95341E-10, 4.33724E-11, 2.82654E-11, 3.06248E-11, 9.23205E-10
234, 2.32950E-09, 1.08939E-09, 8.95390E-10, 2.95972E-10, 4.33689E-11, 2.82421E-11, 3.06451E-11, 9.17046E-10
235, 2.32658E-09, 1.08856E-09, 8.91770E-10, 2.96568E-10, 4.33635E-11, 2.82191E-11, 3.06666E-11, 9.09485E-10
236, 2.32288E-09, 1.08771E-09, 8.93833E-10, 2.97118E-10, 4.33577E-11, 2.81970E-11, 3.06888E-11, 9.18580E-10
237, 2.31842E-09, 1.08685E-09, 8.96575E-10, 2.97630E-10, 4.33497E-11, 2.81748E-11, 3.07112E-11, 9.83945E-10
238, 2.31323E-09, 1.08598E-09, 8.99077E-10, 2.98094E-10, 4.33419E-11, 2.81529E-11, 3.07339E-11, 1.03353E-09
239, 2.30735E-09, 1.08509E-09, 9.01331E-10, 2.98510E-10, 4.33328E-11, 2.81321E-11, 3.07567E-11, 1.05618E-09
240, 2.30079E-09, 1.08419E-09, 9.03336E-10, 3.03801E-10, 4.33228E-11, 2.81121E-11, 3.07798E-11, 1.05924E-09
241, 2.29360E-09, 1.08326E-09, 9.05087E-10, 3.10857E-10, 4.33132E-11, 2.80924E-11, 3.08035E-11, 1.03790E-09
242, 2.28578E-09, 1.08232E-09, 9.06583E-10, 3.17591E-10, 4.33016E-11, 2.80741E-11, 3.08272E-11, 9.95394E-10
243, 2.27737E-09, 1.08137E-09, 9.07827E-10, 3.23863E-10, 4.32892E-11, 2.80569E-11, 3.08510E-11, 9.32001E-10
244, 2.26839E-09, 1.08039E-09, 9.08818E-10, 3.29555E-10, 4.32761E-11, 2.80403E-11, 3.08747E-11, 8.50581E-10
245, 2.25886E-09, 1.07939E-09, 9.09563E-10, 3.34569E-10, 4.32609E-11, 2.80239E-11, 3.08983E-11, 8.19854E-10
246, 2.24880E-09, 1.07837E-09, 9.10064E-10, 3.38825E-10, 4.32467E-11, 2.80077E-11, 3.09226E-11, 8.19603E-10
247, 2.23824E-09, 1.07733E-09, 9.10330E-10, 3.42269E-10, 4.32324E-11, 2.79917E-11, 3.09472E-11, 8.41127E-10
248, 2.22720E-09, 1.07627E-09, 9.10365E-10, 3.44871E-10, 4.32167E-11, 2.79764E-11, 3.09718E-11, 8.60737E-10
249, 2.21569E-09, 1.07518E-09, 9.10180E-10, 3.46625E-10, 4.31998E-11, 2.79617E-11, 3.09973E-11, 8.79142E-10
250, 2.20374E-09, 1.07408E-09, 9.09782E-10, 3.47530E-10, 4.31822E-11, 2.79473E-11, 3.10240E-11, 8.92712E-10
