time_step, rel_err_u, rel_err_v, rel_err_w, rel_err_p
0, 0.00000E+00, 0.00000E+00, 0.00000E+00, 0.00000E+00
1, 2.38167E-04, 1.44557E-04, 1.04984E-04, 3.27008E-03
2, 2.33719E-04, 1.52425E-04, 1.00400E-04, 3.03152E-03
3, 2.35597E-04, 1.58702E-04, 9.41613E-05, 5.06045E-04
4, 2.34575E-04, 1.63610E-04, 8.79958E-05, 8.20715E-04
5, 2.32481E-04, 1.66338E-04, 8.73244E-05, 9.25505E-04
6, 2.31016E-04, 1.67415E-04, 8.73249E-05, 7.33043E-04
7, 2.30835E-04, 1.67390E-04, 8.56718E-05, 5.47584E-04
8, 2.35204E-04, 1.66711E-04, 8.27688E-05, 4.68229E-04
9, 2.41567E-04, 1.65720E-04, 8.37782E-05, 4.03624E-04
10, 2.47655E-04, 1.64664E-04, 8.56785E-05, 3.84020E-04
11, 2.53184E-04, 1.63708E-04, 8.71655E-05, 3.34724E-04
12, 2.57913E-04, 1.62932E-04, 8.80322E-05, 2.71705E-04
13, 2.61680E-04, 1.62348E-04, 8.82867E-05, 2.45283E-04
14, 2.64458E-04, 1.62308E-04, 8.80545E-05, 2.24032E-04
15, 2.66372E-04, 1.63719E-04, 8.74869E-05, 2.14227E-04
16, 2.67666E-04, 1.65912E-04, 8.67027E-05, 2.25770E-04
17, 2.68631E-04, 1.68069E-04, 8.57689E-05, 2.39933E-04
18, 2.69522E-04, 1.70204E-04, 8.47076E-05, 2.22816E-04
19, 2.72648E-04, 1.72319E-04, 8.35146E-05, 1.82889E-04
20, 2.77215E-04, 1.74399E-04, 8.21779E-05, 1.42775E-04
21, 2.81706E-04, 1.76413E-04, 8.06901E-05, 1.19693E-04
22, 2.86037E-04, 1.78318E-04, 7.90539E-05, 1.41749E-04
23, 2.90079E-04, 1.80071E-04, 7.83475E-05, 1.59656E-04
24, 2.96190E-04, 1.81637E-04, 7.81431E-05, 1.61843E-04
25, 3.03878E-04, 1.82990E-04, 7.77716E-05, 1.57575E-04
26, 3.10849E-04, 1.84124E-04, 7.72575E-05, 1.65055E-04
27, 3.17075E-04, 1.85043E-04, 7.88771E-05, 1.62798E-04
28, 3.22568E-04, 1.85767E-04, 8.11329E-05, 1.51804E-04
29, 3.27360E-04, 1.86319E-04, 8.37454E-05, 1.33344E-04
30, 3.31500E-04, 1.86729E-04, 8.66828E-05, 1.08828E-04
31, 3.35037E-04, 1.87025E-04, 8.98693E-05, 8.14564E-05
32, 3.38021E-04, 1.87229E-04, 9.31993E-05, 6.79953E-05
33, 3.44753E-04, 1.87568E-04, 9.65544E-05, 6.49609E-05
34, 3.53424E-04, 1.88017E-04, 9.98208E-05, 6.23452E-05
35, 3.61885E-04, 1.88399E-04, 1.02903E-04, 6.49406E-05
36, 3.70104E-04, 1.88702E-04, 1.05734E-04, 7.91839E-05
37, 3.78049E-04, 1.88908E-04, 1.08279E-04, 1.02262E-04
38, 3.85694E-04, 1.89001E-04, 1.10534E-04, 1.18989E-04
39, 3.93012E-04, 1.88963E-04, 1.12523E-04, 1.28401E-04
40, 3.99980E-04, 1.88779E-04, 1.14286E-04, 1.29996E-04
41, 4.06577E-04, 1.88440E-04, 1.15874E-04, 1.23800E-04
42, 4.12790E-04, 1.87938E-04, 1.17338E-04, 1.10390E-04
43, 4.18613E-04, 1.88196E-04, 1.18721E-04, 9.08599E-05
44, 4.24047E-04, 1.90153E-04, 1.20059E-04, 6.67339E-05
45, 4.31270E-04, 1.91965E-04, 1.21369E-04, 3.98392E-05
46, 4.40987E-04, 1.93635E-04, 1.22659E-04, 3.46023E-05
47, 4.50451E-04, 1.95167E-04, 1.23921E-04, 3.11810E-05
48, 4.59681E-04, 1.96565E-04, 1.25142E-04, 3.79498E-05
49, 4.68698E-04, 1.97829E-04, 1.26302E-04, 5.71077E-05
50, 4.77515E-04, 1.98959E-04, 1.27377E-04, 7.07893E-05
51, 4.86142E-04, 1.99953E-04, 1.28347E-04, 7.84114E-05
52, 4.94577E-04, 2.00806E-04, 1.29195E-04, 7.98818E-05
53, 5.02807E-04, 2.01514E-04, 1.29905E-04, 7.55723E-05
54, 5.10811E-04, 2.02072E-04, 1.30468E-04, 6.62545E-05
55, 5.18562E-04, 2.02474E-04, 1.33980E-04, 5.30070E-05
56, 5.26024E-04, 2.02718E-04, 1.37677E-04, 3.71050E-05
57, 5.33159E-04, 2.02800E-04, 1.41310E-04, 2.50968E-05
58, 5.39928E-04, 2.02721E-04, 1.44878E-04, 2.04956E-05
59, 5.46290E-04, 2.02482E-04, 1.48374E-04, 1.75347E-05
60, 5.52210E-04, 2.02086E-04, 1.51791E-04, 2.69955E-05
61, 5.57655E-04, 2.01575E-04, 1.55116E-04, 3.78171E-05
62, 5.62595E-04, 2.01495E-04, 1.58335E-04, 4.52502E-05
63, 5.67009E-04, 2.01277E-04, 1.61430E-04, 4.91204E-05
64, 5.70878E-04, 2.00926E-04, 1.64385E-04, 4.95097E-05
65, 5.74190E-04, 2.00449E-04, 1.67186E-04, 4.67167E-05
66, 5.76936E-04, 1.99852E-04, 1.69820E-04, 4.12087E-05
67, 5.79115E-04, 1.99141E-04, 1.72275E-04, 3.35674E-05
68, 5.80727E-04, 1.98323E-04, 1.74545E-04, 3.12549E-05
69, 5.83911E-04, 1.97401E-04, 1.76626E-04, 2.80125E-05
70, 5.91335E-04, 1.96380E-04, 1.78514E-04, 2.34391E-05
71, 5.98317E-04, 1.95261E-04, 1.80208E-04, 2.01764E-05
72, 6.04849E-04, 1.94046E-04, 1.81708E-04, 2.06045E-05
73, 6.10924E-04, 1.92733E-04, 1.83012E-04, 2.39348E-05
74, 6.16533E-04, 1.91359E-04, 1.84120E-04, 2.84143E-05
75, 6.21667E-04, 1.90942E-04, 1.85027E-04, 3.29592E-05
76, 6.26316E-04, 1.90419E-04, 1.85730E-04, 3.57549E-05
77, 6.30467E-04, 1.89785E-04, 1.86225E-04, 3.68222E-05
78, 6.34106E-04, 1.89189E-04, 1.86504E-04, 3.62611E-05
79, 6.37217E-04, 1.89907E-04, 1.86564E-04, 3.42369E-05
80, 6.39785E-04, 1.90508E-04, 1.86399E-04, 3.09648E-05
81, 6.41788E-04, 1.90984E-04, 1.86005E-04, 2.66947E-05
82, 6.43209E-04, 1.91330E-04, 1.85379E-04, 2.16959E-05
83, 6.44026E-04, 1.91540E-04, 1.84520E-04, 1.62434E-05
84, 6.44219E-04, 1.91611E-04, 1.86402E-04, 1.20024E-05
85, 6.43769E-04, 1.91542E-04, 1.90440E-04, 1.30909E-05
86, 6.42658E-04, 1.91331E-04, 1.94318E-04, 1.35171E-05
87, 6.40871E-04, 1.90980E-04, 1.98029E-04, 1.40223E-05
88, 6.38394E-04, 1.90490E-04, 2.01566E-04, 1.68938E-05
89, 6.35218E-04, 1.89864E-04, 2.04920E-04, 1.89721E-05
90, 6.31337E-04, 1.89106E-04, 2.08084E-04, 2.01665E-05
91, 6.26748E-04, 1.89796E-04, 2.11049E-04, 2.04919E-05
92, 6.27591E-04, 1.91025E-04, 2.13804E-04, 2.00038E-05
93, 6.29975E-04, 1.92225E-04, 2.16342E-04, 1.89334E-05
94, 6.31715E-04, 1.93302E-04, 2.18650E-04, 1.86743E-05
95, 6.32806E-04, 1.94258E-04, 2.20720E-04, 1.78603E-05
96, 6.33244E-04, 1.95093E-04, 2.22540E-04, 1.66048E-05
97, 6.33024E-04, 1.95805E-04, 2.24100E-04, 1.50284E-05
98, 6.32147E-04, 1.96395E-04, 2.25392E-04, 1.43489E-05
99, 6.30611E-04, 1.96861E-04, 2.26407E-04, 1.54665E-05
100, 6.28416E-04, 1.97202E-04, 2.27137E-04, 1.61374E-05
101, 6.25563E-04, 1.97415E-04, 2.27576E-04, 1.63518E-05
102, 6.22053E-04, 1.97500E-04, 2.27717E-04, 1.61146E-05
103, 6.17887E-04, 1.97453E-04, 2.27557E-04, 1.54439E-05
104, 6.13068E-04, 1.97275E-04, 2.27092E-04, 1.43697E-05
105, 6.07597E-04, 1.98679E-04, 2.26319E-04, 1.29322E-05
106, 6.01475E-04, 2.03695E-04, 2.25237E-04, 1.11805E-05
107, 5.94707E-04, 2.08671E-04, 2.23845E-04, 9.17080E-06
108, 5.87295E-04, 2.13604E-04, 2.22143E-04, 7.61852E-06
109, 5.83073E-04, 2.18489E-04, 2.20133E-04, 6.96002E-06
110, 5.88832E-04, 2.23323E-04, 2.17816E-04, 6.55084E-06
111, 5.93841E-04, 2.28102E-04, 2.15195E-04, 6.03578E-06
112, 5.98102E-04, 2.32822E-04, 2.12271E-04, 5.70837E-06
113, 6.01619E-04, 2.37480E-04, 2.15606E-04, 5.51787E-06
114, 6.08386E-04, 2.42072E-04, 2.21238E-04, 7.22278E-06
115, 6.20136E-04, 2.46596E-04, 2.26734E-04, 8.63578E-06
116, 6.31163E-04, 2.51048E-04, 2.32085E-04, 9.99005E-06
117, 6.41452E-04, 2.55424E-04, 2.37283E-04, 1.12182E-05
118, 6.50989E-04, 2.59722E-04, 2.42319E-04, 1.21449E-05
119, 6.59765E-04, 2.63939E-04, 2.47184E-04, 1.27684E-05
120, 6.67767E-04, 2.68072E-04, 2.51870E-04, 1.30964E-05
121, 6.74986E-04, 2.72119E-04, 2.56369E-04, 1.31453E-05
122, 6.81415E-04, 2.76076E-04, 2.60672E-04, 1.29380E-05
123, 6.87046E-04, 2.79941E-04, 2.64772E-04, 1.35776E-05
124, 6.91873E-04, 2.83712E-04, 2.68660E-04, 1.46960E-05
125, 6.95894E-04, 2.87386E-04, 2.72329E-04, 1.54361E-05
126, 6.99104E-04, 2.90962E-04, 2.75772E-04, 1.57359E-05
127, 7.01505E-04, 2.94438E-04, 2.78981E-04, 1.55529E-05
128, 7.03097E-04, 2.97811E-04, 2.81949E-04, 1.48668E-05
129, 7.03883E-04, 3.01080E-04, 2.84671E-04, 1.36809E-05
130, 7.03868E-04, 3.04243E-04, 2.87141E-04, 1.20232E-05
131, 7.03059E-04, 3.07298E-04, 2.89352E-04, 9.94403E-06
132, 7.01466E-04, 3.10243E-04, 2.91301E-04, 7.51434E-06
133, 6.99100E-04, 3.13076E-04, 2.92983E-04, 4.82172E-06
134, 6.95972E-04, 3.15796E-04, 2.94394E-04, 3.53040E-06
135, 6.92099E-04, 3.19060E-04, 2.95532E-04, 3.97926E-06
136, 6.94211E-04, 3.22308E-04, 2.96393E-04, 4.32944E-06
137, 6.96942E-04, 3.25430E-04, 2.96977E-04, 6.51076E-06
138, 6.98824E-04, 3.28423E-04, 2.97281E-04, 8.96230E-06
139, 6.99858E-04, 3.31286E-04, 2.97307E-04, 1.10787E-05
140, 7.00046E-04, 3.34016E-04, 2.97053E-04, 1.27936E-05
141, 6.99395E-04, 3.36611E-04, 2.96520E-04, 1.40601E-05
142, 6.97910E-04, 3.39070E-04, 2.95710E-04, 1.48514E-05
143, 6.95599E-04, 3.41391E-04, 2.94625E-04, 1.51616E-05
144, 6.92472E-04, 3.43574E-04, 2.93267E-04, 1.50046E-05
145, 6.88540E-04, 3.45617E-04, 2.91638E-04, 1.44123E-05
146, 6.83815E-04, 3.47520E-04, 2.89742E-04, 1.34324E-05
147, 6.84135E-04, 3.49282E-04, 2.87582E-04, 1.21247E-05
148, 6.93029E-04, 3.50903E-04, 2.85163E-04, 1.05575E-05
149, 7.01249E-04, 3.52383E-04, 2.82490E-04, 8.86435E-06
150, 7.08783E-04, 3.53722E-04, 2.79566E-04, 8.04088E-06
151, 7.15617E-04, 3.54919E-04, 2.76397E-04, 7.05691E-06
152, 7.21741E-04, 3.55976E-04, 2.72989E-04, 5.93934E-06
153, 7.27146E-04, 3.56891E-04, 2.69347E-04, 5.27705E-06
154, 7.31823E-04, 3.57666E-04, 2.65479E-04, 5.30033E-06
155, 7.35767E-04, 3.58302E-04, 2.61389E-04, 5.23999E-06
156, 7.38970E-04, 3.58798E-04, 2.57087E-04, 5.03901E-06
157, 7.41429E-04, 3.59155E-04, 2.52577E-04, 4.70515E-06
158, 7.43142E-04, 3.59376E-04, 2.47869E-04, 4.98637E-06
159, 7.44106E-04, 3.59460E-04, 2.42970E-04, 5.62875E-06
160, 7.44321E-04, 3.59410E-04, 2.37887E-04, 6.07238E-06
161, 7.43789E-04, 3.59228E-04, 2.32629E-04, 6.33676E-06
162, 7.42512E-04, 3.58914E-04, 2.27205E-04, 6.44558E-06
163, 7.40493E-04, 3.58473E-04, 2.21623E-04, 6.42486E-06
164, 7.37736E-04, 3.57906E-04, 2.15891E-04, 6.62393E-06
165, 7.34249E-04, 3.57216E-04, 2.10020E-04, 6.90748E-06
166, 7.30037E-04, 3.56903E-04, 2.04017E-04, 7.03898E-06
167, 7.25109E-04, 3.56786E-04, 1.97892E-04, 7.02749E-06
168, 7.19473E-04, 3.56537E-04, 1.91655E-04, 6.88517E-06
169, 7.13140E-04, 3.56159E-04, 1.85314E-04, 6.62658E-06
170, 7.06121E-04, 3.55655E-04, 1.82658E-04, 6.26794E-06
171, 6.98427E-04, 3.55028E-04, 1.84603E-04, 5.82640E-06
172, 6.90073E-04, 3.54282E-04, 1.86396E-04, 5.75833E-06
173, 6.81072E-04, 3.53419E-04, 1.88036E-04, 5.78795E-06
174, 6.71438E-04, 3.52441E-04, 1.89522E-04, 5.71698E-06
175, 6.61188E-04, 3.51353E-04, 1.90856E-04, 5.54495E-06
176, 6.50338E-04, 3.50155E-04, 1.92036E-04, 5.27384E-06
177, 6.38906E-04, 3.48851E-04, 1.93064E-04, 4.90813E-06
178, 6.26910E-04, 3.47443E-04, 1.93939E-04, 4.49648E-06
179, 6.14370E-04, 3.45932E-04, 1.94662E-04, 4.00009E-06
180, 6.01305E-04, 3.49971E-04, 1.96276E-04, 3.42918E-06
181, 5.87735E-04, 3.56233E-04, 1.97676E-04, 2.79663E-06
182, 5.73682E-04, 3.62317E-04, 1.98820E-04, 2.11884E-06
183, 5.59168E-04, 3.68218E-04, 1.99707E-04, 1.40642E-06
184, 5.44214E-04, 3.73930E-04, 2.00340E-04, 1.60631E-06
185, 5.28844E-04, 3.79448E-04, 2.00721E-04, 2.33258E-06
186, 5.13081E-04, 3.84766E-04, 2.00852E-04, 3.03687E-06
187, 4.96947E-04, 3.89881E-04, 2.00735E-04, 3.70122E-06
188, 4.80467E-04, 3.94787E-04, 2.00373E-04, 4.30873E-06
189, 4.64663E-04, 3.99481E-04, 1.99770E-04, 4.84398E-06
190, 4.67688E-04, 4.03960E-04, 1.98929E-04, 5.29358E-06
191, 4.70182E-04, 4.08220E-04, 1.97855E-04, 5.64649E-06
192, 4.72151E-04, 4.12258E-04, 1.96551E-04, 5.89434E-06
193, 4.73603E-04, 4.16074E-04, 1.95023E-04, 6.03167E-06
194, 4.74545E-04, 4.19664E-04, 1.93276E-04, 6.05604E-06
195, 4.74986E-04, 4.23028E-04, 1.91315E-04, 5.96805E-06
196, 4.74934E-04, 4.26165E-04, 1.89147E-04, 5.77128E-06
197, 4.78549E-04, 4.29073E-04, 1.86776E-04, 5.47209E-06
198, 4.90392E-04, 4.31755E-04, 1.84211E-04, 5.07942E-06
199, 5.01791E-04, 4.34209E-04, 1.81457E-04, 4.60442E-06
200, 5.12737E-04, 4.36436E-04, 1.81851E-04, 4.06011E-06
201, 5.23223E-04, 4.38438E-04, 1.83643E-04, 3.61861E-06
202, 5.33242E-04, 4.40215E-04, 1.85226E-04, 3.28940E-06
203, 5.42787E-04, 4.41769E-04, 1.86598E-04, 2.90082E-06
204, 5.51854E-04, 4.43103E-04, 1.87759E-04, 2.45766E-06
205, 5.60437E-04, 4.44218E-04, 1.88709E-04, 1.96628E-06
206, 5.68532E-04, 4.45116E-04, 1.89448E-04, 1.43450E-06
207, 5.76138E-04, 4.45799E-04, 1.89977E-04, 1.94134E-06
208, 5.83250E-04, 4.46271E-04, 1.90297E-04, 2.45154E-06
209, 5.89867E-04, 4.46534E-04, 1.90409E-04, 2.90335E-06
210, 5.95990E-04, 4.46590E-04, 1.90315E-04, 3.28888E-06
211, 6.01616E-04, 4.46442E-04, 1.90017E-04, 3.60230E-06
212, 6.06748E-04, 4.46094E-04, 1.89518E-04, 3.83987E-06
213, 6.11386E-04, 4.45548E-04, 1.88821E-04, 3.99990E-06
214, 6.15533E-04, 4.44807E-04, 1.87929E-04, 4.08268E-06
215, 6.19192E-04, 4.43874E-04, 1.86846E-04, 4.09030E-06
216, 6.22365E-04, 4.42753E-04, 1.85575E-04, 4.02650E-06
217, 6.25058E-04, 4.41447E-04, 1.84121E-04, 4.12284E-06
218, 6.27274E-04, 4.39959E-04, 1.82488E-04, 4.34236E-06
219, 6.29019E-04, 4.38293E-04, 1.80682E-04, 4.48402E-06
220, 6.30299E-04, 4.36452E-04, 1.78707E-04, 4.54559E-06
221, 6.31120E-04, 4.34440E-04, 1.76568E-04, 4.52639E-06
222, 6.31489E-04, 4.32260E-04, 1.74272E-04, 4.42730E-06
223, 6.31412E-04, 4.29916E-04, 1.71822E-04, 4.25060E-06
224, 6.30898E-04, 4.27412E-04, 1.69226E-04, 4.00000E-06
225, 6.29954E-04, 4.24753E-04, 1.66490E-04, 3.68042E-06
226, 6.28589E-04, 4.21941E-04, 1.63619E-04, 3.29798E-06
227, 6.26811E-04, 4.18981E-04, 1.60619E-04, 2.85977E-06
228, 6.24629E-04, 4.15878E-04, 1.57497E-04, 2.46459E-06
229, 6.22053E-04, 4.12635E-04, 1.54260E-04, 2.05628E-06
230, 6.19091E-04, 4.09257E-04, 1.50913E-04, 1.60360E-06
231, 6.15754E-04, 4.05749E-04, 1.47463E-04, 1.37766E-06
232, 6.12050E-04, 4.02114E-04, 1.43917E-04, 1.63673E-06
233, 6.07992E-04, 3.98357E-04, 1.41132E-04, 1.84759E-06
234, 6.03588E-04, 3.94483E-04, 1.42875E-04, 2.00923E-06
235, 5.98849E-04, 3.90495E-04, 1.44477E-04, 2.12444E-06
236, 5.93785E-04, 3.86400E-04, 1.45936E-04, 2.23964E-06
237, 5.88409E-04, 3.82201E-04, 1.47253E-04, 2.58892E-06
238, 5.82730E-04, 3.77902E-04, 1.48428E-04, 3.02665E-06
239, 5.76760E-04, 3.73509E-04, 1.49461E-04, 3.40911E-06
240, 5.70509E-04, 3.69026E-04, 1.50352E-04, 3.72953E-06
241, 5.63989E-04, 3.64458E-04, 1.51102E-04, 3.98220E-06
242, 5.57212E-04, 3.59808E-04, 1.51713E-04, 4.16262E-06
243, 5.50188E-04, 3.55082E-04, 1.52185E-04, 4.26759E-06
244, 5.42930E-04, 3.50284E-04, 1.52519E-04, 4.29532E-06
245, 5.35448E-04, 3.45418E-04, 1.52717E-04, 4.24547E-06
246, 5.27754E-04, 3.40489E-04, 1.52780E-04, 4.11917E-06
247, 5.19860E-04, 3.35502E-04, 1.52711E-04, 3.91909E-06
248, 5.11776E-04, 3.30459E-04, 1.52511E-04, 3.67183E-06
249, 5.03515E-04, 3.25367E-04, 1.52183E-04, 3.35972E-06
250, 4.95087E-04, 3.20229E-04, 1.51728E-04, 2.98483E-06
251, 4.86505E-04, 3.15048E-04, 1.51149E-04, 2.55598E-06
252, 4.77778E-04, 3.09830E-04, 1.50449E-04, 2.08304E-06
253, 4.68919E-04, 3.04578E-04, 1.49631E-04, 1.57670E-06
254, 4.59937E-04, 2.99295E-04, 1.48697E-04, 1.04814E-06
255, 4.50845E-04, 2.93987E-04, 1.47650E-04, 7.43934E-07
256, 4.41653E-04, 2.88656E-04, 1.46493E-04, 8.83744E-07
257, 4.32372E-04, 2.83307E-04, 1.45231E-04, 1.01402E-06
258, 4.23011E-04, 2.77942E-04, 1.43865E-04, 1.18274E-06
259, 4.13582E-04, 2.72565E-04, 1.42399E-04, 1.63739E-06
260, 4.04094E-04, 2.67181E-04, 1.40838E-04, 2.07191E-06
261, 3.94558E-04, 2.61791E-04, 1.39184E-04, 2.45783E-06
262, 3.84983E-04, 2.56399E-04, 1.37441E-04, 2.78845E-06
263, 3.82678E-04, 2.51008E-04, 1.35613E-04, 3.05839E-06
264, 3.80457E-04, 2.45622E-04, 1.33704E-04, 3.26366E-06
265, 3.77930E-04, 2.40243E-04, 1.31717E-04, 3.40172E-06
266, 3.75108E-04, 2.34875E-04, 1.29656E-04, 3.47155E-06
267, 3.72000E-04, 2.29519E-04, 1.27526E-04, 3.47355E-06
268, 3.68620E-04, 2.24178E-04, 1.25330E-04, 3.40955E-06
269, 3.64978E-04, 2.18856E-04, 1.23072E-04, 3.29198E-06
270, 3.61085E-04, 2.13555E-04, 1.20756E-04, 3.13372E-06
271, 3.56954E-04, 2.08276E-04, 1.18387E-04, 2.92391E-06
272, 3.52595E-04, 2.03023E-04, 1.15968E-04, 2.66789E-06
273, 3.48020E-04, 1.97797E-04, 1.13503E-04, 2.37161E-06
274, 3.43242E-04, 1.92601E-04, 1.10996E-04, 2.04150E-06
275, 3.38272E-04, 1.87437E-04, 1.08452E-04, 1.68431E-06
276, 3.33121E-04, 1.82307E-04, 1.05873E-04, 1.30702E-06
277, 3.27802E-04, 1.77212E-04, 1.03265E-04, 1.07232E-06
278, 3.22326E-04, 1.72154E-04, 1.00630E-04, 9.39524E-07
279, 3.16704E-04, 1.67136E-04, 9.79738E-05, 7.85995E-07
280, 3.10948E-04, 1.62158E-04, 9.52988E-05, 6.20247E-07
281, 3.05070E-04, 1.57222E-04, 9.26093E-05, 8.60100E-07
282, 2.99080E-04, 1.52331E-04, 8.99089E-05, 1.19732E-06
283, 2.92990E-04, 1.47614E-04, 8.72013E-05, 1.50671E-06
284, 2.86811E-04, 1.45678E-04, 8.44900E-05, 1.78100E-06
285, 2.80553E-04, 1.43710E-04, 8.17787E-05, 2.01687E-06
286, 2.74228E-04, 1.41712E-04, 7.90707E-05, 2.21186E-06
287, 2.67846E-04, 1.39688E-04, 7.63694E-05, 2.36429E-06
288, 2.61416E-04, 1.37640E-04, 7.36781E-05, 2.47335E-06
289, 2.54950E-04, 1.35570E-04, 7.10000E-05, 2.54049E-06
290, 2.48456E-04, 1.33482E-04, 6.83381E-05, 2.59572E-06
291, 2.41946E-04, 1.31377E-04, 6.56955E-05, 2.60663E-06
292, 2.35427E-04, 1.29258E-04, 6.30751E-05, 2.57415E-06
293, 2.28909E-04, 1.27127E-04, 6.04795E-05, 2.49990E-06
294, 2.22402E-04, 1.24987E-04, 5.79115E-05, 2.38617E-06
295, 2.15913E-04, 1.22840E-04, 5.53736E-05, 2.23585E-06
296, 2.09451E-04, 1.20688E-04, 5.28683E-05, 2.05236E-06
297, 2.03025E-04, 1.18533E-04, 5.03977E-05, 1.83957E-06
298, 1.96642E-04, 1.16377E-04, 4.79641E-05, 1.60178E-06
299, 1.90309E-04, 1.14222E-04, 4.62750E-05, 1.34354E-06
300, 1.84035E-04, 1.12069E-04, 4.60398E-05, 1.14941E-06
301, 1.77825E-04, 1.09921E-04, 4.57621E-05, 9.93112E-07
302, 1.71688E-04, 1.07779E-04, 4.54437E-05, 8.26212E-07
303, 1.65628E-04, 1.05645E-04, 4.50863E-05, 6.65506E-07
304, 1.59652E-04, 1.04423E-04, 4.46914E-05, 5.76841E-07
305, 1.53766E-04, 1.04170E-04, 4.42610E-05, 5.01849E-07
306, 1.48311E-04, 1.03879E-04, 4.40589E-05, 6.29112E-07
307, 1.49100E-04, 1.03552E-04, 4.39502E-05, 8.78623E-07
308, 1.49760E-04, 1.03189E-04, 4.38285E-05, 1.10791E-06
309, 1.50293E-04, 1.02791E-04, 4.36940E-05, 1.31386E-06
310, 1.50697E-04, 1.02358E-04, 4.35470E-05, 1.49382E-06
311, 1.50974E-04, 1.01891E-04, 4.33875E-05, 1.64566E-06
312, 1.51124E-04, 1.01392E-04, 4.32160E-05, 1.76773E-06
313, 1.51147E-04, 1.00859E-04, 4.30325E-05, 1.85890E-06
314, 1.51044E-04, 1.00295E-04, 4.28994E-05, 1.91854E-06
315, 1.50817E-04, 9.96990E-05, 4.30731E-05, 1.94653E-06
316, 1.50466E-04, 9.90725E-05, 4.32396E-05, 1.94320E-06
317, 1.49994E-04, 9.84160E-05, 4.33988E-05, 1.90937E-06
318, 1.49400E-04, 9.77301E-05, 4.35505E-05, 1.84626E-06
319, 1.48688E-04, 9.70777E-05, 4.36948E-05, 1.75546E-06
320, 1.47859E-04, 9.64751E-05, 4.38315E-05, 1.63896E-06
321, 1.46915E-04, 9.58429E-05, 4.39607E-05, 1.49903E-06
322, 1.45858E-04, 9.51819E-05, 4.40822E-05, 1.33823E-06
323, 1.44690E-04, 9.44923E-05, 4.41960E-05, 1.15934E-06
324, 1.43414E-04, 9.37748E-05, 4.43021E-05, 9.65359E-07
325, 1.42032E-04, 9.30298E-05, 4.44004E-05, 7.59418E-07
326, 1.40547E-04, 9.28602E-05, 4.44909E-05, 5.44764E-07
327, 1.38961E-04, 9.27511E-05, 4.45736E-05, 4.83821E-07
328, 1.37279E-04, 9.26097E-05, 4.46484E-05, 5.46916E-07
329, 1.35502E-04, 9.24363E-05, 4.47153E-05, 6.14156E-07
330, 1.33633E-04, 9.22310E-05, 4.47743E-05, 6.79344E-07
331, 1.31677E-04, 9.19940E-05, 4.48254E-05, 7.41348E-07
332, 1.29636E-04, 9.17254E-05, 4.48685E-05, 7.99103E-07
333, 1.27513E-04, 9.14256E-05, 4.49037E-05, 9.24657E-07
334, 1.25313E-04, 9.10948E-05, 4.49310E-05, 1.09232E-06
335, 1.23039E-04, 9.07333E-05, 4.49504E-05, 1.24120E-06
336, 1.20694E-04, 9.03413E-05, 4.49618E-05, 1.36915E-06
337, 1.18282E-04, 8.99193E-05, 4.49653E-05, 1.47435E-06
338, 1.15808E-04, 8.94676E-05, 4.49610E-05, 1.55531E-06
339, 1.13274E-04, 8.89865E-05, 4.49489E-05, 1.61091E-06
340, 1.10685E-04, 8.84765E-05, 4.49290E-05, 1.64040E-06
341, 1.08045E-04, 8.79380E-05, 4.49013E-05, 1.64348E-06
342, 1.06800E-04, 8.73715E-05, 4.48660E-05, 1.62020E-06
343, 1.06509E-04, 8.67774E-05, 4.48231E-05, 1.57109E-06
344, 1.06242E-04, 8.61563E-05, 4.47726E-05, 1.49706E-06
345, 1.05997E-04, 8.55087E-05, 4.47147E-05, 1.39943E-06
346, 1.05776E-04, 8.48352E-05, 4.46494E-05, 1.27991E-06
347, 1.05577E-04, 8.41363E-05, 4.47596E-05, 1.15705E-06
348, 1.05401E-04, 8.34126E-05, 4.49047E-05, 1.01738E-06
349, 1.05247E-04, 8.26648E-05, 4.50420E-05, 8.62179E-07
350, 1.05114E-04, 8.19345E-05, 4.51716E-05, 7.10250E-07
351, 1.05004E-04, 8.19018E-05, 4.52933E-05, 6.55158E-07
352, 1.04913E-04, 8.18412E-05, 4.54073E-05, 5.99553E-07
353, 1.04843E-04, 8.17528E-05, 4.55134E-05, 5.44329E-07
354, 1.04792E-04, 8.16367E-05, 4.56116E-05, 4.90349E-07
355, 1.04759E-04, 8.14932E-05, 4.57021E-05, 5.73761E-07
356, 1.04744E-04, 8.13224E-05, 4.57848E-05, 6.49604E-07
357, 1.05097E-04, 8.11246E-05, 4.58597E-05, 7.16658E-07
358, 1.06351E-04, 8.09001E-05, 4.59268E-05, 8.68571E-07
359, 1.07587E-04, 8.06489E-05, 4.59862E-05, 1.01161E-06
360, 1.08807E-04, 8.03715E-05, 4.60379E-05, 1.13563E-06
361, 1.10012E-04, 8.00680E-05, 4.60820E-05, 1.23866E-06
362, 1.11203E-04, 7.97387E-05, 4.61184E-05, 1.31911E-06
363, 1.12380E-04, 7.93838E-05, 4.61473E-05, 1.37582E-06
364, 1.13544E-04, 7.90036E-05, 4.61687E-05, 1.40806E-06
365, 1.14696E-04, 7.85984E-05, 4.61827E-05, 1.41553E-06
366, 1.15836E-04, 7.81685E-05, 4.61893E-05, 1.40369E-06
367, 1.16964E-04, 7.77141E-05, 4.61885E-05, 1.37961E-06
368, 1.18082E-04, 7.72354E-05, 4.61804E-05, 1.33190E-06
369, 1.19188E-04, 7.67328E-05, 4.61652E-05, 1.26162E-06
370, 1.20284E-04, 7.62066E-05, 4.61428E-05, 1.17020E-06
371, 1.21369E-04, 7.56570E-05, 4.61133E-05, 1.05946E-06
372, 1.22443E-04, 7.50843E-05, 4.60768E-05, 9.31562E-07
373, 1.23507E-04, 7.44888E-05, 4.60334E-05, 7.88955E-07
374, 1.24559E-04, 7.38708E-05, 4.59831E-05, 6.34350E-07
375, 1.25601E-04, 7.33458E-05, 4.59261E-05, 4.75743E-07
376, 1.26631E-04, 7.38178E-05, 4.58623E-05, 5.14794E-07
377, 1.27649E-04, 7.42648E-05, 4.57919E-05, 5.53567E-07
378, 1.28656E-04, 7.46872E-05, 4.57150E-05, 5.91411E-07
379, 1.29650E-04, 7.50856E-05, 4.56316E-05, 6.27694E-07
380, 1.30630E-04, 7.54603E-05, 4.55419E-05, 6.61818E-07
381, 1.31598E-04, 7.58120E-05, 4.55725E-05, 6.93224E-07
382, 1.32551E-04, 7.61409E-05, 4.56855E-05, 7.52959E-07
383, 1.33489E-04, 7.64477E-05, 4.57911E-05, 8.70712E-07
384, 1.34412E-04, 7.67328E-05, 4.58894E-05, 9.71542E-07
385, 1.35319E-04, 7.69965E-05, 4.59803E-05, 1.05399E-06
386, 1.36209E-04, 7.72394E-05, 4.60638E-05, 1.11695E-06
387, 1.37081E-04, 7.74619E-05, 4.61399E-05, 1.15968E-06
388, 1.37936E-04, 7.76644E-05, 4.62086E-05, 1.18181E-06
389, 1.38771E-04, 7.78473E-05, 4.62699E-05, 1.18334E-06
390, 1.39586E-04, 7.80111E-05, 4.63239E-05, 1.17100E-06
391, 1.40381E-04, 7.81560E-05, 4.63705E-05, 1.14136E-06
392, 1.41154E-04, 7.82826E-05, 4.67128E-05, 1.09204E-06
393, 1.41905E-04, 7.83912E-05, 4.70563E-05, 1.02428E-06
394, 1.42633E-04, 7.84822E-05, 4.73880E-05, 9.39592E-07
395, 1.43336E-04, 7.85560E-05, 4.77078E-05, 8.39782E-07
396, 1.44015E-04, 7.86129E-05, 4.80156E-05, 7.26880E-07
397, 1.44668E-04, 7.86534E-05, 4.83114E-05, 6.64171E-07
398, 1.45294E-04, 7.86776E-05, 4.85951E-05, 6.34469E-07
399, 1.45893E-04, 7.86862E-05, 4.88666E-05, 6.03296E-07
400, 1.46464E-04, 7.86793E-05, 4.91259E-05, 5.71167E-07
401, 1.47005E-04, 7.86573E-05, 4.93730E-05, 5.38601E-07
402, 1.47517E-04, 7.86207E-05, 4.96077E-05, 5.06113E-07
403, 1.47998E-04, 7.85697E-05, 4.98301E-05, 4.74206E-07
404, 1.48447E-04, 7.85046E-05, 5.00401E-05, 4.58654E-07
405, 1.48864E-04, 7.84260E-05, 5.02378E-05, 4.87702E-07
406, 1.49248E-04, 7.83340E-05, 5.06740E-05, 5.97058E-07
407, 1.49598E-04, 7.82290E-05, 5.11814E-05, 6.97533E-07
408, 1.49913E-04, 7.81114E-05, 5.16762E-05, 7.84534E-07
409, 1.50193E-04, 7.79816E-05, 5.21581E-05, 8.56860E-07
410, 1.50437E-04, 7.78399E-05, 5.26271E-05, 9.13589E-07
411, 1.50644E-04, 7.76867E-05, 5.30827E-05, 9.54092E-07
412, 1.50814E-04, 7.75223E-05, 5.35248E-05, 9.78031E-07
413, 1.50945E-04, 7.73472E-05, 5.39533E-05, 9.85363E-07
414, 1.51038E-04, 7.71616E-05, 5.43679E-05, 9.76330E-07
415, 1.51092E-04, 7.69659E-05, 5.47685E-05, 9.51447E-07
416, 1.51106E-04, 7.67606E-05, 5.51548E-05, 9.11490E-07
417, 1.51080E-04, 7.65461E-05, 5.55268E-05, 8.57470E-07
418, 1.51013E-04, 7.63226E-05, 5.58844E-05, 7.90617E-07
419, 1.50904E-04, 7.60906E-05, 5.62273E-05, 7.12348E-07
420, 1.50754E-04, 7.58506E-05, 5.65555E-05, 6.24237E-07
421, 1.50561E-04, 7.56028E-05, 5.68689E-05, 5.27991E-07
422, 1.50326E-04, 7.53477E-05, 5.71674E-05, 4.82189E-07
423, 1.50048E-04, 7.50856E-05, 5.74509E-05, 4.59578E-07
424, 1.49727E-04, 7.48171E-05, 5.77193E-05, 4.41799E-07
425, 1.49363E-04, 7.45424E-05, 5.79727E-05, 4.65443E-07
426, 1.48954E-04, 7.42619E-05, 5.82109E-05, 4.88872E-07
427, 1.48502E-04, 7.39761E-05, 5.84340E-05, 5.11670E-07
428, 1.48005E-04, 7.36853E-05, 5.86418E-05, 5.33438E-07
429, 1.47465E-04, 7.34993E-05, 5.88345E-05, 5.53794E-07
430, 1.46880E-04, 7.34610E-05, 5.90119E-05, 5.72383E-07
431, 1.46251E-04, 7.34090E-05, 5.91742E-05, 5.88881E-07
432, 1.45577E-04, 7.33433E-05, 5.93214E-05, 6.03000E-07
433, 1.44860E-04, 7.32639E-05, 5.94534E-05, 6.23072E-07
434, 1.44098E-04, 7.31708E-05, 5.95704E-05, 6.66103E-07
435, 1.43293E-04, 7.30638E-05, 5.96724E-05, 6.97631E-07
436, 1.42444E-04, 7.29431E-05, 5.99315E-05, 7.17388E-07
437, 1.41551E-04, 7.28086E-05, 6.04384E-05, 7.25298E-07
438, 1.40615E-04, 7.26604E-05, 6.09304E-05, 7.21468E-07
439, 1.39637E-04, 7.24986E-05, 6.14071E-05, 7.06188E-07
440, 1.38616E-04, 7.23231E-05, 6.18685E-05, 6.79918E-07
441, 1.37553E-04, 7.21507E-05, 6.23141E-05, 6.43281E-07
442, 1.36448E-04, 7.23254E-05, 6.27440E-05, 5.97045E-07
443, 1.35303E-04, 7.24875E-05, 6.31577E-05, 5.69739E-07
444, 1.34117E-04, 7.26369E-05, 6.35553E-05, 5.55272E-07
445, 1.32891E-04, 7.27735E-05, 6.39364E-05, 5.39005E-07
446, 1.31626E-04, 7.28974E-05, 6.43010E-05, 5.21245E-07
447, 1.30322E-04, 7.30085E-05, 6.46488E-05, 5.02315E-07
448, 1.28980E-04, 7.31067E-05, 6.49799E-05, 4.82550E-07
449, 1.27601E-04, 7.31920E-05, 6.52940E-05, 4.62291E-07
450, 1.26185E-04, 7.32644E-05, 6.55911E-05, 4.41880E-07
451, 1.24733E-04, 7.33239E-05, 6.58710E-05, 4.27558E-07
452, 1.23247E-04, 7.33704E-05, 6.61338E-05, 4.46272E-07
453, 1.21726E-04, 7.34039E-05, 6.63793E-05, 4.63961E-07
454, 1.20172E-04, 7.34860E-05, 6.66074E-05, 4.80361E-07
455, 1.18585E-04, 7.37246E-05, 6.68183E-05, 4.95232E-07
456, 1.16966E-04, 7.39543E-05, 6.70118E-05, 5.08364E-07
457, 1.15317E-04, 7.41751E-05, 6.71879E-05, 5.19579E-07
458, 1.13638E-04, 7.43868E-05, 6.73466E-05, 5.53711E-07
459, 1.11929E-04, 7.45895E-05, 6.74880E-05, 5.85900E-07
460, 1.10192E-04, 7.47833E-05, 6.76121E-05, 6.08480E-07
461, 1.08428E-04, 7.49680E-05, 6.77189E-05, 6.21243E-07
462, 1.06637E-04, 7.51437E-05, 6.78084E-05, 6.24140E-07
463, 1.04821E-04, 7.53104E-05, 6.78808E-05, 6.17279E-07
464, 1.02981E-04, 7.54682E-05, 6.79362E-05, 6.00924E-07
465, 1.01116E-04, 7.56170E-05, 6.81104E-05, 5.75484E-07
466, 9.92294E-05, 7.57569E-05, 6.85170E-05, 5.41510E-07
467, 9.73206E-05, 7.58880E-05, 6.89099E-05, 5.12778E-07
468, 9.53909E-05, 7.60102E-05, 6.92886E-05, 5.01402E-07
469, 9.34413E-05, 7.61236E-05, 6.96531E-05, 4.88703E-07
470, 9.14728E-05, 7.62283E-05, 7.00030E-05, 4.74910E-07
471, 8.94862E-05, 7.63242E-05, 7.03382E-05, 4.60268E-07
472, 8.74825E-05, 7.64115E-05, 7.06584E-05, 4.45026E-07
473, 8.54627E-05, 7.64902E-05, 7.09635E-05, 4.29439E-07
474, 8.34277E-05, 7.65604E-05, 7.12533E-05, 4.14981E-07
475, 8.23209E-05, 7.66220E-05, 7.15275E-05, 4.02482E-07
476, 8.23379E-05, 7.66751E-05, 7.17862E-05, 4.12647E-07
477, 8.23171E-05, 7.67197E-05, 7.20290E-05, 4.24520E-07
478, 8.22589E-05, 7.67560E-05, 7.22560E-05, 4.35296E-07
479, 8.21637E-05, 7.67838E-05, 7.24669E-05, 4.44793E-07
480, 8.20320E-05, 7.68034E-05, 7.26616E-05, 4.52854E-07
481, 8.18643E-05, 7.68145E-05, 7.28402E-05, 4.59347E-07
482, 8.16610E-05, 7.68174E-05, 7.30024E-05, 4.64166E-07
483, 8.14227E-05, 7.68119E-05, 7.31483E-05, 4.67235E-07
484, 8.11499E-05, 7.67981E-05, 7.32778E-05, 4.72488E-07
485, 8.08432E-05, 7.67760E-05, 7.33908E-05, 4.87935E-07
486, 8.05032E-05, 7.67456E-05, 7.37118E-05, 4.95051E-07
487, 8.01306E-05, 7.67068E-05, 7.41015E-05, 4.93827E-07
488, 7.97259E-05, 7.66597E-05, 7.44801E-05, 4.84395E-07
489, 7.92897E-05, 7.66042E-05, 7.48474E-05, 4.67027E-07
490, 7.88229E-05, 7.65403E-05, 7.52032E-05, 4.42124E-07
491, 7.83260E-05, 7.64679E-05, 7.55473E-05, 4.28813E-07
492, 7.77998E-05, 7.63871E-05, 7.58796E-05, 4.17208E-07
493, 7.72449E-05, 7.62977E-05, 7.61998E-05, 4.04524E-07
494, 7.66621E-05, 7.61997E-05, 7.65078E-05, 3.91137E-07
495, 7.60521E-05, 7.60932E-05, 7.68033E-05, 3.81858E-07
496, 7.54158E-05, 7.59779E-05, 7.70864E-05, 3.87718E-07
497, 7.47537E-05, 7.58540E-05, 7.73567E-05, 3.97836E-07
498, 7.40668E-05, 7.57212E-05, 7.76141E-05, 4.07959E-07
499, 7.33558E-05, 7.55796E-05, 7.78584E-05, 4.17906E-07
500, 7.26214E-05, 7.54291E-05, 7.80896E-05, 4.27502E-07
501, 7.18645E-05, 7.52697E-05, 7.83074E-05, 4.36579E-07
502, 7.10858E-05, 7.51013E-05, 7.85118E-05, 4.44982E-07
503, 7.02862E-05, 7.49238E-05, 7.87025E-05, 4.52566E-07
504, 6.94664E-05, 7.47372E-05, 7.88796E-05, 4.59203E-07
505, 6.86274E-05, 7.45667E-05, 7.90427E-05, 4.65266E-07
506, 6.77698E-05, 7.44206E-05, 7.91920E-05, 4.71269E-07
507, 6.68945E-05, 7.42669E-05, 7.93272E-05, 4.76088E-07
508, 6.60023E-05, 7.41055E-05, 7.94482E-05, 4.79679E-07
509, 6.50939E-05, 7.39364E-05, 7.95550E-05, 4.82012E-07
510, 6.41703E-05, 7.37595E-05, 7.96475E-05, 4.83080E-07
511, 6.32323E-05, 7.35748E-05, 7.97256E-05, 4.82895E-07
512, 6.22805E-05, 7.33823E-05, 7.97892E-05, 4.81489E-07
513, 6.13158E-05, 7.31818E-05, 7.98384E-05, 4.78908E-07
514, 6.03390E-05, 7.29734E-05, 7.98730E-05, 4.75221E-07
515, 5.93509E-05, 7.27570E-05, 7.98930E-05, 4.70507E-07
516, 5.83522E-05, 7.25327E-05, 7.98984E-05, 4.64863E-07
517, 5.73438E-05, 7.23003E-05, 7.98892E-05, 4.58395E-07
518, 5.63263E-05, 7.20599E-05, 7.98653E-05, 4.51221E-07
519, 5.53004E-05, 7.18113E-05, 7.98268E-05, 4.43466E-07
520, 5.42671E-05, 7.15547E-05, 7.97736E-05, 4.35262E-07
521, 5.32268E-05, 7.12900E-05, 7.97059E-05, 4.26743E-07
522, 5.21804E-05, 7.10171E-05, 7.96235E-05, 4.18045E-07
523, 5.11286E-05, 7.07360E-05, 7.95266E-05, 4.09302E-07
524, 5.00720E-05, 7.04467E-05, 7.94152E-05, 4.00648E-07
525, 4.90112E-05, 7.01493E-05, 7.92893E-05, 3.92207E-07
526, 4.94015E-05, 6.98435E-05, 7.91490E-05, 3.84101E-07
527, 4.98778E-05, 6.95296E-05, 7.89944E-05, 3.76438E-07
528, 5.03519E-05, 6.92073E-05, 7.88255E-05, 3.69320E-07
529, 5.08237E-05, 6.88768E-05, 7.86424E-05, 3.62833E-07
530, 5.13941E-05, 6.85379E-05, 7.84453E-05, 3.57053E-07
531, 5.21655E-05, 6.81907E-05, 7.82342E-05, 3.52040E-07
532, 5.29318E-05, 6.78351E-05, 7.80092E-05, 3.49662E-07
533, 5.36929E-05, 6.74711E-05, 7.77705E-05, 3.48469E-07
534, 5.44486E-05, 6.70987E-05, 7.78238E-05, 3.48026E-07
535, 5.51990E-05, 6.67179E-05, 7.79196E-05, 3.48332E-07
536, 5.59439E-05, 6.63285E-05, 7.80054E-05, 3.49373E-07
537, 5.66831E-05, 6.59307E-05, 7.80811E-05, 3.51121E-07
538, 5.74166E-05, 6.55243E-05, 7.81467E-05, 3.53537E-07
539, 5.81443E-05, 6.51094E-05, 7.82022E-05, 3.56568E-07
540, 5.88661E-05, 6.46859E-05, 7.82476E-05, 3.60152E-07
541, 5.95818E-05, 6.42537E-05, 7.82828E-05, 3.64217E-07
542, 6.02913E-05, 6.38129E-05, 7.83079E-05, 3.68684E-07
543, 6.09947E-05, 6.33634E-05, 7.83227E-05, 3.73466E-07
544, 6.16917E-05, 6.29052E-05, 7.83274E-05, 3.78471E-07
545, 6.23822E-05, 6.25033E-05, 7.83219E-05, 3.83606E-07
546, 6.30663E-05, 6.21904E-05, 7.83062E-05, 3.88775E-07
547, 6.37437E-05, 6.18706E-05, 7.82803E-05, 3.93881E-07
548, 6.44144E-05, 6.15441E-05, 7.82442E-05, 3.98831E-07
549, 6.50782E-05, 6.12108E-05, 7.81980E-05, 4.03532E-07
550, 6.57353E-05, 6.08707E-05, 7.81415E-05, 4.07898E-07
551, 6.63853E-05, 6.10298E-05, 7.80750E-05, 4.11850E-07
552, 6.70283E-05, 6.12216E-05, 7.79982E-05, 4.15312E-07
553, 6.76642E-05, 6.14022E-05, 7.79114E-05, 4.18222E-07
554, 6.82929E-05, 6.15714E-05, 7.78145E-05, 4.20523E-07
555, 6.89144E-05, 6.17292E-05, 7.82356E-05, 4.22169E-07
556, 6.95285E-05, 6.18755E-05, 7.88021E-05, 4.23127E-07
557, 7.01353E-05, 6.20102E-05, 7.93561E-05, 4.23373E-07
558, 7.07347E-05, 6.21332E-05, 7.98976E-05, 4.22894E-07
559, 7.13266E-05, 6.22444E-05, 8.04267E-05, 4.21689E-07
560, 7.19110E-05, 6.23438E-05, 8.09432E-05, 4.19770E-07
561, 7.25443E-05, 6.24312E-05, 8.14472E-05, 4.17156E-07
562, 7.36360E-05, 6.25067E-05, 8.19387E-05, 4.13879E-07
563, 7.47100E-05, 6.25700E-05, 8.24177E-05, 4.09980E-07
564, 7.57663E-05, 6.26213E-05, 8.28841E-05, 4.05509E-07
565, 7.68050E-05, 6.26603E-05, 8.33379E-05, 4.00523E-07
566, 7.78262E-05, 6.26870E-05, 8.37792E-05, 3.96941E-07
567, 7.88301E-05, 6.27015E-05, 8.42080E-05, 3.93179E-07
568, 7.98168E-05, 6.27035E-05, 8.46242E-05, 3.89094E-07
569, 8.07864E-05, 6.26932E-05, 8.50280E-05, 3.84756E-07
570, 8.17390E-05, 6.26703E-05, 8.54192E-05, 3.80239E-07
571, 8.26748E-05, 6.26350E-05, 8.57980E-05, 3.75615E-07
572, 8.35938E-05, 6.25872E-05, 8.61643E-05, 3.70955E-07
573, 8.44962E-05, 6.25267E-05, 8.65181E-05, 3.66329E-07
574, 8.53821E-05, 6.24538E-05, 8.68595E-05, 3.61804E-07
575, 8.62516E-05, 6.23682E-05, 8.71886E-05, 3.57442E-07
576, 8.71048E-05, 6.22700E-05, 8.75053E-05, 3.53299E-07
577, 8.79419E-05, 6.21592E-05, 8.78097E-05, 3.49426E-07
578, 8.87629E-05, 6.20358E-05, 8.81018E-05, 3.45868E-07
579, 8.95681E-05, 6.18999E-05, 8.83817E-05, 3.42662E-07
580, 9.03573E-05, 6.17514E-05, 8.86493E-05, 3.39836E-07
581, 9.11309E-05, 6.15904E-05, 8.89048E-05, 3.37412E-07
582, 9.18888E-05, 6.14168E-05, 8.91482E-05, 3.35402E-07
583, 9.26312E-05, 6.12664E-05, 8.93796E-05, 3.33812E-07
584, 9.33581E-05, 6.11166E-05, 8.95989E-05, 3.32638E-07
585, 9.40697E-05, 6.09563E-05, 8.98063E-05, 3.31869E-07
586, 9.47660E-05, 6.07855E-05, 9.00018E-05, 3.31485E-07
587, 9.54471E-05, 6.06042E-05, 9.01855E-05, 3.31463E-07
588, 9.61131E-05, 6.04125E-05, 9.03574E-05, 3.31769E-07
589, 9.67641E-05, 6.02104E-05, 9.05177E-05, 3.32366E-07
590, 9.74001E-05, 5.99980E-05, 9.06662E-05, 3.33211E-07
591, 9.80213E-05, 5.97752E-05, 9.08033E-05, 3.34259E-07
592, 9.86276E-05, 5.95423E-05, 9.09288E-05, 3.35459E-07
593, 9.92192E-05, 5.93212E-05, 9.10429E-05, 3.36760E-07
594, 9.97961E-05, 5.94231E-05, 9.11456E-05, 3.38109E-07
595, 1.00358E-04, 5.95141E-05, 9.12371E-05, 3.39451E-07
596, 1.00906E-04, 5.95939E-05, 9.13174E-05, 3.40735E-07
597, 1.01439E-04, 5.96626E-05, 9.13865E-05, 3.42714E-07
598, 1.01958E-04, 5.97199E-05, 9.14446E-05, 3.45031E-07
599, 1.02462E-04, 5.97658E-05, 9.14917E-05, 3.47126E-07
600, 1.02952E-04, 5.98001E-05, 9.15280E-05, 3.48959E-07
601, 1.03428E-04, 5.98227E-05, 9.15534E-05, 3.50497E-07
602, 1.03889E-04, 5.98335E-05, 9.15680E-05, 3.51711E-07
603, 1.04336E-04, 5.98324E-05, 9.15721E-05, 3.52575E-07
604, 1.04770E-04, 5.98193E-05, 9.15655E-05, 3.53072E-07
605, 1.05189E-04, 5.97941E-05, 9.15485E-05, 3.53187E-07
606, 1.05593E-04, 5.97566E-05, 9.15210E-05, 3.52913E-07
607, 1.05984E-04, 5.97069E-05, 9.14833E-05, 3.52248E-07
608, 1.06362E-04, 5.96447E-05, 9.14353E-05, 3.51194E-07
609, 1.06725E-04, 5.95701E-05, 9.13771E-05, 3.49760E-07
610, 1.07074E-04, 5.94829E-05, 9.13088E-05, 3.47960E-07
611, 1.07410E-04, 5.93830E-05, 9.12306E-05, 3.45814E-07
612, 1.07731E-04, 5.92704E-05, 9.11424E-05, 3.43344E-07
613, 1.08039E-04, 5.91450E-05, 9.10445E-05, 3.40577E-07
614, 1.08334E-04, 5.90068E-05, 9.09368E-05, 3.37545E-07
615, 1.08615E-04, 5.88556E-05, 9.08194E-05, 3.34280E-07
616, 1.08882E-04, 5.86915E-05, 9.06925E-05, 3.30818E-07
617, 1.09136E-04, 5.85143E-05, 9.05561E-05, 3.27197E-07
618, 1.09376E-04, 5.83240E-05, 9.04103E-05, 3.23456E-07
619, 1.09603E-04, 5.81207E-05, 9.02552E-05, 3.19632E-07
620, 1.09817E-04, 5.79042E-05, 9.00909E-05, 3.15766E-07
621, 1.10017E-04, 5.76745E-05, 8.99174E-05, 3.11895E-07
622, 1.10204E-04, 5.75042E-05, 8.97350E-05, 3.08055E-07
623, 1.10378E-04, 5.73229E-05, 8.95436E-05, 3.04281E-07
624, 1.10539E-04, 5.71303E-05, 8.93433E-05, 3.00604E-07
625, 1.10686E-04, 5.69265E-05, 8.91343E-05, 2.97055E-07
626, 1.10821E-04, 5.67112E-05, 8.89167E-05, 2.93658E-07
627, 1.10942E-04, 5.64847E-05, 8.86905E-05, 2.90437E-07
628, 1.11051E-04, 5.62468E-05, 8.84558E-05, 2.87409E-07
629, 1.11176E-04, 5.59975E-05, 8.82127E-05, 2.85095E-07
630, 1.11387E-04, 5.57368E-05, 8.79614E-05, 2.83858E-07
631, 1.11582E-04, 5.54649E-05, 8.77019E-05, 2.82793E-07
632, 1.11760E-04, 5.51815E-05, 8.74343E-05, 2.81903E-07
633, 1.11923E-04, 5.48869E-05, 8.71588E-05, 2.81185E-07
634, 1.12069E-04, 5.45810E-05, 8.68754E-05, 2.80634E-07
635, 1.12199E-04, 5.42638E-05, 8.65842E-05, 2.80240E-07
636, 1.12312E-04, 5.39354E-05, 8.62853E-05, 2.79991E-07
637, 1.12410E-04, 5.35958E-05, 8.59788E-05, 2.79873E-07
638, 1.12492E-04, 5.32451E-05, 8.56649E-05, 2.79867E-07
639, 1.12558E-04, 5.28833E-05, 8.53437E-05, 2.79954E-07
640, 1.12609E-04, 5.33071E-05, 8.50151E-05, 2.80113E-07
641, 1.12644E-04, 5.38766E-05, 8.46794E-05, 2.80319E-07
642, 1.12663E-04, 5.44388E-05, 8.43366E-05, 2.80550E-07
643, 1.12667E-04, 5.49936E-05, 8.39869E-05, 2.80780E-07
644, 1.12656E-04, 5.55408E-05, 8.36304E-05, 2.80985E-07
645, 1.12629E-04, 5.60803E-05, 8.32671E-05, 2.81140E-07
646, 1.12588E-04, 5.66121E-05, 8.28971E-05, 2.81222E-07
647, 1.12532E-04, 5.71360E-05, 8.25207E-05, 2.81208E-07
648, 1.12461E-04, 5.76519E-05, 8.21378E-05, 2.81076E-07
649, 1.12375E-04, 5.81597E-05, 8.17485E-05, 2.80808E-07
650, 1.12275E-04, 5.86593E-05, 8.13531E-05, 2.80386E-07
651, 1.12160E-04, 5.91506E-05, 8.09515E-05, 2.79795E-07
652, 1.12032E-04, 5.96335E-05, 8.05439E-05, 2.79022E-07
653, 1.11889E-04, 6.01079E-05, 8.01304E-05, 2.78058E-07
654, 1.11732E-04, 6.05737E-05, 7.97111E-05, 2.76896E-07
655, 1.11562E-04, 6.10308E-05, 7.92861E-05, 2.75532E-07
656, 1.11378E-04, 6.14791E-05, 7.88555E-05, 2.73965E-07
657, 1.11181E-04, 6.19185E-05, 7.84193E-05, 2.72196E-07
658, 1.10970E-04, 6.23489E-05, 7.79778E-05, 2.70230E-07
659, 1.10746E-04, 6.27702E-05, 7.75310E-05, 2.68075E-07
660, 1.10510E-04, 6.31823E-05, 7.70790E-05, 2.65740E-07
661, 1.10261E-04, 6.37370E-05, 7.66219E-05, 2.63238E-07
662, 1.09999E-04, 6.43543E-05, 7.61599E-05, 2.61965E-07
663, 1.09725E-04, 6.49611E-05, 7.56929E-05, 2.62466E-07
664, 1.09438E-04, 6.55573E-05, 7.52212E-05, 2.63005E-07
665, 1.09140E-04, 6.61428E-05, 7.47448E-05, 2.64594E-07
666, 1.08830E-04, 6.67174E-05, 7.42638E-05, 2.68386E-07
667, 1.08508E-04, 6.72811E-05, 7.37783E-05, 2.72189E-07
668, 1.08175E-04, 6.78337E-05, 7.32885E-05, 2.75983E-07
669, 1.07831E-04, 6.83750E-05, 7.27944E-05, 2.79748E-07
670, 1.07475E-04, 6.89050E-05, 7.22961E-05, 2.83464E-07
671, 1.07109E-04, 6.94236E-05, 7.17938E-05, 2.87112E-07
672, 1.06732E-04, 6.99307E-05, 7.12875E-05, 2.90674E-07
673, 1.06345E-04, 7.04261E-05, 7.07773E-05, 2.94131E-07
674, 1.05947E-04, 7.09098E-05, 7.02634E-05, 2.97468E-07
675, 1.05539E-04, 7.13816E-05, 6.97458E-05, 3.00669E-07
676, 1.05122E-04, 7.18415E-05, 6.92247E-05, 3.03723E-07
677, 1.04694E-04, 7.22894E-05, 6.87002E-05, 3.06619E-07
678, 1.04257E-04, 7.27253E-05, 6.81723E-05, 3.09347E-07
679, 1.03811E-04, 7.31489E-05, 6.76411E-05, 3.11901E-07
680, 1.03356E-04, 7.35604E-05, 6.71068E-05, 3.14277E-07
681, 1.02891E-04, 7.39595E-05, 6.65695E-05, 3.16473E-07
682, 1.02418E-04, 7.43463E-05, 6.60293E-05, 3.18489E-07
683, 1.01937E-04, 7.47207E-05, 6.54862E-05, 3.20327E-07
684, 1.01446E-04, 7.50826E-05, 6.49404E-05, 3.21993E-07
685, 1.00948E-04, 7.54320E-05, 6.43920E-05, 3.23492E-07
686, 1.00442E-04, 7.57689E-05, 6.38411E-05, 3.24833E-07
687, 9.99277E-05, 7.60932E-05, 6.32878E-05, 3.26026E-07
688, 9.94059E-05, 7.64048E-05, 6.27322E-05, 3.27083E-07
689, 9.88766E-05, 7.67038E-05, 6.21744E-05, 3.28016E-07
690, 9.83399E-05, 7.69902E-05, 6.16145E-05, 3.28838E-07
691, 9.77962E-05, 7.72638E-05, 6.10526E-05, 3.29565E-07
692, 9.72454E-05, 7.75247E-05, 6.04889E-05, 3.30211E-07
693, 9.66878E-05, 7.77729E-05, 5.99233E-05, 3.30790E-07
694, 9.61237E-05, 7.80084E-05, 5.93561E-05, 3.31319E-07
695, 9.55530E-05, 7.82311E-05, 5.87873E-05, 3.31810E-07
696, 9.49761E-05, 7.84411E-05, 5.82170E-05, 3.32280E-07
697, 9.43930E-05, 7.86384E-05, 5.76453E-05, 3.32739E-07
698, 9.38040E-05, 7.88229E-05, 5.70724E-05, 3.33202E-07
699, 9.32092E-05, 7.89947E-05, 5.64984E-05, 3.33679E-07
700, 9.26088E-05, 7.91539E-05, 5.59232E-05, 3.34178E-07
701, 9.20030E-05, 7.93003E-05, 5.53471E-05, 3.34710E-07
702, 9.13918E-05, 7.94341E-05, 5.47701E-05, 3.35279E-07
703, 9.07755E-05, 7.95553E-05, 5.41924E-05, 3.35891E-07
704, 9.01860E-05, 7.96638E-05, 5.36140E-05, 3.36550E-07
705, 8.99560E-05, 7.97598E-05, 5.30351E-05, 3.37255E-07
706, 8.97201E-05, 7.98742E-05, 5.24556E-05, 3.38008E-07
707, 8.94784E-05, 8.00487E-05, 5.18759E-05, 3.38805E-07
708, 8.92307E-05, 8.02099E-05, 5.12958E-05, 3.39644E-07
709, 8.89771E-05, 8.03579E-05, 5.07156E-05, 3.40519E-07
710, 8.87177E-05, 8.04928E-05, 5.01353E-05, 3.41424E-07
711, 8.84523E-05, 8.06145E-05, 4.95550E-05, 3.42351E-07
712, 8.81811E-05, 8.07233E-05, 4.89749E-05, 3.43291E-07
713, 8.79039E-05, 8.08191E-05, 4.83950E-05, 3.44235E-07
714, 8.77573E-05, 8.09020E-05, 4.78154E-05, 3.45172E-07
715, 8.76615E-05, 8.09722E-05, 4.72362E-05, 3.46092E-07
716, 8.75588E-05, 8.10297E-05, 4.66575E-05, 3.46984E-07
717, 8.74492E-05, 8.10745E-05, 4.60794E-05, 3.47835E-07
718, 8.73326E-05, 8.11069E-05, 4.55020E-05, 3.48636E-07
719, 8.72090E-05, 8.11268E-05, 4.49254E-05, 3.49376E-07
720, 8.70784E-05, 8.11345E-05, 4.43496E-05, 3.50043E-07
721, 8.69407E-05, 8.11299E-05, 4.37749E-05, 3.50629E-07
722, 8.67958E-05, 8.11132E-05, 4.32012E-05, 3.51125E-07
723, 8.66438E-05, 8.10846E-05, 4.26286E-05, 3.51522E-07
724, 8.64845E-05, 8.10440E-05, 4.20574E-05, 3.51814E-07
725, 8.63181E-05, 8.09917E-05, 4.14874E-05, 3.51994E-07
726, 8.61443E-05, 8.09277E-05, 4.09189E-05, 3.52060E-07
727, 8.59632E-05, 8.08522E-05, 4.03519E-05, 3.52006E-07
728, 8.57748E-05, 8.07653E-05, 3.97866E-05, 3.51831E-07
729, 8.55791E-05, 8.06671E-05, 3.92229E-05, 3.51534E-07
730, 8.53759E-05, 8.05578E-05, 3.86611E-05, 3.51116E-07
731, 8.51652E-05, 8.04374E-05, 3.81011E-05, 3.50578E-07
732, 8.49471E-05, 8.03062E-05, 3.75431E-05, 3.49923E-07
733, 8.47215E-05, 8.01642E-05, 3.69871E-05, 3.49156E-07
734, 8.44884E-05, 8.00117E-05, 3.69200E-05, 3.48281E-07
735, 8.42477E-05, 7.98487E-05, 3.69664E-05, 3.47303E-07
736, 8.39995E-05, 7.96753E-05, 3.70089E-05, 3.46231E-07
737, 8.37437E-05, 7.94918E-05, 3.70477E-05, 3.45070E-07
738, 8.34802E-05, 7.92983E-05, 3.70827E-05, 3.43829E-07
739, 8.32092E-05, 7.90949E-05, 3.71139E-05, 3.42516E-07
740, 8.29304E-05, 7.88818E-05, 3.71415E-05, 3.41139E-07
741, 8.26441E-05, 7.86591E-05, 3.71654E-05, 3.39706E-07
742, 8.23500E-05, 7.84270E-05, 3.71858E-05, 3.38226E-07
743, 8.20483E-05, 7.81857E-05, 3.72025E-05, 3.36708E-07
744, 8.17388E-05, 7.79352E-05, 3.72158E-05, 3.35159E-07
745, 8.14217E-05, 7.76758E-05, 3.72255E-05, 3.33587E-07
746, 8.10969E-05, 7.74076E-05, 3.72319E-05, 3.31998E-07
747, 8.07644E-05, 7.71307E-05, 3.72348E-05, 3.30399E-07
748, 8.04241E-05, 7.68454E-05, 3.72344E-05, 3.28796E-07
749, 8.00762E-05, 7.65518E-05, 3.72307E-05, 3.27194E-07
750, 7.97206E-05, 7.62499E-05, 3.72238E-05, 3.25597E-07
751, 7.93574E-05, 7.59401E-05, 3.72136E-05, 3.24007E-07
752, 7.89865E-05, 7.56224E-05, 3.72004E-05, 3.22428E-07
753, 7.86079E-05, 7.52970E-05, 3.71840E-05, 3.20861E-07
754, 7.82217E-05, 7.49641E-05, 3.71646E-05, 3.19307E-07
755, 7.78280E-05, 7.46238E-05, 3.71421E-05, 3.17765E-07
756, 7.74266E-05, 7.42763E-05, 3.71168E-05, 3.16234E-07
757, 7.70177E-05, 7.39216E-05, 3.70885E-05, 3.14713E-07
758, 7.66014E-05, 7.35601E-05, 3.70574E-05, 3.13200E-07
759, 7.61775E-05, 7.31918E-05, 3.70236E-05, 3.11690E-07
760, 7.57463E-05, 7.28169E-05, 3.69870E-05, 3.10181E-07
761, 7.53076E-05, 7.24355E-05, 3.69477E-05, 3.08668E-07
762, 7.48616E-05, 7.20478E-05, 3.69058E-05, 3.07147E-07
763, 7.44083E-05, 7.16540E-05, 3.68613E-05, 3.05614E-07
764, 7.39478E-05, 7.12541E-05, 3.68144E-05, 3.04062E-07
765, 7.34801E-05, 7.08484E-05, 3.67650E-05, 3.02487E-07
766, 7.30053E-05, 7.04369E-05, 3.67132E-05, 3.00884E-07
767, 7.25234E-05, 7.00199E-05, 3.66590E-05, 2.99248E-07
768, 7.20345E-05, 6.95975E-05, 3.66026E-05, 2.97574E-07
769, 7.15387E-05, 6.91698E-05, 3.65439E-05, 2.95857E-07
770, 7.10361E-05, 6.87370E-05, 3.64831E-05, 2.94093E-07
771, 7.05266E-05, 6.82991E-05, 3.64202E-05, 2.92278E-07
772, 7.00105E-05, 6.78564E-05, 3.63552E-05, 2.90409E-07
773, 7.01333E-05, 6.74091E-05, 3.62882E-05, 2.88483E-07
774, 7.06184E-05, 6.69571E-05, 3.62192E-05, 2.86496E-07
775, 7.10995E-05, 6.65007E-05, 3.61484E-05, 2.84448E-07
776, 7.15764E-05, 6.60400E-05, 3.60758E-05, 2.82336E-07
777, 7.20490E-05, 6.55752E-05, 3.60013E-05, 2.80162E-07
778, 7.25174E-05, 6.51064E-05, 3.59252E-05, 2.77923E-07
779, 7.29813E-05, 6.46336E-05, 3.58473E-05, 2.75621E-07
780, 7.34407E-05, 6.41571E-05, 3.57679E-05, 2.73257E-07
781, 7.38955E-05, 6.36770E-05, 3.56869E-05, 2.70832E-07
782, 7.43458E-05, 6.31934E-05, 3.56044E-05, 2.68349E-07
783, 7.47913E-05, 6.27065E-05, 3.55452E-05, 2.65811E-07
784, 7.52321E-05, 6.22163E-05, 3.55197E-05, 2.63220E-07
785, 7.56680E-05, 6.17230E-05, 3.54928E-05, 2.60580E-07
786, 7.60990E-05, 6.12267E-05, 3.54646E-05, 2.57895E-07
787, 7.65250E-05, 6.07275E-05, 3.54349E-05, 2.55168E-07
788, 7.69460E-05, 6.02256E-05, 3.54039E-05, 2.52405E-07
789, 7.73618E-05, 5.97211E-05, 3.53716E-05, 2.49609E-07
790, 7.77725E-05, 5.92141E-05, 3.53380E-05, 2.46785E-07
791, 7.81778E-05, 5.87047E-05, 3.53032E-05, 2.43937E-07
792, 7.87622E-05, 5.81931E-05, 3.52670E-05, 2.41070E-07
793, 7.93423E-05, 5.76793E-05, 3.52297E-05, 2.38188E-07
794, 7.99171E-05, 5.72783E-05, 3.51911E-05, 2.35295E-07
795, 8.04865E-05, 5.69374E-05, 3.51513E-05, 2.32394E-07
796, 8.10504E-05, 5.65942E-05, 3.51103E-05, 2.29491E-07
797, 8.16086E-05, 5.62489E-05, 3.50681E-05, 2.26587E-07
798, 8.21611E-05, 5.59015E-05, 3.50248E-05, 2.23685E-07
799, 8.27077E-05, 5.55519E-05, 3.49804E-05, 2.20788E-07
800, 8.32485E-05, 5.52003E-05, 3.49348E-05, 2.17899E-07
801, 8.37832E-05, 5.48466E-05, 3.48881E-05, 2.15018E-07
802, 8.43119E-05, 5.44909E-05, 3.48403E-05, 2.12146E-07
803, 8.48344E-05, 5.41332E-05, 3.50508E-05, 2.09286E-07
804, 8.53506E-05, 5.38745E-05, 3.52720E-05, 2.06436E-07
805, 8.58604E-05, 5.40897E-05, 3.54891E-05, 2.03597E-07
806, 8.63638E-05, 5.42996E-05, 3.57021E-05, 2.00768E-07
807, 8.68607E-05, 5.45042E-05, 3.59108E-05, 1.97948E-07
808, 8.73509E-05, 5.47034E-05, 3.61154E-05, 1.95137E-07
809, 8.78345E-05, 5.48973E-05, 3.63157E-05, 1.92332E-07
810, 8.83112E-05, 5.50857E-05, 3.65118E-05, 1.89532E-07
811, 8.87811E-05, 5.52687E-05, 3.67035E-05, 1.86734E-07
812, 8.92440E-05, 5.54463E-05, 3.68910E-05, 1.83937E-07
813, 8.96999E-05, 5.56184E-05, 3.70741E-05, 1.81138E-07
814, 9.01486E-05, 5.57850E-05, 3.72529E-05, 1.78335E-07
815, 9.05902E-05, 5.59462E-05, 3.74273E-05, 1.75526E-07
816, 9.10245E-05, 5.61018E-05, 3.75973E-05, 1.72707E-07
817, 9.14515E-05, 5.62519E-05, 3.77629E-05, 1.69877E-07
818, 9.18711E-05, 5.63964E-05, 3.79241E-05, 1.67033E-07
819, 9.22832E-05, 5.65355E-05, 3.80808E-05, 1.64173E-07
820, 9.26877E-05, 5.66689E-05, 3.82331E-05, 1.61295E-07
821, 9.30846E-05, 5.67968E-05, 3.83808E-05, 1.58397E-07
822, 9.34738E-05, 5.69191E-05, 3.85279E-05, 1.55479E-07
823, 9.38553E-05, 5.70359E-05, 3.87979E-05, 1.53257E-07
824, 9.42289E-05, 5.71470E-05, 3.90640E-05, 1.52770E-07
825, 9.45947E-05, 5.72526E-05, 3.93261E-05, 1.52342E-07
826, 9.49525E-05, 5.73699E-05, 3.95843E-05, 1.51975E-07
827, 9.53022E-05, 5.75883E-05, 3.98385E-05, 1.51666E-07
828, 9.56439E-05, 5.78013E-05, 4.00887E-05, 1.51416E-07
829, 9.59775E-05, 5.80089E-05, 4.03348E-05, 1.51219E-07
830, 9.63029E-05, 5.82110E-05, 4.05769E-05, 1.51070E-07
831, 9.66200E-05, 5.84077E-05, 4.08148E-05, 1.50963E-07
832, 9.69288E-05, 5.85991E-05, 4.10487E-05, 1.50889E-07
833, 9.72293E-05, 5.87851E-05, 4.12784E-05, 1.50839E-07
834, 9.75214E-05, 5.89657E-05, 4.15039E-05, 1.50804E-07
835, 9.78050E-05, 5.91410E-05, 4.17253E-05, 1.50773E-07
836, 9.80801E-05, 5.93110E-05, 4.19425E-05, 1.50735E-07
837, 9.83467E-05, 5.94757E-05, 4.21554E-05, 1.50679E-07
838, 9.86047E-05, 5.96350E-05, 4.23641E-05, 1.50592E-07
839, 9.88540E-05, 5.97891E-05, 4.25685E-05, 1.50465E-07
840, 9.90947E-05, 5.99379E-05, 4.27687E-05, 1.50284E-07
841, 9.93267E-05, 6.00814E-05, 4.29645E-05, 1.50042E-07
842, 9.95499E-05, 6.02197E-05, 4.31560E-05, 1.49726E-07
843, 9.97643E-05, 6.03527E-05, 4.33432E-05, 1.49329E-07
844, 9.99699E-05, 6.04805E-05, 4.35261E-05, 1.48843E-07
845, 1.00167E-04, 6.06031E-05, 4.37046E-05, 1.48260E-07
846, 1.00355E-04, 6.07205E-05, 4.38787E-05, 1.47575E-07
847, 1.00534E-04, 6.08326E-05, 4.40485E-05, 1.46784E-07
848, 1.00704E-04, 6.09396E-05, 4.42138E-05, 1.45883E-07
849, 1.00865E-04, 6.10414E-05, 4.43748E-05, 1.44872E-07
850, 1.01017E-04, 6.11380E-05, 4.45313E-05, 1.43749E-07
851, 1.01160E-04, 6.12295E-05, 4.46834E-05, 1.42517E-07
852, 1.01294E-04, 6.13158E-05, 4.48311E-05, 1.41176E-07
853, 1.01419E-04, 6.13969E-05, 4.49759E-05, 1.39733E-07
854, 1.01535E-04, 6.14730E-05, 4.52670E-05, 1.38190E-07
855, 1.01642E-04, 6.15439E-05, 4.55546E-05, 1.36554E-07
856, 1.01739E-04, 6.16097E-05, 4.58386E-05, 1.34833E-07
857, 1.01828E-04, 6.16703E-05, 4.61191E-05, 1.33034E-07
858, 1.01908E-04, 6.17259E-05, 4.63959E-05, 1.31166E-07
859, 1.01978E-04, 6.17765E-05, 4.66691E-05, 1.29238E-07
860, 1.02040E-04, 6.18219E-05, 4.69387E-05, 1.27260E-07
861, 1.02092E-04, 6.18623E-05, 4.72045E-05, 1.25241E-07
862, 1.02194E-04, 6.18976E-05, 4.74666E-05, 1.23192E-07
863, 1.02469E-04, 6.19279E-05, 4.77249E-05, 1.21123E-07
864, 1.02736E-04, 6.19531E-05, 4.79794E-05, 1.19044E-07
865, 1.02996E-04, 6.19733E-05, 4.82300E-05, 1.16963E-07
866, 1.03249E-04, 6.19885E-05, 4.84768E-05, 1.14890E-07
867, 1.03494E-04, 6.19987E-05, 4.87197E-05, 1.12834E-07
868, 1.03732E-04, 6.20039E-05, 4.89587E-05, 1.13247E-07
869, 1.03963E-04, 6.20041E-05, 4.91937E-05, 1.14025E-07
870, 1.04187E-04, 6.19994E-05, 4.94247E-05, 1.14781E-07
871, 1.04403E-04, 6.19897E-05, 4.96517E-05, 1.15515E-07
872, 1.04611E-04, 6.19750E-05, 4.98747E-05, 1.16226E-07
873, 1.04812E-04, 6.19554E-05, 5.00936E-05, 1.16915E-07
874, 1.05006E-04, 6.19308E-05, 5.03084E-05, 1.17582E-07
875, 1.05191E-04, 6.19014E-05, 5.05191E-05, 1.18227E-07
876, 1.05370E-04, 6.18670E-05, 5.07257E-05, 1.18850E-07
877, 1.05540E-04, 6.18277E-05, 5.09281E-05, 1.19452E-07
878, 1.05703E-04, 6.17836E-05, 5.11263E-05, 1.20033E-07
879, 1.05859E-04, 6.17345E-05, 5.13203E-05, 1.20592E-07
880, 1.06006E-04, 6.16806E-05, 5.15101E-05, 1.21131E-07
881, 1.06146E-04, 6.16219E-05, 5.16956E-05, 1.21649E-07
882, 1.06278E-04, 6.15583E-05, 5.18768E-05, 1.22146E-07
883, 1.06403E-04, 6.14899E-05, 5.20538E-05, 1.22623E-07
884, 1.06519E-04, 6.14167E-05, 5.22264E-05, 1.23081E-07
885, 1.06628E-04, 6.13388E-05, 5.23947E-05, 1.23518E-07
886, 1.06729E-04, 6.12560E-05, 5.25586E-05, 1.23936E-07
887, 1.06822E-04, 6.11685E-05, 5.27182E-05, 1.24615E-07
888, 1.06908E-04, 6.10762E-05, 5.28733E-05, 1.25601E-07
889, 1.06985E-04, 6.10850E-05, 5.30241E-05, 1.26567E-07
890, 1.07055E-04, 6.11280E-05, 5.31705E-05, 1.27513E-07
891, 1.07117E-04, 6.11661E-05, 5.33124E-05, 1.28439E-07
892, 1.07170E-04, 6.11992E-05, 5.34499E-05, 1.29345E-07
893, 1.07216E-04, 6.12275E-05, 5.35829E-05, 1.30230E-07
894, 1.07255E-04, 6.12507E-05, 5.37115E-05, 1.31095E-07
895, 1.07285E-04, 6.12691E-05, 5.38355E-05, 1.31938E-07
896, 1.07307E-04, 6.12824E-05, 5.39551E-05, 1.32759E-07
897, 1.07321E-04, 6.12909E-05, 5.40702E-05, 1.33559E-07
898, 1.07328E-04, 6.12943E-05, 5.41807E-05, 1.34336E-07
899, 1.07326E-04, 6.12928E-05, 5.42868E-05, 1.35091E-07
900, 1.07317E-04, 6.12864E-05, 5.43883E-05, 1.35822E-07
901, 1.07300E-04, 6.12750E-05, 5.44852E-05, 1.36530E-07
902, 1.07275E-04, 6.12586E-05, 5.45777E-05, 1.37215E-07
903, 1.07242E-04, 6.14991E-05, 5.46656E-05, 1.37875E-07
904, 1.07201E-04, 6.17496E-05, 5.47489E-05, 1.38510E-07
905, 1.07153E-04, 6.19961E-05, 5.48277E-05, 1.39121E-07
906, 1.07096E-04, 6.22385E-05, 5.49019E-05, 1.39706E-07
907, 1.07032E-04, 6.24769E-05, 5.49715E-05, 1.40266E-07
908, 1.06960E-04, 6.27112E-05, 5.50366E-05, 1.40799E-07
909, 1.06880E-04, 6.29414E-05, 5.50972E-05, 1.41307E-07
910, 1.06792E-04, 6.31675E-05, 5.51531E-05, 1.41788E-07
911, 1.06697E-04, 6.33894E-05, 5.52722E-05, 1.42242E-07
912, 1.06594E-04, 6.36072E-05, 5.54940E-05, 1.42669E-07
913, 1.06483E-04, 6.38207E-05, 5.57126E-05, 1.43069E-07
914, 1.06365E-04, 6.40300E-05, 5.59281E-05, 1.43442E-07
915, 1.06238E-04, 6.42351E-05, 5.61403E-05, 1.43788E-07
916, 1.06105E-04, 6.44359E-05, 5.63493E-05, 1.44107E-07
917, 1.05963E-04, 6.46324E-05, 5.65549E-05, 1.44398E-07
918, 1.05814E-04, 6.48247E-05, 5.67573E-05, 1.44662E-07
919, 1.05658E-04, 6.50126E-05, 5.69562E-05, 1.44900E-07
920, 1.05494E-04, 6.51962E-05, 5.71518E-05, 1.45110E-07
921, 1.05322E-04, 6.53754E-05, 5.73439E-05, 1.45294E-07
922, 1.05143E-04, 6.55502E-05, 5.75325E-05, 1.45452E-07
923, 1.04957E-04, 6.57207E-05, 5.77176E-05, 1.45583E-07
924, 1.04763E-04, 6.58867E-05, 5.78991E-05, 1.45689E-07
925, 1.04562E-04, 6.60483E-05, 5.80771E-05, 1.45769E-07
926, 1.04354E-04, 6.62055E-05, 5.82515E-05, 1.45825E-07
927, 1.04138E-04, 6.63583E-05, 5.84222E-05, 1.45855E-07
928, 1.03916E-04, 6.65065E-05, 5.85892E-05, 1.45862E-07
929, 1.03686E-04, 6.66503E-05, 5.87526E-05, 1.45845E-07
930, 1.03449E-04, 6.67896E-05, 5.89122E-05, 1.45805E-07
931, 1.03205E-04, 6.69244E-05, 5.90680E-05, 1.45742E-07
932, 1.02953E-04, 6.70547E-05, 5.92200E-05, 1.45657E-07
933, 1.02695E-04, 6.71805E-05, 5.93682E-05, 1.45767E-07
934, 1.02430E-04, 6.73017E-05, 5.95125E-05, 1.46359E-07
935, 1.02158E-04, 6.74184E-05, 5.96530E-05, 1.46927E-07
936, 1.01880E-04, 6.75305E-05, 5.97895E-05, 1.47746E-07
937, 1.01594E-04, 6.76381E-05, 5.99221E-05, 1.48943E-07
938, 1.01302E-04, 6.77411E-05, 6.00507E-05, 1.50110E-07
939, 1.01003E-04, 6.78395E-05, 6.01753E-05, 1.51247E-07
940, 1.00697E-04, 6.79334E-05, 6.02959E-05, 1.52352E-07
941, 1.00385E-04, 6.80226E-05, 6.04124E-05, 1.53424E-07
942, 1.00067E-04, 6.81073E-05, 6.05249E-05, 1.54463E-07
943, 9.97418E-05, 6.81874E-05, 6.06333E-05, 1.55698E-07
944, 9.94104E-05, 6.82628E-05, 6.07375E-05, 1.57085E-07
945, 9.90728E-05, 6.83337E-05, 6.08376E-05, 1.58443E-07
946, 9.87289E-05, 6.84000E-05, 6.09336E-05, 1.59772E-07
947, 9.83789E-05, 6.84616E-05, 6.10254E-05, 1.61072E-07
948, 9.80227E-05, 6.85187E-05, 6.11129E-05, 1.62342E-07
949, 9.76605E-05, 6.86278E-05, 6.11963E-05, 1.63582E-07
950, 9.72923E-05, 6.87452E-05, 6.12754E-05, 1.64792E-07
951, 9.69182E-05, 6.88590E-05, 6.13502E-05, 1.65972E-07
952, 9.65382E-05, 6.89692E-05, 6.14208E-05, 1.67122E-07
953, 9.61525E-05, 6.90756E-05, 6.14871E-05, 1.68242E-07
954, 9.57611E-05, 6.91783E-05, 6.15490E-05, 1.69331E-07
955, 9.53641E-05, 6.92772E-05, 6.16067E-05, 1.70390E-07
956, 9.49615E-05, 6.93724E-05, 6.16600E-05, 1.71419E-07
957, 9.45534E-05, 6.94639E-05, 6.17089E-05, 1.72418E-07
958, 9.41399E-05, 6.95515E-05, 6.17535E-05, 1.73387E-07
959, 9.37211E-05, 6.96354E-05, 6.17937E-05, 1.74326E-07
960, 9.32970E-05, 6.97155E-05, 6.18295E-05, 1.75236E-07
961, 9.28678E-05, 6.97917E-05, 6.18609E-05, 1.76116E-07
962, 9.24334E-05, 6.98641E-05, 6.18879E-05, 1.76967E-07
963, 9.19941E-05, 6.99326E-05, 6.19105E-05, 1.77788E-07
964, 9.15498E-05, 6.99973E-05, 6.19287E-05, 1.78581E-07
965, 9.11006E-05, 7.00581E-05, 6.19424E-05, 1.79345E-07
966, 9.06538E-05, 7.01150E-05, 6.19517E-05, 1.80081E-07
967, 9.03498E-05, 7.01679E-05, 6.19565E-05, 1.80788E-07
968, 9.00395E-05, 7.02170E-05, 6.19569E-05, 1.81468E-07
969, 8.97232E-05, 7.02622E-05, 6.19528E-05, 1.82120E-07
970, 8.94008E-05, 7.03034E-05, 6.19443E-05, 1.82744E-07
971, 8.90725E-05, 7.03406E-05, 6.19313E-05, 1.83341E-07
972, 8.87383E-05, 7.03739E-05, 6.19138E-05, 1.83911E-07
973, 8.83982E-05, 7.04032E-05, 6.18919E-05, 1.84454E-07
974, 8.80523E-05, 7.04286E-05, 6.18655E-05, 1.84971E-07
975, 8.77007E-05, 7.04499E-05, 6.18347E-05, 1.85460E-07
976, 8.73435E-05, 7.05607E-05, 6.17994E-05, 1.85924E-07
977, 8.69808E-05, 7.07009E-05, 6.17596E-05, 1.86361E-07
978, 8.66125E-05, 7.08378E-05, 6.17154E-05, 1.86772E-07
979, 8.62389E-05, 7.09713E-05, 6.16668E-05, 1.87157E-07
980, 8.58599E-05, 7.11014E-05, 6.16137E-05, 1.87515E-07
981, 8.54756E-05, 7.12281E-05, 6.15561E-05, 1.87848E-07
982, 8.50861E-05, 7.13513E-05, 6.14941E-05, 1.88156E-07
983, 8.48312E-05, 7.14710E-05, 6.14277E-05, 1.88437E-07
984, 8.46199E-05, 7.15872E-05, 6.13569E-05, 1.88693E-07
985, 8.44031E-05, 7.16998E-05, 6.12817E-05, 1.88923E-07
986, 8.41809E-05, 7.18089E-05, 6.12021E-05, 1.89128E-07
987, 8.39533E-05, 7.19143E-05, 6.11181E-05, 1.89307E-07
988, 8.37204E-05, 7.20161E-05, 6.10297E-05, 1.89460E-07
989, 8.34822E-05, 7.21143E-05, 6.09370E-05, 1.89588E-07
990, 8.32388E-05, 7.22087E-05, 6.08400E-05, 1.89690E-07
991, 8.29901E-05, 7.22995E-05, 6.07386E-05, 1.89767E-07
992, 8.27363E-05, 7.23865E-05, 6.06328E-05, 1.89819E-07
993, 8.24774E-05, 7.24698E-05, 6.05228E-05, 1.89845E-07
994, 8.22134E-05, 7.25492E-05, 6.04085E-05, 1.89846E-07
995, 8.19444E-05, 7.26249E-05, 6.02900E-05, 1.89821E-07
996, 8.16704E-05, 7.26967E-05, 6.01672E-05, 1.89771E-07
997, 8.13915E-05, 7.27647E-05, 6.00402E-05, 1.89696E-07
998, 8.11077E-05, 7.28287E-05, 5.99090E-05, 1.89595E-07
999, 8.08191E-05, 7.28889E-05, 5.97736E-05, 1.89469E-07
1000, 8.05258E-05, 7.29452E-05, 5.96340E-05, 1.89318E-07
