time_step, rel_err_u, rel_err_v, rel_err_w, rel_err_p, rel_err_u_m, rel_err_v_m, rel_err_w_m, rel_err_p_m
0, 0.00000E+00, 0.00000E+00, 0.00000E+00, 0.00000E+00, 0.00000E+00, 0.00000E+00, 0.00000E+00,         NaN
1, 4.79809E-03, 6.19399E-03, 4.38979E-03, 9.85753E-02, 1.69779E-04, 1.85269E-04, 1.33009E-04, 1.02701E+01
2, 5.97797E-03, 7.61791E-03, 6.17799E-03, 6.78057E-03, 1.98417E-04, 2.12040E-04, 1.55432E-04, 1.00771E+01
3, 5.45774E-03, 6.16456E-03, 4.72082E-03, 8.22215E-03, 1.66120E-04, 1.85364E-04, 1.31772E-04, 1.17984E+00
4, 5.33045E-03, 6.15740E-03, 4.66311E-03, 4.61301E-03, 1.65078E-04, 1.84782E-04, 1.29570E-04, 6.66213E-01
5, 5.43620E-03, 6.01344E-03, 4.68720E-03, 4.58255E-03, 1.64213E-04, 1.87032E-04, 1.29644E-04, 8.49776E-02
6, 5.42690E-03, 5.93272E-03, 4.78042E-03, 4.57442E-03, 1.63798E-04, 1.88964E-04, 1.29754E-04, 1.45702E-01
7, 5.39265E-03, 5.82294E-03, 4.85183E-03, 4.48946E-03, 1.63270E-04, 1.90328E-04, 1.29746E-04, 5.59353E-02
8, 5.54617E-03, 5.71189E-03, 4.92999E-03, 4.39608E-03, 1.63165E-04, 1.91791E-04, 1.30028E-04, 5.16029E-02
9, 5.89783E-03, 5.59096E-03, 5.00079E-03, 4.30494E-03, 1.63209E-04, 1.93189E-04, 1.30453E-04, 5.12531E-02
10, 6.19211E-03, 5.46253E-03, 5.07147E-03, 4.20290E-03, 1.63418E-04, 1.94464E-04, 1.30970E-04, 6.01031E-02
11, 6.41718E-03, 5.62905E-03, 5.13891E-03, 4.32424E-03, 1.63792E-04, 1.95632E-04, 1.31515E-04, 6.10490E-02
12, 6.56355E-03, 5.81135E-03, 5.20437E-03, 4.45251E-03, 1.64315E-04, 1.96678E-04, 1.32089E-04, 6.18380E-02
13, 6.67090E-03, 5.97153E-03, 5.26730E-03, 4.56091E-03, 1.64943E-04, 1.97608E-04, 1.32690E-04, 6.29388E-02
14, 6.86280E-03, 6.10885E-03, 5.32792E-03, 4.64738E-03, 1.65698E-04, 1.98442E-04, 1.33308E-04, 6.24299E-02
15, 6.96434E-03, 6.22349E-03, 5.38608E-03, 4.70879E-03, 1.66540E-04, 1.99193E-04, 1.33937E-04, 6.37263E-02
16, 6.96822E-03, 6.36612E-03, 5.44177E-03, 4.74320E-03, 1.67477E-04, 1.99865E-04, 1.34578E-04, 6.62559E-02
17, 6.87092E-03, 6.52881E-03, 5.49490E-03, 4.74933E-03, 1.68477E-04, 2.00438E-04, 1.35210E-04, 6.80285E-02
18, 6.67293E-03, 6.67307E-03, 5.54541E-03, 4.72585E-03, 1.69495E-04, 2.00924E-04, 1.35849E-04, 6.90934E-02
19, 6.49173E-03, 6.79701E-03, 5.59320E-03, 4.67184E-03, 1.70612E-04, 2.01362E-04, 1.36491E-04, 6.93725E-02
20, 6.49690E-03, 6.89101E-03, 5.63815E-03, 4.74534E-03, 1.71758E-04, 2.01794E-04, 1.37112E-04, 6.80584E-02
21, 6.66543E-03, 6.95556E-03, 5.68014E-03, 4.97129E-03, 1.72886E-04, 2.02242E-04, 1.37710E-04, 6.57699E-02
22, 6.80843E-03, 7.06263E-03, 5.71902E-03, 5.20860E-03, 1.74068E-04, 2.02767E-04, 1.38323E-04, 6.14949E-02
23, 6.92570E-03, 7.22618E-03, 5.75465E-03, 5.41114E-03, 1.75241E-04, 2.03467E-04, 1.38938E-04, 5.51819E-02
24, 7.01719E-03, 7.35885E-03, 5.78684E-03, 5.57138E-03, 1.76380E-04, 2.04359E-04, 1.39541E-04, 4.98960E-02
25, 7.08300E-03, 7.46040E-03, 5.81542E-03, 5.75748E-03, 1.77486E-04, 2.05439E-04, 1.40181E-04, 5.45686E-02
26, 7.12337E-03, 7.53106E-03, 5.84019E-03, 5.97234E-03, 1.78579E-04, 2.06700E-04, 1.40829E-04, 5.90266E-02
27, 7.13863E-03, 7.57145E-03, 5.86093E-03, 6.04965E-03, 1.79678E-04, 2.08127E-04, 1.41511E-04, 6.38486E-02
28, 7.12927E-03, 7.58263E-03, 5.87743E-03, 5.97289E-03, 1.80701E-04, 2.09761E-04, 1.42214E-04, 6.93819E-02
29, 7.09586E-03, 7.56604E-03, 5.88945E-03, 5.72907E-03, 1.81660E-04, 2.11534E-04, 1.42893E-04, 7.48635E-02
30, 7.03911E-03, 7.52342E-03, 5.89675E-03, 5.30982E-03, 1.82614E-04, 2.13366E-04, 1.43591E-04, 8.05629E-02
31, 6.95981E-03, 7.45677E-03, 5.89909E-03, 4.77746E-03, 1.83597E-04, 2.15204E-04, 1.44297E-04, 8.71214E-02
32, 6.85885E-03, 7.36831E-03, 5.89622E-03, 4.13704E-03, 1.84607E-04, 2.17076E-04, 1.44975E-04, 9.36360E-02
33, 6.73725E-03, 7.36401E-03, 5.88790E-03, 4.42461E-03, 1.85647E-04, 2.18907E-04, 1.45651E-04, 1.04374E-01
34, 6.59608E-03, 7.34400E-03, 5.87388E-03, 4.86907E-03, 1.86713E-04, 2.20628E-04, 1.46359E-04, 1.16311E-01
35, 6.61297E-03, 7.29982E-03, 5.85390E-03, 5.30275E-03, 1.87781E-04, 2.22204E-04, 1.47062E-04, 1.27807E-01
36, 6.67701E-03, 7.23898E-03, 5.82775E-03, 5.71379E-03, 1.88883E-04, 2.23662E-04, 1.47778E-04, 1.36688E-01
37, 6.72049E-03, 7.15645E-03, 5.79518E-03, 6.09050E-03, 1.90011E-04, 2.25017E-04, 1.48525E-04, 1.41757E-01
38, 6.74382E-03, 7.17374E-03, 5.75599E-03, 6.42172E-03, 1.91131E-04, 2.26295E-04, 1.49295E-04, 1.42701E-01
39, 6.74752E-03, 7.18309E-03, 5.70997E-03, 6.69733E-03, 1.92351E-04, 2.27532E-04, 1.50069E-04, 1.39387E-01
40, 6.73217E-03, 7.16055E-03, 5.65695E-03, 6.90865E-03, 1.93709E-04, 2.28801E-04, 1.50840E-04, 1.31880E-01
41, 6.69845E-03, 7.10741E-03, 5.59674E-03, 7.47172E-03, 1.95227E-04, 2.30080E-04, 1.51635E-04, 1.20436E-01
42, 6.64711E-03, 7.02533E-03, 5.57924E-03, 8.33090E-03, 1.96881E-04, 2.31368E-04, 1.52444E-04, 1.07733E-01
43, 6.57893E-03, 6.91632E-03, 5.57420E-03, 9.06358E-03, 1.98677E-04, 2.32687E-04, 1.53266E-04, 9.21873E-02
44, 6.49477E-03, 6.78266E-03, 5.55946E-03, 9.75288E-03, 2.00584E-04, 2.34079E-04, 1.54077E-04, 7.40088E-02
45, 6.39550E-03, 6.70033E-03, 5.53577E-03, 1.02331E-02, 2.02632E-04, 2.35475E-04, 1.54855E-04, 5.38873E-02
46, 6.28203E-03, 6.67725E-03, 5.50385E-03, 1.04945E-02, 2.04726E-04, 2.36921E-04, 1.55605E-04, 4.53742E-02
47, 6.15528E-03, 6.62645E-03, 5.46434E-03, 1.05347E-02, 2.06878E-04, 2.38400E-04, 1.56328E-04, 4.94733E-02
48, 6.01620E-03, 6.54948E-03, 5.41783E-03, 1.03588E-02, 2.09047E-04, 2.39851E-04, 1.57016E-04, 5.35816E-02
49, 5.86574E-03, 6.44818E-03, 5.44326E-03, 9.97818E-03, 2.11205E-04, 2.41254E-04, 1.57658E-04, 5.78355E-02
50, 5.70485E-03, 6.32462E-03, 5.46923E-03, 9.41015E-03, 2.13300E-04, 2.42540E-04, 1.58252E-04, 6.23839E-02
51, 5.71095E-03, 6.21535E-03, 5.49151E-03, 8.67649E-03, 2.15289E-04, 2.43699E-04, 1.58791E-04, 7.41683E-02
52, 5.70725E-03, 6.19951E-03, 5.50978E-03, 7.80250E-03, 2.17147E-04, 2.44735E-04, 1.59248E-04, 8.64568E-02
53, 5.69089E-03, 6.14924E-03, 5.52371E-03, 6.81565E-03, 2.18817E-04, 2.45637E-04, 1.59633E-04, 9.64676E-02
54, 5.66232E-03, 6.06549E-03, 5.53295E-03, 5.74443E-03, 2.20313E-04, 2.46379E-04, 1.59956E-04, 1.03578E-01
55, 5.62199E-03, 5.94969E-03, 5.53716E-03, 4.61730E-03, 2.21665E-04, 2.47012E-04, 1.60232E-04, 1.07857E-01
56, 5.57040E-03, 5.80363E-03, 5.53599E-03, 4.63494E-03, 2.22885E-04, 2.47564E-04, 1.60450E-04, 1.09460E-01
57, 5.50806E-03, 5.82143E-03, 5.52910E-03, 4.91346E-03, 2.23910E-04, 2.48014E-04, 1.60605E-04, 1.08614E-01
58, 5.43553E-03, 5.81463E-03, 5.51615E-03, 5.11989E-03, 2.24715E-04, 2.48418E-04, 1.60725E-04, 1.05591E-01
59, 5.35337E-03, 5.77540E-03, 5.49682E-03, 5.28325E-03, 2.25382E-04, 2.48807E-04, 1.60841E-04, 1.00687E-01
60, 5.26217E-03, 5.70447E-03, 5.47077E-03, 5.53843E-03, 2.26011E-04, 2.49143E-04, 1.60977E-04, 9.42077E-02
61, 5.16252E-03, 5.60293E-03, 5.43770E-03, 5.71092E-03, 2.26567E-04, 2.49467E-04, 1.61105E-04, 8.64534E-02
62, 5.05503E-03, 5.48968E-03, 5.39732E-03, 5.80321E-03, 2.27104E-04, 2.49863E-04, 1.61233E-04, 7.77070E-02
63, 4.94032E-03, 5.40712E-03, 5.34936E-03, 5.82039E-03, 2.27595E-04, 2.50325E-04, 1.61400E-04, 6.82311E-02
64, 4.81899E-03, 5.41330E-03, 5.29358E-03, 5.94839E-03, 2.28053E-04, 2.50844E-04, 1.61611E-04, 6.01216E-02
65, 4.69166E-03, 5.44542E-03, 5.22976E-03, 6.04859E-03, 2.28489E-04, 2.51448E-04, 1.61820E-04, 6.09955E-02
66, 4.61228E-03, 5.53456E-03, 5.15773E-03, 6.07586E-03, 2.28958E-04, 2.52153E-04, 1.62057E-04, 6.49743E-02
67, 4.60090E-03, 5.61942E-03, 5.07733E-03, 6.03735E-03, 2.29478E-04, 2.52893E-04, 1.62343E-04, 6.69611E-02
68, 4.58216E-03, 5.69970E-03, 5.03443E-03, 6.08445E-03, 2.30082E-04, 2.53732E-04, 1.62682E-04, 6.92739E-02
69, 4.55634E-03, 5.77506E-03, 5.03208E-03, 6.18777E-03, 2.30872E-04, 2.54651E-04, 1.63062E-04, 7.44657E-02
70, 4.52374E-03, 5.84517E-03, 5.02228E-03, 6.22102E-03, 2.31756E-04, 2.55577E-04, 1.63457E-04, 8.13708E-02
71, 4.48467E-03, 5.90969E-03, 5.00547E-03, 6.18863E-03, 2.32728E-04, 2.56559E-04, 1.63840E-04, 8.55181E-02
72, 4.43943E-03, 5.96830E-03, 4.98205E-03, 6.23084E-03, 2.33768E-04, 2.57529E-04, 1.64253E-04, 8.63098E-02
73, 4.38834E-03, 6.02065E-03, 4.95241E-03, 6.35685E-03, 2.34909E-04, 2.58440E-04, 1.64692E-04, 8.36956E-02
74, 4.33175E-03, 6.07500E-03, 4.91690E-03, 6.39713E-03, 2.36123E-04, 2.59329E-04, 1.65154E-04, 7.78663E-02
75, 4.26996E-03, 6.12545E-03, 4.91117E-03, 6.35465E-03, 2.37426E-04, 2.60183E-04, 1.65631E-04, 6.92354E-02
76, 4.20333E-03, 6.16810E-03, 4.90898E-03, 6.36576E-03, 2.38790E-04, 2.61035E-04, 1.66104E-04, 5.83974E-02
77, 4.13218E-03, 6.20262E-03, 4.89934E-03, 6.42584E-03, 2.40170E-04, 2.61838E-04, 1.66567E-04, 4.60685E-02
78, 4.05685E-03, 6.22867E-03, 4.88254E-03, 6.38084E-03, 2.41618E-04, 2.62554E-04, 1.67031E-04, 4.25382E-02
79, 3.97769E-03, 6.24593E-03, 4.85888E-03, 6.23951E-03, 2.43088E-04, 2.63197E-04, 1.67489E-04, 4.32743E-02
80, 3.89503E-03, 6.27125E-03, 4.82865E-03, 6.04870E-03, 2.44651E-04, 2.63748E-04, 1.67944E-04, 4.30608E-02
81, 3.88427E-03, 6.42584E-03, 4.79292E-03, 5.90626E-03, 2.46238E-04, 2.64216E-04, 1.68386E-04, 4.19683E-02
82, 3.88285E-03, 6.57466E-03, 4.79597E-03, 5.67073E-03, 2.47801E-04, 2.64592E-04, 1.68777E-04, 4.00983E-02
83, 3.87730E-03, 6.71685E-03, 4.79094E-03, 5.35982E-03, 2.49399E-04, 2.64900E-04, 1.69146E-04, 3.80829E-02
84, 3.86782E-03, 6.85156E-03, 4.77809E-03, 4.99113E-03, 2.51024E-04, 2.65136E-04, 1.69497E-04, 3.54089E-02
85, 3.85457E-03, 6.97794E-03, 4.75766E-03, 4.58108E-03, 2.52637E-04, 2.65272E-04, 1.69768E-04, 3.50738E-02
86, 3.83775E-03, 7.09514E-03, 4.72996E-03, 4.14421E-03, 2.54228E-04, 2.65330E-04, 1.69984E-04, 3.56475E-02
87, 3.81755E-03, 7.20782E-03, 4.69527E-03, 3.69264E-03, 2.55790E-04, 2.65342E-04, 1.70135E-04, 3.55916E-02
88, 3.79415E-03, 7.32000E-03, 4.68915E-03, 3.42741E-03, 2.57348E-04, 2.65259E-04, 1.70240E-04, 3.50405E-02
89, 3.76772E-03, 7.42064E-03, 4.68634E-03, 3.24406E-03, 2.58878E-04, 2.65139E-04, 1.70335E-04, 3.41195E-02
90, 3.73846E-03, 7.50886E-03, 4.67515E-03, 3.05439E-03, 2.60399E-04, 2.65029E-04, 1.70444E-04, 3.29364E-02
91, 3.76364E-03, 7.58384E-03, 4.65584E-03, 3.11155E-03, 2.61891E-04, 2.64865E-04, 1.70500E-04, 3.20365E-02
92, 3.86515E-03, 7.64480E-03, 4.76510E-03, 3.18799E-03, 2.63378E-04, 2.64681E-04, 1.70535E-04, 3.20364E-02
93, 3.96695E-03, 7.70081E-03, 4.85774E-03, 3.26012E-03, 2.64898E-04, 2.64535E-04, 1.70528E-04, 3.13211E-02
94, 4.06879E-03, 7.75190E-03, 4.91406E-03, 3.32750E-03, 2.66405E-04, 2.64326E-04, 1.70490E-04, 3.11336E-02
95, 4.17040E-03, 7.78647E-03, 5.01197E-03, 3.38973E-03, 2.67925E-04, 2.64044E-04, 1.70405E-04, 3.05401E-02
96, 4.27152E-03, 7.80381E-03, 5.13610E-03, 3.44645E-03, 2.69481E-04, 2.63735E-04, 1.70277E-04, 2.95378E-02
97, 4.37190E-03, 7.83122E-03, 5.21829E-03, 3.49730E-03, 2.71021E-04, 2.63484E-04, 1.70120E-04, 2.91505E-02
98, 4.47127E-03, 7.84060E-03, 5.25840E-03, 3.54200E-03, 2.72609E-04, 2.63217E-04, 1.69965E-04, 2.79809E-02
99, 4.56937E-03, 7.84333E-03, 5.25769E-03, 3.58029E-03, 2.74233E-04, 2.62925E-04, 1.69787E-04, 2.73408E-02
100, 4.66598E-03, 7.85340E-03, 5.29326E-03, 3.61196E-03, 2.75860E-04, 2.62612E-04, 1.69591E-04, 2.63943E-02
101, 4.76085E-03, 7.91289E-03, 5.37028E-03, 3.63684E-03, 2.77463E-04, 2.62313E-04, 1.69344E-04, 2.53958E-02
102, 4.85375E-03, 8.05963E-03, 5.40206E-03, 3.65479E-03, 2.79085E-04, 2.62006E-04, 1.69071E-04, 2.47849E-02
103, 4.94448E-03, 8.18671E-03, 5.39000E-03, 3.66572E-03, 2.80745E-04, 2.61632E-04, 1.68802E-04, 2.33988E-02
104, 5.03284E-03, 8.29311E-03, 5.33690E-03, 3.73320E-03, 2.82422E-04, 2.61271E-04, 1.68544E-04, 2.32693E-02
105, 5.11864E-03, 8.40673E-03, 5.34235E-03, 3.84717E-03, 2.84114E-04, 2.60908E-04, 1.68304E-04, 2.23456E-02
106, 5.20173E-03, 8.50571E-03, 5.37619E-03, 3.93942E-03, 2.85798E-04, 2.60531E-04, 1.68047E-04, 2.16285E-02
107, 5.28194E-03, 8.58030E-03, 5.36538E-03, 4.01091E-03, 2.87513E-04, 2.60179E-04, 1.67808E-04, 2.13429E-02
108, 5.35915E-03, 8.63537E-03, 5.31252E-03, 4.06286E-03, 2.89227E-04, 2.59837E-04, 1.67587E-04, 2.03105E-02
109, 5.43325E-03, 8.70764E-03, 5.22140E-03, 4.09670E-03, 2.90972E-04, 2.59447E-04, 1.67386E-04, 1.99450E-02
110, 5.50415E-03, 8.75208E-03, 5.21160E-03, 4.11397E-03, 2.92755E-04, 2.59024E-04, 1.67180E-04, 1.96699E-02
111, 5.57177E-03, 8.77066E-03, 5.21337E-03, 4.11633E-03, 2.94598E-04, 2.58651E-04, 1.67017E-04, 1.87110E-02
112, 5.63606E-03, 8.82189E-03, 5.17369E-03, 4.10544E-03, 2.96496E-04, 2.58306E-04, 1.66899E-04, 1.83132E-02
113, 5.69700E-03, 8.84226E-03, 5.09583E-03, 4.08292E-03, 2.98346E-04, 2.57993E-04, 1.66778E-04, 1.81508E-02
114, 5.75456E-03, 8.83359E-03, 4.98397E-03, 4.05037E-03, 3.00228E-04, 2.57721E-04, 1.66669E-04, 1.73896E-02
115, 5.80876E-03, 8.87372E-03, 4.95636E-03, 4.00929E-03, 3.02116E-04, 2.57479E-04, 1.66590E-04, 1.68255E-02
116, 5.85961E-03, 8.88050E-03, 4.93890E-03, 3.96106E-03, 3.04066E-04, 2.57211E-04, 1.66555E-04, 1.72583E-02
117, 5.90717E-03, 8.85295E-03, 4.88453E-03, 3.90697E-03, 3.06071E-04, 2.56946E-04, 1.66512E-04, 1.79134E-02
118, 5.95148E-03, 8.87525E-03, 4.81072E-03, 3.86901E-03, 3.08002E-04, 2.56665E-04, 1.66462E-04, 1.84388E-02
119, 5.99262E-03, 8.88275E-03, 4.93128E-03, 3.83995E-03, 3.09936E-04, 2.56355E-04, 1.66446E-04, 1.88150E-02
120, 6.03069E-03, 8.85395E-03, 5.04607E-03, 3.81139E-03, 3.11822E-04, 2.56019E-04, 1.66441E-04, 1.90230E-02
121, 6.06577E-03, 8.81882E-03, 5.15486E-03, 3.78423E-03, 3.13625E-04, 2.55665E-04, 1.66443E-04, 1.94798E-02
122, 6.09799E-03, 8.84369E-03, 5.25747E-03, 3.83336E-03, 3.15391E-04, 2.55295E-04, 1.66458E-04, 1.99920E-02
123, 6.12746E-03, 8.83128E-03, 5.35375E-03, 3.88041E-03, 3.17095E-04, 2.54893E-04, 1.66490E-04, 2.03261E-02
124, 6.15432E-03, 8.78040E-03, 5.44359E-03, 3.90797E-03, 3.18751E-04, 2.54433E-04, 1.66513E-04, 2.04603E-02
125, 6.17869E-03, 8.73535E-03, 5.52691E-03, 3.94734E-03, 3.20388E-04, 2.53963E-04, 1.66576E-04, 2.05771E-02
126, 6.20072E-03, 8.75710E-03, 5.60366E-03, 3.99168E-03, 3.21938E-04, 2.53455E-04, 1.66646E-04, 2.19660E-02
127, 6.22055E-03, 8.74041E-03, 5.67383E-03, 4.06749E-03, 3.23452E-04, 2.52882E-04, 1.66697E-04, 2.31400E-02
128, 6.23833E-03, 8.68396E-03, 5.73740E-03, 4.17155E-03, 3.24893E-04, 2.52262E-04, 1.66734E-04, 2.43242E-02
129, 6.25420E-03, 8.58689E-03, 5.79441E-03, 4.27293E-03, 3.26270E-04, 2.51570E-04, 1.66771E-04, 2.56125E-02
130, 6.26831E-03, 8.61835E-03, 5.84490E-03, 4.37129E-03, 3.27599E-04, 2.50822E-04, 1.66826E-04, 2.66079E-02
131, 6.28080E-03, 8.61369E-03, 5.88892E-03, 4.46629E-03, 3.28873E-04, 2.50061E-04, 1.66903E-04, 2.72823E-02
132, 6.29181E-03, 8.56910E-03, 5.92654E-03, 4.55761E-03, 3.30109E-04, 2.49261E-04, 1.66984E-04, 2.76124E-02
133, 6.30147E-03, 8.48344E-03, 5.95785E-03, 4.64492E-03, 3.31364E-04, 2.48413E-04, 1.67072E-04, 2.75811E-02
134, 6.30992E-03, 8.46695E-03, 5.98295E-03, 4.72793E-03, 3.32563E-04, 2.47542E-04, 1.67156E-04, 2.71784E-02
135, 6.31727E-03, 8.43769E-03, 6.00194E-03, 4.80635E-03, 3.33790E-04, 2.46650E-04, 1.67305E-04, 2.64022E-02
136, 6.32364E-03, 8.42083E-03, 6.03326E-03, 4.87990E-03, 3.35041E-04, 2.45725E-04, 1.67459E-04, 2.52589E-02
137, 6.32913E-03, 8.40118E-03, 6.06319E-03, 4.94830E-03, 3.36274E-04, 2.44765E-04, 1.67595E-04, 2.37637E-02
138, 6.33385E-03, 8.39392E-03, 6.08619E-03, 5.01131E-03, 3.37540E-04, 2.43794E-04, 1.67714E-04, 2.19409E-02
139, 6.33787E-03, 8.34406E-03, 6.10238E-03, 5.06867E-03, 3.38829E-04, 2.42820E-04, 1.67831E-04, 2.06786E-02
140, 6.34128E-03, 8.25154E-03, 6.11193E-03, 5.12016E-03, 3.40101E-04, 2.41804E-04, 1.67960E-04, 2.08428E-02
141, 6.34414E-03, 8.27224E-03, 6.11499E-03, 5.16555E-03, 3.41406E-04, 2.40773E-04, 1.68098E-04, 2.10679E-02
142, 6.34652E-03, 8.27471E-03, 6.11175E-03, 5.20466E-03, 3.42715E-04, 2.39719E-04, 1.68243E-04, 2.10319E-02
143, 6.34844E-03, 8.23428E-03, 6.10240E-03, 5.26943E-03, 3.44125E-04, 2.38630E-04, 1.68368E-04, 2.07086E-02
144, 6.34995E-03, 8.15074E-03, 6.08716E-03, 5.33225E-03, 3.45628E-04, 2.37531E-04, 1.68486E-04, 2.10131E-02
145, 6.35108E-03, 8.07411E-03, 6.06624E-03, 5.38748E-03, 3.47188E-04, 2.36441E-04, 1.68611E-04, 2.20857E-02
146, 6.35181E-03, 8.10050E-03, 6.03988E-03, 5.43494E-03, 3.48826E-04, 2.35380E-04, 1.68724E-04, 2.29023E-02
147, 6.35217E-03, 8.08472E-03, 6.01307E-03, 5.47449E-03, 3.50504E-04, 2.34325E-04, 1.68830E-04, 2.34621E-02
148, 6.36259E-03, 8.02620E-03, 5.99620E-03, 5.50598E-03, 3.52218E-04, 2.33242E-04, 1.68936E-04, 2.37685E-02
149, 6.37410E-03, 7.92492E-03, 5.97464E-03, 5.52933E-03, 3.53909E-04, 2.32141E-04, 1.69037E-04, 2.45721E-02
150, 6.38240E-03, 7.85325E-03, 5.94862E-03, 5.54448E-03, 3.55583E-04, 2.31001E-04, 1.69184E-04, 2.50877E-02
151, 6.38740E-03, 7.87401E-03, 5.91839E-03, 5.55138E-03, 3.57311E-04, 2.29851E-04, 1.69287E-04, 2.53218E-02
152, 6.38905E-03, 7.85353E-03, 5.88418E-03, 5.55005E-03, 3.59072E-04, 2.28725E-04, 1.69355E-04, 2.52860E-02
153, 6.38724E-03, 7.79130E-03, 5.84626E-03, 5.54053E-03, 3.60785E-04, 2.27606E-04, 1.69431E-04, 2.57457E-02
154, 6.38192E-03, 7.68735E-03, 5.80488E-03, 5.52291E-03, 3.62458E-04, 2.26507E-04, 1.69516E-04, 2.59966E-02
155, 6.37298E-03, 7.57741E-03, 5.76029E-03, 5.49732E-03, 3.64091E-04, 2.25359E-04, 1.69612E-04, 2.59591E-02
156, 6.36036E-03, 7.60335E-03, 5.71277E-03, 5.46392E-03, 3.65656E-04, 2.24187E-04, 1.69694E-04, 2.56517E-02
157, 6.34395E-03, 7.58978E-03, 5.66442E-03, 5.42296E-03, 3.67163E-04, 2.23007E-04, 1.69814E-04, 2.57689E-02
158, 6.32368E-03, 7.53615E-03, 5.62103E-03, 5.37469E-03, 3.68614E-04, 2.21813E-04, 1.69929E-04, 2.58610E-02
159, 6.30862E-03, 7.44242E-03, 5.57280E-03, 5.31943E-03, 3.70009E-04, 2.20660E-04, 1.70043E-04, 2.56687E-02
160, 6.29814E-03, 7.30906E-03, 5.52160E-03, 5.25755E-03, 3.71401E-04, 2.19476E-04, 1.70121E-04, 2.52156E-02
161, 6.28596E-03, 7.28998E-03, 5.47005E-03, 5.18945E-03, 3.72753E-04, 2.18305E-04, 1.70194E-04, 2.49349E-02
162, 6.27191E-03, 7.29210E-03, 5.41813E-03, 5.11557E-03, 3.73987E-04, 2.17145E-04, 1.70256E-04, 2.50107E-02
163, 6.25579E-03, 7.25647E-03, 5.36800E-03, 5.06302E-03, 3.75160E-04, 2.15980E-04, 1.70322E-04, 2.48069E-02
164, 6.23742E-03, 7.18287E-03, 5.31351E-03, 5.01701E-03, 3.76258E-04, 2.14814E-04, 1.70387E-04, 2.43496E-02
165, 6.21659E-03, 7.07158E-03, 5.25495E-03, 4.96544E-03, 3.77319E-04, 2.13689E-04, 1.70436E-04, 2.50335E-02
166, 6.19309E-03, 6.93088E-03, 5.19266E-03, 4.90877E-03, 3.78246E-04, 2.12576E-04, 1.70461E-04, 2.61627E-02
167, 6.16671E-03, 6.95426E-03, 5.12692E-03, 4.84747E-03, 3.79036E-04, 2.11479E-04, 1.70497E-04, 2.70616E-02
168, 6.13723E-03, 6.94272E-03, 5.23877E-03, 4.78200E-03, 3.79696E-04, 2.10373E-04, 1.70519E-04, 2.77088E-02
169, 6.11217E-03, 6.89583E-03, 5.34220E-03, 4.71279E-03, 3.80331E-04, 2.09275E-04, 1.70504E-04, 2.80872E-02
170, 6.11188E-03, 6.81360E-03, 5.42975E-03, 4.64024E-03, 3.80881E-04, 2.08205E-04, 1.70470E-04, 2.81850E-02
171, 6.10928E-03, 6.69649E-03, 5.53080E-03, 4.56474E-03, 3.81398E-04, 2.07208E-04, 1.70442E-04, 2.84272E-02
172, 6.10422E-03, 6.57041E-03, 5.63951E-03, 4.48665E-03, 3.81837E-04, 2.06250E-04, 1.70394E-04, 2.83715E-02
173, 6.09657E-03, 6.58591E-03, 5.72917E-03, 4.40628E-03, 3.82190E-04, 2.05303E-04, 1.70374E-04, 2.79835E-02
174, 6.08616E-03, 6.56910E-03, 5.80027E-03, 4.32393E-03, 3.82440E-04, 2.04412E-04, 1.70352E-04, 2.72704E-02
175, 6.07282E-03, 6.51968E-03, 5.85348E-03, 4.23983E-03, 3.82662E-04, 2.03586E-04, 1.70334E-04, 2.62472E-02
176, 6.05639E-03, 6.43777E-03, 5.93030E-03, 4.15423E-03, 3.82856E-04, 2.02796E-04, 1.70314E-04, 2.49366E-02
177, 6.03666E-03, 6.32392E-03, 6.00337E-03, 4.06734E-03, 3.82985E-04, 2.02059E-04, 1.70307E-04, 2.33679E-02
178, 6.01346E-03, 6.17909E-03, 6.05528E-03, 3.97933E-03, 3.82954E-04, 2.01345E-04, 1.70296E-04, 2.15760E-02
179, 5.98657E-03, 6.19260E-03, 6.08700E-03, 3.91413E-03, 3.82948E-04, 2.00671E-04, 1.70302E-04, 1.97565E-02
180, 5.95578E-03, 6.17673E-03, 6.12344E-03, 3.85943E-03, 3.82997E-04, 2.00012E-04, 1.70323E-04, 1.91016E-02
181, 5.92089E-03, 6.13110E-03, 6.18380E-03, 3.80295E-03, 3.83002E-04, 1.99438E-04, 1.70367E-04, 1.89662E-02
182, 5.88166E-03, 6.05587E-03, 6.22033E-03, 3.74481E-03, 3.82967E-04, 1.98936E-04, 1.70424E-04, 1.90568E-02
183, 5.83788E-03, 5.95156E-03, 6.23428E-03, 3.68514E-03, 3.82924E-04, 1.98504E-04, 1.70512E-04, 1.89057E-02
184, 5.78932E-03, 5.81908E-03, 6.23198E-03, 3.62406E-03, 3.82882E-04, 1.98104E-04, 1.70651E-04, 1.85447E-02
185, 5.73575E-03, 5.78050E-03, 6.28997E-03, 3.56167E-03, 3.82814E-04, 1.97748E-04, 1.70803E-04, 1.80076E-02
186, 5.67695E-03, 5.76990E-03, 6.32143E-03, 3.49807E-03, 3.82721E-04, 1.97435E-04, 1.70959E-04, 1.73560E-02
187, 5.61271E-03, 5.73232E-03, 6.32770E-03, 3.43338E-03, 3.82574E-04, 1.97131E-04, 1.71116E-04, 1.76342E-02
188, 5.57595E-03, 5.66789E-03, 6.31037E-03, 3.36766E-03, 3.82411E-04, 1.96829E-04, 1.71301E-04, 1.76606E-02
189, 5.55989E-03, 5.57706E-03, 6.31767E-03, 3.30099E-03, 3.82171E-04, 1.96571E-04, 1.71492E-04, 1.74634E-02
190, 5.54107E-03, 5.46065E-03, 6.35965E-03, 3.23345E-03, 3.81997E-04, 1.96352E-04, 1.71725E-04, 1.70748E-02
191, 5.51927E-03, 5.37163E-03, 6.37391E-03, 3.16508E-03, 3.81882E-04, 1.96173E-04, 1.71945E-04, 1.65871E-02
192, 5.49426E-03, 5.37235E-03, 6.36195E-03, 3.09592E-03, 3.81781E-04, 1.96004E-04, 1.72158E-04, 1.67829E-02
193, 5.46578E-03, 5.36901E-03, 6.32555E-03, 3.02601E-03, 3.81637E-04, 1.95860E-04, 1.72353E-04, 1.68380E-02
194, 5.43358E-03, 5.36158E-03, 6.29951E-03, 2.96410E-03, 3.81477E-04, 1.95731E-04, 1.72562E-04, 1.67348E-02
195, 5.39737E-03, 5.35005E-03, 6.34020E-03, 2.90654E-03, 3.81353E-04, 1.95603E-04, 1.72781E-04, 1.70548E-02
196, 5.35688E-03, 5.33442E-03, 6.35263E-03, 2.85068E-03, 3.81248E-04, 1.95502E-04, 1.73030E-04, 1.74495E-02
197, 5.31182E-03, 5.31473E-03, 6.33824E-03, 2.80969E-03, 3.81148E-04, 1.95418E-04, 1.73280E-04, 1.77683E-02
198, 5.26190E-03, 5.29102E-03, 6.29875E-03, 2.76689E-03, 3.81026E-04, 1.95320E-04, 1.73514E-04, 1.80943E-02
199, 5.20681E-03, 5.26332E-03, 6.23606E-03, 2.72229E-03, 3.80864E-04, 1.95212E-04, 1.73767E-04, 1.81885E-02
200, 5.14625E-03, 5.23173E-03, 6.21353E-03, 2.72029E-03, 3.80789E-04, 1.95126E-04, 1.74011E-04, 1.80662E-02
201, 5.13981E-03, 5.19631E-03, 6.23982E-03, 2.70992E-03, 3.80683E-04, 1.95018E-04, 1.74230E-04, 1.80807E-02
202, 5.17187E-03, 5.15718E-03, 6.23946E-03, 2.71932E-03, 3.80586E-04, 1.94880E-04, 1.74407E-04, 1.79399E-02
203, 5.18994E-03, 5.11442E-03, 6.21390E-03, 2.77623E-03, 3.80440E-04, 1.94728E-04, 1.74586E-04, 1.75996E-02
204, 5.19428E-03, 5.06817E-03, 6.16476E-03, 2.81588E-03, 3.80249E-04, 1.94567E-04, 1.74768E-04, 1.73612E-02
205, 5.18531E-03, 5.01854E-03, 6.09386E-03, 2.83745E-03, 3.80140E-04, 1.94397E-04, 1.74924E-04, 1.70477E-02
206, 5.16355E-03, 4.96566E-03, 6.00313E-03, 2.84042E-03, 3.80047E-04, 1.94230E-04, 1.75046E-04, 1.65569E-02
207, 5.12967E-03, 4.90968E-03, 6.02551E-03, 2.84370E-03, 3.79879E-04, 1.94058E-04, 1.75165E-04, 1.61824E-02
208, 5.08441E-03, 4.88785E-03, 6.02811E-03, 2.90052E-03, 3.79631E-04, 1.93885E-04, 1.75301E-04, 1.60279E-02
209, 5.09541E-03, 4.89479E-03, 6.00768E-03, 2.94509E-03, 3.79347E-04, 1.93688E-04, 1.75403E-04, 1.57527E-02
210, 5.12123E-03, 4.89727E-03, 5.96558E-03, 3.02895E-03, 3.79079E-04, 1.93496E-04, 1.75518E-04, 1.62451E-02
211, 5.13166E-03, 4.89526E-03, 5.90329E-03, 3.10683E-03, 3.78789E-04, 1.93277E-04, 1.75609E-04, 1.69730E-02
212, 5.12702E-03, 4.88876E-03, 5.82244E-03, 3.18416E-03, 3.78380E-04, 1.93063E-04, 1.75682E-04, 1.74605E-02
213, 5.10778E-03, 4.87775E-03, 5.72470E-03, 3.25996E-03, 3.77954E-04, 1.92875E-04, 1.75724E-04, 1.77144E-02
214, 5.07457E-03, 4.86223E-03, 5.70300E-03, 3.32848E-03, 3.77516E-04, 1.92703E-04, 1.75745E-04, 1.77471E-02
215, 5.02814E-03, 4.84224E-03, 5.69960E-03, 3.38948E-03, 3.77064E-04, 1.92530E-04, 1.75764E-04, 1.75764E-02
216, 4.96935E-03, 4.81780E-03, 5.67691E-03, 3.44451E-03, 3.76580E-04, 1.92340E-04, 1.75791E-04, 1.82674E-02
217, 4.92114E-03, 4.78894E-03, 5.63602E-03, 3.49047E-03, 3.76102E-04, 1.92131E-04, 1.75795E-04, 1.91574E-02
218, 4.94744E-03, 4.75574E-03, 5.57807E-03, 3.52723E-03, 3.75573E-04, 1.91916E-04, 1.75772E-04, 1.97909E-02
219, 4.95725E-03, 4.71824E-03, 5.50428E-03, 3.55472E-03, 3.74996E-04, 1.91698E-04, 1.75736E-04, 2.01695E-02
220, 4.95083E-03, 4.67653E-03, 5.41593E-03, 3.57445E-03, 3.74396E-04, 1.91485E-04, 1.75656E-04, 2.03015E-02
221, 4.92864E-03, 4.63070E-03, 5.31436E-03, 3.58701E-03, 3.73762E-04, 1.91269E-04, 1.75564E-04, 2.02004E-02
222, 4.89132E-03, 4.58085E-03, 5.26800E-03, 3.59146E-03, 3.73073E-04, 1.91064E-04, 1.75476E-04, 2.08642E-02
223, 4.83963E-03, 4.52709E-03, 5.25480E-03, 3.58788E-03, 3.72404E-04, 1.90864E-04, 1.75361E-04, 2.18480E-02
224, 4.77446E-03, 4.46954E-03, 5.22667E-03, 3.57637E-03, 3.71758E-04, 1.90671E-04, 1.75258E-04, 2.25732E-02
225, 4.69679E-03, 4.45948E-03, 5.18435E-03, 3.55704E-03, 3.71099E-04, 1.90444E-04, 1.75155E-04, 2.30366E-02
226, 4.60770E-03, 4.46538E-03, 5.12862E-03, 3.53003E-03, 3.70415E-04, 1.90208E-04, 1.75069E-04, 2.32406E-02
227, 4.59977E-03, 4.46615E-03, 5.06030E-03, 3.49546E-03, 3.69697E-04, 1.89992E-04, 1.74989E-04, 2.31929E-02
228, 4.60248E-03, 4.46170E-03, 4.98026E-03, 3.47168E-03, 3.68982E-04, 1.89778E-04, 1.74899E-04, 2.34820E-02
229, 4.58884E-03, 4.45196E-03, 4.88944E-03, 3.52251E-03, 3.68313E-04, 1.89552E-04, 1.74773E-04, 2.44695E-02
230, 4.55931E-03, 4.43689E-03, 4.84043E-03, 3.57313E-03, 3.67572E-04, 1.89340E-04, 1.74640E-04, 2.52099E-02
231, 4.51454E-03, 4.41645E-03, 4.83762E-03, 3.62373E-03, 3.66787E-04, 1.89141E-04, 1.74488E-04, 2.56972E-02
232, 4.45530E-03, 4.39065E-03, 4.88448E-03, 3.67455E-03, 3.66011E-04, 1.88924E-04, 1.74333E-04, 2.59306E-02
233, 4.49220E-03, 4.35950E-03, 4.92408E-03, 3.72586E-03, 3.65267E-04, 1.88698E-04, 1.74188E-04, 2.59147E-02
234, 4.55668E-03, 4.32303E-03, 4.95422E-03, 3.77797E-03, 3.64504E-04, 1.88476E-04, 1.74046E-04, 2.56596E-02
235, 4.61822E-03, 4.28132E-03, 4.97543E-03, 3.83113E-03, 3.63761E-04, 1.88246E-04, 1.73909E-04, 2.64065E-02
236, 4.67667E-03, 4.23445E-03, 4.98824E-03, 3.88559E-03, 3.63002E-04, 1.88028E-04, 1.73776E-04, 2.71398E-02
237, 4.73191E-03, 4.18256E-03, 4.99323E-03, 3.94151E-03, 3.62280E-04, 1.87800E-04, 1.73642E-04, 2.76652E-02
238, 4.78377E-03, 4.12579E-03, 4.99095E-03, 3.99900E-03, 3.61564E-04, 1.87591E-04, 1.73481E-04, 2.79805E-02
239, 4.83213E-03, 4.06766E-03, 4.98196E-03, 4.05805E-03, 3.60850E-04, 1.87365E-04, 1.73309E-04, 2.80869E-02
240, 4.87682E-03, 4.07762E-03, 4.96680E-03, 4.11861E-03, 3.60133E-04, 1.87146E-04, 1.73129E-04, 2.79886E-02
241, 4.91770E-03, 4.08155E-03, 4.94667E-03, 4.18052E-03, 3.59481E-04, 1.86914E-04, 1.72940E-04, 2.79325E-02
242, 4.95461E-03, 4.07931E-03, 4.97391E-03, 4.24356E-03, 3.58808E-04, 1.86682E-04, 1.72757E-04, 2.87620E-02
243, 4.98742E-03, 4.07079E-03, 4.99160E-03, 4.30744E-03, 3.58153E-04, 1.86448E-04, 1.72569E-04, 2.94334E-02
244, 5.01598E-03, 4.05590E-03, 5.00024E-03, 4.37184E-03, 3.57440E-04, 1.86210E-04, 1.72378E-04, 2.99352E-02
245, 5.04014E-03, 4.03460E-03, 5.00032E-03, 4.43640E-03, 3.56698E-04, 1.85942E-04, 1.72194E-04, 3.02575E-02
246, 5.05978E-03, 4.00690E-03, 4.99235E-03, 4.50075E-03, 3.56004E-04, 1.85655E-04, 1.72023E-04, 3.03930E-02
247, 5.07477E-03, 3.97282E-03, 4.97686E-03, 4.56451E-03, 3.55315E-04, 1.85354E-04, 1.71844E-04, 3.03367E-02
248, 5.08498E-03, 3.93247E-03, 4.95437E-03, 4.62730E-03, 3.54638E-04, 1.85051E-04, 1.71665E-04, 3.09109E-02
249, 5.09033E-03, 3.89026E-03, 4.92539E-03, 4.68872E-03, 3.54005E-04, 1.84736E-04, 1.71453E-04, 3.16265E-02
250, 5.09071E-03, 3.90381E-03, 4.89041E-03, 4.74841E-03, 3.53395E-04, 1.84415E-04, 1.71237E-04, 3.21605E-02
