time_step, rel_err_u, rel_err_v, rel_err_w, rel_err_p, rel_err_u_m, rel_err_v_m, rel_err_w_m, rel_err_p_m
0, 0.00000E+00, 0.00000E+00, 0.00000E+00, 0.00000E+00, 0.00000E+00, 0.00000E+00, 0.00000E+00,         NaN
1, 1.50671E-09, 1.98319E-09, 1.52199E-09, 1.10134E-08, 3.35308E-11, 2.40134E-11, 2.78383E-11, 6.22254E-07
2, 2.20155E-09, 5.38595E-10, 7.31431E-10, 8.55746E-09, 2.37466E-11, 6.89751E-12, 9.66171E-12, 3.79616E-07
3, 1.07714E-09, 2.81581E-10, 5.26007E-10, 4.25509E-09, 1.39356E-11, 4.19511E-12, 5.66736E-12, 1.66761E-07
4, 8.82281E-10, 2.13458E-10, 2.95906E-10, 1.66915E-09, 8.18439E-12, 2.19745E-12, 3.24046E-12, 1.61140E-07
5, 8.99126E-10, 1.86999E-10, 2.75057E-10, 1.16199E-09, 6.23159E-12, 1.69318E-12, 2.42199E-12, 7.42851E-08
6, 7.85760E-10, 1.91180E-10, 1.92583E-10, 1.07426E-09, 4.83631E-12, 1.31580E-12, 1.91089E-12, 5.86956E-08
7, 7.58641E-10, 2.00606E-10, 1.83438E-10, 1.02631E-09, 4.11296E-12, 1.19065E-12, 1.72718E-12, 5.63320E-08
8, 6.92224E-10, 2.08991E-10, 1.80233E-10, 9.83466E-10, 3.38935E-12, 1.04327E-12, 1.49689E-12, 5.40338E-08
9, 6.78558E-10, 2.15821E-10, 1.76510E-10, 9.49424E-10, 3.22494E-12, 9.87388E-13, 1.43068E-12, 5.23101E-08
10, 6.52593E-10, 2.21622E-10, 1.79554E-10, 9.13323E-10, 2.84687E-12, 9.08712E-13, 1.29645E-12, 5.09425E-08
11, 6.59991E-10, 2.27622E-10, 1.76633E-10, 8.83798E-10, 2.75324E-12, 8.69621E-13, 1.25358E-12, 4.98555E-08
12, 6.74515E-10, 2.32152E-10, 1.78148E-10, 8.52548E-10, 2.53850E-12, 8.25652E-13, 1.17141E-12, 4.90365E-08
13, 6.88167E-10, 2.37458E-10, 1.75902E-10, 8.26400E-10, 2.47735E-12, 7.94432E-13, 1.13494E-12, 4.84323E-08
14, 7.43475E-10, 2.41325E-10, 1.76608E-10, 8.28371E-10, 2.34837E-12, 7.61928E-13, 1.07659E-12, 4.80333E-08
15, 8.30056E-10, 2.45834E-10, 1.94373E-10, 9.00150E-10, 2.29898E-12, 7.34456E-13, 1.04394E-12, 5.25165E-08
16, 9.25573E-10, 2.49205E-10, 2.13883E-10, 9.78062E-10, 2.22164E-12, 7.09873E-13, 1.00093E-12, 5.87740E-08
17, 1.02896E-09, 2.52835E-10, 2.37884E-10, 1.06761E-09, 2.17945E-12, 6.87557E-13, 9.71567E-13, 6.60751E-08
18, 1.14091E-09, 2.55667E-10, 2.64049E-10, 1.16388E-09, 2.12465E-12, 6.67049E-13, 9.37986E-13, 7.45308E-08
19, 1.26072E-09, 2.58386E-10, 2.93933E-10, 1.27182E-09, 2.08526E-12, 6.47268E-13, 9.12169E-13, 8.42473E-08
20, 1.38860E-09, 2.60565E-10, 3.26614E-10, 1.38668E-09, 2.04188E-12, 6.29248E-13, 8.84576E-13, 9.53359E-08
21, 1.52394E-09, 2.68780E-10, 3.63136E-10, 1.51280E-09, 2.00626E-12, 6.12236E-13, 8.62029E-13, 1.07895E-07
22, 1.66656E-09, 2.97956E-10, 4.02326E-10, 1.64553E-09, 1.97279E-12, 5.96744E-13, 8.38841E-13, 1.22018E-07
23, 1.81597E-09, 3.28887E-10, 4.45672E-10, 1.78856E-09, 1.94115E-12, 5.82614E-13, 8.18581E-13, 1.37777E-07
24, 1.97155E-09, 3.62822E-10, 4.91229E-10, 1.93723E-09, 1.91115E-12, 5.69453E-13, 7.98050E-13, 1.55226E-07
25, 2.13295E-09, 3.98203E-10, 5.41023E-10, 2.09456E-09, 1.88277E-12, 5.57268E-13, 7.80473E-13, 1.74385E-07
26, 2.29902E-09, 4.36552E-10, 5.92437E-10, 2.25577E-09, 1.85860E-12, 5.45151E-13, 7.63646E-13, 1.95242E-07
27, 2.46949E-09, 4.75913E-10, 6.47721E-10, 2.42323E-09, 1.83584E-12, 5.34812E-13, 7.48930E-13, 2.17743E-07
28, 2.64261E-09, 5.17896E-10, 7.03923E-10, 2.59192E-09, 1.81434E-12, 5.25012E-13, 7.34103E-13, 2.41788E-07
29, 2.81804E-09, 5.60341E-10, 7.63110E-10, 2.76357E-09, 1.79414E-12, 5.16797E-13, 7.21200E-13, 2.67226E-07
30, 2.99346E-09, 6.04703E-10, 8.22346E-10, 2.93290E-09, 1.77496E-12, 5.08815E-13, 7.08534E-13, 2.93858E-07
31, 3.16823E-09, 6.48825E-10, 8.83205E-10, 3.10111E-09, 1.75756E-12, 5.02059E-13, 6.97450E-13, 3.21431E-07
32, 3.33955E-09, 6.93819E-10, 9.43004E-10, 3.26270E-09, 1.74121E-12, 4.95186E-13, 6.86599E-13, 3.49651E-07
33, 3.50636E-09, 7.37689E-10, 1.00270E-09, 3.41846E-09, 1.72509E-12, 4.88937E-13, 6.77467E-13, 3.78176E-07
34, 3.66556E-09, 7.81119E-10, 1.05997E-09, 3.56285E-09, 1.70954E-12, 4.82581E-13, 6.68221E-13, 4.06639E-07
35, 3.81562E-09, 8.22371E-10, 1.11519E-09, 3.69648E-09, 1.69411E-12, 4.76740E-13, 6.59555E-13, 4.34644E-07
36, 3.95339E-09, 8.61728E-10, 1.16645E-09, 3.81402E-09, 1.67908E-12, 4.70767E-13, 6.50599E-13, 4.61791E-07
37, 4.07706E-09, 8.97761E-10, 1.21372E-09, 3.91618E-09, 1.66373E-12, 4.65187E-13, 6.42608E-13, 4.87679E-07
38, 4.18367E-09, 9.30459E-10, 1.25547E-09, 3.99815E-09, 1.64800E-12, 4.59224E-13, 6.34430E-13, 5.11923E-07
39, 4.27144E-09, 9.58722E-10, 1.29146E-09, 4.06101E-09, 1.63157E-12, 4.53510E-13, 6.26584E-13, 5.34166E-07
40, 4.33796E-09, 9.82401E-10, 1.32059E-09, 4.10078E-09, 1.61441E-12, 4.47623E-13, 6.17845E-13, 5.54090E-07
41, 4.38181E-09, 1.00074E-09, 1.34261E-09, 4.11918E-09, 1.59538E-12, 4.41870E-13, 6.08983E-13, 5.71417E-07
42, 4.40145E-09, 1.01359E-09, 1.35681E-09, 4.11323E-09, 1.57511E-12, 4.35821E-13, 6.00031E-13, 5.85928E-07
43, 4.39617E-09, 1.02054E-09, 1.36313E-09, 4.08545E-09, 1.55292E-12, 4.29566E-13, 5.91314E-13, 5.97453E-07
44, 4.36551E-09, 1.02158E-09, 1.36126E-09, 4.03394E-09, 1.52865E-12, 4.23003E-13, 5.82080E-13, 6.05880E-07
45, 4.30975E-09, 1.01662E-09, 1.35140E-09, 3.96202E-09, 1.50256E-12, 4.16250E-13, 5.72656E-13, 6.11146E-07
46, 4.22957E-09, 1.00583E-09, 1.33363E-09, 3.86878E-09, 1.47606E-12, 4.09165E-13, 5.62307E-13, 6.13239E-07
47, 4.12629E-09, 9.89410E-10, 1.30842E-09, 3.75820E-09, 1.44751E-12, 4.01969E-13, 5.51549E-13, 6.12185E-07
48, 4.00167E-09, 9.67729E-10, 1.27622E-09, 3.63015E-09, 1.41758E-12, 3.94397E-13, 5.40437E-13, 6.08049E-07
49, 3.85792E-09, 9.41226E-10, 1.23771E-09, 3.48900E-09, 1.38658E-12, 3.86702E-13, 5.29435E-13, 6.00921E-07
50, 3.69761E-09, 9.10411E-10, 1.19360E-09, 3.33514E-09, 1.35482E-12, 3.78769E-13, 5.17945E-13, 5.90919E-07
51, 3.52356E-09, 8.75879E-10, 1.14473E-09, 3.17302E-09, 1.32250E-12, 3.70792E-13, 5.06769E-13, 5.78172E-07
52, 3.33875E-09, 8.38226E-10, 1.09194E-09, 3.00319E-09, 1.29016E-12, 3.62848E-13, 4.95510E-13, 5.62837E-07
53, 3.14620E-09, 7.98114E-10, 1.03611E-09, 2.82993E-09, 1.25798E-12, 3.54959E-13, 4.84304E-13, 5.45080E-07
54, 2.94891E-09, 7.56148E-10, 9.78139E-10, 2.65369E-09, 1.22651E-12, 3.46917E-13, 4.73253E-13, 5.25096E-07
55, 2.74973E-09, 7.12980E-10, 9.18843E-10, 2.47834E-09, 1.19588E-12, 3.39069E-13, 4.62613E-13, 5.03098E-07
56, 2.55131E-09, 6.69161E-10, 8.59042E-10, 2.30405E-09, 1.16682E-12, 3.31390E-13, 4.52222E-13, 4.79341E-07
57, 2.35599E-09, 6.25271E-10, 7.99436E-10, 2.13414E-09, 1.13931E-12, 3.24103E-13, 4.42200E-13, 4.54106E-07
58, 2.16586E-09, 5.81760E-10, 7.40712E-10, 1.96839E-09, 1.11407E-12, 3.16969E-13, 4.32507E-13, 4.27720E-07
59, 1.98260E-09, 5.39098E-10, 6.83395E-10, 1.80957E-09, 1.09105E-12, 3.10391E-13, 4.23311E-13, 4.00532E-07
60, 1.80761E-09, 4.97613E-10, 6.28005E-10, 1.65703E-09, 1.07066E-12, 3.04265E-13, 4.14540E-13, 3.72926E-07
61, 1.65414E-09, 4.57648E-10, 5.74886E-10, 1.51298E-09, 1.05292E-12, 2.98781E-13, 4.06464E-13, 3.45280E-07
62, 1.51797E-09, 4.19410E-10, 5.24379E-10, 1.37644E-09, 1.03821E-12, 2.93769E-13, 3.98964E-13, 3.17974E-07
63, 1.38879E-09, 3.83114E-10, 4.76662E-10, 1.24913E-09, 1.02671E-12, 2.89408E-13, 3.92323E-13, 2.91350E-07
64, 1.26792E-09, 3.48860E-10, 4.31914E-10, 1.12977E-09, 1.01862E-12, 2.85600E-13, 3.86241E-13, 2.65711E-07
65, 1.34694E-09, 3.16753E-10, 4.08236E-10, 1.11848E-09, 1.01398E-12, 2.82510E-13, 3.81064E-13, 2.44217E-07
66, 1.43291E-09, 3.33435E-10, 4.32235E-10, 1.18553E-09, 1.01292E-12, 2.79932E-13, 3.76910E-13, 2.59623E-07
67, 1.52656E-09, 3.54943E-10, 4.58277E-10, 1.25850E-09, 1.01549E-12, 2.77980E-13, 3.73693E-13, 2.76165E-07
68, 1.62871E-09, 3.78383E-10, 4.86592E-10, 1.33817E-09, 1.02209E-12, 2.76559E-13, 3.71308E-13, 2.94007E-07
69, 1.74029E-09, 4.03978E-10, 5.17409E-10, 1.42505E-09, 1.03291E-12, 2.75863E-13, 3.69713E-13, 3.13329E-07
70, 1.86229E-09, 4.31951E-10, 5.51001E-10, 1.52004E-09, 1.04816E-12, 2.75851E-13, 3.68900E-13, 3.34324E-07
71, 1.99587E-09, 4.62570E-10, 5.87660E-10, 1.62383E-09, 1.06793E-12, 2.76535E-13, 3.69000E-13, 3.57197E-07
72, 2.14227E-09, 4.96120E-10, 6.27718E-10, 1.73748E-09, 1.09239E-12, 2.78031E-13, 3.70085E-13, 3.82163E-07
73, 2.30293E-09, 5.32930E-10, 6.71541E-10, 1.86189E-09, 1.12187E-12, 2.80341E-13, 3.72148E-13, 4.09456E-07
74, 2.47941E-09, 5.73358E-10, 7.19538E-10, 1.99832E-09, 1.15665E-12, 2.83487E-13, 3.75151E-13, 4.39322E-07
75, 2.67349E-09, 6.17813E-10, 7.72163E-10, 2.14795E-09, 1.19718E-12, 2.87444E-13, 3.79047E-13, 4.72034E-07
76, 2.88714E-09, 6.66746E-10, 8.29924E-10, 2.31229E-09, 1.24399E-12, 2.92354E-13, 3.83927E-13, 5.07889E-07
77, 3.12259E-09, 7.20666E-10, 8.93388E-10, 2.49287E-09, 1.29806E-12, 2.98254E-13, 3.90005E-13, 5.47221E-07
78, 3.38230E-09, 7.80141E-10, 9.63187E-10, 2.69154E-09, 1.35981E-12, 3.05294E-13, 3.97325E-13, 5.90407E-07
79, 3.66908E-09, 8.45810E-10, 1.04003E-09, 2.91024E-09, 1.42962E-12, 3.13533E-13, 4.05949E-13, 6.37875E-07
80, 3.98602E-09, 9.18386E-10, 1.12470E-09, 3.15128E-09, 1.50817E-12, 3.22922E-13, 4.15952E-13, 6.90113E-07
81, 4.33665E-09, 9.98674E-10, 1.21810E-09, 3.41714E-09, 1.59648E-12, 3.33623E-13, 4.27643E-13, 7.47679E-07
82, 4.72490E-09, 1.08757E-09, 1.32120E-09, 3.71069E-09, 1.69544E-12, 3.45818E-13, 4.41026E-13, 8.11204E-07
83, 5.15518E-09, 1.18610E-09, 1.43513E-09, 4.04132E-09, 1.80632E-12, 3.59623E-13, 4.56232E-13, 8.81411E-07
84, 5.63246E-09, 1.30507E-09, 1.56763E-09, 4.43853E-09, 1.93032E-12, 3.75212E-13, 4.73525E-13, 9.64886E-07
85, 6.16233E-09, 1.43924E-09, 1.72178E-09, 4.88058E-09, 2.06890E-12, 3.92779E-13, 4.93009E-13, 1.06044E-06
86, 6.75106E-09, 1.58911E-09, 1.89339E-09, 5.37305E-09, 2.22378E-12, 4.12656E-13, 5.14909E-13, 1.16699E-06
87, 7.40571E-09, 1.75663E-09, 2.08461E-09, 5.92213E-09, 2.39677E-12, 4.35023E-13, 5.39504E-13, 1.28593E-06
88, 8.13422E-09, 1.94404E-09, 2.29783E-09, 6.53494E-09, 2.59008E-12, 4.60169E-13, 5.67090E-13, 1.41883E-06
89, 8.94551E-09, 2.15386E-09, 2.53579E-09, 7.21939E-09, 2.80605E-12, 4.88413E-13, 5.98042E-13, 1.56743E-06
90, 9.84961E-09, 2.38891E-09, 2.80153E-09, 7.98456E-09, 3.04721E-12, 5.20081E-13, 6.32754E-13, 1.73368E-06
91, 1.08578E-08, 2.65241E-09, 3.09851E-09, 8.84055E-09, 3.31657E-12, 5.55594E-13, 6.71618E-13, 1.91979E-06
92, 1.19827E-08, 2.94796E-09, 3.43059E-09, 9.79890E-09, 3.61744E-12, 5.95416E-13, 7.15049E-13, 2.12819E-06
93, 1.32385E-08, 3.27965E-09, 3.80216E-09, 1.08724E-08, 3.95377E-12, 6.40113E-13, 7.63630E-13, 2.36162E-06
94, 1.46412E-08, 3.65205E-09, 4.21811E-09, 1.20758E-08, 4.32971E-12, 6.90216E-13, 8.17978E-13, 2.62312E-06
95, 1.62085E-08, 4.07034E-09, 4.68395E-09, 1.34253E-08, 4.75003E-12, 7.46432E-13, 8.78787E-13, 2.91613E-06
96, 1.79603E-08, 4.54030E-09, 5.20585E-09, 1.49393E-08, 5.21994E-12, 8.09580E-13, 9.46873E-13, 3.24446E-06
97, 1.99189E-08, 5.06842E-09, 5.79071E-09, 1.66382E-08, 5.74541E-12, 8.80428E-13, 1.02305E-12, 3.61237E-06
98, 2.21091E-08, 5.66196E-09, 6.44626E-09, 1.85450E-08, 6.33287E-12, 9.59917E-13, 1.10828E-12, 4.02464E-06
99, 2.45582E-08, 6.32903E-09, 7.18107E-09, 2.06852E-08, 6.98961E-12, 1.04917E-12, 1.20365E-12, 4.48658E-06
100, 2.72967E-08, 7.07862E-09, 8.00467E-09, 2.30872E-08, 7.72371E-12, 1.14933E-12, 1.31035E-12, 5.00412E-06
101, 3.03582E-08, 7.92070E-09, 8.92761E-09, 2.57822E-08, 8.54404E-12, 1.26170E-12, 1.42960E-12, 5.58383E-06
102, 3.37795E-08, 8.86628E-09, 9.96150E-09, 2.88047E-08, 9.46030E-12, 1.38774E-12, 1.56286E-12, 6.23300E-06
103, 3.76008E-08, 9.92742E-09, 1.11191E-08, 3.21923E-08, 1.04830E-11, 1.52897E-12, 1.71178E-12, 6.95965E-06
104, 4.18661E-08, 1.11173E-08, 1.24142E-08, 3.59860E-08, 1.16235E-11, 1.68721E-12, 1.87822E-12, 7.77259E-06
105, 4.66225E-08, 1.24502E-08, 1.38619E-08, 4.02300E-08, 1.28943E-11, 1.86418E-12, 2.06385E-12, 8.68144E-06
106, 5.19209E-08, 1.39415E-08, 1.54784E-08, 4.49715E-08, 1.43084E-11, 2.06181E-12, 2.27061E-12, 9.69662E-06
107, 5.78148E-08, 1.56075E-08, 1.72808E-08, 5.02606E-08, 1.58795E-11, 2.28210E-12, 2.50053E-12, 1.08293E-05
108, 6.43609E-08, 1.74655E-08, 1.92872E-08, 5.61495E-08, 1.76220E-11, 2.52734E-12, 2.75588E-12, 1.20915E-05
109, 7.16175E-08, 1.95333E-08, 2.15164E-08, 6.26920E-08, 1.95507E-11, 2.79983E-12, 3.03877E-12, 1.34956E-05
110, 7.96442E-08, 2.18293E-08, 2.39877E-08, 6.99425E-08, 2.16806E-11, 3.10194E-12, 3.35153E-12, 1.50546E-05
111, 8.85004E-08, 2.43718E-08, 2.67203E-08, 7.79546E-08, 2.40266E-11, 3.43601E-12, 3.69641E-12, 1.67816E-05
112, 9.82440E-08, 2.71786E-08, 2.97331E-08, 8.67795E-08, 2.66033E-11, 3.80431E-12, 4.07554E-12, 1.86896E-05
113, 1.08929E-07, 3.02667E-08, 3.30438E-08, 9.64641E-08, 2.94231E-11, 4.20901E-12, 4.49071E-12, 2.07911E-05
114, 1.20604E-07, 3.36509E-08, 3.66684E-08, 1.07049E-07, 3.24971E-11, 4.65203E-12, 4.94378E-12, 2.30975E-05
115, 1.33309E-07, 3.73439E-08, 4.06204E-08, 1.18564E-07, 3.58345E-11, 5.13507E-12, 5.43633E-12, 2.56187E-05
116, 1.47072E-07, 4.13546E-08, 4.49096E-08, 1.31029E-07, 3.94410E-11, 5.65935E-12, 5.96928E-12, 2.83621E-05
117, 1.61907E-07, 4.56873E-08, 4.95409E-08, 1.44445E-07, 4.33186E-11, 6.22572E-12, 6.54301E-12, 3.13321E-05
118, 1.77807E-07, 5.03407E-08, 5.45139E-08, 1.58799E-07, 4.74640E-11, 6.83417E-12, 7.15722E-12, 3.45291E-05
119, 1.94747E-07, 5.53069E-08, 5.98209E-08, 1.74051E-07, 5.18691E-11, 7.48393E-12, 7.81093E-12, 3.79489E-05
120, 2.12674E-07, 6.05701E-08, 6.54465E-08, 1.90140E-07, 5.65188E-11, 8.17342E-12, 8.50217E-12, 4.15818E-05
121, 2.31507E-07, 6.61057E-08, 7.13661E-08, 2.06976E-07, 6.13917E-11, 8.89998E-12, 9.22782E-12, 4.54118E-05
122, 2.51134E-07, 7.18798E-08, 7.75456E-08, 2.24440E-07, 6.64580E-11, 9.65981E-12, 9.98379E-12, 4.94164E-05
123, 2.71412E-07, 7.78490E-08, 8.39406E-08, 2.42386E-07, 7.16810E-11, 1.04480E-11, 1.07648E-11, 5.35658E-05
124, 2.92163E-07, 8.39599E-08, 9.04969E-08, 2.60639E-07, 7.70162E-11, 1.12584E-11, 1.15646E-11, 5.78235E-05
125, 3.13182E-07, 9.01501E-08, 9.71502E-08, 2.78998E-07, 8.24119E-11, 1.20840E-11, 1.23756E-11, 6.21463E-05
126, 3.34232E-07, 9.63493E-08, 1.03828E-07, 2.97242E-07, 8.78100E-11, 1.29163E-11, 1.31894E-11, 6.64851E-05
127, 3.55056E-07, 1.02481E-07, 1.10450E-07, 3.15133E-07, 9.31476E-11, 1.37462E-11, 1.39968E-11, 7.07863E-05
128, 3.75379E-07, 1.08463E-07, 1.16932E-07, 3.32426E-07, 9.83581E-11, 1.45640E-11, 1.47881E-11, 7.49928E-05
129, 3.94919E-07, 1.14213E-07, 1.23186E-07, 3.48876E-07, 1.03373E-10, 1.53596E-11, 1.55531E-11, 7.90465E-05
130, 4.13396E-07, 1.19651E-07, 1.29126E-07, 3.64247E-07, 1.08126E-10, 1.61226E-11, 1.62817E-11, 8.28898E-05
131, 4.30540E-07, 1.24698E-07, 1.34669E-07, 3.78321E-07, 1.12551E-10, 1.68430E-11, 1.69644E-11, 8.64678E-05
132, 4.46107E-07, 1.29286E-07, 1.39740E-07, 3.90909E-07, 1.16589E-10, 1.75115E-11, 1.75922E-11, 8.97306E-05
133, 4.59881E-07, 1.33355E-07, 1.44272E-07, 4.01855E-07, 1.20189E-10, 1.81198E-11, 1.81572E-11, 9.26354E-05
134, 4.71690E-07, 1.36860E-07, 1.48213E-07, 4.11046E-07, 1.23307E-10, 1.86605E-11, 1.86527E-11, 9.51476E-05
135, 4.81407E-07, 1.39767E-07, 1.51523E-07, 4.18410E-07, 1.25911E-10, 1.91280E-11, 1.90737E-11, 9.72425E-05
136, 4.88958E-07, 1.42059E-07, 1.54179E-07, 4.23924E-07, 1.27982E-10, 1.95182E-11, 1.94169E-11, 9.89056E-05
137, 4.94323E-07, 1.43736E-07, 1.56174E-07, 4.27608E-07, 1.29509E-10, 1.98290E-11, 1.96803E-11, 1.00133E-04
138, 4.97530E-07, 1.44808E-07, 1.57514E-07, 4.29522E-07, 1.30497E-10, 2.00598E-11, 1.98642E-11, 1.00930E-04
139, 4.98658E-07, 1.45302E-07, 1.58222E-07, 4.29762E-07, 1.30959E-10, 2.02117E-11, 1.99704E-11, 1.01313E-04
140, 4.97825E-07, 1.45253E-07, 1.58331E-07, 4.28455E-07, 1.30919E-10, 2.02874E-11, 2.00019E-11, 1.01304E-04
141, 4.95186E-07, 1.44707E-07, 1.57884E-07, 4.25747E-07, 1.30409E-10, 2.02909E-11, 1.99629E-11, 1.00933E-04
142, 4.90917E-07, 1.43714E-07, 1.56933E-07, 4.21797E-07, 1.29467E-10, 2.02271E-11, 1.98588E-11, 1.00233E-04
143, 4.85212E-07, 1.42327E-07, 1.55533E-07, 4.16771E-07, 1.28136E-10, 2.01018E-11, 1.96957E-11, 9.92413E-05
144, 4.78271E-07, 1.40601E-07, 1.53739E-07, 4.10834E-07, 1.26462E-10, 1.99211E-11, 1.94800E-11, 9.79945E-05
145, 4.70294E-07, 1.38589E-07, 1.51608E-07, 4.04142E-07, 1.24490E-10, 1.96917E-11, 1.92182E-11, 9.65301E-05
146, 4.61470E-07, 1.36340E-07, 1.49193E-07, 3.96840E-07, 1.22264E-10, 1.94198E-11, 1.89169E-11, 9.48832E-05
147, 4.51977E-07, 1.33900E-07, 1.46545E-07, 3.89059E-07, 1.19827E-10, 1.91118E-11, 1.85821E-11, 9.30863E-05
148, 4.41972E-07, 1.31308E-07, 1.43707E-07, 3.80910E-07, 1.17220E-10, 1.87733E-11, 1.82197E-11, 9.11684E-05
149, 4.31594E-07, 1.28598E-07, 1.40719E-07, 3.72486E-07, 1.14476E-10, 1.84094E-11, 1.78348E-11, 8.91546E-05
150, 4.20958E-07, 1.25797E-07, 1.37611E-07, 3.63863E-07, 1.11627E-10, 1.80248E-11, 1.74320E-11, 8.70659E-05
151, 4.10156E-07, 1.22928E-07, 1.34410E-07, 3.55097E-07, 1.08700E-10, 1.76236E-11, 1.70152E-11, 8.49190E-05
152, 3.99261E-07, 1.20004E-07, 1.31135E-07, 3.46229E-07, 1.05716E-10, 1.72089E-11, 1.65875E-11, 8.27269E-05
153, 3.88323E-07, 1.17037E-07, 1.27802E-07, 3.37283E-07, 1.02693E-10, 1.67835E-11, 1.61516E-11, 8.04989E-05
154, 3.77377E-07, 1.14033E-07, 1.24420E-07, 3.28272E-07, 9.96431E-11, 1.63495E-11, 1.57094E-11, 7.82412E-05
155, 3.66440E-07, 1.10993E-07, 1.20994E-07, 3.19198E-07, 9.65769E-11, 1.59084E-11, 1.52625E-11, 7.59575E-05
156, 3.55519E-07, 1.07917E-07, 1.17527E-07, 3.10054E-07, 9.35011E-11, 1.54612E-11, 1.48118E-11, 7.36491E-05
157, 3.44607E-07, 1.04802E-07, 1.14017E-07, 3.00830E-07, 9.04202E-11, 1.50088E-11, 1.43580E-11, 7.13163E-05
158, 3.33693E-07, 1.01643E-07, 1.10464E-07, 2.91511E-07, 8.73370E-11, 1.45516E-11, 1.39015E-11, 6.89580E-05
159, 3.22760E-07, 9.84347E-08, 1.06865E-07, 2.82081E-07, 8.42527E-11, 1.40897E-11, 1.34426E-11, 6.65729E-05
160, 3.11791E-07, 9.51735E-08, 1.03217E-07, 2.72525E-07, 8.11680E-11, 1.36235E-11, 1.29812E-11, 6.41597E-05
161, 3.00766E-07, 9.18554E-08, 9.95180E-08, 2.62833E-07, 7.80832E-11, 1.31530E-11, 1.25178E-11, 6.17179E-05
162, 2.89671E-07, 8.84781E-08, 9.57675E-08, 2.52997E-07, 7.49991E-11, 1.26785E-11, 1.20523E-11, 5.92475E-05
163, 2.78494E-07, 8.50415E-08, 9.19663E-08, 2.43017E-07, 7.19166E-11, 1.22001E-11, 1.15849E-11, 5.67500E-05
164, 2.67229E-07, 8.15479E-08, 8.81178E-08, 2.32899E-07, 6.88377E-11, 1.17183E-11, 1.11157E-11, 5.42284E-05
165, 2.55879E-07, 7.80022E-08, 8.42273E-08, 2.22658E-07, 6.57652E-11, 1.12338E-11, 1.06454E-11, 5.16872E-05
166, 2.44451E-07, 7.44120E-08, 8.03031E-08, 2.12314E-07, 6.27030E-11, 1.07472E-11, 1.01745E-11, 4.91325E-05
167, 2.32964E-07, 7.07875E-08, 7.63557E-08, 2.01896E-07, 5.96563E-11, 1.02595E-11, 9.70390E-12, 4.65722E-05
168, 2.21442E-07, 6.71417E-08, 7.23980E-08, 1.91441E-07, 5.66313E-11, 9.77200E-12, 9.23460E-12, 4.40154E-05
169, 2.09918E-07, 6.34896E-08, 6.84449E-08, 1.81748E-07, 5.36354E-11, 9.28594E-12, 8.76785E-12, 4.14725E-05
170, 1.98431E-07, 6.04810E-08, 6.45530E-08, 1.73289E-07, 5.06767E-11, 8.80290E-12, 8.30502E-12, 3.93372E-05
171, 1.87024E-07, 5.74842E-08, 6.13463E-08, 1.64767E-07, 4.77640E-11, 8.32455E-12, 7.84754E-12, 3.72644E-05
172, 1.75745E-07, 5.44748E-08, 5.81337E-08, 1.56215E-07, 4.49066E-11, 7.85267E-12, 7.39702E-12, 3.51986E-05
173, 1.64646E-07, 5.14669E-08, 5.49288E-08, 1.47673E-07, 4.21139E-11, 7.38899E-12, 6.95509E-12, 3.31488E-05
174, 1.53777E-07, 4.84758E-08, 5.17465E-08, 1.39183E-07, 3.93949E-11, 6.93528E-12, 6.52325E-12, 3.11248E-05
175, 1.43188E-07, 4.55172E-08, 4.86023E-08, 1.30788E-07, 3.67586E-11, 6.49322E-12, 6.10315E-12, 2.91365E-05
176, 1.32926E-07, 4.26071E-08, 4.55120E-08, 1.22534E-07, 3.42132E-11, 6.06444E-12, 5.69607E-12, 2.71936E-05
177, 1.23034E-07, 3.97612E-08, 4.24908E-08, 1.14462E-07, 3.17660E-11, 5.65041E-12, 5.30335E-12, 2.53055E-05
178, 1.13550E-07, 3.69943E-08, 3.95536E-08, 1.06614E-07, 2.94233E-11, 5.25243E-12, 4.92626E-12, 2.34808E-05
179, 1.04506E-07, 3.43196E-08, 3.67136E-08, 9.90268E-08, 2.71902E-11, 4.87158E-12, 4.56569E-12, 2.17272E-05
180, 9.59266E-08, 3.17491E-08, 3.39828E-08, 9.17327E-08, 2.50706E-11, 4.50870E-12, 4.22240E-12, 2.00510E-05
181, 8.78296E-08, 2.92926E-08, 3.13711E-08, 8.47591E-08, 2.30672E-11, 4.16442E-12, 3.89701E-12, 1.84575E-05
182, 8.02259E-08, 2.69580E-08, 2.88866E-08, 7.81272E-08, 2.11813E-11, 3.83913E-12, 3.58983E-12, 1.69505E-05
183, 7.31195E-08, 2.47508E-08, 2.65352E-08, 7.18530E-08, 1.94133E-11, 3.53303E-12, 3.30101E-12, 1.55326E-05
184, 6.65080E-08, 2.26749E-08, 2.43209E-08, 6.59462E-08, 1.77619E-11, 3.24614E-12, 3.03055E-12, 1.42048E-05
185, 6.03835E-08, 2.07317E-08, 2.22453E-08, 6.04114E-08, 1.62251E-11, 2.97823E-12, 2.77812E-12, 1.29671E-05
186, 5.52115E-08, 1.89210E-08, 2.03086E-08, 5.52477E-08, 1.47999E-11, 2.72895E-12, 2.54340E-12, 1.18184E-05
187, 5.04603E-08, 1.72409E-08, 1.85091E-08, 5.04500E-08, 1.34826E-11, 2.49778E-12, 2.32581E-12, 1.07564E-05
188, 4.60459E-08, 1.56881E-08, 1.68435E-08, 4.60092E-08, 1.22688E-11, 2.28411E-12, 2.12484E-12, 9.77842E-06
189, 4.19600E-08, 1.42582E-08, 1.53075E-08, 4.19131E-08, 1.11535E-11, 2.08718E-12, 1.93968E-12, 8.88074E-06
190, 3.81916E-08, 1.29457E-08, 1.38957E-08, 3.81468E-08, 1.01316E-11, 1.90613E-12, 1.76950E-12, 8.05931E-06
191, 3.47273E-08, 1.17446E-08, 1.26020E-08, 3.46936E-08, 9.19741E-12, 1.74010E-12, 1.61353E-12, 7.30975E-06
192, 3.15519E-08, 1.06483E-08, 1.14198E-08, 3.15355E-08, 8.34540E-12, 1.58816E-12, 1.47099E-12, 6.62744E-06
193, 2.86491E-08, 9.65005E-09, 1.03421E-08, 2.86537E-08, 7.56987E-12, 1.44942E-12, 1.34088E-12, 6.00768E-06
194, 2.60016E-08, 8.74289E-09, 9.36169E-09, 2.60291E-08, 6.86526E-12, 1.32290E-12, 1.22241E-12, 5.44575E-06
195, 2.35921E-08, 7.91996E-09, 8.47159E-09, 2.36427E-08, 6.22611E-12, 1.20777E-12, 1.11473E-12, 4.93706E-06
196, 2.14031E-08, 7.17454E-09, 7.66474E-09, 2.14758E-08, 5.64718E-12, 1.10307E-12, 1.01700E-12, 4.47714E-06
197, 1.94175E-08, 6.50017E-09, 6.93439E-09, 1.95107E-08, 5.12345E-12, 1.00800E-12, 9.28343E-13, 4.06172E-06
198, 1.76186E-08, 5.89065E-09, 6.27402E-09, 1.77300E-08, 4.65019E-12, 9.21740E-13, 8.48035E-13, 3.68679E-06
199, 1.59906E-08, 5.34017E-09, 5.67750E-09, 1.61176E-08, 4.22285E-12, 8.43502E-13, 7.75380E-13, 3.34856E-06
200, 1.45185E-08, 4.84330E-09, 5.13905E-09, 1.46584E-08, 3.83716E-12, 7.72632E-13, 7.09628E-13, 3.04354E-06
201, 1.31881E-08, 4.39496E-09, 4.65329E-09, 1.33381E-08, 3.48926E-12, 7.08454E-13, 6.50157E-13, 2.76848E-06
202, 1.19863E-08, 3.99051E-09, 4.21523E-09, 1.21438E-08, 3.17555E-12, 6.50332E-13, 5.96480E-13, 2.52042E-06
203, 1.09010E-08, 3.62566E-09, 3.82029E-09, 1.10635E-08, 2.89266E-12, 5.97727E-13, 5.47958E-13, 2.29666E-06
204, 9.92086E-09, 3.29651E-09, 3.46427E-09, 1.00862E-08, 2.63761E-12, 5.50112E-13, 5.04068E-13, 2.09473E-06
205, 9.03575E-09, 2.99950E-09, 3.14332E-09, 9.20182E-09, 2.40762E-12, 5.07015E-13, 4.64411E-13, 1.91240E-06
206, 8.23627E-09, 2.73142E-09, 2.85396E-09, 8.40134E-09, 2.20018E-12, 4.67958E-13, 4.28529E-13, 1.74766E-06
207, 7.51393E-09, 2.48935E-09, 2.59302E-09, 7.67651E-09, 2.01305E-12, 4.32545E-13, 3.96118E-13, 1.59870E-06
208, 6.86101E-09, 2.27615E-09, 2.35764E-09, 7.06561E-09, 1.84412E-12, 4.00405E-13, 3.66833E-13, 1.46797E-06
209, 6.27056E-09, 2.09260E-09, 2.14572E-09, 6.51309E-09, 1.69157E-12, 3.71222E-13, 3.40289E-13, 1.35518E-06
210, 5.73629E-09, 1.92566E-09, 1.96835E-09, 6.00915E-09, 1.55373E-12, 3.44776E-13, 3.16261E-13, 1.25236E-06
211, 5.25256E-09, 1.77375E-09, 1.80717E-09, 5.54924E-09, 1.42910E-12, 3.20737E-13, 2.94544E-13, 1.15853E-06
212, 4.81427E-09, 1.63541E-09, 1.66062E-09, 5.12925E-09, 1.31641E-12, 2.98857E-13, 2.74846E-13, 1.07281E-06
213, 4.41686E-09, 1.50934E-09, 1.52730E-09, 4.74542E-09, 1.21436E-12, 2.78943E-13, 2.56956E-13, 9.94409E-07
214, 4.05622E-09, 1.39435E-09, 1.40593E-09, 4.39438E-09, 1.12181E-12, 2.60786E-13, 2.40654E-13, 9.22626E-07
215, 3.72866E-09, 1.28939E-09, 1.29536E-09, 4.07307E-09, 1.03780E-12, 2.44196E-13, 2.25836E-13, 8.56818E-07
216, 3.43088E-09, 1.19348E-09, 1.19456E-09, 3.77871E-09, 9.61495E-13, 2.29015E-13, 2.12364E-13, 7.96413E-07
217, 3.15992E-09, 1.10578E-09, 1.10259E-09, 3.50879E-09, 8.92170E-13, 2.15129E-13, 2.00052E-13, 7.40898E-07
218, 2.91312E-09, 1.02548E-09, 1.01859E-09, 3.26105E-09, 8.29044E-13, 2.02408E-13, 1.88757E-13, 6.89811E-07
219, 2.68808E-09, 9.51898E-10, 9.41824E-10, 3.03344E-09, 7.71501E-13, 1.90768E-13, 1.78442E-13, 6.42739E-07
220, 2.48268E-09, 8.84387E-10, 8.71585E-10, 2.82411E-09, 7.18983E-13, 1.80083E-13, 1.68984E-13, 5.99310E-07
221, 2.29498E-09, 8.22381E-10, 8.07257E-10, 2.63137E-09, 6.71001E-13, 1.70252E-13, 1.60304E-13, 5.59191E-07
222, 2.12326E-09, 7.65360E-10, 7.48281E-10, 2.45372E-09, 6.27106E-13, 1.61185E-13, 1.52331E-13, 5.22082E-07
223, 1.96597E-09, 7.12859E-10, 6.94151E-10, 2.28976E-09, 5.86885E-13, 1.52812E-13, 1.45037E-13, 4.87715E-07
224, 1.82172E-09, 6.64458E-10, 6.44413E-10, 2.13827E-09, 5.49994E-13, 1.45060E-13, 1.38327E-13, 4.55846E-07
225, 1.68924E-09, 6.19777E-10, 5.98656E-10, 1.99812E-09, 5.16086E-13, 1.37872E-13, 1.32121E-13, 4.26258E-07
226, 1.56743E-09, 5.78475E-10, 5.56508E-10, 1.86827E-09, 4.84863E-13, 1.31210E-13, 1.26397E-13, 3.98755E-07
227, 1.45526E-09, 5.40239E-10, 5.17635E-10, 1.74780E-09, 4.56066E-13, 1.25033E-13, 1.21074E-13, 3.73159E-07
228, 1.35182E-09, 5.04791E-10, 4.81734E-10, 1.63588E-09, 4.29441E-13, 1.19297E-13, 1.16086E-13, 3.49310E-07
229, 1.25630E-09, 4.71877E-10, 4.48533E-10, 1.53175E-09, 4.04780E-13, 1.13977E-13, 1.11416E-13, 3.27064E-07
230, 1.16796E-09, 4.41269E-10, 4.17786E-10, 1.43470E-09, 3.81902E-13, 1.09010E-13, 1.07053E-13, 3.06289E-07
231, 1.08614E-09, 4.12759E-10, 3.89269E-10, 1.34413E-09, 3.60628E-13, 1.04381E-13, 1.02938E-13, 2.86868E-07
232, 1.01675E-09, 3.86164E-10, 3.62783E-10, 1.25946E-09, 3.40811E-13, 1.00067E-13, 9.90254E-14, 2.68692E-07
233, 9.54167E-10, 3.61314E-10, 3.38148E-10, 1.18018E-09, 3.22360E-13, 9.60446E-14, 9.53066E-14, 2.51665E-07
234, 8.95590E-10, 3.38057E-10, 3.15202E-10, 1.10583E-09, 3.05170E-13, 9.23075E-14, 9.17651E-14, 2.35696E-07
235, 8.40662E-10, 3.16260E-10, 2.93797E-10, 1.03601E-09, 2.89045E-13, 8.87928E-14, 8.84072E-14, 2.20707E-07
236, 7.89073E-10, 2.95798E-10, 2.73803E-10, 9.70326E-10, 2.73901E-13, 8.54829E-14, 8.52245E-14, 2.06623E-07
237, 7.40536E-10, 2.76564E-10, 2.55100E-10, 9.08455E-10, 2.59643E-13, 8.23569E-14, 8.23040E-14, 1.93377E-07
238, 6.94803E-10, 2.58457E-10, 2.37585E-10, 8.50087E-10, 2.46249E-13, 7.94186E-14, 7.97176E-14, 1.80908E-07
239, 6.51640E-10, 2.41394E-10, 2.21161E-10, 7.94965E-10, 2.33627E-13, 7.66287E-14, 7.73090E-14, 1.69161E-07
240, 6.10851E-10, 2.25291E-10, 2.05745E-10, 7.42839E-10, 2.21737E-13, 7.39799E-14, 7.50637E-14, 1.58085E-07
241, 5.72251E-10, 2.10086E-10, 1.91258E-10, 6.93507E-10, 2.10525E-13, 7.14846E-14, 7.29699E-14, 1.47633E-07
242, 5.35682E-10, 1.95711E-10, 1.77637E-10, 6.46776E-10, 1.99947E-13, 6.91222E-14, 7.09747E-14, 1.37765E-07
243, 5.01003E-10, 1.82116E-10, 1.64819E-10, 6.02489E-10, 1.89948E-13, 6.68813E-14, 6.90561E-14, 1.28440E-07
244, 4.68089E-10, 1.69251E-10, 1.52752E-10, 5.60487E-10, 1.80482E-13, 6.47568E-14, 6.72017E-14, 1.19625E-07
245, 4.36829E-10, 1.57077E-10, 1.41388E-10, 5.20662E-10, 1.71537E-13, 6.27415E-14, 6.54020E-14, 1.11288E-07
246, 4.07131E-10, 1.45554E-10, 1.30685E-10, 4.82888E-10, 1.63048E-13, 6.08286E-14, 6.36602E-14, 1.03401E-07
247, 3.78907E-10, 1.34652E-10, 1.20606E-10, 4.47082E-10, 1.54990E-13, 5.89927E-14, 6.19622E-14, 9.59379E-08
248, 3.52089E-10, 1.24435E-10, 1.11117E-10, 4.16244E-10, 1.47380E-13, 5.72504E-14, 6.03059E-14, 8.89168E-08
249, 3.26610E-10, 1.16229E-10, 1.02727E-10, 3.89197E-10, 1.40168E-13, 5.55951E-14, 5.86950E-14, 8.33602E-08
250, 3.02419E-10, 1.08367E-10, 9.55856E-11, 3.63204E-10, 1.33327E-13, 5.40191E-14, 5.71328E-14, 7.80262E-08
251, 2.79467E-10, 1.00834E-10, 8.87768E-11, 3.38256E-10, 1.26835E-13, 5.25143E-14, 5.56237E-14, 7.29053E-08
252, 2.57712E-10, 9.36287E-11, 8.22887E-11, 3.14327E-10, 1.20672E-13, 5.10677E-14, 5.41686E-14, 6.79901E-08
253, 2.37118E-10, 8.67405E-11, 7.61139E-11, 2.91414E-10, 1.14819E-13, 4.96701E-14, 5.28072E-14, 6.32746E-08
254, 2.17652E-10, 8.01703E-11, 7.02429E-11, 2.69498E-10, 1.09258E-13, 4.83300E-14, 5.15113E-14, 5.87534E-08
255, 1.99283E-10, 7.39103E-11, 6.46711E-11, 2.48589E-10, 1.04013E-13, 4.70686E-14, 5.02903E-14, 5.44238E-08
256, 1.81985E-10, 6.79590E-11, 5.93908E-11, 2.28667E-10, 9.90845E-14, 4.58560E-14, 4.91096E-14, 5.02826E-08
257, 1.65727E-10, 6.23135E-11, 5.43969E-11, 2.09746E-10, 9.44449E-14, 4.47049E-14, 4.79572E-14, 4.63284E-08
258, 1.50487E-10, 5.69709E-11, 4.96848E-11, 1.91806E-10, 9.00799E-14, 4.36204E-14, 4.68416E-14, 4.25603E-08
259, 1.36236E-10, 5.19291E-11, 4.52482E-11, 1.74860E-10, 8.59518E-14, 4.25804E-14, 4.57518E-14, 3.89774E-08
260, 1.22948E-10, 4.71840E-11, 4.10833E-11, 1.58886E-10, 8.20765E-14, 4.15851E-14, 4.46855E-14, 3.55799E-08
261, 1.11783E-10, 4.27330E-11, 3.71831E-11, 1.43892E-10, 7.84525E-14, 4.06508E-14, 4.36445E-14, 3.23674E-08
262, 1.01767E-10, 3.85696E-11, 3.35430E-11, 1.29850E-10, 7.50667E-14, 3.97529E-14, 4.26322E-14, 2.93396E-08
263, 9.23414E-11, 3.46906E-11, 3.01553E-11, 1.16762E-10, 7.19127E-14, 3.89128E-14, 4.16505E-14, 2.64958E-08
264, 8.34996E-11, 3.10874E-11, 2.70147E-11, 1.04597E-10, 6.89822E-14, 3.81273E-14, 4.06914E-14, 2.38350E-08
265, 7.52371E-11, 2.77547E-11, 2.41124E-11, 9.33420E-11, 6.62505E-14, 3.73851E-14, 3.97684E-14, 2.13551E-08
266, 6.75420E-11, 2.46838E-11, 2.14411E-11, 8.29667E-11, 6.37148E-14, 3.66816E-14, 3.88830E-14, 1.90538E-08
267, 6.04059E-11, 2.18656E-11, 1.89909E-11, 7.34464E-11, 6.13960E-14, 3.60081E-14, 3.80350E-14, 1.69278E-08
268, 5.38116E-11, 1.92902E-11, 1.67537E-11, 6.47454E-11, 5.92646E-14, 3.53696E-14, 3.72127E-14, 1.49727E-08
269, 4.77468E-11, 1.69469E-11, 1.47193E-11, 5.68346E-11, 5.72946E-14, 3.47684E-14, 3.64283E-14, 1.31838E-08
270, 4.21903E-11, 1.48245E-11, 1.28774E-11, 4.96692E-11, 5.54713E-14, 3.42004E-14, 3.56716E-14, 1.15550E-08
271, 3.71253E-11, 1.29874E-11, 1.12173E-11, 4.39054E-11, 5.37850E-14, 3.36573E-14, 3.49397E-14, 1.01378E-08
272, 3.25268E-11, 1.14721E-11, 9.85033E-12, 3.87507E-11, 5.22310E-14, 3.31319E-14, 3.42444E-14, 8.96868E-09
273, 2.83748E-11, 1.00874E-11, 8.66517E-12, 3.40554E-11, 5.07897E-14, 3.26344E-14, 3.36116E-14, 7.89670E-09
274, 2.46403E-11, 8.83033E-12, 7.58880E-12, 2.97826E-11, 4.94458E-14, 3.21647E-14, 3.30100E-14, 6.91913E-09
275, 2.13025E-11, 7.69458E-12, 6.61570E-12, 2.59342E-11, 4.82041E-14, 3.17317E-14, 3.24299E-14, 6.03284E-09
276, 1.83305E-11, 6.67352E-12, 5.74090E-12, 2.24669E-11, 4.70597E-14, 3.13201E-14, 3.18796E-14, 5.23393E-09
277, 1.57020E-11, 5.76124E-12, 4.95836E-12, 1.93821E-11, 4.60196E-14, 3.09360E-14, 3.13460E-14, 4.51827E-09
278, 1.33859E-11, 4.95001E-12, 4.26275E-12, 1.66286E-11, 4.50714E-14, 3.05711E-14, 3.08392E-14, 3.88074E-09
279, 1.13601E-11, 4.23210E-12, 3.64653E-12, 1.42071E-11, 4.42083E-14, 3.02170E-14, 3.03398E-14, 3.31600E-09
280, 9.59391E-12, 3.60160E-12, 3.10489E-12, 1.20719E-11, 4.34172E-14, 2.98746E-14, 2.98541E-14, 2.81923E-09
281, 8.18898E-12, 3.05017E-12, 2.63051E-12, 1.02170E-11, 4.26998E-14, 2.95609E-14, 2.93805E-14, 2.38480E-09
282, 6.97834E-12, 2.57084E-12, 2.21868E-12, 8.59820E-12, 4.20376E-14, 2.92566E-14, 2.89192E-14, 2.00724E-09
283, 5.91783E-12, 2.15708E-12, 1.86191E-12, 7.21140E-12, 4.14352E-14, 2.89769E-14, 2.84635E-14, 1.68118E-09
284, 4.99698E-12, 1.80088E-12, 1.55557E-12, 6.01147E-12, 4.08921E-14, 2.87026E-14, 2.80200E-14, 1.40125E-09
285, 4.19895E-12, 1.49658E-12, 1.29331E-12, 4.99454E-12, 4.03936E-14, 2.84382E-14, 2.75896E-14, 1.16204E-09
286, 4.06710E-12, 1.46930E-12, 1.24104E-12, 4.12543E-12, 3.99353E-14, 2.81860E-14, 2.71705E-14, 9.59104E-10
287, 4.02561E-12, 1.46461E-12, 1.19536E-12, 3.40286E-12, 3.95126E-14, 2.79363E-14, 2.67683E-14, 7.88346E-10
288, 3.97583E-12, 1.45551E-12, 1.14524E-12, 2.78615E-12, 3.91234E-14, 2.76858E-14, 2.63808E-14, 6.45223E-10
289, 3.91689E-12, 1.44369E-12, 1.09681E-12, 2.28817E-12, 3.87641E-14, 2.74422E-14, 2.60013E-14, 5.25830E-10
290, 3.85114E-12, 1.42903E-12, 1.08472E-12, 1.90871E-12, 3.84246E-14, 2.72015E-14, 2.56330E-14, 4.32594E-10
291, 3.77664E-12, 1.41074E-12, 1.07179E-12, 1.56874E-12, 3.80988E-14, 2.69604E-14, 2.52712E-14, 3.56407E-10
292, 3.69712E-12, 1.38984E-12, 1.05811E-12, 1.30329E-12, 3.77869E-14, 2.67231E-14, 2.49128E-14, 2.92644E-10
293, 3.61227E-12, 1.36696E-12, 1.04359E-12, 1.06212E-12, 3.74908E-14, 2.64866E-14, 2.45644E-14, 2.39506E-10
294, 3.52369E-12, 1.34969E-12, 1.02836E-12, 8.79386E-13, 3.72096E-14, 2.62535E-14, 2.42234E-14, 1.95270E-10
295, 3.42860E-12, 1.33098E-12, 1.01243E-12, 7.09980E-13, 3.69380E-14, 2.60241E-14, 2.38943E-14, 1.58694E-10
296, 3.33409E-12, 1.30993E-12, 9.95880E-13, 5.89530E-13, 3.66748E-14, 2.57983E-14, 2.35772E-14, 1.28703E-10
297, 3.23494E-12, 1.28708E-12, 9.78799E-13, 4.71705E-13, 3.64122E-14, 2.55760E-14, 2.32730E-14, 1.04203E-10
298, 3.13608E-12, 1.26281E-12, 9.61098E-13, 3.93615E-13, 3.61569E-14, 2.53523E-14, 2.29735E-14, 8.41830E-11
299, 3.03557E-12, 1.23675E-12, 9.42866E-13, 3.87752E-13, 3.59081E-14, 2.51290E-14, 2.26787E-14, 6.80793E-11
300, 2.93673E-12, 1.20963E-12, 9.24190E-13, 3.88031E-13, 3.56625E-14, 2.49112E-14, 2.23925E-14, 5.49088E-11
301, 2.83735E-12, 1.18172E-12, 9.05070E-13, 3.88309E-13, 3.54147E-14, 2.46943E-14, 2.21135E-14, 4.42589E-11
302, 2.73937E-12, 1.15196E-12, 8.85505E-13, 3.92567E-13, 3.51650E-14, 2.44780E-14, 2.18409E-14, 3.58229E-11
303, 2.64281E-12, 1.12202E-12, 8.65584E-13, 3.93911E-13, 3.49145E-14, 2.42630E-14, 2.15725E-14, 2.90754E-11
304, 2.54964E-12, 1.09105E-12, 8.45396E-13, 3.93613E-13, 3.46643E-14, 2.40514E-14, 2.13115E-14, 2.35106E-11
305, 2.45764E-12, 1.05893E-12, 8.24761E-13, 3.93195E-13, 3.44177E-14, 2.38443E-14, 2.10551E-14, 1.90439E-11
306, 2.36767E-12, 1.02689E-12, 8.03858E-13, 3.95494E-13, 3.41658E-14, 2.36363E-14, 2.08000E-14, 1.54559E-11
307, 2.28172E-12, 1.01016E-12, 7.82774E-13, 3.93536E-13, 3.39125E-14, 2.34331E-14, 2.05478E-14, 1.26608E-11
308, 2.19841E-12, 1.00499E-12, 7.61510E-13, 3.95372E-13, 3.36590E-14, 2.32326E-14, 2.03001E-14, 1.02210E-11
309, 2.11662E-12, 9.98742E-13, 7.40065E-13, 3.95907E-13, 3.34156E-14, 2.30360E-14, 2.00604E-14, 8.26663E-12
310, 2.03836E-12, 9.91288E-13, 7.22805E-13, 3.94534E-13, 3.31749E-14, 2.28414E-14, 1.98243E-14, 6.95487E-12
311, 1.96309E-12, 9.82755E-13, 7.07327E-13, 3.92796E-13, 3.29423E-14, 2.26444E-14, 1.95955E-14, 5.79439E-12
312, 1.89084E-12, 9.73390E-13, 6.91579E-13, 3.93092E-13, 3.27162E-14, 2.24445E-14, 1.93712E-14, 4.53026E-12
313, 1.82220E-12, 9.63013E-13, 6.75562E-13, 3.89900E-13, 3.24952E-14, 2.22441E-14, 1.91530E-14, 3.66753E-12
314, 1.75519E-12, 9.51688E-13, 6.59453E-13, 3.88382E-13, 3.22759E-14, 2.20467E-14, 1.89418E-14, 3.22163E-12
315, 1.68981E-12, 9.39540E-13, 6.44322E-13, 3.85285E-13, 3.20662E-14, 2.18541E-14, 1.87382E-14, 2.81864E-12
316, 1.62754E-12, 9.26633E-13, 6.33740E-13, 3.85329E-13, 3.18614E-14, 2.16643E-14, 1.85367E-14, 2.33768E-12
317, 1.56782E-12, 9.13094E-13, 6.22621E-13, 3.82698E-13, 3.16629E-14, 2.14805E-14, 1.83386E-14, 1.81559E-12
318, 1.51214E-12, 8.98924E-13, 6.10609E-13, 3.79079E-13, 3.14754E-14, 2.12979E-14, 1.81442E-14, 1.61938E-12
319, 1.46996E-12, 8.84188E-13, 5.98058E-13, 3.75320E-13, 3.12902E-14, 2.11146E-14, 1.79558E-14, 1.22492E-12
320, 1.42811E-12, 8.68889E-13, 5.84970E-13, 3.72522E-13, 3.11107E-14, 2.09346E-14, 1.77711E-14, 1.11071E-12
321, 1.38778E-12, 8.53213E-13, 5.70985E-13, 3.71432E-13, 3.09320E-14, 2.07545E-14, 1.75921E-14, 9.51802E-13
322, 1.34839E-12, 8.37101E-13, 5.56283E-13, 3.68734E-13, 3.07582E-14, 2.05792E-14, 1.74171E-14, 8.73403E-13
323, 1.30936E-12, 8.20680E-13, 5.41041E-13, 3.67504E-13, 3.05907E-14, 2.04092E-14, 1.72448E-14, 7.52842E-13
324, 1.27037E-12, 8.04011E-13, 5.27046E-13, 3.64902E-13, 3.04247E-14, 2.02404E-14, 1.70775E-14, 7.98254E-13
325, 1.23205E-12, 7.94578E-13, 5.20827E-13, 3.61662E-13, 3.02601E-14, 2.00755E-14, 1.69133E-14, 7.81119E-13
326, 1.19318E-12, 7.86470E-13, 5.14071E-13, 3.59649E-13, 3.00985E-14, 1.99120E-14, 1.67521E-14, 8.69584E-13
327, 1.15557E-12, 7.77741E-13, 5.07315E-13, 3.57121E-13, 2.99385E-14, 1.97492E-14, 1.65942E-14, 8.38453E-13
328, 1.12227E-12, 7.68577E-13, 5.00648E-13, 3.54575E-13, 2.97791E-14, 1.95870E-14, 1.64412E-14, 6.81484E-13
329, 1.10607E-12, 7.58919E-13, 4.93533E-13, 3.47233E-13, 2.96249E-14, 1.94240E-14, 1.62921E-14, 7.99891E-13
330, 1.08855E-12, 7.48890E-13, 4.86329E-13, 3.44634E-13, 2.94711E-14, 1.92625E-14, 1.61486E-14, 7.75439E-13
331, 1.06999E-12, 7.38554E-13, 4.79034E-13, 3.39485E-13, 2.93192E-14, 1.91055E-14, 1.60067E-14, 7.64161E-13
332, 1.05622E-12, 7.27549E-13, 4.71739E-13, 3.36835E-13, 2.91667E-14, 1.89509E-14, 1.58674E-14, 7.35141E-13
333, 1.05713E-12, 7.16483E-13, 4.63816E-13, 3.29334E-13, 2.90161E-14, 1.87951E-14, 1.57320E-14, 7.34961E-13
334, 1.05526E-12, 7.05297E-13, 4.56071E-13, 3.23056E-13, 2.88646E-14, 1.86402E-14, 1.56023E-14, 6.96219E-13
335, 1.04996E-12, 6.93210E-13, 4.47608E-13, 3.16861E-13, 2.87155E-14, 1.84868E-14, 1.54744E-14, 8.29539E-13
336, 1.04277E-12, 6.81187E-13, 4.39234E-13, 3.09727E-13, 2.85669E-14, 1.83348E-14, 1.53508E-14, 6.96372E-13
337, 1.03178E-12, 6.68991E-13, 4.29960E-13, 3.04981E-13, 2.84150E-14, 1.81813E-14, 1.52300E-14, 7.50552E-13
338, 1.01822E-12, 6.56564E-13, 4.20774E-13, 2.97624E-13, 2.82625E-14, 1.80285E-14, 1.51133E-14, 6.51002E-13
339, 1.00143E-12, 6.43906E-13, 4.10867E-13, 2.90733E-13, 2.81085E-14, 1.78760E-14, 1.50006E-14, 7.05535E-13
340, 9.81692E-13, 6.31021E-13, 4.00778E-13, 2.87799E-13, 2.79593E-14, 1.77252E-14, 1.48930E-14, 7.49142E-13
341, 9.59926E-13, 6.18150E-13, 4.02187E-13, 2.82633E-13, 2.78111E-14, 1.75757E-14, 1.47900E-14, 7.54718E-13
342, 9.34214E-13, 6.04818E-13, 4.03960E-13, 2.75350E-13, 2.76619E-14, 1.74268E-14, 1.46933E-14, 7.28479E-13
343, 9.06739E-13, 5.91741E-13, 4.05380E-13, 2.70099E-13, 2.75105E-14, 1.72825E-14, 1.45977E-14, 7.93708E-13
344, 8.76529E-13, 5.82727E-13, 4.09415E-13, 2.62721E-13, 2.73589E-14, 1.71377E-14, 1.45053E-14, 7.57917E-13
345, 8.44838E-13, 5.75562E-13, 4.14447E-13, 2.58430E-13, 2.72055E-14, 1.69935E-14, 1.44159E-14, 7.40349E-13
346, 8.11008E-13, 5.68162E-13, 4.18859E-13, 2.49521E-13, 2.70533E-14, 1.68501E-14, 1.43303E-14, 7.45429E-13
347, 7.98516E-13, 5.60354E-13, 4.22829E-13, 2.42396E-13, 2.68982E-14, 1.67077E-14, 1.42496E-14, 7.25993E-13
348, 8.03694E-13, 5.51902E-13, 4.26087E-13, 2.36145E-13, 2.67443E-14, 1.65651E-14, 1.41717E-14, 7.14842E-13
349, 8.04687E-13, 5.43402E-13, 4.28993E-13, 2.26299E-13, 2.65928E-14, 1.64224E-14, 1.40976E-14, 7.25256E-13
350, 8.04054E-13, 5.34471E-13, 4.31186E-13, 2.20225E-13, 2.64436E-14, 1.62814E-14, 1.40266E-14, 7.56074E-13
351, 8.00473E-13, 5.25377E-13, 4.32845E-13, 2.12793E-13, 2.62955E-14, 1.61433E-14, 1.39585E-14, 7.39628E-13
352, 7.93588E-13, 5.16093E-13, 4.33970E-13, 2.05318E-13, 2.61451E-14, 1.60031E-14, 1.38915E-14, 9.50491E-13
353, 7.87962E-13, 5.06181E-13, 4.34198E-13, 1.95287E-13, 2.59957E-14, 1.58684E-14, 1.38289E-14, 7.08661E-13
354, 7.94143E-13, 4.96201E-13, 4.34072E-13, 1.91313E-13, 2.58501E-14, 1.57341E-14, 1.37667E-14, 6.83647E-13
355, 8.00022E-13, 4.86068E-13, 4.33227E-13, 1.89969E-13, 2.57033E-14, 1.56000E-14, 1.37069E-14, 7.14421E-13
356, 8.03278E-13, 4.75345E-13, 4.31846E-13, 1.90466E-13, 2.55555E-14, 1.54675E-14, 1.36477E-14, 6.94028E-13
357, 8.06875E-13, 4.64678E-13, 4.30107E-13, 1.86687E-13, 2.54095E-14, 1.53360E-14, 1.35895E-14, 7.33045E-13
358, 8.09816E-13, 4.53834E-13, 4.27647E-13, 1.85814E-13, 2.52667E-14, 1.52046E-14, 1.35333E-14, 6.99871E-13
359, 8.10086E-13, 4.42816E-13, 4.28273E-13, 1.81454E-13, 2.51248E-14, 1.50718E-14, 1.34803E-14, 7.43293E-13
360, 8.10679E-13, 4.31626E-13, 4.29905E-13, 1.80006E-13, 2.49838E-14, 1.49381E-14, 1.34279E-14, 6.31697E-13
361, 8.09914E-13, 4.22057E-13, 4.31000E-13, 1.79073E-13, 2.48419E-14, 1.48062E-14, 1.33753E-14, 7.25389E-13
362, 8.07777E-13, 4.15570E-13, 4.31378E-13, 1.78655E-13, 2.47025E-14, 1.46752E-14, 1.33219E-14, 6.44228E-13
363, 8.05272E-13, 4.08696E-13, 4.31217E-13, 1.77952E-13, 2.45619E-14, 1.45431E-14, 1.32706E-14, 7.24893E-13
364, 8.00014E-13, 4.01668E-13, 4.30335E-13, 1.76159E-13, 2.44248E-14, 1.44121E-14, 1.32213E-14, 6.23010E-13
365, 7.95386E-13, 3.94201E-13, 4.28822E-13, 1.74079E-13, 2.42889E-14, 1.42807E-14, 1.31731E-14, 6.61996E-13
366, 7.96870E-13, 3.86583E-13, 4.26676E-13, 1.73319E-13, 2.41564E-14, 1.41519E-14, 1.31242E-14, 6.53802E-13
367, 7.98687E-13, 3.78804E-13, 4.24078E-13, 1.71201E-13, 2.40291E-14, 1.40231E-14, 1.30765E-14, 6.61008E-13
368, 7.99463E-13, 3.71533E-13, 4.20752E-13, 1.68261E-13, 2.39047E-14, 1.38974E-14, 1.30316E-14, 6.35866E-13
369, 8.00222E-13, 3.69252E-13, 4.17064E-13, 1.66375E-13, 2.37796E-14, 1.37716E-14, 1.29838E-14, 6.94623E-13
370, 7.99578E-13, 3.69430E-13, 4.12737E-13, 1.63937E-13, 2.36628E-14, 1.36453E-14, 1.29361E-14, 7.74992E-13
371, 7.96128E-13, 3.69551E-13, 4.07952E-13, 1.63357E-13, 2.35496E-14, 1.35197E-14, 1.28892E-14, 5.98123E-13
372, 7.92284E-13, 3.69503E-13, 4.02709E-13, 1.62493E-13, 2.34396E-14, 1.33971E-14, 1.28439E-14, 7.08801E-13
373, 7.87344E-13, 3.69349E-13, 4.02318E-13, 1.61613E-13, 2.33293E-14, 1.32747E-14, 1.27995E-14, 5.70294E-13
374, 7.81648E-13, 3.69092E-13, 4.02391E-13, 1.58312E-13, 2.32152E-14, 1.31531E-14, 1.27559E-14, 7.21361E-13
375, 7.73781E-13, 3.68500E-13, 4.01782E-13, 1.56068E-13, 2.31061E-14, 1.30332E-14, 1.27131E-14, 6.65329E-13
376, 7.66195E-13, 3.67959E-13, 4.00582E-13, 1.52477E-13, 2.30007E-14, 1.29136E-14, 1.26701E-14, 7.92099E-13
377, 7.56414E-13, 3.67261E-13, 3.98834E-13, 1.51013E-13, 2.29001E-14, 1.27926E-14, 1.26278E-14, 6.90007E-13
378, 7.45839E-13, 3.66368E-13, 3.96537E-13, 1.47539E-13, 2.28032E-14, 1.26710E-14, 1.25850E-14, 7.45877E-13
379, 7.34109E-13, 3.65283E-13, 3.93735E-13, 1.46856E-13, 2.27026E-14, 1.25518E-14, 1.25426E-14, 6.60298E-13
380, 7.23710E-13, 3.64221E-13, 3.90334E-13, 1.44433E-13, 2.26022E-14, 1.24353E-14, 1.24995E-14, 8.67419E-13
381, 7.09647E-13, 3.62955E-13, 3.86516E-13, 1.46123E-13, 2.25043E-14, 1.23188E-14, 1.24548E-14, 6.25472E-13
382, 6.95835E-13, 3.61644E-13, 3.82281E-13, 1.44880E-13, 2.24076E-14, 1.22038E-14, 1.24112E-14, 7.67288E-13
383, 6.82279E-13, 3.60216E-13, 3.77580E-13, 1.41775E-13, 2.23111E-14, 1.20903E-14, 1.23682E-14, 8.59733E-13
384, 6.66816E-13, 3.58693E-13, 3.72689E-13, 1.41846E-13, 2.22121E-14, 1.19777E-14, 1.23263E-14, 7.37545E-13
385, 6.51966E-13, 3.56993E-13, 3.72241E-13, 1.41644E-13, 2.21166E-14, 1.18664E-14, 1.22817E-14, 8.03897E-13
386, 6.35921E-13, 3.55195E-13, 3.71285E-13, 1.39589E-13, 2.20212E-14, 1.17545E-14, 1.22367E-14, 7.08262E-13
387, 6.18672E-13, 3.53970E-13, 3.69891E-13, 1.39640E-13, 2.19272E-14, 1.16493E-14, 1.21898E-14, 8.04980E-13
388, 6.03495E-13, 3.54316E-13, 3.68057E-13, 1.38107E-13, 2.18339E-14, 1.15433E-14, 1.21427E-14, 7.06758E-13
389, 5.92236E-13, 3.54413E-13, 3.65826E-13, 1.37361E-13, 2.17420E-14, 1.14373E-14, 1.20968E-14, 7.92180E-13
390, 5.80893E-13, 3.54356E-13, 3.63155E-13, 1.36613E-13, 2.16511E-14, 1.13323E-14, 1.20511E-14, 6.91021E-13
391, 5.69835E-13, 3.53933E-13, 3.60172E-13, 1.35863E-13, 2.15623E-14, 1.12281E-14, 1.20044E-14, 7.44870E-13
392, 5.57224E-13, 3.53357E-13, 3.56851E-13, 1.35896E-13, 2.14785E-14, 1.11277E-14, 1.19572E-14, 8.00860E-13
393, 5.43419E-13, 3.52622E-13, 3.53080E-13, 1.34621E-13, 2.13956E-14, 1.10264E-14, 1.19095E-14, 7.10430E-13
394, 5.31005E-13, 3.51419E-13, 3.49099E-13, 1.34389E-13, 2.13114E-14, 1.09247E-14, 1.18608E-14, 9.18242E-13
395, 5.17024E-13, 3.50210E-13, 3.44725E-13, 1.33896E-13, 2.12322E-14, 1.08242E-14, 1.18137E-14, 7.32583E-13
396, 5.02584E-13, 3.48758E-13, 3.40214E-13, 1.33143E-13, 2.11519E-14, 1.07259E-14, 1.17662E-14, 7.12228E-13
397, 4.88428E-13, 3.47148E-13, 3.35471E-13, 1.31354E-13, 2.10760E-14, 1.06316E-14, 1.17168E-14, 7.21922E-13
398, 4.74187E-13, 3.45359E-13, 3.30624E-13, 1.32544E-13, 2.10022E-14, 1.05383E-14, 1.16674E-14, 8.33680E-13
399, 4.60985E-13, 3.43406E-13, 3.25403E-13, 1.31922E-13, 2.09263E-14, 1.04480E-14, 1.16167E-14, 8.09989E-13
400, 4.46579E-13, 3.41197E-13, 3.20165E-13, 1.30399E-13, 2.08523E-14, 1.03584E-14, 1.15663E-14, 7.79584E-13
401, 4.30590E-13, 3.38801E-13, 3.14685E-13, 1.30425E-13, 2.07792E-14, 1.02697E-14, 1.15150E-14, 7.34683E-13
402, 4.16774E-13, 3.35926E-13, 3.08957E-13, 1.29936E-13, 2.07052E-14, 1.01806E-14, 1.14639E-14, 9.01446E-13
403, 4.02129E-13, 3.33053E-13, 3.03411E-13, 1.29193E-13, 2.06315E-14, 1.00933E-14, 1.14144E-14, 8.53655E-13
404, 3.87029E-13, 3.29957E-13, 3.00976E-13, 1.29220E-13, 2.05567E-14, 1.00077E-14, 1.13621E-14, 8.85650E-13
405, 3.72611E-13, 3.26719E-13, 2.98297E-13, 1.26948E-13, 2.04799E-14, 9.92332E-15, 1.13121E-14, 8.24254E-13
406, 3.58880E-13, 3.23023E-13, 2.95470E-13, 1.27999E-13, 2.04050E-14, 9.84138E-15, 1.12620E-14, 7.31562E-13
407, 3.44322E-13, 3.19345E-13, 2.92208E-13, 1.27264E-13, 2.03305E-14, 9.76037E-15, 1.12117E-14, 1.07442E-12
408, 3.35026E-13, 3.15470E-13, 2.88842E-13, 1.26025E-13, 2.02544E-14, 9.68039E-15, 1.11593E-14, 6.95491E-13
409, 3.32737E-13, 3.11249E-13, 2.85277E-13, 1.25806E-13, 2.01832E-14, 9.60104E-15, 1.11066E-14, 8.16667E-13
410, 3.30614E-13, 3.06840E-13, 2.81512E-13, 1.25081E-13, 2.01149E-14, 9.52178E-15, 1.10521E-14, 8.91312E-13
411, 3.28470E-13, 3.02364E-13, 2.77569E-13, 1.24612E-13, 2.00438E-14, 9.44419E-15, 1.09973E-14, 8.35843E-13
412, 3.26111E-13, 2.97688E-13, 2.73616E-13, 1.23136E-13, 1.99721E-14, 9.36922E-15, 1.09438E-14, 7.44987E-13
413, 3.23728E-13, 2.92766E-13, 2.69389E-13, 1.22674E-13, 1.98993E-14, 9.29483E-15, 1.08895E-14, 6.87010E-13
414, 3.21324E-13, 2.87738E-13, 2.64863E-13, 1.21209E-13, 1.98277E-14, 9.22247E-15, 1.08359E-14, 9.20804E-13
415, 3.18512E-13, 2.82460E-13, 2.60852E-13, 1.21506E-13, 1.97540E-14, 9.15112E-15, 1.07818E-14, 8.45861E-13
416, 3.15869E-13, 2.77108E-13, 2.57933E-13, 1.20550E-13, 1.96775E-14, 9.07993E-15, 1.07275E-14, 8.90750E-13
417, 3.13204E-13, 2.71632E-13, 2.54622E-13, 1.21225E-13, 1.96022E-14, 9.00833E-15, 1.06732E-14, 8.86868E-13
418, 3.10130E-13, 2.65999E-13, 2.51492E-13, 1.20900E-13, 1.95290E-14, 8.93954E-15, 1.06182E-14, 8.39039E-13
419, 3.07228E-13, 2.60107E-13, 2.47920E-13, 1.21574E-13, 1.94595E-14, 8.87284E-15, 1.05633E-14, 7.60825E-13
420, 3.04206E-13, 2.54130E-13, 2.44434E-13, 1.22371E-13, 1.93914E-14, 8.80654E-15, 1.05083E-14, 8.13411E-13
421, 3.01066E-13, 2.48030E-13, 2.40840E-13, 1.21550E-13, 1.93232E-14, 8.74092E-15, 1.04517E-14, 8.52066E-13
422, 2.97904E-13, 2.41824E-13, 2.37188E-13, 1.21230E-13, 1.92555E-14, 8.67741E-15, 1.03958E-14, 8.46569E-13
423, 2.94623E-13, 2.35604E-13, 2.33186E-13, 1.22274E-13, 1.91865E-14, 8.61256E-15, 1.03401E-14, 8.34860E-13
424, 2.91322E-13, 2.28933E-13, 2.29367E-13, 1.20843E-13, 1.91185E-14, 8.55045E-15, 1.02852E-14, 9.36903E-13
425, 2.87999E-13, 2.22364E-13, 2.25342E-13, 1.22380E-13, 1.90498E-14, 8.48910E-15, 1.02307E-14, 8.93834E-13
426, 2.84559E-13, 2.15768E-13, 2.21209E-13, 1.20584E-13, 1.89799E-14, 8.42857E-15, 1.01758E-14, 8.01594E-13
427, 2.81002E-13, 2.09210E-13, 2.17939E-13, 1.21257E-13, 1.89098E-14, 8.36895E-15, 1.01207E-14, 7.96540E-13
428, 2.77424E-13, 2.02187E-13, 2.15193E-13, 1.21314E-13, 1.88416E-14, 8.31025E-15, 1.00654E-14, 9.11906E-13
429, 2.73925E-13, 1.95341E-13, 2.12390E-13, 1.20881E-13, 1.87730E-14, 8.25339E-15, 1.00097E-14, 9.46804E-13
430, 2.70211E-13, 1.88430E-13, 2.09578E-13, 1.20450E-13, 1.87056E-14, 8.19672E-15, 9.95386E-15, 7.09137E-13
431, 2.66479E-13, 1.81517E-13, 2.06465E-13, 1.19409E-13, 1.86382E-14, 8.14276E-15, 9.89720E-15, 8.48910E-13
432, 2.62924E-13, 1.74621E-13, 2.03196E-13, 1.19838E-13, 1.85733E-14, 8.08955E-15, 9.84233E-15, 7.61688E-13
433, 2.59156E-13, 1.67798E-13, 2.00063E-13, 1.19413E-13, 1.85079E-14, 8.03659E-15, 9.78830E-15, 7.76687E-13
434, 2.55272E-13, 1.60708E-13, 1.96726E-13, 1.19111E-13, 1.84416E-14, 7.98333E-15, 9.73430E-15, 6.94329E-13
435, 2.51568E-13, 1.54125E-13, 1.93429E-13, 1.18811E-13, 1.83736E-14, 7.93176E-15, 9.68129E-15, 7.47857E-13
436, 2.49319E-13, 1.48425E-13, 1.89877E-13, 1.18513E-13, 1.83092E-14, 7.88115E-15, 9.62902E-15, 7.88060E-13
437, 2.46074E-13, 1.45973E-13, 1.87394E-13, 1.18217E-13, 1.82468E-14, 7.82899E-15, 9.57535E-15, 8.48943E-13
438, 2.43404E-13, 1.43530E-13, 1.85050E-13, 1.18285E-13, 1.81850E-14, 7.77698E-15, 9.52131E-15, 1.19548E-12
439, 2.40130E-13, 1.40859E-13, 1.82895E-13, 1.17628E-13, 1.81335E-14, 7.72882E-15, 9.46713E-15, 9.76678E-13
440, 2.37628E-13, 1.38216E-13, 1.80390E-13, 1.17940E-13, 1.80829E-14, 7.67985E-15, 9.41322E-15, 7.28570E-13
441, 2.33934E-13, 1.35171E-13, 1.78172E-13, 1.17408E-13, 1.80350E-14, 7.63232E-15, 9.35962E-15, 8.39890E-13
442, 2.31013E-13, 1.32161E-13, 1.75257E-13, 1.17119E-13, 1.79872E-14, 7.58646E-15, 9.30725E-15, 8.34714E-13
443, 2.28313E-13, 1.28974E-13, 1.72630E-13, 1.16832E-13, 1.79393E-14, 7.53903E-15, 9.25546E-15, 9.87893E-13
444, 2.28745E-13, 1.25691E-13, 1.69996E-13, 1.16787E-13, 1.78889E-14, 7.49358E-15, 9.20468E-15, 8.89754E-13
445, 2.28981E-13, 1.22374E-13, 1.67059E-13, 1.15545E-13, 1.78394E-14, 7.44940E-15, 9.15372E-15, 8.41027E-13
446, 2.29058E-13, 1.18832E-13, 1.64113E-13, 1.16342E-13, 1.77900E-14, 7.40617E-15, 9.10240E-15, 9.16926E-13
447, 2.29000E-13, 1.15312E-13, 1.62445E-13, 1.15105E-13, 1.77416E-14, 7.36136E-15, 9.05114E-15, 9.17380E-13
448, 2.28637E-13, 1.12532E-13, 1.60771E-13, 1.14590E-13, 1.76934E-14, 7.31807E-15, 8.99982E-15, 9.58411E-13
449, 2.28213E-13, 1.10447E-13, 1.58795E-13, 1.14912E-13, 1.76456E-14, 7.27593E-15, 8.95147E-15, 9.02562E-13
450, 2.27631E-13, 1.08369E-13, 1.56912E-13, 1.13448E-13, 1.75962E-14, 7.23492E-15, 8.90031E-15, 9.12375E-13
451, 2.26842E-13, 1.06124E-13, 1.54627E-13, 1.13773E-13, 1.75448E-14, 7.19438E-15, 8.85199E-15, 7.80251E-13
452, 2.27195E-13, 1.03713E-13, 1.53228E-13, 1.13743E-13, 1.74955E-14, 7.15543E-15, 8.80373E-15, 8.19447E-13
453, 2.27684E-13, 1.01383E-13, 1.52914E-13, 1.12766E-13, 1.74454E-14, 7.11659E-15, 8.75499E-15, 8.16927E-13
454, 2.28259E-13, 9.86396E-14, 1.52498E-13, 1.12029E-13, 1.73937E-14, 7.07975E-15, 8.70826E-15, 7.16914E-13
455, 2.28921E-13, 9.60757E-14, 1.51979E-13, 1.12716E-13, 1.73415E-14, 7.04251E-15, 8.65982E-15, 9.34784E-13
456, 2.29278E-13, 9.43550E-14, 1.51158E-13, 1.12457E-13, 1.72902E-14, 7.00449E-15, 8.61143E-15, 8.94137E-13
457, 2.29722E-13, 9.21965E-14, 1.51227E-13, 1.11965E-13, 1.72382E-14, 6.96765E-15, 8.56605E-15, 9.33562E-13
458, 2.29862E-13, 9.01418E-14, 1.51194E-13, 1.12537E-13, 1.71843E-14, 6.93342E-15, 8.51944E-15, 9.30979E-13
459, 2.30187E-13, 8.80922E-14, 1.50859E-13, 1.11697E-13, 1.71293E-14, 6.89787E-15, 8.47316E-15, 9.34883E-13
460, 2.29916E-13, 8.55567E-14, 1.50818E-13, 1.10978E-13, 1.70768E-14, 6.86263E-15, 8.42692E-15, 1.00253E-12
461, 2.29733E-13, 8.32228E-14, 1.51272E-13, 1.11673E-13, 1.70243E-14, 6.82844E-15, 8.38078E-15, 7.18593E-13
462, 2.29346E-13, 8.06243E-14, 1.51624E-13, 1.11077E-13, 1.69735E-14, 6.79595E-15, 8.33493E-15, 8.95313E-13
463, 2.29339E-13, 7.86923E-14, 1.51773E-13, 1.12243E-13, 1.69218E-14, 6.76165E-15, 8.28940E-15, 8.37155E-13
464, 2.29129E-13, 7.85521E-14, 1.52317E-13, 1.10833E-13, 1.68714E-14, 6.72973E-15, 8.24514E-15, 8.46115E-13
465, 2.29201E-13, 7.83161E-14, 1.53258E-13, 1.10365E-13, 1.68207E-14, 6.69863E-15, 8.20080E-15, 1.03587E-12
466, 2.29070E-13, 7.79845E-14, 1.53896E-13, 1.10483E-13, 1.67698E-14, 6.66813E-15, 8.15898E-15, 1.40199E-12
467, 2.28446E-13, 7.81443E-14, 1.54332E-13, 1.10604E-13, 1.67174E-14, 6.63954E-15, 8.11646E-15, 8.61507E-13
468, 2.28784E-13, 7.83061E-14, 1.54665E-13, 1.10494E-13, 1.66673E-14, 6.60983E-15, 8.07273E-15, 9.23127E-13
469, 2.27951E-13, 7.82742E-14, 1.54696E-13, 1.08523E-13, 1.66175E-14, 6.58144E-15, 8.03165E-15, 1.22476E-12
470, 2.26726E-13, 7.81468E-14, 1.54524E-13, 1.08886E-13, 1.65663E-14, 6.55207E-15, 7.98837E-15, 9.34971E-13
471, 2.26268E-13, 7.78262E-14, 1.54150E-13, 1.08437E-13, 1.65152E-14, 6.52630E-15, 7.94708E-15, 9.54411E-13
472, 2.24839E-13, 7.75078E-14, 1.53672E-13, 1.07759E-13, 1.64657E-14, 6.49983E-15, 7.90532E-15, 7.81739E-13
473, 2.23792E-13, 7.71916E-14, 1.52992E-13, 1.07780E-13, 1.64125E-14, 6.47413E-15, 7.86493E-15, 9.33215E-13
474, 2.24086E-13, 7.72679E-14, 1.52009E-13, 1.06762E-13, 1.63599E-14, 6.44929E-15, 7.82311E-15, 1.06163E-12
475, 2.25334E-13, 7.72486E-14, 1.50823E-13, 1.06905E-13, 1.63075E-14, 6.42578E-15, 7.78304E-15, 9.35038E-13
476, 2.26379E-13, 7.73288E-14, 1.51730E-13, 1.05778E-13, 1.62548E-14, 6.40175E-15, 7.74378E-15, 9.62598E-13
477, 2.27414E-13, 7.73134E-14, 1.52435E-13, 1.05697E-13, 1.61998E-14, 6.37964E-15, 7.70407E-15, 8.24139E-13
478, 2.27866E-13, 7.71051E-14, 1.52937E-13, 1.04462E-13, 1.61462E-14, 6.35702E-15, 7.66569E-15, 9.46521E-13
479, 2.28119E-13, 7.68988E-14, 1.53237E-13, 1.04041E-13, 1.60931E-14, 6.33597E-15, 7.62636E-15, 9.35208E-13
480, 2.28555E-13, 7.65971E-14, 1.53334E-13, 1.03507E-13, 1.60358E-14, 6.31545E-15, 7.58714E-15, 1.03889E-12
481, 2.28412E-13, 7.61999E-14, 1.53229E-13, 1.02976E-13, 1.59800E-14, 6.29457E-15, 7.54991E-15, 9.29731E-13
482, 2.27883E-13, 7.57072E-14, 1.52921E-13, 1.03831E-13, 1.59232E-14, 6.27540E-15, 7.51348E-15, 8.72092E-13
483, 2.27349E-13, 7.52166E-14, 1.52411E-13, 1.03076E-13, 1.58669E-14, 6.25779E-15, 7.47658E-15, 9.16672E-13
484, 2.26809E-13, 7.47765E-14, 1.51798E-13, 1.02669E-13, 1.58104E-14, 6.24154E-15, 7.44070E-15, 1.05822E-12
485, 2.25698E-13, 7.50204E-14, 1.51083E-13, 1.02725E-13, 1.57522E-14, 6.22504E-15, 7.40462E-15, 1.18698E-12
486, 2.24773E-13, 7.53148E-14, 1.51164E-13, 1.02439E-13, 1.56912E-14, 6.21046E-15, 7.36986E-15, 1.05259E-12
487, 2.23844E-13, 7.55137E-14, 1.50943E-13, 1.01236E-13, 1.56316E-14, 6.19583E-15, 7.33529E-15, 1.02634E-12
488, 2.22347E-13, 7.56170E-14, 1.50620E-13, 1.01530E-13, 1.55694E-14, 6.18201E-15, 7.30093E-15, 1.30019E-12
489, 2.20849E-13, 7.57222E-14, 1.49996E-13, 1.01711E-13, 1.55089E-14, 6.16936E-15, 7.26870E-15, 1.19106E-12
490, 2.18975E-13, 7.54394E-14, 1.49518E-13, 1.02353E-13, 1.54475E-14, 6.15814E-15, 7.23573E-15, 1.05675E-12
491, 2.17101E-13, 7.52558E-14, 1.49687E-13, 1.02309E-13, 1.53850E-14, 6.14627E-15, 7.20477E-15, 1.09055E-12
492, 2.15415E-13, 7.49765E-14, 1.49703E-13, 1.00547E-13, 1.53218E-14, 6.13649E-15, 7.17386E-15, 8.41880E-13
493, 2.13169E-13, 7.46989E-14, 1.49518E-13, 1.01310E-13, 1.52565E-14, 6.12635E-15, 7.14517E-15, 8.95579E-13
494, 2.12393E-13, 7.44230E-14, 1.49132E-13, 1.00126E-13, 1.51918E-14, 6.11749E-15, 7.11618E-15, 1.02110E-12
495, 2.12290E-13, 7.40511E-14, 1.49042E-13, 1.00892E-13, 1.51234E-14, 6.10948E-15, 7.08904E-15, 9.94120E-13
496, 2.11741E-13, 7.36808E-14, 1.49398E-13, 1.00515E-13, 1.50567E-14, 6.10157E-15, 7.06170E-15, 1.33930E-12
497, 2.10840E-13, 7.36049E-14, 1.49504E-13, 1.00483E-13, 1.49881E-14, 6.09440E-15, 7.03668E-15, 1.09763E-12
498, 2.09636E-13, 7.38725E-14, 1.49457E-13, 9.98809E-14, 1.49178E-14, 6.08843E-15, 7.00955E-15, 1.05646E-12
499, 2.08225E-13, 7.40931E-14, 1.49111E-13, 1.00768E-13, 1.48488E-14, 6.08316E-15, 6.98486E-15, 1.30391E-12
500, 2.07009E-13, 7.42178E-14, 1.48564E-13, 1.01198E-13, 1.47779E-14, 6.07779E-15, 6.96189E-15, 1.46071E-12
