time_step, rel_err_u, rel_err_v, rel_err_w, rel_err_p
0, 0.00000E+00, 0.00000E+00, 0.00000E+00, 0.00000E+00
1, 3.76516E-03, 2.31001E-03, 1.73206E-03, 1.31159E-02
2, 7.54735E-03, 4.66976E-03, 3.19584E-03, 1.13117E-02
3, 1.10542E-02, 7.12098E-03, 4.81621E-03, 1.01661E-02
4, 1.52866E-02, 1.00620E-02, 6.18465E-03, 7.18973E-03
5, 1.95443E-02, 1.30289E-02, 7.29021E-03, 6.27539E-03
6, 2.47981E-02, 1.58713E-02, 8.54588E-03, 5.96958E-03
7, 2.99184E-02, 1.84550E-02, 9.43884E-03, 5.24411E-03
8, 3.44746E-02, 2.06625E-02, 1.00588E-02, 6.00542E-03
9, 3.91280E-02, 2.30775E-02, 1.17782E-02, 6.77643E-03
10, 4.60094E-02, 2.63191E-02, 1.33009E-02, 6.67940E-03
11, 5.42730E-02, 2.92964E-02, 1.44613E-02, 6.00293E-03
12, 6.38098E-02, 3.18971E-02, 1.63329E-02, 5.49503E-03
13, 7.31661E-02, 3.40162E-02, 1.85539E-02, 5.10452E-03
14, 8.19490E-02, 3.55624E-02, 2.03243E-02, 4.71930E-03
15, 8.97471E-02, 3.64630E-02, 2.34696E-02, 4.27957E-03
16, 9.70016E-02, 3.95374E-02, 2.65022E-02, 4.43428E-03
17, 1.07686E-01, 4.24485E-02, 2.91790E-02, 4.53660E-03
18, 1.17037E-01, 4.48712E-02, 3.12981E-02, 4.54262E-03
19, 1.24519E-01, 4.67223E-02, 3.28893E-02, 4.38098E-03
20, 1.29612E-01, 4.79335E-02, 3.85774E-02, 4.06107E-03
21, 1.31840E-01, 4.85091E-02, 4.40243E-02, 4.40902E-03
22, 1.38634E-01, 5.12349E-02, 4.89366E-02, 4.84199E-03
23, 1.44017E-01, 5.40199E-02, 5.30058E-02, 5.05469E-03
24, 1.46241E-01, 5.63034E-02, 5.59255E-02, 5.03584E-03
25, 1.49897E-01, 6.32120E-02, 5.74096E-02, 4.79849E-03
26, 1.64275E-01, 7.07004E-02, 5.72109E-02, 4.40877E-03
27, 1.75074E-01, 7.84292E-02, 6.24498E-02, 4.37466E-03
28, 1.94098E-01, 8.66168E-02, 7.04459E-02, 4.54269E-03
29, 2.10664E-01, 9.45926E-02, 7.78035E-02, 4.58140E-03
30, 2.22660E-01, 1.02232E-01, 8.42242E-02, 4.68469E-03
31, 2.29502E-01, 1.09414E-01, 8.94154E-02, 4.88838E-03
32, 2.34386E-01, 1.16028E-01, 9.31037E-02, 4.96502E-03
33, 2.46819E-01, 1.21972E-01, 9.50490E-02, 4.92309E-03
34, 2.53427E-01, 1.27161E-01, 9.50584E-02, 4.77640E-03
35, 2.53693E-01, 1.31523E-01, 9.29976E-02, 5.14357E-03
36, 2.50743E-01, 1.36746E-01, 8.88006E-02, 5.43746E-03
37, 2.65806E-01, 1.41122E-01, 8.24764E-02, 5.55989E-03
38, 2.75839E-01, 1.44511E-01, 7.41110E-02, 5.49254E-03
39, 2.80274E-01, 1.46871E-01, 8.02714E-02, 5.22784E-03
40, 2.78720E-01, 1.48345E-01, 9.09200E-02, 5.07660E-03
41, 2.70981E-01, 1.51058E-01, 9.96449E-02, 5.39772E-03
42, 2.57059E-01, 1.52616E-01, 1.06173E-01, 5.65168E-03
43, 2.65486E-01, 1.53003E-01, 1.10302E-01, 5.82618E-03
44, 2.79206E-01, 1.52474E-01, 1.11902E-01, 5.95098E-03
45, 2.94588E-01, 1.57194E-01, 1.10921E-01, 6.05275E-03
46, 3.04151E-01, 1.68340E-01, 1.07382E-01, 6.15285E-03
47, 3.07700E-01, 1.78456E-01, 1.01383E-01, 6.22806E-03
48, 3.05242E-01, 1.87333E-01, 1.03663E-01, 6.20841E-03
49, 3.29607E-01, 1.94784E-01, 1.08978E-01, 6.08959E-03
50, 3.50530E-01, 2.00656E-01, 1.11843E-01, 5.87041E-03
51, 3.66503E-01, 2.04829E-01, 1.12169E-01, 5.55294E-03
52, 3.77220E-01, 2.07227E-01, 1.09949E-01, 5.14237E-03
53, 3.82519E-01, 2.07814E-01, 1.05261E-01, 4.96526E-03
54, 3.82386E-01, 2.06596E-01, 9.82626E-02, 5.31857E-03
55, 3.76949E-01, 2.03620E-01, 9.24581E-02, 5.59996E-03
56, 3.66467E-01, 1.98971E-01, 1.00071E-01, 5.79784E-03
57, 3.51319E-01, 1.92764E-01, 1.05541E-01, 5.90171E-03
58, 3.31987E-01, 1.85143E-01, 1.08770E-01, 5.90274E-03
59, 3.09039E-01, 1.76272E-01, 1.09739E-01, 5.79456E-03
60, 3.00482E-01, 1.66329E-01, 1.08496E-01, 5.85915E-03
61, 3.00941E-01, 1.55498E-01, 1.05156E-01, 5.99751E-03
62, 2.95921E-01, 1.53308E-01, 9.98908E-02, 6.05840E-03
63, 2.85784E-01, 1.56135E-01, 9.29200E-02, 6.03404E-03
64, 2.71018E-01, 1.57922E-01, 8.45018E-02, 5.99354E-03
65, 2.52225E-01, 1.58675E-01, 8.11099E-02, 6.06395E-03
66, 2.30094E-01, 1.58414E-01, 7.79181E-02, 6.14433E-03
67, 2.05385E-01, 1.57168E-01, 7.29869E-02, 6.19689E-03
68, 1.82436E-01, 1.61320E-01, 6.65623E-02, 6.15960E-03
69, 1.79034E-01, 1.64537E-01, 6.28694E-02, 6.11719E-03
70, 1.71088E-01, 1.66672E-01, 6.37858E-02, 6.20063E-03
71, 1.58937E-01, 1.67725E-01, 6.49483E-02, 6.17206E-03
72, 1.43029E-01, 1.67705E-01, 6.55109E-02, 6.24534E-03
73, 1.38482E-01, 1.66636E-01, 6.57885E-02, 6.30442E-03
74, 1.47953E-01, 1.66609E-01, 6.70743E-02, 6.24824E-03
75, 1.54651E-01, 1.70550E-01, 6.87075E-02, 6.52853E-03
76, 1.58419E-01, 1.73383E-01, 7.02574E-02, 6.90304E-03
77, 1.59181E-01, 1.75086E-01, 7.15792E-02, 7.12264E-03
78, 1.56949E-01, 1.75653E-01, 7.21433E-02, 7.18784E-03
79, 1.51819E-01, 1.75087E-01, 7.30877E-02, 7.10434E-03
80, 1.43964E-01, 1.73405E-01, 7.30558E-02, 6.88241E-03
81, 1.33633E-01, 1.74441E-01, 7.30846E-02, 6.89822E-03
82, 1.21281E-01, 1.78434E-01, 7.50353E-02, 7.14513E-03
83, 1.20068E-01, 1.81250E-01, 7.62013E-02, 7.39487E-03
84, 1.20219E-01, 1.82849E-01, 7.76354E-02, 7.48274E-03
85, 1.25714E-01, 1.83205E-01, 7.83521E-02, 7.42863E-03
86, 1.31696E-01, 1.82306E-01, 7.86114E-02, 7.48813E-03
87, 1.37015E-01, 1.80155E-01, 7.88278E-02, 7.46360E-03
88, 1.41571E-01, 1.81825E-01, 7.80165E-02, 7.44882E-03
89, 1.48489E-01, 1.86267E-01, 7.94583E-02, 7.66436E-03
90, 1.56307E-01, 1.89403E-01, 8.09452E-02, 7.86059E-03
91, 1.63096E-01, 1.91163E-01, 8.18374E-02, 8.06305E-03
92, 1.68737E-01, 1.91495E-01, 8.27804E-02, 8.18798E-03
93, 1.73139E-01, 1.90365E-01, 8.30102E-02, 8.22259E-03
94, 1.76245E-01, 1.87761E-01, 8.35451E-02, 8.42488E-03
95, 1.78029E-01, 1.89470E-01, 8.51076E-02, 8.61670E-03
96, 1.87279E-01, 1.94651E-01, 8.62734E-02, 8.72856E-03
97, 1.98332E-01, 1.98325E-01, 8.70166E-02, 8.86979E-03
98, 2.08836E-01, 2.00390E-01, 8.73145E-02, 8.90705E-03
99, 2.18538E-01, 2.00762E-01, 8.71488E-02, 8.89221E-03
100, 2.27201E-01, 1.99390E-01, 8.75158E-02, 9.25098E-03
101, 2.34612E-01, 1.96948E-01, 8.93266E-02, 9.52327E-03
102, 2.40584E-01, 1.97057E-01, 9.07882E-02, 9.69060E-03
103, 2.44967E-01, 2.03110E-01, 9.18768E-02, 9.73479E-03
104, 2.47642E-01, 2.07408E-01, 9.25700E-02, 9.66127E-03
105, 2.48531E-01, 2.09814E-01, 9.28480E-02, 1.00100E-02
106, 2.47592E-01, 2.10222E-01, 9.26940E-02, 1.03070E-02
107, 2.44820E-01, 2.09014E-01, 9.21254E-02, 1.04841E-02
108, 2.40247E-01, 2.10039E-01, 9.34969E-02, 1.05217E-02
109, 2.33937E-01, 2.08951E-01, 9.45659E-02, 1.04515E-02
110, 2.25987E-01, 2.10244E-01, 9.53159E-02, 1.07178E-02
111, 2.16515E-01, 2.15151E-01, 9.57299E-02, 1.10157E-02
112, 2.05667E-01, 2.17891E-01, 9.57919E-02, 1.12551E-02
113, 1.93601E-01, 2.19203E-01, 9.54873E-02, 1.14813E-02
114, 1.80490E-01, 2.22135E-01, 9.63051E-02, 1.15541E-02
115, 1.76132E-01, 2.22686E-01, 9.69843E-02, 1.15454E-02
116, 1.82995E-01, 2.20776E-01, 9.81962E-02, 1.18343E-02
117, 1.84634E-01, 2.16384E-01, 9.91535E-02, 1.19556E-02
118, 1.91643E-01, 2.19571E-01, 9.98635E-02, 1.21923E-02
119, 1.97728E-01, 2.24927E-01, 1.01649E-01, 1.22696E-02
120, 1.99005E-01, 2.30178E-01, 1.03292E-01, 1.21594E-02
121, 2.02671E-01, 2.32897E-01, 1.04550E-01, 1.26179E-02
122, 2.11274E-01, 2.32954E-01, 1.05457E-01, 1.29319E-02
123, 2.12569E-01, 2.30276E-01, 1.06049E-01, 1.30612E-02
124, 2.17961E-01, 2.24857E-01, 1.06358E-01, 1.29778E-02
125, 2.22664E-01, 2.24139E-01, 1.06417E-01, 1.29001E-02
126, 2.20144E-01, 2.31875E-01, 1.06254E-01, 1.31174E-02
127, 2.34217E-01, 2.37092E-01, 1.06628E-01, 1.34015E-02
128, 2.42007E-01, 2.39606E-01, 1.07552E-01, 1.34876E-02
129, 2.41477E-01, 2.39290E-01, 1.08142E-01, 1.34143E-02
130, 2.37835E-01, 2.36085E-01, 1.08434E-01, 1.32837E-02
131, 2.47859E-01, 2.29996E-01, 1.08460E-01, 1.34363E-02
132, 2.54762E-01, 2.25498E-01, 1.08253E-01, 1.36697E-02
133, 2.59897E-01, 2.33237E-01, 1.07840E-01, 1.39318E-02
134, 2.65227E-01, 2.38408E-01, 1.07494E-01, 1.39864E-02
135, 2.61540E-01, 2.40840E-01, 1.08357E-01, 1.38059E-02
136, 2.75481E-01, 2.40417E-01, 1.08938E-01, 1.35187E-02
137, 2.82416E-01, 2.37091E-01, 1.09261E-01, 1.37573E-02
138, 2.83264E-01, 2.30875E-01, 1.09349E-01, 1.39758E-02
139, 2.81445E-01, 2.21852E-01, 1.10213E-01, 1.40180E-02
140, 2.85780E-01, 2.27802E-01, 1.11587E-01, 1.38256E-02
141, 2.92735E-01, 2.32993E-01, 1.11928E-01, 1.38281E-02
142, 3.06325E-01, 2.35544E-01, 1.11198E-01, 1.40229E-02
143, 3.09290E-01, 2.35355E-01, 1.09384E-01, 1.39812E-02
144, 3.01878E-01, 2.32382E-01, 1.09393E-01, 1.40037E-02
145, 3.07428E-01, 2.26642E-01, 1.11664E-01, 1.40084E-02
146, 3.21763E-01, 2.18211E-01, 1.13668E-01, 1.37762E-02
147, 3.24545E-01, 2.16607E-01, 1.15383E-01, 1.37833E-02
148, 3.26185E-01, 2.22059E-01, 1.17817E-01, 1.39163E-02
149, 3.23822E-01, 2.25094E-01, 1.20616E-01, 1.38728E-02
150, 3.31204E-01, 2.25619E-01, 1.23155E-01, 1.39067E-02
151, 3.40059E-01, 2.25009E-01, 1.25405E-01, 1.37099E-02
152, 3.47082E-01, 2.22529E-01, 1.27335E-01, 1.38774E-02
153, 3.44689E-01, 2.17455E-01, 1.28913E-01, 1.39979E-02
154, 3.43546E-01, 2.09839E-01, 1.30952E-01, 1.38697E-02
155, 3.51829E-01, 2.04329E-01, 1.33796E-01, 1.35581E-02
156, 3.58454E-01, 2.09627E-01, 1.36327E-01, 1.35495E-02
157, 3.61166E-01, 2.12706E-01, 1.38504E-01, 1.35816E-02
158, 3.59024E-01, 2.13463E-01, 1.40287E-01, 1.36899E-02
159, 3.62470E-01, 2.11844E-01, 1.41634E-01, 1.35489E-02
160, 3.76472E-01, 2.07837E-01, 1.42876E-01, 1.34775E-02
161, 3.78756E-01, 2.01478E-01, 1.45710E-01, 1.35388E-02
162, 3.70201E-01, 1.94653E-01, 1.48164E-01, 1.33802E-02
163, 3.74840E-01, 2.00669E-01, 1.50188E-01, 1.35442E-02
164, 3.87029E-01, 2.04776E-01, 1.51732E-01, 1.36266E-02
165, 3.91237E-01, 2.06876E-01, 1.52746E-01, 1.35449E-02
166, 3.93788E-01, 2.06905E-01, 1.53185E-01, 1.32532E-02
167, 3.89869E-01, 2.04837E-01, 1.55559E-01, 1.31679E-02
168, 4.08058E-01, 2.00682E-01, 1.57866E-01, 1.32748E-02
169, 4.11887E-01, 1.94488E-01, 1.59668E-01, 1.35340E-02
170, 4.04845E-01, 1.86620E-01, 1.60910E-01, 1.34219E-02
171, 4.02770E-01, 1.85436E-01, 1.61540E-01, 1.30909E-02
172, 4.22079E-01, 1.88126E-01, 1.61512E-01, 1.29694E-02
173, 4.28651E-01, 1.94944E-01, 1.62617E-01, 1.28871E-02
174, 4.32543E-01, 1.97384E-01, 1.64743E-01, 1.32686E-02
175, 4.28699E-01, 1.95250E-01, 1.66305E-01, 1.34658E-02
176, 4.41391E-01, 1.96552E-01, 1.67249E-01, 1.32969E-02
177, 4.50324E-01, 2.01099E-01, 1.67524E-01, 1.27875E-02
178, 4.49197E-01, 2.01150E-01, 1.67089E-01, 1.27046E-02
179, 4.49086E-01, 2.03734E-01, 1.66326E-01, 1.30861E-02
180, 4.43378E-01, 2.04921E-01, 1.68282E-01, 1.32173E-02
181, 4.60306E-01, 2.09726E-01, 1.69645E-01, 1.30003E-02
182, 4.78301E-01, 2.12562E-01, 1.70363E-01, 1.25671E-02
183, 4.79063E-01, 2.11331E-01, 1.70390E-01, 1.24980E-02
184, 4.62388E-01, 2.10022E-01, 1.69690E-01, 1.24960E-02
185, 4.67079E-01, 2.09392E-01, 1.68235E-01, 1.27813E-02
186, 4.88247E-01, 2.15575E-01, 1.68172E-01, 1.28524E-02
187, 4.96918E-01, 2.22731E-01, 1.69412E-01, 1.25857E-02
188, 4.88499E-01, 2.24473E-01, 1.70014E-01, 1.23576E-02
189, 4.80640E-01, 2.20563E-01, 1.69940E-01, 1.22114E-02
190, 5.01067E-01, 2.16548E-01, 1.69156E-01, 1.24891E-02
191, 5.14728E-01, 2.21972E-01, 1.67641E-01, 1.25635E-02
192, 5.11845E-01, 2.28188E-01, 1.65382E-01, 1.23121E-02
193, 5.12901E-01, 2.30519E-01, 1.65545E-01, 1.21702E-02
194, 4.93778E-01, 2.30751E-01, 1.66141E-01, 1.19931E-02
195, 5.11032E-01, 2.25635E-01, 1.66103E-01, 1.17697E-02
196, 5.28124E-01, 2.30405E-01, 1.65403E-01, 1.18696E-02
197, 5.32132E-01, 2.32005E-01, 1.64024E-01, 1.18493E-02
198, 5.17792E-01, 2.37862E-01, 1.61954E-01, 1.15881E-02
199, 5.00900E-01, 2.37417E-01, 1.59196E-01, 1.16626E-02
200, 5.31693E-01, 2.32804E-01, 1.58909E-01, 1.14156E-02
201, 5.49255E-01, 2.40858E-01, 1.59006E-01, 1.13994E-02
202, 5.43457E-01, 2.44305E-01, 1.58511E-01, 1.15098E-02
203, 5.28347E-01, 2.41425E-01, 1.57407E-01, 1.13209E-02
204, 5.28228E-01, 2.43239E-01, 1.55685E-01, 1.11330E-02
205, 5.66807E-01, 2.41097E-01, 1.57387E-01, 1.09452E-02
206, 5.74939E-01, 2.41740E-01, 1.59882E-01, 1.04872E-02
207, 5.60776E-01, 2.49373E-01, 1.59764E-01, 1.06778E-02
208, 5.39093E-01, 2.50822E-01, 1.61235E-01, 1.06255E-02
209, 5.38351E-01, 2.45798E-01, 1.66390E-01, 1.04367E-02
210, 5.74576E-01, 2.44985E-01, 1.67801E-01, 1.04697E-02
211, 6.06779E-01, 2.45669E-01, 1.73008E-01, 1.02140E-02
212, 6.05990E-01, 2.54408E-01, 1.74599E-01, 9.90259E-03
213, 5.71905E-01, 2.56580E-01, 1.71784E-01, 1.01316E-02
214, 5.58522E-01, 2.51755E-01, 1.72632E-01, 1.00950E-02
215, 5.94659E-01, 2.48358E-01, 1.75681E-01, 9.81072E-03
216, 6.10548E-01, 2.51384E-01, 1.74856E-01, 9.55921E-03
217, 6.16215E-01, 2.55322E-01, 1.77166E-01, 9.37843E-03
218, 6.07101E-01, 2.61993E-01, 1.80703E-01, 9.46017E-03
219, 5.67881E-01, 2.61873E-01, 1.80319E-01, 9.42439E-03
220, 6.02436E-01, 2.54676E-01, 1.79404E-01, 9.26594E-03
221, 6.16753E-01, 2.55653E-01, 1.85856E-01, 9.07916E-03
222, 6.44136E-01, 2.59855E-01, 1.88347E-01, 8.94851E-03
223, 6.37560E-01, 2.58007E-01, 1.88536E-01, 9.09147E-03
224, 5.97121E-01, 2.61388E-01, 1.90483E-01, 9.23865E-03
225, 6.25963E-01, 2.59355E-01, 1.87904E-01, 9.29959E-03
226, 6.53163E-01, 2.56042E-01, 1.85982E-01, 9.24691E-03
227, 6.46424E-01, 2.61977E-01, 1.90424E-01, 9.07645E-03
228, 6.50940E-01, 2.61256E-01, 1.90986E-01, 8.78677E-03
229, 6.38051E-01, 2.67011E-01, 1.89805E-01, 8.85885E-03
230, 5.97350E-01, 2.66568E-01, 1.92438E-01, 8.98675E-03
231, 6.48484E-01, 2.58792E-01, 1.92128E-01, 9.01678E-03
232, 6.66968E-01, 2.65710E-01, 1.89792E-01, 8.95213E-03
233, 6.51375E-01, 2.69159E-01, 1.95666E-01, 8.84940E-03
234, 6.47955E-01, 2.65849E-01, 1.99275E-01, 8.61801E-03
235, 6.17037E-01, 2.66118E-01, 1.98862E-01, 8.70879E-03
236, 6.40913E-01, 2.63581E-01, 1.95985E-01, 8.91404E-03
237, 6.69580E-01, 2.57011E-01, 1.93657E-01, 9.02879E-03
238, 6.65204E-01, 2.62771E-01, 1.96186E-01, 9.04601E-03
239, 6.57386E-01, 2.61878E-01, 1.97373E-01, 8.96048E-03
240, 6.53810E-01, 2.65278E-01, 1.96061E-01, 8.76897E-03
241, 6.20978E-01, 2.65343E-01, 1.97567E-01, 8.50101E-03
242, 6.65016E-01, 2.58189E-01, 1.95536E-01, 8.68819E-03
243, 6.86052E-01, 2.67267E-01, 1.94905E-01, 8.80655E-03
244, 6.73928E-01, 2.70525E-01, 1.97627E-01, 8.85046E-03
245, 6.37589E-01, 2.67092E-01, 2.01401E-01, 8.78098E-03
246, 6.30020E-01, 2.65517E-01, 2.01735E-01, 8.59221E-03
247, 6.43225E-01, 2.63223E-01, 2.01269E-01, 8.51974E-03
248, 6.44749E-01, 2.56945E-01, 1.97347E-01, 8.76611E-03
249, 6.52999E-01, 2.60593E-01, 1.96618E-01, 8.93239E-03
250, 6.36579E-01, 2.61293E-01, 1.99895E-01, 9.01005E-03
