time_step, rel_err_u, rel_err_v, rel_err_w, rel_err_p, rel_err_u_m, rel_err_v_m, rel_err_w_m, rel_err_p_m
0, 0.00000E+00, 0.00000E+00, 0.00000E+00, 0.00000E+00, 0.00000E+00, 0.00000E+00, 0.00000E+00,         NaN
1, 1.46401E-05, 1.89231E-05, 1.30566E-05, 6.24783E-05, 2.43046E-07, 2.37992E-07, 2.30427E-07, 6.48012E-03
2, 1.46345E-05, 1.89645E-05, 1.08775E-05, 1.39066E-05, 2.67567E-07, 2.55061E-07, 2.30964E-07, 5.39734E-03
3, 1.46305E-05, 1.89957E-05, 1.09772E-05, 9.39037E-06, 2.45034E-07, 2.39698E-07, 2.25723E-07, 2.36361E-03
4, 1.46280E-05, 1.90164E-05, 1.17216E-05, 4.09748E-06, 2.49918E-07, 2.40145E-07, 2.28252E-07, 1.26411E-03
5, 1.46268E-05, 1.90262E-05, 1.17061E-05, 5.70446E-06, 2.48609E-07, 2.42059E-07, 2.28587E-07, 9.08130E-04
6, 1.46267E-05, 1.90248E-05, 1.15953E-05, 4.52407E-06, 2.53226E-07, 2.44796E-07, 2.31037E-07, 7.78209E-04
7, 1.46276E-05, 1.90119E-05, 1.15567E-05, 4.33257E-06, 2.53980E-07, 2.47079E-07, 2.32474E-07, 6.92048E-04
8, 1.46293E-05, 1.89873E-05, 1.14928E-05, 4.44355E-06, 2.57851E-07, 2.49524E-07, 2.35121E-07, 6.45834E-04
9, 1.46316E-05, 1.89508E-05, 1.14007E-05, 4.46871E-06, 2.59697E-07, 2.52205E-07, 2.36859E-07, 6.11583E-04
10, 1.46345E-05, 1.89021E-05, 1.13010E-05, 4.43111E-06, 2.63174E-07, 2.54647E-07, 2.39341E-07, 5.82819E-04
11, 1.46377E-05, 1.88411E-05, 1.11969E-05, 4.40849E-06, 2.65334E-07, 2.57209E-07, 2.41210E-07, 5.61419E-04
12, 1.46410E-05, 1.87678E-05, 1.10891E-05, 4.39117E-06, 2.68488E-07, 2.59530E-07, 2.43478E-07, 5.39484E-04
13, 1.46443E-05, 1.86822E-05, 1.09803E-05, 4.36346E-06, 2.70677E-07, 2.61939E-07, 2.45321E-07, 5.24351E-04
14, 1.48019E-05, 1.85844E-05, 1.08718E-05, 4.32824E-06, 2.73531E-07, 2.64124E-07, 2.47373E-07, 5.04757E-04
15, 1.49500E-05, 1.84745E-05, 1.07644E-05, 4.28926E-06, 2.75634E-07, 2.66362E-07, 2.49110E-07, 4.92610E-04
16, 1.50689E-05, 1.83529E-05, 1.06583E-05, 4.24533E-06, 2.78208E-07, 2.68386E-07, 2.50950E-07, 4.73491E-04
17, 1.51615E-05, 1.82200E-05, 1.05534E-05, 4.19598E-06, 2.80152E-07, 2.70425E-07, 2.52528E-07, 4.62553E-04
18, 1.52309E-05, 1.80764E-05, 1.04495E-05, 4.14140E-06, 2.82440E-07, 2.72247E-07, 2.54158E-07, 4.43197E-04
19, 1.52801E-05, 1.79228E-05, 1.03461E-05, 4.08186E-06, 2.84235E-07, 2.74065E-07, 2.55617E-07, 4.32422E-04
20, 1.53121E-05, 1.77601E-05, 1.02430E-05, 4.01741E-06, 2.86287E-07, 2.75717E-07, 2.57110E-07, 4.12674E-04
21, 1.53299E-05, 1.75892E-05, 1.01398E-05, 3.94830E-06, 2.87975E-07, 2.77396E-07, 2.58459E-07, 4.01404E-04
22, 1.53358E-05, 1.74113E-05, 1.00364E-05, 3.87490E-06, 2.89841E-07, 2.78924E-07, 2.59836E-07, 3.81396E-04
23, 1.53322E-05, 1.72277E-05, 9.97009E-06, 3.79766E-06, 2.91410E-07, 2.80471E-07, 2.61060E-07, 3.69205E-04
24, 1.53211E-05, 1.70397E-05, 9.94037E-06, 3.71718E-06, 2.93104E-07, 2.81872E-07, 2.62315E-07, 3.49221E-04
25, 1.53041E-05, 1.68488E-05, 9.97484E-06, 3.63409E-06, 2.94584E-07, 2.83291E-07, 2.63432E-07, 3.35861E-04
26, 1.52824E-05, 1.66565E-05, 1.00210E-05, 3.54917E-06, 2.96168E-07, 2.84592E-07, 2.64563E-07, 3.16259E-04
27, 1.52572E-05, 1.64644E-05, 1.00549E-05, 3.46319E-06, 2.97576E-07, 2.85899E-07, 2.65561E-07, 3.01643E-04
28, 1.52291E-05, 1.62740E-05, 1.01115E-05, 3.37700E-06, 2.99029E-07, 2.87095E-07, 2.66575E-07, 2.82804E-04
29, 1.51987E-05, 1.60869E-05, 1.01971E-05, 3.29140E-06, 3.00331E-07, 2.88288E-07, 2.67475E-07, 2.66999E-04
30, 1.51662E-05, 1.59045E-05, 1.02687E-05, 3.20721E-06, 3.01668E-07, 2.89397E-07, 2.68386E-07, 2.57259E-04
31, 1.51319E-05, 1.57282E-05, 1.03273E-05, 3.12518E-06, 3.02857E-07, 2.90506E-07, 2.69213E-07, 2.38617E-04
32, 1.50956E-05, 1.55593E-05, 1.03741E-05, 3.10227E-06, 3.04087E-07, 2.91537E-07, 2.70053E-07, 2.34260E-04
33, 1.50572E-05, 1.53989E-05, 1.04099E-05, 3.11946E-06, 3.05149E-07, 2.92567E-07, 2.70809E-07, 2.16116E-04
34, 1.50167E-05, 1.52479E-05, 1.04355E-05, 3.13672E-06, 3.06276E-07, 2.93530E-07, 2.71558E-07, 2.09435E-04
35, 1.49739E-05, 1.51070E-05, 1.04518E-05, 3.15397E-06, 3.07246E-07, 2.94502E-07, 2.72229E-07, 1.92163E-04
36, 1.49285E-05, 1.49769E-05, 1.04593E-05, 3.17112E-06, 3.08258E-07, 2.95419E-07, 2.72909E-07, 1.83444E-04
37, 1.48804E-05, 1.48579E-05, 1.04588E-05, 3.18806E-06, 3.09146E-07, 2.96330E-07, 2.73542E-07, 1.67414E-04
38, 1.48296E-05, 1.47502E-05, 1.04506E-05, 3.20468E-06, 3.10078E-07, 2.97183E-07, 2.74182E-07, 1.57101E-04
39, 1.47761E-05, 1.46538E-05, 1.04355E-05, 3.22086E-06, 3.10875E-07, 2.98035E-07, 2.74753E-07, 1.42645E-04
40, 1.47198E-05, 1.45685E-05, 1.04139E-05, 3.23648E-06, 3.11720E-07, 2.98850E-07, 2.75326E-07, 1.31305E-04
41, 1.46609E-05, 1.44941E-05, 1.03863E-05, 3.25146E-06, 3.12417E-07, 2.99656E-07, 2.75850E-07, 1.18672E-04
42, 1.46354E-05, 1.44301E-05, 1.03533E-05, 3.26569E-06, 3.13165E-07, 3.00428E-07, 2.76369E-07, 1.06944E-04
43, 1.48860E-05, 1.43759E-05, 1.03871E-05, 3.27912E-06, 3.13789E-07, 3.01178E-07, 2.76854E-07, 9.62612E-05
44, 1.51172E-05, 1.43310E-05, 1.04497E-05, 3.29166E-06, 3.14453E-07, 3.01893E-07, 2.77342E-07, 8.47910E-05
45, 1.53259E-05, 1.42948E-05, 1.05033E-05, 3.30329E-06, 3.14996E-07, 3.02575E-07, 2.77805E-07, 7.60354E-05
46, 1.55100E-05, 1.42665E-05, 1.05465E-05, 3.31395E-06, 3.15578E-07, 3.03226E-07, 2.78269E-07, 6.68276E-05
47, 1.56676E-05, 1.42456E-05, 1.05780E-05, 3.32364E-06, 3.16080E-07, 3.03851E-07, 2.78711E-07, 6.52352E-05
48, 1.57978E-05, 1.42313E-05, 1.05966E-05, 3.33232E-06, 3.16616E-07, 3.04457E-07, 2.79159E-07, 6.39335E-05
49, 1.59003E-05, 1.42231E-05, 1.06006E-05, 3.34000E-06, 3.17064E-07, 3.05048E-07, 2.79579E-07, 5.95955E-05
50, 1.59753E-05, 1.42203E-05, 1.05890E-05, 3.34664E-06, 3.17540E-07, 3.05617E-07, 2.80008E-07, 6.01110E-05
51, 1.60238E-05, 1.42225E-05, 1.05603E-05, 3.35223E-06, 3.17943E-07, 3.06154E-07, 2.80421E-07, 5.29865E-05
52, 1.60472E-05, 1.42289E-05, 1.05134E-05, 3.35675E-06, 3.18382E-07, 3.06682E-07, 2.80845E-07, 5.54980E-05
53, 1.60476E-05, 1.42393E-05, 1.04476E-05, 3.45119E-06, 3.18743E-07, 3.07186E-07, 2.81262E-07, 4.57572E-05
54, 1.60273E-05, 1.42530E-05, 1.03620E-05, 3.57152E-06, 3.19147E-07, 3.07677E-07, 2.81695E-07, 5.03101E-05
55, 1.59887E-05, 1.42698E-05, 1.02564E-05, 3.67642E-06, 3.19481E-07, 3.08161E-07, 2.82112E-07, 3.83008E-05
56, 1.59348E-05, 1.42891E-05, 1.01308E-05, 3.76435E-06, 3.19858E-07, 3.08643E-07, 2.82530E-07, 4.48133E-05
57, 1.58684E-05, 1.43105E-05, 9.98599E-06, 3.83237E-06, 3.20163E-07, 3.09108E-07, 2.82938E-07, 3.14302E-05
58, 1.57925E-05, 1.43338E-05, 9.86151E-06, 3.87929E-06, 3.20543E-07, 3.09564E-07, 2.83337E-07, 3.92810E-05
59, 1.57097E-05, 1.43584E-05, 9.85242E-06, 3.90317E-06, 3.20845E-07, 3.09991E-07, 2.83723E-07, 2.96421E-05
60, 1.56229E-05, 1.43840E-05, 9.83152E-06, 3.90366E-06, 3.21208E-07, 3.10409E-07, 2.84113E-07, 3.39472E-05
61, 1.55344E-05, 1.44103E-05, 9.79839E-06, 3.88015E-06, 3.21532E-07, 3.10807E-07, 2.84498E-07, 2.73787E-05
62, 1.54465E-05, 1.44368E-05, 9.75274E-06, 3.83349E-06, 3.21910E-07, 3.11191E-07, 2.84878E-07, 2.89729E-05
63, 1.53611E-05, 1.44632E-05, 9.69439E-06, 3.76451E-06, 3.22268E-07, 3.11559E-07, 2.85246E-07, 2.47761E-05
64, 1.52800E-05, 1.44891E-05, 9.62332E-06, 3.67528E-06, 3.22658E-07, 3.11903E-07, 2.85602E-07, 2.44378E-05
65, 1.52046E-05, 1.45143E-05, 9.53962E-06, 3.56784E-06, 3.23030E-07, 3.12232E-07, 2.85952E-07, 2.19551E-05
66, 1.51358E-05, 1.45383E-05, 9.44354E-06, 3.44522E-06, 3.23423E-07, 3.12540E-07, 2.86291E-07, 2.09329E-05
67, 1.52276E-05, 1.45609E-05, 9.33542E-06, 3.40416E-06, 3.23829E-07, 3.12831E-07, 2.86621E-07, 1.90162E-05
68, 1.54226E-05, 1.45819E-05, 9.21580E-06, 3.42198E-06, 3.24256E-07, 3.13099E-07, 2.86952E-07, 1.96680E-05
69, 1.56062E-05, 1.46009E-05, 9.08528E-06, 3.43960E-06, 3.24732E-07, 3.13352E-07, 2.87271E-07, 1.79870E-05
70, 1.57769E-05, 1.46178E-05, 9.08455E-06, 3.45691E-06, 3.25193E-07, 3.13605E-07, 2.87574E-07, 1.79366E-05
71, 1.59339E-05, 1.46324E-05, 9.14400E-06, 3.47380E-06, 3.25693E-07, 3.13834E-07, 2.87869E-07, 1.71950E-05
72, 1.60777E-05, 1.46445E-05, 9.19713E-06, 3.49016E-06, 3.26194E-07, 3.14061E-07, 2.88166E-07, 1.58566E-05
73, 1.62094E-05, 1.46540E-05, 9.24385E-06, 3.50589E-06, 3.26749E-07, 3.14271E-07, 2.88462E-07, 1.59539E-05
74, 1.63311E-05, 1.46610E-05, 9.28410E-06, 3.52091E-06, 3.27319E-07, 3.14455E-07, 2.88749E-07, 1.35501E-05
75, 1.64457E-05, 1.46652E-05, 9.31787E-06, 3.53512E-06, 3.27909E-07, 3.14619E-07, 2.89030E-07, 1.43594E-05
76, 1.65562E-05, 1.46666E-05, 9.34518E-06, 3.54847E-06, 3.28501E-07, 3.14771E-07, 2.89311E-07, 1.11402E-05
77, 1.66661E-05, 1.46653E-05, 9.36609E-06, 3.56091E-06, 3.29132E-07, 3.14923E-07, 2.89584E-07, 1.25225E-05
78, 1.67787E-05, 1.46613E-05, 9.38072E-06, 3.57242E-06, 3.29778E-07, 3.15047E-07, 2.89857E-07, 9.30987E-06
79, 1.68971E-05, 1.46545E-05, 9.38923E-06, 3.58300E-06, 3.30448E-07, 3.15157E-07, 2.90119E-07, 1.05803E-05
80, 1.70237E-05, 1.46450E-05, 9.39184E-06, 3.59271E-06, 3.31133E-07, 3.15256E-07, 2.90381E-07, 8.78095E-06
81, 1.71602E-05, 1.46800E-05, 9.38881E-06, 3.60160E-06, 3.31839E-07, 3.15347E-07, 2.90635E-07, 8.69711E-06
82, 1.73076E-05, 1.47211E-05, 9.38046E-06, 3.60979E-06, 3.32563E-07, 3.15420E-07, 2.90893E-07, 8.03721E-06
83, 1.74657E-05, 1.47508E-05, 9.36716E-06, 3.61740E-06, 3.33309E-07, 3.15478E-07, 2.91149E-07, 7.30280E-06
84, 1.76339E-05, 1.47710E-05, 9.34931E-06, 3.62458E-06, 3.34084E-07, 3.15525E-07, 2.91394E-07, 7.31343E-06
85, 1.78104E-05, 1.47828E-05, 9.32737E-06, 3.63151E-06, 3.34877E-07, 3.15555E-07, 2.91640E-07, 7.45001E-06
86, 1.79930E-05, 1.47868E-05, 9.30183E-06, 3.63836E-06, 3.35682E-07, 3.15562E-07, 2.91882E-07, 7.23640E-06
87, 1.81794E-05, 1.47832E-05, 9.27322E-06, 3.64529E-06, 3.36498E-07, 3.15556E-07, 2.92129E-07, 6.69993E-06
88, 1.83667E-05, 1.47711E-05, 9.24208E-06, 3.65247E-06, 3.37325E-07, 3.15538E-07, 2.92383E-07, 6.48138E-06
89, 1.85523E-05, 1.47498E-05, 9.20898E-06, 3.66001E-06, 3.38161E-07, 3.15525E-07, 2.92637E-07, 6.53787E-06
90, 1.87337E-05, 1.47180E-05, 9.25977E-06, 3.66801E-06, 3.39010E-07, 3.15509E-07, 2.92886E-07, 6.48901E-06
91, 1.89088E-05, 1.46743E-05, 9.31604E-06, 3.68833E-06, 3.39859E-07, 3.15487E-07, 2.93132E-07, 6.35424E-06
92, 1.90758E-05, 1.46174E-05, 9.36282E-06, 3.71766E-06, 3.40728E-07, 3.15473E-07, 2.93369E-07, 6.15610E-06
93, 1.92336E-05, 1.45461E-05, 9.40043E-06, 3.74206E-06, 3.41611E-07, 3.15447E-07, 2.93604E-07, 5.91778E-06
94, 1.93813E-05, 1.44595E-05, 9.42934E-06, 3.76144E-06, 3.42508E-07, 3.15415E-07, 2.93847E-07, 5.68353E-06
95, 1.95184E-05, 1.43570E-05, 9.45012E-06, 3.77572E-06, 3.43406E-07, 3.15374E-07, 2.94096E-07, 6.01179E-06
96, 1.96450E-05, 1.42382E-05, 9.46339E-06, 3.78489E-06, 3.44308E-07, 3.15317E-07, 2.94354E-07, 6.11514E-06
97, 1.97611E-05, 1.41158E-05, 9.46985E-06, 3.78896E-06, 3.45230E-07, 3.15255E-07, 2.94602E-07, 6.02512E-06
98, 1.98672E-05, 1.40668E-05, 9.49003E-06, 3.78798E-06, 3.46173E-07, 3.15187E-07, 2.94841E-07, 5.78263E-06
99, 1.99638E-05, 1.40164E-05, 9.56002E-06, 3.78203E-06, 3.47132E-07, 3.15102E-07, 2.95076E-07, 5.43339E-06
100, 2.00512E-05, 1.39648E-05, 9.62769E-06, 3.77414E-06, 3.48110E-07, 3.15013E-07, 2.95317E-07, 5.28821E-06
101, 2.01299E-05, 1.39121E-05, 9.69283E-06, 3.78621E-06, 3.49104E-07, 3.14904E-07, 2.95557E-07, 5.16531E-06
102, 2.02002E-05, 1.38585E-05, 9.75526E-06, 3.79833E-06, 3.50107E-07, 3.14772E-07, 2.95796E-07, 4.92656E-06
103, 2.02624E-05, 1.38042E-05, 9.81480E-06, 3.81049E-06, 3.51119E-07, 3.14649E-07, 2.96043E-07, 4.95114E-06
104, 2.03166E-05, 1.37492E-05, 9.87127E-06, 3.82266E-06, 3.52178E-07, 3.14536E-07, 2.96289E-07, 4.96990E-06
105, 2.03628E-05, 1.36937E-05, 9.92450E-06, 3.83483E-06, 3.53264E-07, 3.14429E-07, 2.96517E-07, 4.98225E-06
106, 2.04011E-05, 1.36380E-05, 9.97434E-06, 3.84697E-06, 3.54347E-07, 3.14321E-07, 2.96738E-07, 4.98800E-06
107, 2.04314E-05, 1.35821E-05, 1.00206E-05, 3.85905E-06, 3.55437E-07, 3.14199E-07, 2.96956E-07, 4.98731E-06
108, 2.04537E-05, 1.35261E-05, 1.00633E-05, 3.87102E-06, 3.56539E-07, 3.14058E-07, 2.97175E-07, 4.98067E-06
109, 2.04680E-05, 1.34703E-05, 1.01021E-05, 3.88282E-06, 3.57648E-07, 3.13904E-07, 2.97399E-07, 4.96871E-06
110, 2.04743E-05, 1.34146E-05, 1.01371E-05, 3.89437E-06, 3.58763E-07, 3.13737E-07, 2.97628E-07, 4.95211E-06
111, 2.04726E-05, 1.33593E-05, 1.01681E-05, 3.90558E-06, 3.59893E-07, 3.13569E-07, 2.97854E-07, 4.93144E-06
112, 2.04633E-05, 1.33043E-05, 1.01951E-05, 3.91634E-06, 3.61041E-07, 3.13391E-07, 2.98081E-07, 4.90704E-06
113, 2.04464E-05, 1.32498E-05, 1.02181E-05, 3.92656E-06, 3.62216E-07, 3.13192E-07, 2.98315E-07, 5.00106E-06
114, 2.04224E-05, 1.31958E-05, 1.02372E-05, 3.93612E-06, 3.63391E-07, 3.12967E-07, 2.98541E-07, 5.09774E-06
115, 2.03914E-05, 1.31423E-05, 1.02523E-05, 3.94495E-06, 3.64556E-07, 3.12724E-07, 2.98762E-07, 5.07259E-06
116, 2.03540E-05, 1.30893E-05, 1.02635E-05, 3.95296E-06, 3.65727E-07, 3.12485E-07, 2.98980E-07, 5.00648E-06
117, 2.03104E-05, 1.30368E-05, 1.02874E-05, 3.96011E-06, 3.66895E-07, 3.12226E-07, 2.99202E-07, 5.24963E-06
118, 2.02610E-05, 1.29848E-05, 1.03536E-05, 3.96636E-06, 3.68062E-07, 3.11958E-07, 2.99420E-07, 5.37169E-06
119, 2.02062E-05, 1.29333E-05, 1.04168E-05, 3.97171E-06, 3.69227E-07, 3.11674E-07, 2.99635E-07, 5.38376E-06
120, 2.01463E-05, 1.28821E-05, 1.04768E-05, 3.97621E-06, 3.70392E-07, 3.11367E-07, 2.99847E-07, 5.29954E-06
121, 2.00814E-05, 1.28311E-05, 1.05334E-05, 3.97991E-06, 3.71565E-07, 3.11059E-07, 3.00063E-07, 5.13405E-06
122, 2.00119E-05, 1.28295E-05, 1.05863E-05, 3.98289E-06, 3.72738E-07, 3.10744E-07, 3.00282E-07, 4.90264E-06
123, 1.99377E-05, 1.28491E-05, 1.06354E-05, 3.98527E-06, 3.73911E-07, 3.10417E-07, 3.00493E-07, 4.62027E-06
124, 1.98590E-05, 1.28694E-05, 1.06805E-05, 3.98718E-06, 3.75069E-07, 3.10072E-07, 3.00689E-07, 4.54925E-06
125, 1.97757E-05, 1.28903E-05, 1.07215E-05, 3.98876E-06, 3.76229E-07, 3.09712E-07, 3.00879E-07, 4.74651E-06
126, 1.96877E-05, 1.29117E-05, 1.07582E-05, 3.99017E-06, 3.77379E-07, 3.09356E-07, 3.01063E-07, 5.08082E-06
127, 1.95950E-05, 1.29336E-05, 1.07905E-05, 3.99156E-06, 3.78538E-07, 3.09006E-07, 3.01234E-07, 5.35252E-06
128, 1.94971E-05, 1.29558E-05, 1.08182E-05, 3.99308E-06, 3.79686E-07, 3.08659E-07, 3.01395E-07, 5.55097E-06
129, 1.93940E-05, 1.29782E-05, 1.08413E-05, 3.99487E-06, 3.80839E-07, 3.08316E-07, 3.01548E-07, 5.66971E-06
130, 1.92852E-05, 1.30008E-05, 1.08597E-05, 3.99706E-06, 3.81994E-07, 3.07973E-07, 3.01692E-07, 5.70399E-06
131, 1.91704E-05, 1.30232E-05, 1.08733E-05, 3.99975E-06, 3.83149E-07, 3.07632E-07, 3.01830E-07, 5.65095E-06
132, 1.90491E-05, 1.30456E-05, 1.08822E-05, 4.00303E-06, 3.84301E-07, 3.07287E-07, 3.01951E-07, 5.64999E-06
133, 1.90043E-05, 1.30676E-05, 1.08864E-05, 4.00694E-06, 3.85450E-07, 3.06944E-07, 3.02062E-07, 5.88074E-06
134, 1.90413E-05, 1.30892E-05, 1.08858E-05, 4.01149E-06, 3.86590E-07, 3.06615E-07, 3.02162E-07, 6.09232E-06
135, 1.90722E-05, 1.31102E-05, 1.08806E-05, 4.01668E-06, 3.87716E-07, 3.06287E-07, 3.02258E-07, 6.28233E-06
136, 1.90969E-05, 1.31306E-05, 1.08710E-05, 4.02243E-06, 3.88821E-07, 3.05948E-07, 3.02342E-07, 6.44878E-06
137, 1.91153E-05, 1.31501E-05, 1.08570E-05, 4.02867E-06, 3.89913E-07, 3.05609E-07, 3.02409E-07, 6.94381E-06
138, 1.91276E-05, 1.31686E-05, 1.08388E-05, 4.03526E-06, 3.91000E-07, 3.05278E-07, 3.02459E-07, 7.44621E-06
139, 1.91338E-05, 1.31860E-05, 1.08167E-05, 4.04204E-06, 3.92081E-07, 3.04957E-07, 3.02506E-07, 7.93006E-06
140, 1.91338E-05, 1.32022E-05, 1.07909E-05, 4.04880E-06, 3.93168E-07, 3.04647E-07, 3.02550E-07, 8.38999E-06
141, 1.91278E-05, 1.32171E-05, 1.07616E-05, 4.05533E-06, 3.94261E-07, 3.04339E-07, 3.02585E-07, 8.82089E-06
142, 1.91159E-05, 1.32305E-05, 1.07292E-05, 4.06138E-06, 3.95337E-07, 3.04037E-07, 3.02619E-07, 9.21800E-06
143, 1.90981E-05, 1.32424E-05, 1.06940E-05, 4.06669E-06, 3.96381E-07, 3.03752E-07, 3.02663E-07, 9.57702E-06
144, 1.90745E-05, 1.32526E-05, 1.06561E-05, 4.07099E-06, 3.97415E-07, 3.03483E-07, 3.02706E-07, 9.89413E-06
145, 1.90452E-05, 1.32611E-05, 1.06160E-05, 4.07403E-06, 3.98443E-07, 3.03218E-07, 3.02742E-07, 1.01661E-05
146, 1.90103E-05, 1.32678E-05, 1.05740E-05, 4.07554E-06, 3.99452E-07, 3.02951E-07, 3.02771E-07, 1.03902E-05
147, 1.89698E-05, 1.32726E-05, 1.05302E-05, 4.07530E-06, 4.00439E-07, 3.02686E-07, 3.02801E-07, 1.05643E-05
148, 1.89240E-05, 1.32755E-05, 1.04851E-05, 4.07310E-06, 4.01403E-07, 3.02419E-07, 3.02833E-07, 1.06870E-05
149, 1.88728E-05, 1.32765E-05, 1.04389E-05, 4.06877E-06, 4.02350E-07, 3.02149E-07, 3.02867E-07, 1.07572E-05
150, 1.88163E-05, 1.32754E-05, 1.03918E-05, 4.06220E-06, 4.03269E-07, 3.01891E-07, 3.02898E-07, 1.07747E-05
151, 1.87547E-05, 1.32724E-05, 1.04005E-05, 4.05332E-06, 4.04171E-07, 3.01631E-07, 3.02927E-07, 1.07396E-05
152, 1.86879E-05, 1.32673E-05, 1.04449E-05, 4.04212E-06, 4.05048E-07, 3.01388E-07, 3.02950E-07, 1.06524E-05
153, 1.86161E-05, 1.32602E-05, 1.04861E-05, 4.02866E-06, 4.05906E-07, 3.01153E-07, 3.02974E-07, 1.05142E-05
154, 1.85392E-05, 1.32511E-05, 1.05240E-05, 4.01304E-06, 4.06760E-07, 3.00924E-07, 3.03002E-07, 1.03266E-05
155, 1.84575E-05, 1.32399E-05, 1.05583E-05, 3.99545E-06, 4.07602E-07, 3.00717E-07, 3.03031E-07, 1.00914E-05
156, 1.83709E-05, 1.32268E-05, 1.05889E-05, 3.97612E-06, 4.08439E-07, 3.00520E-07, 3.03062E-07, 9.81077E-06
157, 1.82794E-05, 1.32118E-05, 1.06156E-05, 3.95536E-06, 4.09254E-07, 3.00335E-07, 3.03097E-07, 9.48734E-06
158, 1.82721E-05, 1.31948E-05, 1.06385E-05, 3.93350E-06, 4.10045E-07, 3.00164E-07, 3.03134E-07, 9.12393E-06
159, 1.83772E-05, 1.31760E-05, 1.06573E-05, 3.91094E-06, 4.10798E-07, 3.00009E-07, 3.03169E-07, 8.72364E-06
160, 1.84849E-05, 1.31554E-05, 1.06719E-05, 3.88807E-06, 4.11514E-07, 2.99840E-07, 3.03204E-07, 8.28985E-06
161, 1.85951E-05, 1.31330E-05, 1.06824E-05, 3.86534E-06, 4.12208E-07, 2.99663E-07, 3.03248E-07, 7.82617E-06
162, 1.87072E-05, 1.31089E-05, 1.06886E-05, 3.84318E-06, 4.12888E-07, 2.99497E-07, 3.03291E-07, 7.33640E-06
163, 1.88209E-05, 1.30832E-05, 1.06905E-05, 3.82199E-06, 4.13549E-07, 2.99335E-07, 3.03328E-07, 7.55055E-06
164, 1.89357E-05, 1.30559E-05, 1.06880E-05, 3.80220E-06, 4.14179E-07, 2.99164E-07, 3.03362E-07, 7.81579E-06
165, 1.90511E-05, 1.30271E-05, 1.06812E-05, 3.78414E-06, 4.14777E-07, 2.98982E-07, 3.03398E-07, 8.04517E-06
166, 1.91666E-05, 1.29969E-05, 1.06701E-05, 3.76813E-06, 4.15355E-07, 2.98795E-07, 3.03432E-07, 8.49920E-06
167, 1.92815E-05, 1.29653E-05, 1.06546E-05, 3.75441E-06, 4.15916E-07, 2.98610E-07, 3.03458E-07, 8.95758E-06
168, 1.93953E-05, 1.29323E-05, 1.06349E-05, 3.74318E-06, 4.16461E-07, 2.98426E-07, 3.03471E-07, 9.35667E-06
169, 1.95073E-05, 1.28982E-05, 1.06110E-05, 3.73452E-06, 4.16993E-07, 2.98225E-07, 3.03482E-07, 9.88538E-06
170, 1.96168E-05, 1.28628E-05, 1.05829E-05, 3.72849E-06, 4.17524E-07, 2.98013E-07, 3.03489E-07, 1.04224E-05
171, 1.97233E-05, 1.28263E-05, 1.05507E-05, 3.72503E-06, 4.18051E-07, 2.97799E-07, 3.03491E-07, 1.08915E-05
172, 1.98260E-05, 1.27888E-05, 1.05146E-05, 3.72406E-06, 4.18574E-07, 2.97578E-07, 3.03486E-07, 1.12888E-05
173, 1.99244E-05, 1.27503E-05, 1.04746E-05, 3.72540E-06, 4.19088E-07, 2.97368E-07, 3.03484E-07, 1.16116E-05
174, 2.00179E-05, 1.27108E-05, 1.04310E-05, 3.72884E-06, 4.19614E-07, 2.97154E-07, 3.03481E-07, 1.18587E-05
175, 2.01060E-05, 1.26704E-05, 1.03837E-05, 3.73412E-06, 4.20137E-07, 2.96931E-07, 3.03469E-07, 1.20298E-05
176, 2.01881E-05, 1.26292E-05, 1.03331E-05, 3.74096E-06, 4.20661E-07, 2.96700E-07, 3.03450E-07, 1.21261E-05
177, 2.02639E-05, 1.25871E-05, 1.02793E-05, 3.74905E-06, 4.21176E-07, 2.96454E-07, 3.03441E-07, 1.21499E-05
178, 2.03331E-05, 1.25444E-05, 1.02225E-05, 3.75807E-06, 4.21674E-07, 2.96197E-07, 3.03436E-07, 1.21043E-05
179, 2.03953E-05, 1.25009E-05, 1.01628E-05, 3.76770E-06, 4.22173E-07, 2.95940E-07, 3.03427E-07, 1.19935E-05
180, 2.04504E-05, 1.24568E-05, 1.01005E-05, 3.77765E-06, 4.22679E-07, 2.95688E-07, 3.03418E-07, 1.18221E-05
181, 2.04983E-05, 1.24120E-05, 1.00359E-05, 3.78763E-06, 4.23173E-07, 2.95428E-07, 3.03414E-07, 1.15955E-05
182, 2.05390E-05, 1.23667E-05, 9.96903E-06, 3.79737E-06, 4.23670E-07, 2.95166E-07, 3.03407E-07, 1.13191E-05
183, 2.05726E-05, 1.23208E-05, 9.90028E-06, 3.80662E-06, 4.24156E-07, 2.94899E-07, 3.03404E-07, 1.09989E-05
184, 2.05992E-05, 1.22744E-05, 9.83093E-06, 3.81519E-06, 4.24630E-07, 2.94621E-07, 3.03408E-07, 1.06404E-05
185, 2.06190E-05, 1.22275E-05, 9.78889E-06, 3.82288E-06, 4.25101E-07, 2.94331E-07, 3.03414E-07, 1.02492E-05
186, 2.06325E-05, 1.21802E-05, 9.74390E-06, 3.82954E-06, 4.25578E-07, 2.94035E-07, 3.03415E-07, 9.83046E-06
187, 2.06399E-05, 1.21818E-05, 9.69609E-06, 3.83502E-06, 4.26046E-07, 2.93731E-07, 3.03416E-07, 9.38906E-06
188, 2.06417E-05, 1.21825E-05, 9.70539E-06, 3.83920E-06, 4.26489E-07, 2.93424E-07, 3.03419E-07, 9.08815E-06
189, 2.06383E-05, 1.21689E-05, 9.73725E-06, 3.84198E-06, 4.26923E-07, 2.93122E-07, 3.03422E-07, 9.08789E-06
190, 2.06302E-05, 1.21418E-05, 9.76727E-06, 3.84326E-06, 4.27357E-07, 2.92828E-07, 3.03429E-07, 9.03927E-06
191, 2.06181E-05, 1.21024E-05, 9.79528E-06, 3.84293E-06, 4.27767E-07, 2.92550E-07, 3.03430E-07, 8.93985E-06
192, 2.06023E-05, 1.20520E-05, 9.82113E-06, 3.84089E-06, 4.28150E-07, 2.92288E-07, 3.03427E-07, 8.78778E-06
193, 2.05835E-05, 1.19917E-05, 9.84469E-06, 3.83704E-06, 4.28503E-07, 2.92025E-07, 3.03416E-07, 8.58194E-06
194, 2.05622E-05, 1.19229E-05, 9.86582E-06, 3.83124E-06, 4.28843E-07, 2.91765E-07, 3.03407E-07, 8.32195E-06
195, 2.05390E-05, 1.18467E-05, 9.88442E-06, 3.82338E-06, 4.29165E-07, 2.91500E-07, 3.03410E-07, 8.00823E-06
196, 2.05143E-05, 1.17644E-05, 9.90038E-06, 3.81331E-06, 4.29479E-07, 2.91242E-07, 3.03411E-07, 7.64197E-06
197, 2.04888E-05, 1.16773E-05, 9.91359E-06, 3.80089E-06, 4.29775E-07, 2.90996E-07, 3.03422E-07, 7.71724E-06
198, 2.04628E-05, 1.16460E-05, 9.92397E-06, 3.78597E-06, 4.30053E-07, 2.90757E-07, 3.03435E-07, 7.75188E-06
199, 2.04368E-05, 1.16217E-05, 9.93145E-06, 3.76839E-06, 4.30323E-07, 2.90521E-07, 3.03449E-07, 7.71611E-06
200, 2.04113E-05, 1.15964E-05, 9.93598E-06, 3.74802E-06, 4.30585E-07, 2.90294E-07, 3.03463E-07, 7.60947E-06
201, 2.03866E-05, 1.15701E-05, 9.93750E-06, 3.72473E-06, 4.30826E-07, 2.90076E-07, 3.03480E-07, 7.43283E-06
202, 2.03631E-05, 1.15429E-05, 9.93599E-06, 3.69840E-06, 4.31055E-07, 2.89858E-07, 3.03501E-07, 7.18834E-06
203, 2.03411E-05, 1.15147E-05, 9.93143E-06, 3.66894E-06, 4.31270E-07, 2.89637E-07, 3.03529E-07, 6.87942E-06
204, 2.03209E-05, 1.14855E-05, 9.92383E-06, 3.63629E-06, 4.31474E-07, 2.89421E-07, 3.03553E-07, 6.74926E-06
205, 2.03026E-05, 1.14554E-05, 9.91321E-06, 3.60043E-06, 4.31665E-07, 2.89210E-07, 3.03581E-07, 6.65924E-06
206, 2.02865E-05, 1.14244E-05, 9.89960E-06, 3.56135E-06, 4.31854E-07, 2.88991E-07, 3.03615E-07, 6.55997E-06
207, 2.02726E-05, 1.13925E-05, 9.88305E-06, 3.51909E-06, 4.32028E-07, 2.88765E-07, 3.03645E-07, 6.45327E-06
208, 2.02611E-05, 1.13596E-05, 9.86363E-06, 3.47374E-06, 4.32199E-07, 2.88537E-07, 3.03680E-07, 6.34107E-06
209, 2.02519E-05, 1.13259E-05, 9.84142E-06, 3.42539E-06, 4.32353E-07, 2.88305E-07, 3.03716E-07, 6.22529E-06
210, 2.02968E-05, 1.12914E-05, 9.81653E-06, 3.37420E-06, 4.32498E-07, 2.88075E-07, 3.03756E-07, 6.10782E-06
211, 2.06231E-05, 1.12561E-05, 9.78907E-06, 3.32033E-06, 4.32636E-07, 2.87858E-07, 3.03805E-07, 6.13777E-06
212, 2.09277E-05, 1.12200E-05, 9.75916E-06, 3.26395E-06, 4.32761E-07, 2.87646E-07, 3.03852E-07, 6.49898E-06
213, 2.12108E-05, 1.11832E-05, 9.72694E-06, 3.20528E-06, 4.32888E-07, 2.87439E-07, 3.03895E-07, 6.83946E-06
214, 2.14727E-05, 1.11458E-05, 9.69256E-06, 3.14453E-06, 4.33026E-07, 2.87233E-07, 3.03943E-07, 7.15738E-06
215, 2.17138E-05, 1.11078E-05, 9.65618E-06, 3.08192E-06, 4.33146E-07, 2.87020E-07, 3.03993E-07, 7.45155E-06
216, 2.19348E-05, 1.10692E-05, 9.61797E-06, 3.01766E-06, 4.33263E-07, 2.86800E-07, 3.04046E-07, 7.72139E-06
217, 2.21364E-05, 1.10301E-05, 9.57810E-06, 2.95197E-06, 4.33365E-07, 2.86573E-07, 3.04115E-07, 7.96686E-06
218, 2.23191E-05, 1.10186E-05, 9.53674E-06, 2.88506E-06, 4.33456E-07, 2.86335E-07, 3.04193E-07, 8.18837E-06
219, 2.24839E-05, 1.10111E-05, 9.49409E-06, 2.83554E-06, 4.33517E-07, 2.86096E-07, 3.04275E-07, 8.38672E-06
220, 2.26314E-05, 1.10036E-05, 9.45032E-06, 2.84503E-06, 4.33576E-07, 2.85859E-07, 3.04358E-07, 8.56294E-06
221, 2.27625E-05, 1.09960E-05, 9.40562E-06, 2.85446E-06, 4.33624E-07, 2.85621E-07, 3.04454E-07, 8.71819E-06
222, 2.28780E-05, 1.09884E-05, 9.36017E-06, 2.86381E-06, 4.33666E-07, 2.85377E-07, 3.04557E-07, 8.85369E-06
223, 2.29786E-05, 1.09808E-05, 9.31417E-06, 2.87305E-06, 4.33700E-07, 2.85136E-07, 3.04666E-07, 8.97055E-06
224, 2.30652E-05, 1.09731E-05, 9.26778E-06, 2.88214E-06, 4.33715E-07, 2.84906E-07, 3.04783E-07, 9.06977E-06
225, 2.31383E-05, 1.09654E-05, 9.22120E-06, 2.89106E-06, 4.33739E-07, 2.84670E-07, 3.04906E-07, 9.15214E-06
226, 2.31987E-05, 1.09577E-05, 9.17460E-06, 2.89978E-06, 4.33750E-07, 2.84426E-07, 3.05041E-07, 9.21824E-06
227, 2.32472E-05, 1.09499E-05, 9.12815E-06, 2.90828E-06, 4.33762E-07, 2.84174E-07, 3.05184E-07, 9.26841E-06
228, 2.32841E-05, 1.09421E-05, 9.08201E-06, 2.91654E-06, 4.33778E-07, 2.83916E-07, 3.05339E-07, 9.30281E-06
229, 2.33102E-05, 1.09342E-05, 9.04963E-06, 2.92452E-06, 4.33795E-07, 2.83656E-07, 3.05499E-07, 9.32140E-06
230, 2.33260E-05, 1.09263E-05, 9.04366E-06, 2.93222E-06, 4.33786E-07, 2.83396E-07, 3.05674E-07, 9.32406E-06
231, 2.33319E-05, 1.09183E-05, 9.03073E-06, 2.93960E-06, 4.33773E-07, 2.83142E-07, 3.05856E-07, 9.31056E-06
232, 2.33285E-05, 1.09103E-05, 9.01112E-06, 2.94665E-06, 4.33752E-07, 2.82894E-07, 3.06048E-07, 9.28068E-06
233, 2.33160E-05, 1.09021E-05, 8.98531E-06, 2.95336E-06, 4.33724E-07, 2.82654E-07, 3.06248E-07, 9.23418E-06
234, 2.32950E-05, 1.08939E-05, 8.95390E-06, 2.95968E-06, 4.33689E-07, 2.82421E-07, 3.06451E-07, 9.17086E-06
235, 2.32658E-05, 1.08856E-05, 8.91770E-06, 2.96562E-06, 4.33635E-07, 2.82191E-07, 3.06666E-07, 9.09050E-06
236, 2.32288E-05, 1.08771E-05, 8.93833E-06, 2.97115E-06, 4.33577E-07, 2.81971E-07, 3.06888E-07, 9.17663E-06
237, 2.31842E-05, 1.08685E-05, 8.96575E-06, 2.97624E-06, 4.33497E-07, 2.81748E-07, 3.07112E-07, 9.85295E-06
238, 2.31323E-05, 1.08598E-05, 8.99076E-06, 2.98088E-06, 4.33419E-07, 2.81529E-07, 3.07339E-07, 1.03225E-05
239, 2.30735E-05, 1.08509E-05, 9.01331E-06, 2.98506E-06, 4.33328E-07, 2.81321E-07, 3.07567E-07, 1.05704E-05
240, 2.30079E-05, 1.08419E-05, 9.03336E-06, 3.03802E-06, 4.33228E-07, 2.81121E-07, 3.07798E-07, 1.05894E-05
241, 2.29360E-05, 1.08326E-05, 9.05086E-06, 3.10858E-06, 4.33132E-07, 2.80924E-07, 3.08035E-07, 1.03803E-05
242, 2.28578E-05, 1.08232E-05, 9.06583E-06, 3.17591E-06, 4.33016E-07, 2.80741E-07, 3.08272E-07, 9.95189E-06
243, 2.27737E-05, 1.08136E-05, 9.07826E-06, 3.23863E-06, 4.32892E-07, 2.80569E-07, 3.08510E-07, 9.32001E-06
244, 2.26839E-05, 1.08039E-05, 9.08818E-06, 3.29555E-06, 4.32762E-07, 2.80403E-07, 3.08747E-07, 8.50686E-06
245, 2.25886E-05, 1.07939E-05, 9.09563E-06, 3.34569E-06, 4.32610E-07, 2.80239E-07, 3.08983E-07, 8.19961E-06
246, 2.24880E-05, 1.07837E-05, 9.10064E-06, 3.38825E-06, 4.32467E-07, 2.80077E-07, 3.09226E-07, 8.19461E-06
247, 2.23824E-05, 1.07733E-05, 9.10329E-06, 3.42271E-06, 4.32324E-07, 2.79917E-07, 3.09472E-07, 8.41007E-06
248, 2.22720E-05, 1.07627E-05, 9.10365E-06, 3.44873E-06, 4.32167E-07, 2.79764E-07, 3.09718E-07, 8.60864E-06
249, 2.21569E-05, 1.07518E-05, 9.10180E-06, 3.46623E-06, 4.31998E-07, 2.79617E-07, 3.09973E-07, 8.78550E-06
250, 2.20374E-05, 1.07408E-05, 9.09782E-06, 3.47529E-06, 4.31822E-07, 2.79473E-07, 3.10240E-07, 8.93562E-06
