time_step, rel_err_u, rel_err_v, rel_err_w, rel_err_p, rel_err_u_m, rel_err_v_m, rel_err_w_m, rel_err_p_m
0, 0.00000E+00, 0.00000E+00, 0.00000E+00, 0.00000E+00, 0.00000E+00, 0.00000E+00, 0.00000E+00,         NaN
1, 6.20773E-16, 4.89754E-16, 6.26005E-16, 9.53431E-16, 8.56588E-18, 7.79442E-18, 9.55439E-18, 1.76757E-14
2, 1.23595E-15, 7.34908E-16, 9.41769E-16, 2.82190E-15, 2.36041E-17, 1.44007E-17, 1.81094E-17, 4.88335E-14
3, 1.84549E-15, 9.80272E-16, 1.25934E-15, 5.35156E-15, 5.40564E-17, 2.96674E-17, 3.65262E-17, 1.51259E-13
4, 3.06171E-15, 9.80693E-16, 2.21017E-15, 7.35864E-15, 9.08014E-17, 5.07967E-17, 5.99437E-17, 2.16535E-13
5, 2.43804E-15, 1.22643E-15, 2.21643E-15, 6.35621E-15, 1.21497E-16, 6.98245E-17, 8.00565E-17, 3.22098E-13
6, 3.64004E-15, 1.96324E-15, 1.90510E-15, 8.05855E-15, 1.43676E-16, 8.51485E-17, 9.66569E-17, 2.82524E-13
7, 3.01915E-15, 1.47319E-15, 1.91033E-15, 7.49726E-15, 1.61219E-16, 9.71799E-17, 1.10462E-16, 2.43014E-13
8, 3.60591E-15, 1.96532E-15, 1.91549E-15, 9.33168E-15, 1.72115E-16, 1.06657E-16, 1.18403E-16, 2.45580E-13
9, 3.58885E-15, 1.72065E-15, 1.92058E-15, 7.04239E-15, 1.83847E-16, 1.14291E-16, 1.26237E-16, 3.18176E-13
10, 2.38120E-15, 1.47574E-15, 1.92558E-15, 7.02535E-15, 1.92887E-16, 1.19495E-16, 1.33833E-16, 2.88952E-13
11, 2.96232E-15, 1.47669E-15, 2.25226E-15, 7.41487E-15, 1.97792E-16, 1.25039E-16, 1.38560E-16, 2.89214E-13
12, 4.12746E-15, 1.47768E-15, 2.25790E-15, 6.47066E-15, 2.03648E-16, 1.29077E-16, 1.42694E-16, 3.16399E-13
13, 3.52091E-15, 1.72519E-15, 1.94010E-15, 8.13690E-15, 2.08756E-16, 1.31572E-16, 1.47037E-16, 2.72533E-13
14, 2.33606E-15, 1.97312E-15, 2.26888E-15, 6.03739E-15, 2.10231E-16, 1.35365E-16, 1.50782E-16, 2.75486E-13
15, 2.90612E-15, 1.48100E-15, 2.27420E-15, 6.86213E-15, 2.13816E-16, 1.38402E-16, 1.52509E-16, 2.75737E-13
16, 3.47070E-15, 1.97628E-15, 1.79096E-15, 6.75196E-15, 2.15235E-16, 1.40852E-16, 1.54949E-16, 2.73517E-13
17, 2.87848E-15, 1.23623E-15, 1.63178E-15, 5.61495E-15, 2.16899E-16, 1.42176E-16, 1.57459E-16, 2.72213E-13
18, 2.86481E-15, 1.48481E-15, 1.96240E-15, 5.96482E-15, 2.19343E-16, 1.43579E-16, 1.59855E-16, 2.98789E-13
19, 3.42150E-15, 1.48619E-15, 2.29431E-15, 7.81127E-15, 2.20847E-16, 1.46217E-16, 1.62128E-16, 2.67277E-13
20, 2.83782E-15, 1.98352E-15, 1.97060E-15, 6.45403E-15, 2.23638E-16, 1.49464E-16, 1.63816E-16, 3.74928E-13
21, 2.82451E-15, 1.73734E-15, 1.97454E-15, 6.85873E-15, 2.23768E-16, 1.49862E-16, 1.65339E-16, 2.85462E-13
22, 2.81134E-15, 1.73917E-15, 2.30809E-15, 7.63072E-15, 2.23715E-16, 1.50380E-16, 1.67527E-16, 3.88991E-13
23, 3.35798E-15, 1.49235E-15, 1.98207E-15, 5.97354E-15, 2.25458E-16, 1.51092E-16, 1.67845E-16, 3.17200E-13
24, 2.78545E-15, 1.74305E-15, 1.65472E-15, 7.84109E-15, 2.26364E-16, 1.51404E-16, 1.69479E-16, 3.98560E-13
25, 3.18864E-15, 1.74510E-15, 2.98372E-15, 8.36703E-15, 2.27130E-16, 1.54300E-16, 1.69671E-16, 4.16003E-13
26, 3.65724E-15, 1.49762E-15, 2.32459E-15, 6.97716E-15, 2.26795E-16, 1.53830E-16, 1.72196E-16, 3.84986E-13
27, 4.25910E-15, 1.74942E-15, 1.99575E-15, 6.87953E-15, 2.28359E-16, 1.54807E-16, 1.72010E-16, 4.66083E-13
28, 4.92408E-15, 1.75170E-15, 2.66515E-15, 8.29050E-15, 2.28286E-16, 1.56519E-16, 1.73271E-16, 6.80906E-13
29, 5.17480E-15, 1.75405E-15, 2.33550E-15, 7.30717E-15, 2.27105E-16, 1.56640E-16, 1.75325E-16, 5.79050E-13
30, 4.88113E-15, 2.00741E-15, 2.00472E-15, 6.61405E-15, 2.27611E-16, 1.57852E-16, 1.75747E-16, 4.10089E-13
31, 4.86017E-15, 1.50771E-15, 2.00746E-15, 7.12780E-15, 2.27410E-16, 1.57096E-16, 1.77857E-16, 4.43618E-13
32, 5.24284E-15, 2.01323E-15, 2.17757E-15, 8.73202E-15, 2.26414E-16, 1.58666E-16, 1.76769E-16, 6.38126E-13
33, 5.62249E-15, 1.76424E-15, 2.34796E-15, 8.70577E-15, 2.25894E-16, 1.59345E-16, 1.78355E-16, 8.10630E-13
34, 6.13253E-15, 1.76698E-15, 2.68650E-15, 8.03654E-15, 2.25716E-16, 1.59430E-16, 1.78295E-16, 6.92014E-13
35, 5.90840E-15, 1.76980E-15, 2.35327E-15, 6.24766E-15, 2.26149E-16, 1.59625E-16, 1.77633E-16, 6.29330E-13
36, 6.34753E-15, 1.77269E-15, 2.35568E-15, 7.87023E-15, 2.26003E-16, 1.60042E-16, 1.78648E-16, 6.17718E-13
37, 5.79559E-15, 1.77567E-15, 3.03163E-15, 8.34893E-15, 2.24143E-16, 1.60265E-16, 1.79066E-16, 6.27714E-13
38, 6.29789E-15, 1.77872E-15, 2.36003E-15, 7.71770E-15, 2.24458E-16, 1.58665E-16, 1.79944E-16, 6.19701E-13
39, 5.48959E-15, 2.29096E-15, 2.02454E-15, 7.64617E-15, 2.24148E-16, 1.60225E-16, 1.79473E-16, 6.16530E-13
40, 5.72940E-15, 2.04008E-15, 2.19490E-15, 7.03636E-15, 2.23712E-16, 1.60271E-16, 1.80712E-16, 6.45200E-13
41, 5.31908E-15, 1.53288E-15, 2.02745E-15, 5.90226E-15, 2.23781E-16, 1.60774E-16, 1.80984E-16, 7.87871E-13
42, 5.04130E-15, 1.79173E-15, 2.02869E-15, 6.38495E-15, 2.23183E-16, 1.60295E-16, 1.81788E-16, 6.79919E-13
43, 4.50819E-15, 1.79518E-15, 2.02980E-15, 6.86124E-15, 2.22346E-16, 1.61049E-16, 1.80780E-16, 5.65379E-13
44, 4.49252E-15, 1.79871E-15, 2.70769E-15, 7.33166E-15, 2.23452E-16, 1.60895E-16, 1.82966E-16, 5.93226E-13
45, 4.34930E-15, 1.80232E-15, 2.70881E-15, 6.75722E-15, 2.21873E-16, 1.61364E-16, 1.83281E-16, 5.15768E-13
46, 4.07983E-15, 1.80601E-15, 2.03232E-15, 8.25720E-15, 2.21880E-16, 1.61931E-16, 1.83484E-16, 5.53356E-13
47, 4.25717E-15, 1.80978E-15, 2.37171E-15, 7.68837E-15, 2.22842E-16, 1.62140E-16, 1.83782E-16, 5.15238E-13
48, 4.18030E-15, 1.81362E-15, 2.03335E-15, 8.14778E-15, 2.21455E-16, 1.63723E-16, 1.82859E-16, 5.21042E-13
49, 4.48303E-15, 1.81755E-15, 2.37262E-15, 8.09776E-15, 2.20070E-16, 1.64037E-16, 1.85678E-16, 6.38799E-13
50, 4.84718E-15, 2.34199E-15, 2.37287E-15, 8.55408E-15, 2.20775E-16, 1.63275E-16, 1.84896E-16, 8.19307E-13
51, 5.46054E-15, 2.08643E-15, 2.71198E-15, 8.50766E-15, 2.20475E-16, 1.63742E-16, 1.85728E-16, 8.89266E-13
52, 5.38231E-15, 2.35258E-15, 2.03398E-15, 8.96254E-15, 2.19781E-16, 1.65477E-16, 1.85398E-16, 7.85630E-13
53, 5.49213E-15, 1.83402E-15, 2.03386E-15, 8.92055E-15, 2.19905E-16, 1.65134E-16, 1.86058E-16, 7.80658E-13
54, 5.72623E-15, 1.83833E-15, 2.20312E-15, 8.38867E-15, 2.20599E-16, 1.64712E-16, 1.87008E-16, 8.25888E-13
55, 5.64911E-15, 1.84271E-15, 2.20280E-15, 7.37269E-15, 2.19436E-16, 1.64528E-16, 1.85966E-16, 8.70990E-13
56, 6.00625E-15, 2.11104E-15, 2.03296E-15, 6.85674E-15, 2.19523E-16, 1.65343E-16, 1.86664E-16, 9.44670E-13
57, 6.26940E-15, 2.11622E-15, 2.37124E-15, 8.78777E-15, 2.19762E-16, 1.66075E-16, 1.86344E-16, 9.83481E-13
58, 7.02470E-15, 1.85629E-15, 2.03196E-15, 7.30253E-15, 2.18979E-16, 1.65030E-16, 1.87169E-16, 1.06978E-12
59, 7.19294E-15, 2.12681E-15, 2.03135E-15, 7.77019E-15, 2.20165E-16, 1.64630E-16, 1.86290E-16, 1.22868E-12
60, 7.36096E-15, 1.86570E-15, 2.03068E-15, 7.26910E-15, 2.21182E-16, 1.64367E-16, 1.86796E-16, 1.33934E-12
61, 7.28394E-15, 1.87050E-15, 2.36829E-15, 7.98161E-15, 2.19337E-16, 1.66034E-16, 1.87818E-16, 1.38325E-12
62, 7.51320E-15, 2.14329E-15, 2.87470E-15, 7.24512E-15, 2.19420E-16, 1.65907E-16, 1.87637E-16, 1.35623E-12
63, 8.22977E-15, 2.14893E-15, 2.53549E-15, 8.44232E-15, 2.19261E-16, 1.65776E-16, 1.87459E-16, 1.42564E-12
64, 8.63990E-15, 2.96264E-15, 2.53443E-15, 8.43413E-15, 2.18551E-16, 1.66223E-16, 1.87081E-16, 1.50437E-12
65, 9.29204E-15, 2.16043E-15, 3.54668E-15, 7.94627E-15, 2.17697E-16, 1.65925E-16, 1.86208E-16, 1.74999E-12
66, 9.85154E-15, 2.70787E-15, 2.70103E-15, 9.14524E-15, 2.17766E-16, 1.65693E-16, 1.86575E-16, 1.83312E-12
67, 1.00769E-14, 2.71528E-15, 3.37475E-15, 8.90120E-15, 2.18045E-16, 1.66041E-16, 1.87648E-16, 1.92073E-12
68, 1.09065E-14, 3.53961E-15, 3.37319E-15, 1.08232E-14, 2.18091E-16, 1.66001E-16, 1.87047E-16, 2.09383E-12
69, 1.17643E-14, 3.27643E-15, 3.54018E-15, 1.01003E-14, 2.18915E-16, 1.64927E-16, 1.87265E-16, 2.22439E-12
70, 1.23492E-14, 3.83324E-15, 4.38100E-15, 1.39474E-14, 2.18833E-16, 1.65445E-16, 1.87423E-16, 2.58465E-12
71, 1.31137E-14, 3.02036E-15, 4.37890E-15, 1.15428E-14, 2.20609E-16, 1.64858E-16, 1.88695E-16, 2.74734E-12
72, 1.36667E-14, 3.30434E-15, 4.20845E-15, 1.39481E-14, 2.20077E-16, 1.65121E-16, 1.87923E-16, 2.75058E-12
73, 1.45492E-14, 3.59000E-15, 4.54293E-15, 1.37083E-14, 2.20704E-16, 1.66531E-16, 1.87995E-16, 3.00016E-12
74, 1.58797E-14, 4.15431E-15, 5.21343E-15, 1.65951E-14, 2.21316E-16, 1.66735E-16, 1.88828E-16, 3.29491E-12
75, 1.74176E-14, 4.72197E-15, 5.54709E-15, 1.56335E-14, 2.19490E-16, 1.66440E-16, 1.87794E-16, 3.53784E-12
76, 1.84749E-14, 5.01444E-15, 6.04843E-15, 1.87600E-14, 2.20772E-16, 1.66848E-16, 1.88660E-16, 3.78256E-12
77, 2.06062E-14, 5.44841E-15, 6.38137E-15, 1.73161E-14, 2.21957E-16, 1.67561E-16, 1.88728E-16, 4.00291E-12
78, 2.23764E-14, 5.46467E-15, 6.88183E-15, 2.09216E-14, 2.23123E-16, 1.66790E-16, 1.88068E-16, 4.25422E-12
79, 2.41447E-14, 5.90272E-15, 7.21405E-15, 2.01973E-14, 2.22544E-16, 1.67614E-16, 1.87753E-16, 4.60957E-12
80, 2.60305E-14, 6.34347E-15, 7.54594E-15, 2.33186E-14, 2.23868E-16, 1.67580E-16, 1.89245E-16, 4.90315E-12
81, 2.82121E-14, 6.78698E-15, 8.38035E-15, 2.37939E-14, 2.23707E-16, 1.67986E-16, 1.89217E-16, 5.28709E-12
82, 3.09273E-14, 7.51694E-15, 9.21395E-15, 2.78722E-14, 2.25414E-16, 1.67701E-16, 1.88815E-16, 5.78603E-12
83, 3.35214E-14, 8.39373E-15, 9.71185E-15, 2.81041E-14, 2.25779E-16, 1.68180E-16, 1.89023E-16, 6.27192E-12
84, 3.68264E-14, 9.27603E-15, 1.07114E-14, 3.21775E-14, 2.27008E-16, 1.68355E-16, 1.88616E-16, 6.73539E-12
85, 4.03368E-14, 1.01639E-14, 1.22118E-14, 3.33675E-14, 2.27611E-16, 1.69104E-16, 1.88521E-16, 7.32462E-12
86, 4.44976E-14, 1.10574E-14, 1.32091E-14, 3.91164E-14, 2.27463E-16, 1.68063E-16, 1.89492E-16, 8.10608E-12
87, 4.87448E-14, 1.22448E-14, 1.48740E-14, 4.07841E-14, 2.28948E-16, 1.67227E-16, 1.88706E-16, 8.96628E-12
88, 5.35823E-14, 1.31507E-14, 1.63703E-14, 4.70090E-14, 2.28585E-16, 1.67559E-16, 1.89186E-16, 9.86891E-12
89, 5.89209E-14, 1.50773E-14, 1.76982E-14, 4.96360E-14, 2.30166E-16, 1.68818E-16, 1.89146E-16, 1.08767E-11
90, 6.46713E-14, 1.64345E-14, 1.95254E-14, 5.61004E-14, 2.31057E-16, 1.69273E-16, 1.89352E-16, 1.19112E-11
91, 7.13661E-14, 1.79463E-14, 2.11842E-14, 6.01693E-14, 2.33305E-16, 1.69580E-16, 1.89653E-16, 1.31222E-11
92, 7.84128E-14, 1.99070E-14, 2.35083E-14, 6.80773E-14, 2.34198E-16, 1.70086E-16, 1.89199E-16, 1.44967E-11
93, 8.75566E-14, 2.18805E-14, 2.58303E-14, 7.26346E-14, 2.35193E-16, 1.69968E-16, 1.89190E-16, 1.59334E-11
94, 9.68735E-14, 2.48979E-14, 2.84834E-14, 8.34325E-14, 2.36936E-16, 1.68903E-16, 1.90105E-16, 1.76904E-11
95, 1.07250E-13, 2.74915E-14, 3.21332E-14, 8.92060E-14, 2.39045E-16, 1.70557E-16, 1.89929E-16, 1.96191E-11
96, 1.18894E-13, 3.08434E-14, 3.51142E-14, 1.02187E-13, 2.42014E-16, 1.71006E-16, 1.90150E-16, 2.17933E-11
97, 1.32128E-13, 3.39194E-14, 3.92572E-14, 1.10869E-13, 2.45955E-16, 1.71425E-16, 1.90275E-16, 2.42698E-11
98, 1.46331E-13, 3.79109E-14, 4.30645E-14, 1.24612E-13, 2.49316E-16, 1.71984E-16, 1.90788E-16, 2.68265E-11
99, 1.63038E-13, 4.16287E-14, 4.77000E-14, 1.36221E-13, 2.52593E-16, 1.72189E-16, 1.90755E-16, 2.97213E-11
100, 1.81361E-13, 4.64222E-14, 5.26646E-14, 1.53388E-13, 2.56970E-16, 1.73038E-16, 1.91383E-16, 3.30136E-11
101, 2.01832E-13, 5.15481E-14, 5.87885E-14, 1.68432E-13, 2.61192E-16, 1.74308E-16, 1.91672E-16, 3.66519E-11
102, 2.24685E-13, 5.76144E-14, 6.50748E-14, 1.90260E-13, 2.67186E-16, 1.75794E-16, 1.92593E-16, 4.08313E-11
103, 2.50832E-13, 6.44785E-14, 7.26852E-14, 2.10943E-13, 2.70976E-16, 1.75918E-16, 1.94554E-16, 4.56432E-11
104, 2.79504E-13, 7.21480E-14, 8.09554E-14, 2.35307E-13, 2.78492E-16, 1.78952E-16, 1.95122E-16, 5.07309E-11
105, 3.11998E-13, 8.06304E-14, 9.02170E-14, 2.62886E-13, 2.85715E-16, 1.79310E-16, 1.96139E-16, 5.65947E-11
106, 3.48015E-13, 9.03931E-14, 1.00801E-13, 2.94180E-13, 2.93279E-16, 1.80748E-16, 1.97443E-16, 6.32366E-11
107, 3.88290E-13, 1.01756E-13, 1.12543E-13, 3.29208E-13, 3.03054E-16, 1.82452E-16, 1.98188E-16, 7.07235E-11
108, 4.32112E-13, 1.13500E-13, 1.25938E-13, 3.66775E-13, 3.12542E-16, 1.84922E-16, 2.00972E-16, 7.89276E-11
109, 4.81222E-13, 1.27486E-13, 1.40159E-13, 4.10055E-13, 3.24280E-16, 1.86162E-16, 2.02141E-16, 8.80448E-11
110, 5.36200E-13, 1.41872E-13, 1.56366E-13, 4.55910E-13, 3.37712E-16, 1.87335E-16, 2.03767E-16, 9.81098E-11
111, 5.95668E-13, 1.57908E-13, 1.72903E-13, 5.05574E-13, 3.50975E-16, 1.89672E-16, 2.05809E-16, 1.08914E-10
112, 6.61577E-13, 1.75296E-13, 1.92421E-13, 5.63211E-13, 3.66623E-16, 1.91291E-16, 2.08151E-16, 1.21064E-10
113, 7.32911E-13, 1.94050E-13, 2.13266E-13, 6.22259E-13, 3.84472E-16, 1.94270E-16, 2.10602E-16, 1.34322E-10
114, 8.10413E-13, 2.16384E-13, 2.36267E-13, 6.92514E-13, 4.01704E-16, 1.96938E-16, 2.12963E-16, 1.49016E-10
115, 8.95295E-13, 2.40124E-13, 2.61425E-13, 7.64217E-13, 4.21854E-16, 2.00384E-16, 2.16159E-16, 1.65192E-10
116, 9.86786E-13, 2.65916E-13, 2.89407E-13, 8.44736E-13, 4.45016E-16, 2.03034E-16, 2.18843E-16, 1.82603E-10
117, 1.08492E-12, 2.93462E-13, 3.18558E-13, 9.28940E-13, 4.68244E-16, 2.07223E-16, 2.21581E-16, 2.01512E-10
118, 1.18999E-12, 3.23096E-13, 3.50372E-13, 1.02398E-12, 4.92391E-16, 2.10667E-16, 2.25279E-16, 2.22146E-10
119, 1.30056E-12, 3.54520E-13, 3.84192E-13, 1.11731E-12, 5.19996E-16, 2.15360E-16, 2.27803E-16, 2.43915E-10
120, 1.41689E-12, 3.88391E-13, 4.20187E-13, 1.22102E-12, 5.46856E-16, 2.19482E-16, 2.32072E-16, 2.66791E-10
121, 1.53862E-12, 4.23445E-13, 4.57202E-13, 1.32698E-12, 5.77387E-16, 2.23916E-16, 2.37144E-16, 2.91195E-10
122, 1.66456E-12, 4.59694E-13, 4.96320E-13, 1.43790E-12, 6.07035E-16, 2.28441E-16, 2.42355E-16, 3.16504E-10
123, 1.79262E-12, 4.98442E-13, 5.36799E-13, 1.55107E-12, 6.38251E-16, 2.34155E-16, 2.46848E-16, 3.42780E-10
124, 1.92362E-12, 5.37115E-13, 5.77816E-13, 1.66822E-12, 6.69616E-16, 2.39225E-16, 2.51081E-16, 3.69873E-10
125, 2.05360E-12, 5.75711E-13, 6.20040E-13, 1.78238E-12, 7.01240E-16, 2.42396E-16, 2.55525E-16, 3.97182E-10
126, 2.18301E-12, 6.15209E-13, 6.62314E-13, 1.90002E-12, 7.34212E-16, 2.47544E-16, 2.59992E-16, 4.24654E-10
127, 2.30987E-12, 6.53319E-13, 7.03898E-13, 2.01016E-12, 7.65946E-16, 2.51913E-16, 2.65179E-16, 4.51811E-10
128, 2.43098E-12, 6.90356E-13, 7.44876E-13, 2.12102E-12, 7.95907E-16, 2.56663E-16, 2.69711E-16, 4.78252E-10
129, 2.54627E-12, 7.26967E-13, 7.83759E-13, 2.22234E-12, 8.26346E-16, 2.62232E-16, 2.73444E-16, 5.03756E-10
130, 2.65385E-12, 7.61492E-13, 8.21626E-13, 2.32185E-12, 8.53159E-16, 2.67305E-16, 2.77093E-16, 5.28024E-10
131, 2.75081E-12, 7.93242E-13, 8.55655E-13, 2.40603E-12, 8.79714E-16, 2.71971E-16, 2.81768E-16, 5.50390E-10
132, 2.83757E-12, 8.20854E-13, 8.87504E-13, 2.48686E-12, 9.02551E-16, 2.77638E-16, 2.85167E-16, 5.70633E-10
133, 2.91218E-12, 8.45625E-13, 9.15094E-13, 2.55206E-12, 9.24241E-16, 2.80649E-16, 2.86962E-16, 5.88665E-10
134, 2.97383E-12, 8.67189E-13, 9.39751E-13, 2.61037E-12, 9.43319E-16, 2.84539E-16, 2.89911E-16, 6.04101E-10
135, 3.02238E-12, 8.85175E-13, 9.59890E-13, 2.65374E-12, 9.56215E-16, 2.87211E-16, 2.93168E-16, 6.17002E-10
136, 3.05802E-12, 8.99548E-13, 9.76335E-13, 2.68819E-12, 9.67752E-16, 2.89605E-16, 2.95100E-16, 6.27089E-10
137, 3.07973E-12, 9.09592E-13, 9.88163E-13, 2.70689E-12, 9.75793E-16, 2.91381E-16, 2.96540E-16, 6.34249E-10
138, 3.08944E-12, 9.16284E-13, 9.96368E-13, 2.72068E-12, 9.82057E-16, 2.93093E-16, 2.97824E-16, 6.38939E-10
139, 3.08690E-12, 9.17542E-13, 1.00044E-12, 2.71714E-12, 9.83685E-16, 2.94199E-16, 2.99335E-16, 6.40968E-10
140, 3.07329E-12, 9.17078E-13, 9.99905E-13, 2.71042E-12, 9.83108E-16, 2.94400E-16, 2.98440E-16, 6.40513E-10
141, 3.04973E-12, 9.12127E-13, 9.96724E-13, 2.68732E-12, 9.80109E-16, 2.93514E-16, 2.97587E-16, 6.37672E-10
142, 3.01596E-12, 9.06090E-13, 9.89505E-13, 2.66381E-12, 9.73083E-16, 2.94429E-16, 2.96531E-16, 6.32716E-10
143, 2.97484E-12, 8.96882E-13, 9.80374E-13, 2.62792E-12, 9.64961E-16, 2.93020E-16, 2.96211E-16, 6.26105E-10
144, 2.92697E-12, 8.85860E-13, 9.68822E-13, 2.59184E-12, 9.54843E-16, 2.94211E-16, 2.94050E-16, 6.17901E-10
145, 2.87323E-12, 8.73005E-13, 9.54882E-13, 2.54536E-12, 9.42795E-16, 2.92457E-16, 2.93569E-16, 6.08320E-10
146, 2.81503E-12, 8.56557E-13, 9.38965E-13, 2.49968E-12, 9.29227E-16, 2.89950E-16, 2.90455E-16, 5.97471E-10
147, 2.75197E-12, 8.41032E-13, 9.21527E-13, 2.44712E-12, 9.14545E-16, 2.88836E-16, 2.89577E-16, 5.85763E-10
148, 2.68691E-12, 8.23981E-13, 9.03025E-13, 2.39635E-12, 8.98738E-16, 2.87139E-16, 2.87591E-16, 5.73341E-10
149, 2.61908E-12, 8.07503E-13, 8.83664E-13, 2.34096E-12, 8.82102E-16, 2.86033E-16, 2.85744E-16, 5.60437E-10
150, 2.54984E-12, 7.88780E-13, 8.63903E-13, 2.28581E-12, 8.65016E-16, 2.83890E-16, 2.82000E-16, 5.46894E-10
151, 2.47871E-12, 7.70626E-13, 8.43061E-13, 2.22829E-12, 8.47094E-16, 2.80726E-16, 2.79359E-16, 5.32984E-10
152, 2.40716E-12, 7.50915E-13, 8.22150E-13, 2.17253E-12, 8.29026E-16, 2.78823E-16, 2.76182E-16, 5.18948E-10
153, 2.33420E-12, 7.33199E-13, 8.00784E-13, 2.11360E-12, 8.10729E-16, 2.75531E-16, 2.73997E-16, 5.04641E-10
154, 2.26111E-12, 7.12851E-13, 7.79257E-13, 2.05691E-12, 7.91886E-16, 2.73471E-16, 2.71258E-16, 4.90145E-10
155, 2.18736E-12, 6.95225E-13, 7.57096E-13, 1.99804E-12, 7.73246E-16, 2.70275E-16, 2.68922E-16, 4.75547E-10
156, 2.12051E-12, 6.74596E-13, 7.35789E-13, 1.94114E-12, 7.54826E-16, 2.69580E-16, 2.66250E-16, 4.60900E-10
157, 2.05526E-12, 6.54545E-13, 7.13075E-13, 1.88018E-12, 7.35517E-16, 2.65635E-16, 2.64530E-16, 4.45959E-10
158, 1.99062E-12, 6.33631E-13, 6.90398E-13, 1.82430E-12, 7.16800E-16, 2.63618E-16, 2.60956E-16, 4.31087E-10
159, 1.92480E-12, 6.14027E-13, 6.67284E-13, 1.76141E-12, 6.97613E-16, 2.61476E-16, 2.56525E-16, 4.15988E-10
160, 1.85900E-12, 5.93200E-13, 6.44073E-13, 1.70253E-12, 6.78592E-16, 2.58264E-16, 2.54164E-16, 4.00539E-10
161, 1.79335E-12, 5.71872E-13, 6.20762E-13, 1.63760E-12, 6.59504E-16, 2.54662E-16, 2.52282E-16, 3.84890E-10
162, 1.72687E-12, 5.51502E-13, 5.96788E-13, 1.57905E-12, 6.39822E-16, 2.51183E-16, 2.49380E-16, 3.69276E-10
163, 1.66006E-12, 5.29903E-13, 5.72879E-13, 1.51330E-12, 6.21346E-16, 2.48387E-16, 2.45827E-16, 3.53614E-10
164, 1.59271E-12, 5.07433E-13, 5.48430E-13, 1.45206E-12, 6.02769E-16, 2.45428E-16, 2.41626E-16, 3.37716E-10
165, 1.52485E-12, 4.84826E-13, 5.24125E-13, 1.38512E-12, 5.83443E-16, 2.42835E-16, 2.39405E-16, 3.21726E-10
166, 1.45656E-12, 4.62822E-13, 4.99231E-13, 1.32186E-12, 5.64808E-16, 2.38544E-16, 2.36155E-16, 3.05603E-10
167, 1.38770E-12, 4.39576E-13, 4.74629E-13, 1.25580E-12, 5.44756E-16, 2.35682E-16, 2.34231E-16, 2.89649E-10
168, 1.31903E-12, 4.16939E-13, 4.49800E-13, 1.19043E-12, 5.26636E-16, 2.32864E-16, 2.30901E-16, 2.73583E-10
169, 1.24967E-12, 3.94545E-13, 4.24895E-13, 1.12490E-12, 5.08626E-16, 2.29772E-16, 2.27915E-16, 2.57628E-10
170, 1.18117E-12, 3.71278E-13, 4.00302E-13, 1.05975E-12, 4.91161E-16, 2.26729E-16, 2.24129E-16, 2.41888E-10
171, 1.11233E-12, 3.48258E-13, 3.75872E-13, 9.94145E-13, 4.73519E-16, 2.24277E-16, 2.20998E-16, 2.26238E-10
172, 1.04497E-12, 3.25863E-13, 3.51756E-13, 9.31377E-13, 4.55777E-16, 2.19495E-16, 2.18837E-16, 2.10978E-10
173, 9.78221E-13, 3.04100E-13, 3.28220E-13, 8.68410E-13, 4.37221E-16, 2.17196E-16, 2.14590E-16, 1.96141E-10
174, 9.13463E-13, 2.82977E-13, 3.05506E-13, 8.08577E-13, 4.21361E-16, 2.14353E-16, 2.12273E-16, 1.81760E-10
175, 8.49885E-13, 2.62121E-13, 2.83313E-13, 7.49662E-13, 4.05465E-16, 2.11875E-16, 2.10338E-16, 1.67988E-10
176, 7.88974E-13, 2.43053E-13, 2.61884E-13, 7.00115E-13, 3.90681E-16, 2.08469E-16, 2.07563E-16, 1.55070E-10
177, 7.30208E-13, 2.26928E-13, 2.42321E-13, 6.54677E-13, 3.75342E-16, 2.06167E-16, 2.03511E-16, 1.44269E-10
178, 6.73640E-13, 2.11863E-13, 2.25401E-13, 6.09983E-13, 3.62194E-16, 2.04169E-16, 2.00435E-16, 1.33941E-10
179, 6.19611E-13, 1.95194E-13, 2.09619E-13, 5.66036E-13, 3.48483E-16, 2.03188E-16, 1.99646E-16, 1.23899E-10
180, 5.68059E-13, 1.81121E-13, 1.93439E-13, 5.24846E-13, 3.35398E-16, 2.00601E-16, 1.97078E-16, 1.14314E-10
181, 5.20246E-13, 1.66594E-13, 1.79087E-13, 4.86736E-13, 3.23532E-16, 1.97801E-16, 1.94378E-16, 1.05430E-10
182, 4.74331E-13, 1.53918E-13, 1.64387E-13, 4.48266E-13, 3.12095E-16, 1.96111E-16, 1.92801E-16, 9.69229E-11
183, 4.32207E-13, 1.41179E-13, 1.51438E-13, 4.13504E-13, 3.02004E-16, 1.94868E-16, 1.90493E-16, 8.88559E-11
184, 3.92667E-13, 1.29538E-13, 1.38722E-13, 3.78109E-13, 2.92678E-16, 1.93438E-16, 1.88693E-16, 8.12039E-11
185, 3.56227E-13, 1.18614E-13, 1.26617E-13, 3.46776E-13, 2.82661E-16, 1.91389E-16, 1.87198E-16, 7.40134E-11
186, 3.22772E-13, 1.07247E-13, 1.15591E-13, 3.16311E-13, 2.74802E-16, 1.90841E-16, 1.85998E-16, 6.73860E-11
187, 2.91725E-13, 9.81622E-14, 1.05273E-13, 2.88210E-13, 2.67166E-16, 1.90677E-16, 1.85173E-16, 6.11723E-11
188, 2.63605E-13, 8.78607E-14, 9.57981E-14, 2.62211E-13, 2.59892E-16, 1.88024E-16, 1.84514E-16, 5.54285E-11
189, 2.37723E-13, 8.18144E-14, 8.68372E-14, 2.41649E-13, 2.53961E-16, 1.88024E-16, 1.83558E-16, 5.05126E-11
190, 2.14479E-13, 7.37761E-14, 7.93254E-14, 2.19359E-13, 2.48644E-16, 1.86574E-16, 1.82756E-16, 4.59965E-11
191, 1.93588E-13, 6.68782E-14, 7.18001E-14, 2.00781E-13, 2.42144E-16, 1.86024E-16, 1.81059E-16, 4.17581E-11
192, 1.74302E-13, 6.03406E-14, 6.53297E-14, 1.80475E-13, 2.36639E-16, 1.86202E-16, 1.79704E-16, 3.77353E-11
193, 1.57772E-13, 5.57472E-14, 5.88713E-14, 1.66397E-13, 2.33259E-16, 1.84997E-16, 1.78339E-16, 3.42474E-11
194, 1.42676E-13, 4.91492E-14, 5.36945E-14, 1.49695E-13, 2.28745E-16, 1.85406E-16, 1.78278E-16, 3.11355E-11
195, 1.29417E-13, 4.52996E-14, 4.81986E-14, 1.36845E-13, 2.24408E-16, 1.84784E-16, 1.76305E-16, 2.81602E-11
196, 1.17420E-13, 4.10323E-14, 4.39658E-14, 1.22605E-13, 2.21140E-16, 1.83927E-16, 1.76243E-16, 2.54323E-11
197, 1.06397E-13, 3.71429E-14, 3.93486E-14, 1.11972E-13, 2.19125E-16, 1.83262E-16, 1.74230E-16, 2.29231E-11
198, 9.62354E-14, 3.20326E-14, 3.55960E-14, 1.00906E-13, 2.15378E-16, 1.82358E-16, 1.73486E-16, 2.07607E-11
199, 8.75669E-14, 3.09106E-14, 3.19286E-14, 9.35206E-14, 2.13235E-16, 1.80347E-16, 1.72903E-16, 1.89115E-11
200, 7.94713E-14, 2.77707E-14, 2.93959E-14, 8.38214E-14, 2.11234E-16, 1.81036E-16, 1.72035E-16, 1.72319E-11
201, 7.24672E-14, 2.54216E-14, 2.63694E-14, 7.91413E-14, 2.08564E-16, 1.79709E-16, 1.71454E-16, 1.58070E-11
202, 6.62094E-14, 2.26558E-14, 2.44570E-14, 7.11863E-14, 2.06614E-16, 1.80414E-16, 1.71560E-16, 1.45969E-11
203, 6.01796E-14, 2.10926E-14, 2.18503E-14, 6.57338E-14, 2.05037E-16, 1.80035E-16, 1.70532E-16, 1.32724E-11
204, 5.48389E-14, 1.87079E-14, 2.01355E-14, 5.85924E-14, 2.03044E-16, 1.79184E-16, 1.69004E-16, 1.20377E-11
205, 4.98417E-14, 1.79418E-14, 1.77488E-14, 5.46449E-14, 2.01582E-16, 1.80198E-16, 1.69493E-16, 1.09653E-11
206, 4.55920E-14, 1.51275E-14, 1.63443E-14, 4.80215E-14, 2.00211E-16, 1.78539E-16, 1.69724E-16, 9.93369E-12
207, 4.19751E-14, 1.47579E-14, 1.44469E-14, 4.56244E-14, 1.99212E-16, 1.78910E-16, 1.69067E-16, 9.05202E-12
208, 3.82982E-14, 1.27423E-14, 1.34208E-14, 4.15382E-14, 1.98345E-16, 1.78247E-16, 1.69167E-16, 8.40545E-12
209, 3.45033E-14, 1.23644E-14, 1.21704E-14, 3.90774E-14, 1.97336E-16, 1.78267E-16, 1.69206E-16, 7.77327E-12
210, 3.16885E-14, 1.03315E-14, 1.10983E-14, 3.39037E-14, 1.96513E-16, 1.78532E-16, 1.69181E-16, 7.05567E-12
211, 2.85823E-14, 9.94520E-15, 1.00257E-14, 3.23866E-14, 1.95185E-16, 1.76419E-16, 1.68929E-16, 6.37765E-12
212, 2.65734E-14, 9.14129E-15, 9.08695E-15, 2.91571E-14, 1.93353E-16, 1.76957E-16, 1.68461E-16, 5.89212E-12
213, 2.38677E-14, 7.91637E-15, 8.19259E-15, 2.79378E-14, 1.93355E-16, 1.76895E-16, 1.68670E-16, 5.28939E-12
214, 2.20289E-14, 7.10253E-15, 7.56657E-15, 2.49929E-14, 1.93007E-16, 1.77065E-16, 1.67126E-16, 4.92255E-12
215, 1.98982E-14, 6.28423E-15, 7.07464E-15, 2.71782E-14, 1.92039E-16, 1.75970E-16, 1.67411E-16, 4.50309E-12
216, 1.82296E-14, 5.88152E-15, 6.22431E-15, 2.38520E-14, 1.92235E-16, 1.75450E-16, 1.67314E-16, 4.35623E-12
217, 1.67334E-14, 5.89786E-15, 5.86639E-15, 2.25764E-14, 1.91440E-16, 1.75998E-16, 1.66711E-16, 3.82430E-12
218, 1.52935E-14, 5.06940E-15, 5.50835E-15, 2.12873E-14, 1.90777E-16, 1.76819E-16, 1.66220E-16, 3.56384E-12
219, 1.43757E-14, 4.65993E-15, 5.01587E-15, 2.03355E-14, 1.90928E-16, 1.76936E-16, 1.66341E-16, 3.26397E-12
220, 1.29325E-14, 4.67299E-15, 4.83679E-15, 1.69079E-14, 1.89597E-16, 1.76487E-16, 1.65392E-16, 3.26977E-12
221, 1.25367E-14, 5.53813E-15, 4.65766E-15, 1.84019E-14, 1.89287E-16, 1.76862E-16, 1.65927E-16, 3.11620E-12
222, 1.17904E-14, 5.12650E-15, 4.47847E-15, 1.67092E-14, 1.90146E-16, 1.77144E-16, 1.65338E-16, 3.12076E-12
223, 1.06926E-14, 4.71253E-15, 4.20966E-15, 1.64288E-14, 1.88912E-16, 1.77524E-16, 1.64511E-16, 2.86963E-12
224, 9.76830E-15, 3.86659E-15, 3.49300E-15, 1.47099E-14, 1.87830E-16, 1.76506E-16, 1.64537E-16, 2.43115E-12
225, 9.19377E-15, 3.44667E-15, 3.49285E-15, 1.51373E-14, 1.88336E-16, 1.77224E-16, 1.65049E-16, 2.13970E-12
226, 7.97341E-15, 3.45640E-15, 2.86577E-15, 1.44818E-14, 1.87340E-16, 1.77649E-16, 1.63950E-16, 2.14417E-12
227, 8.04186E-15, 3.03289E-15, 2.82080E-15, 1.41836E-14, 1.87565E-16, 1.76087E-16, 1.64098E-16, 2.08275E-12
228, 6.99414E-15, 3.47593E-15, 2.50719E-15, 1.35170E-14, 1.87691E-16, 1.75813E-16, 1.64104E-16, 1.96559E-12
229, 7.00335E-15, 2.61430E-15, 2.46221E-15, 1.32109E-14, 1.87190E-16, 1.75777E-16, 1.63264E-16, 1.86664E-12
230, 6.36465E-15, 3.49553E-15, 2.86485E-15, 1.36388E-14, 1.86249E-16, 1.76311E-16, 1.62484E-16, 1.55345E-12
231, 5.42939E-15, 2.19084E-15, 2.86455E-15, 1.29595E-14, 1.87412E-16, 1.75861E-16, 1.62710E-16, 1.33454E-12
232, 5.31911E-15, 2.63636E-15, 2.68522E-15, 1.33896E-14, 1.86220E-16, 1.75664E-16, 1.62768E-16, 1.40263E-12
233, 4.85360E-15, 2.20309E-15, 2.86390E-15, 1.34495E-14, 1.86382E-16, 1.74464E-16, 1.62206E-16, 1.32360E-12
234, 4.97971E-15, 2.20921E-15, 2.86354E-15, 1.35097E-14, 1.86111E-16, 1.74518E-16, 1.63312E-16, 1.23551E-12
235, 4.27516E-15, 2.21531E-15, 3.04210E-15, 1.35701E-14, 1.85806E-16, 1.75156E-16, 1.62757E-16, 1.13474E-12
236, 3.92536E-15, 2.66568E-15, 2.68384E-15, 1.51451E-14, 1.85193E-16, 1.74383E-16, 1.62720E-16, 9.36798E-13
237, 3.33626E-15, 2.22747E-15, 3.22014E-15, 1.36913E-14, 1.84887E-16, 1.73451E-16, 1.63362E-16, 1.03343E-12
238, 3.99856E-15, 2.23351E-15, 3.21966E-15, 1.56622E-14, 1.84286E-16, 1.74475E-16, 1.63110E-16, 1.08398E-12
239, 3.22849E-15, 2.46347E-15, 3.04032E-15, 1.41969E-14, 1.85301E-16, 1.75051E-16, 1.63840E-16, 1.11797E-12
240, 3.41410E-15, 2.02095E-15, 3.03983E-15, 1.58012E-14, 1.84914E-16, 1.76188E-16, 1.63480E-16, 9.33504E-13
241, 2.58040E-15, 1.80115E-15, 3.21812E-15, 1.62578E-14, 1.84900E-16, 1.75810E-16, 1.62923E-16, 8.07577E-13
242, 3.06636E-15, 2.25734E-15, 3.03883E-15, 1.51627E-14, 1.84528E-16, 1.76230E-16, 1.63700E-16, 7.89308E-13
243, 2.65069E-15, 2.03687E-15, 3.21704E-15, 1.52288E-14, 1.85497E-16, 1.76278E-16, 1.63632E-16, 7.29813E-13
244, 2.65602E-15, 2.04210E-15, 3.21648E-15, 1.64712E-14, 1.84379E-16, 1.75709E-16, 1.64266E-16, 6.09161E-13
245, 2.41951E-15, 2.27475E-15, 3.75191E-15, 1.57543E-14, 1.84618E-16, 1.76507E-16, 1.64219E-16, 7.56495E-13
246, 2.48519E-15, 2.05240E-15, 3.39399E-15, 1.58214E-14, 1.84172E-16, 1.76539E-16, 1.63832E-16, 7.18298E-13
247, 2.67270E-15, 2.05747E-15, 3.57199E-15, 1.66827E-14, 1.83725E-16, 1.75975E-16, 1.64665E-16, 7.11135E-13
248, 2.49587E-15, 2.29164E-15, 3.39278E-15, 1.71513E-14, 1.83334E-16, 1.75814E-16, 1.63749E-16, 7.44345E-13
249, 2.44035E-15, 2.29714E-15, 3.74925E-15, 1.68216E-14, 1.84274E-16, 1.75409E-16, 1.62557E-16, 6.62951E-13
250, 2.44580E-15, 2.30258E-15, 3.21308E-15, 1.60860E-14, 1.84380E-16, 1.76257E-16, 1.62858E-16, 8.42654E-13
251, 2.69647E-15, 2.07714E-15, 3.21251E-15, 1.57471E-14, 1.83729E-16, 1.75679E-16, 1.62934E-16, 7.64054E-13
252, 2.70266E-15, 2.31322E-15, 3.03350E-15, 1.74311E-14, 1.83105E-16, 1.74822E-16, 1.64810E-16, 6.96554E-13
253, 2.33954E-15, 2.31843E-15, 3.03297E-15, 1.62785E-14, 1.84938E-16, 1.75764E-16, 1.63490E-16, 7.82330E-13
254, 2.46847E-15, 3.02062E-15, 2.85407E-15, 1.67498E-14, 1.84510E-16, 1.75885E-16, 1.63416E-16, 6.34599E-13
255, 2.47433E-15, 2.56146E-15, 3.03194E-15, 1.68133E-14, 1.83665E-16, 1.75807E-16, 1.62928E-16, 6.61696E-13
256, 2.35625E-15, 2.56692E-15, 2.85311E-15, 1.72875E-14, 1.83937E-16, 1.76275E-16, 1.62062E-16, 7.15513E-13
257, 2.61058E-15, 2.80613E-15, 3.03093E-15, 1.73509E-14, 1.84801E-16, 1.75915E-16, 1.62959E-16, 7.56390E-13
258, 2.36772E-15, 2.34324E-15, 3.03045E-15, 1.74133E-14, 1.84145E-16, 1.76813E-16, 1.62893E-16, 5.65487E-13
259, 2.37354E-15, 2.34795E-15, 2.67350E-15, 1.58106E-14, 1.83342E-16, 1.77108E-16, 1.62786E-16, 5.75732E-13
260, 2.62988E-15, 2.58782E-15, 3.02950E-15, 1.79529E-14, 1.83703E-16, 1.77050E-16, 1.61503E-16, 6.27916E-13
261, 2.88751E-15, 2.59281E-15, 3.20723E-15, 1.80141E-14, 1.84335E-16, 1.77269E-16, 1.62060E-16, 6.39844E-13
262, 2.64303E-15, 2.36154E-15, 2.67230E-15, 1.76539E-14, 1.83648E-16, 1.77103E-16, 1.62488E-16, 6.76086E-13
263, 2.77585E-15, 2.36589E-15, 2.85006E-15, 1.72902E-14, 1.84745E-16, 1.77698E-16, 1.63088E-16, 6.92776E-13
264, 2.78286E-15, 2.37015E-15, 2.31536E-15, 1.64997E-14, 1.84559E-16, 1.77125E-16, 1.62042E-16, 6.34917E-13
265, 3.17037E-15, 2.13689E-15, 2.67122E-15, 1.65519E-14, 1.85665E-16, 1.77111E-16, 1.60028E-16, 8.70779E-13
266, 3.17844E-15, 2.61624E-15, 2.67088E-15, 1.78806E-14, 1.84862E-16, 1.76301E-16, 1.59707E-16, 8.53737E-13
267, 3.05909E-15, 2.38239E-15, 2.13645E-15, 1.58002E-14, 1.85102E-16, 1.77004E-16, 1.60567E-16, 7.06548E-13
268, 3.70586E-15, 2.38628E-15, 2.31422E-15, 1.92742E-14, 1.85436E-16, 1.77153E-16, 1.59949E-16, 6.82164E-13
269, 3.33103E-15, 2.62909E-15, 2.31397E-15, 1.63243E-14, 1.85863E-16, 1.77220E-16, 1.59555E-16, 6.82045E-13
270, 3.33959E-15, 2.15441E-15, 2.13575E-15, 1.93878E-14, 1.85886E-16, 1.77316E-16, 1.59622E-16, 7.39287E-13
271, 3.09065E-15, 2.15766E-15, 2.13554E-15, 1.68511E-14, 1.85285E-16, 1.78202E-16, 1.59534E-16, 7.09679E-13
272, 2.84041E-15, 2.40092E-15, 2.49124E-15, 1.77656E-14, 1.85873E-16, 1.77673E-16, 1.60036E-16, 7.63451E-13
273, 3.23608E-15, 2.16390E-15, 2.13516E-15, 1.78155E-14, 1.86592E-16, 1.77652E-16, 1.59635E-16, 8.59749E-13
274, 3.11469E-15, 2.16689E-15, 2.31291E-15, 1.74292E-14, 1.87131E-16, 1.77834E-16, 1.58965E-16, 6.93586E-13
275, 2.86254E-15, 2.16980E-15, 2.84646E-15, 1.92248E-14, 1.86895E-16, 1.78213E-16, 1.57742E-16, 9.29321E-13
276, 2.86998E-15, 2.17261E-15, 2.66838E-15, 1.75246E-14, 1.87490E-16, 1.78818E-16, 1.58638E-16, 8.45145E-13
277, 3.13904E-15, 2.17533E-15, 2.84611E-15, 1.75718E-14, 1.87174E-16, 1.78735E-16, 1.57648E-16, 1.01133E-12
278, 2.88496E-15, 2.66195E-15, 2.13448E-15, 1.80593E-14, 1.87189E-16, 1.79209E-16, 1.58570E-16, 6.85157E-13
279, 2.89250E-15, 1.93822E-15, 2.31225E-15, 1.85488E-14, 1.87302E-16, 1.79229E-16, 1.58494E-16, 7.40188E-13
280, 3.16372E-15, 2.18294E-15, 2.66789E-15, 1.81549E-14, 1.88826E-16, 1.79100E-16, 1.58041E-16, 7.73370E-13
281, 3.43636E-15, 2.67090E-15, 2.66781E-15, 1.99784E-14, 1.86884E-16, 1.78590E-16, 1.58236E-16, 6.48821E-13
282, 2.91535E-15, 2.67365E-15, 2.31206E-15, 1.91403E-14, 1.88868E-16, 1.79132E-16, 1.58190E-16, 6.25292E-13
283, 3.18877E-15, 2.43298E-15, 2.13418E-15, 1.82974E-14, 1.87455E-16, 1.78818E-16, 1.58235E-16, 7.13276E-13
284, 2.93078E-15, 1.94821E-15, 2.31202E-15, 1.83447E-14, 1.88765E-16, 1.78597E-16, 1.58233E-16, 9.25478E-13
285, 2.93857E-15, 2.43743E-15, 2.48988E-15, 1.97377E-14, 1.89198E-16, 1.78214E-16, 1.59391E-16, 8.55379E-13
286, 2.67855E-15, 2.31751E-15, 2.31206E-15, 1.75397E-14, 1.88312E-16, 1.78468E-16, 1.58056E-16, 7.22432E-13
287, 2.95428E-15, 2.19728E-15, 1.95640E-15, 1.89373E-14, 1.89304E-16, 1.78625E-16, 1.58911E-16, 7.62752E-13
288, 2.69292E-15, 2.07677E-15, 2.13431E-15, 1.80816E-14, 1.88212E-16, 1.77326E-16, 1.58869E-16, 6.83867E-13
289, 2.43017E-15, 2.32272E-15, 2.13439E-15, 1.99405E-14, 1.89257E-16, 1.77859E-16, 1.59243E-16, 9.26094E-13
290, 2.70750E-15, 2.20190E-15, 2.49023E-15, 1.86282E-14, 1.90074E-16, 1.76658E-16, 1.58563E-16, 7.28854E-13
291, 3.25783E-15, 2.32563E-15, 2.31247E-15, 1.86755E-14, 1.87907E-16, 1.78303E-16, 1.59015E-16, 7.95479E-13
292, 2.17782E-15, 2.44939E-15, 2.13471E-15, 1.91795E-14, 1.88718E-16, 1.77664E-16, 1.59017E-16, 8.56783E-13
293, 2.18380E-15, 2.57316E-15, 2.13485E-15, 1.92281E-14, 1.88562E-16, 1.77692E-16, 1.58871E-16, 1.06524E-12
294, 3.01100E-15, 2.32916E-15, 2.13501E-15, 1.97357E-14, 1.88709E-16, 1.77000E-16, 1.58596E-16, 7.53369E-13
295, 3.01934E-15, 2.69802E-15, 2.13518E-15, 1.88653E-14, 1.88600E-16, 1.77788E-16, 1.58838E-16, 6.77282E-13
296, 2.20199E-15, 2.94436E-15, 2.13536E-15, 1.84517E-14, 1.89155E-16, 1.77563E-16, 1.58274E-16, 6.75401E-13
297, 2.48417E-15, 2.82255E-15, 1.95760E-15, 1.89607E-14, 1.89595E-16, 1.78063E-16, 1.58648E-16, 6.83817E-13
298, 2.21436E-15, 2.70054E-15, 1.95779E-15, 1.99357E-14, 1.90683E-16, 1.78753E-16, 1.57734E-16, 7.39165E-13
299, 1.94303E-15, 2.94668E-15, 2.13600E-15, 1.95212E-14, 1.90186E-16, 1.78793E-16, 1.58593E-16, 6.49670E-13
300, 1.94854E-15, 2.57878E-15, 2.13624E-15, 1.86385E-14, 1.91057E-16, 1.77778E-16, 1.59245E-16, 5.84438E-13
301, 2.23325E-15, 2.70191E-15, 1.95845E-15, 1.75177E-14, 1.91656E-16, 1.78627E-16, 1.59023E-16, 7.05324E-13
302, 2.23965E-15, 2.70211E-15, 2.13675E-15, 2.01377E-14, 1.91960E-16, 1.77493E-16, 1.59267E-16, 6.90383E-13
303, 2.24609E-15, 2.70219E-15, 1.78085E-15, 1.87800E-14, 1.92178E-16, 1.77940E-16, 1.58837E-16, 7.80646E-13
304, 2.81573E-15, 2.94779E-15, 2.13731E-15, 1.97689E-14, 1.92885E-16, 1.77169E-16, 1.59271E-16, 7.09402E-13
305, 2.54151E-15, 2.94761E-15, 2.13761E-15, 1.86393E-14, 1.92946E-16, 1.77989E-16, 1.58662E-16, 6.41779E-13
306, 2.83214E-15, 2.45608E-15, 2.13792E-15, 1.93962E-14, 1.94104E-16, 1.77658E-16, 1.59097E-16, 5.80442E-13
307, 2.84043E-15, 2.45572E-15, 2.13824E-15, 2.08684E-14, 1.94662E-16, 1.77707E-16, 1.58560E-16, 7.10284E-13
308, 2.56391E-15, 2.33248E-15, 2.31679E-15, 1.97329E-14, 1.94552E-16, 1.76959E-16, 1.59001E-16, 6.36314E-13
309, 2.57148E-15, 2.20920E-15, 2.13892E-15, 1.81150E-14, 1.95512E-16, 1.75671E-16, 1.58244E-16, 7.59710E-13
310, 2.57911E-15, 2.20859E-15, 2.31754E-15, 1.95953E-14, 1.94666E-16, 1.75497E-16, 1.59480E-16, 6.17306E-13
311, 2.87422E-15, 2.94385E-15, 1.78303E-15, 2.06041E-14, 1.95011E-16, 1.75734E-16, 1.60068E-16, 8.18486E-13
312, 2.59453E-15, 2.08448E-15, 2.14001E-15, 2.01771E-14, 1.95762E-16, 1.75979E-16, 1.58426E-16, 7.08212E-13
313, 2.60232E-15, 2.08365E-15, 1.87284E-15, 1.95070E-14, 1.96665E-16, 1.75216E-16, 1.59875E-16, 6.14907E-13
314, 2.32014E-15, 1.96022E-15, 1.96239E-15, 2.02823E-14, 1.96834E-16, 1.75509E-16, 1.59038E-16, 7.99674E-13
315, 2.90895E-15, 2.20420E-15, 2.14120E-15, 1.86409E-14, 1.96974E-16, 1.75865E-16, 1.58978E-16, 5.94917E-13
316, 2.33423E-15, 2.44785E-15, 1.78468E-15, 2.01463E-14, 1.97794E-16, 1.75173E-16, 1.59933E-16, 6.65626E-13
317, 2.63401E-15, 2.93580E-15, 1.78504E-15, 2.06864E-14, 1.97845E-16, 1.74538E-16, 1.60635E-16, 6.40168E-13
318, 2.34850E-15, 2.44505E-15, 2.14249E-15, 1.95213E-14, 1.97317E-16, 1.75765E-16, 1.59213E-16, 6.11493E-13
319, 3.23909E-15, 2.07699E-15, 2.14294E-15, 1.95734E-14, 1.97646E-16, 1.74780E-16, 1.59710E-16, 7.88286E-13
320, 2.36296E-15, 2.19771E-15, 2.32202E-15, 1.96258E-14, 1.96751E-16, 1.74583E-16, 1.59347E-16, 7.25150E-13
321, 2.96282E-15, 2.44019E-15, 1.78656E-15, 2.01705E-14, 1.97598E-16, 1.74227E-16, 1.59459E-16, 6.92982E-13
322, 2.37760E-15, 1.70688E-15, 2.14436E-15, 1.97316E-14, 1.96718E-16, 1.74896E-16, 1.58757E-16, 7.03657E-13
323, 2.08686E-15, 2.07104E-15, 2.32360E-15, 2.20106E-14, 1.97508E-16, 1.73952E-16, 1.59137E-16, 6.21275E-13
324, 2.39242E-15, 1.94764E-15, 2.50293E-15, 1.95904E-14, 1.97533E-16, 1.73627E-16, 1.58551E-16, 6.76760E-13
325, 2.39990E-15, 1.70275E-15, 2.50355E-15, 2.26272E-14, 1.98409E-16, 1.74510E-16, 1.59426E-16, 6.24694E-13
326, 2.40742E-15, 1.82278E-15, 1.78869E-15, 1.99459E-14, 1.97846E-16, 1.74004E-16, 1.59205E-16, 6.19057E-13
327, 2.71686E-15, 1.94253E-15, 2.14699E-15, 2.17498E-14, 1.97535E-16, 1.73607E-16, 1.58312E-16, 6.43436E-13
328, 2.72543E-15, 2.06199E-15, 1.78963E-15, 2.10564E-14, 1.99151E-16, 1.73112E-16, 1.58813E-16, 5.93296E-13
329, 2.73404E-15, 2.18115E-15, 1.79011E-15, 2.16157E-14, 1.98433E-16, 1.74442E-16, 1.58972E-16, 5.10163E-13
330, 2.74270E-15, 2.17894E-15, 2.14873E-15, 2.11694E-14, 1.99957E-16, 1.74410E-16, 1.58265E-16, 6.44179E-13
331, 2.44569E-15, 2.05574E-15, 1.97023E-15, 2.19838E-14, 2.01486E-16, 1.72035E-16, 1.57797E-16, 5.30874E-13
332, 3.06684E-15, 2.17431E-15, 1.79164E-15, 2.15351E-14, 2.01366E-16, 1.72791E-16, 1.57516E-16, 5.38802E-13
333, 2.46129E-15, 2.05123E-15, 1.97140E-15, 2.13375E-14, 2.01688E-16, 1.72245E-16, 1.57007E-16, 5.56645E-13
334, 2.77780E-15, 2.16940E-15, 2.15128E-15, 2.08834E-14, 2.02271E-16, 1.72391E-16, 1.56973E-16, 6.40273E-13
335, 2.47706E-15, 1.92608E-15, 1.97263E-15, 2.42561E-14, 2.01540E-16, 1.71769E-16, 1.56370E-16, 5.64871E-13
336, 2.79563E-15, 1.92375E-15, 2.51144E-15, 2.02218E-14, 2.02453E-16, 1.71414E-16, 1.57455E-16, 5.08055E-13
337, 2.49298E-15, 1.92135E-15, 2.15339E-15, 2.12986E-14, 2.03102E-16, 1.72721E-16, 1.57449E-16, 5.86589E-13
338, 2.50100E-15, 1.91890E-15, 2.51315E-15, 2.16080E-14, 2.03640E-16, 1.71565E-16, 1.57483E-16, 5.78020E-13
339, 2.50906E-15, 2.39548E-15, 2.15490E-15, 2.11442E-14, 2.03295E-16, 1.71469E-16, 1.58852E-16, 5.27114E-13
340, 2.67448E-15, 2.39227E-15, 2.15569E-15, 1.99017E-14, 2.03973E-16, 1.72105E-16, 1.58070E-16, 5.78763E-13
341, 3.15661E-15, 2.38899E-15, 1.79708E-15, 2.09838E-14, 2.05200E-16, 1.71359E-16, 1.58749E-16, 5.41070E-13
342, 2.85014E-15, 1.90851E-15, 2.15733E-15, 2.25888E-14, 2.06229E-16, 1.71220E-16, 1.58801E-16, 7.47395E-13
343, 2.85937E-15, 2.38221E-15, 2.15819E-15, 2.26383E-14, 2.06155E-16, 1.71567E-16, 1.57786E-16, 8.13121E-13
344, 2.86864E-15, 2.37872E-15, 2.15908E-15, 2.21650E-14, 2.06293E-16, 1.72087E-16, 1.58361E-16, 6.17030E-13
345, 2.71806E-15, 1.90013E-15, 1.61999E-15, 2.11656E-14, 2.05980E-16, 1.72545E-16, 1.58667E-16, 5.53253E-13
346, 3.20810E-15, 2.37154E-15, 1.98085E-15, 2.19935E-14, 2.05718E-16, 1.72410E-16, 1.58013E-16, 6.43604E-13
347, 2.89667E-15, 1.53911E-15, 1.44126E-15, 2.01997E-14, 2.06352E-16, 1.71274E-16, 1.58444E-16, 5.80987E-13
348, 2.58319E-15, 2.36411E-15, 1.80240E-15, 2.28655E-14, 2.07967E-16, 1.71523E-16, 1.58697E-16, 6.05217E-13
349, 2.59159E-15, 1.88825E-15, 1.80325E-15, 2.13266E-14, 2.07598E-16, 1.70635E-16, 1.59194E-16, 5.88928E-13
350, 2.43751E-15, 1.88515E-15, 1.80412E-15, 2.21544E-14, 2.07214E-16, 1.70360E-16, 1.60108E-16, 5.34782E-13
351, 2.93452E-15, 2.82303E-15, 1.80502E-15, 2.29832E-14, 2.08210E-16, 1.70724E-16, 1.59365E-16, 6.13537E-13
352, 2.28983E-15, 2.23112E-15, 2.52833E-15, 2.11668E-14, 2.07919E-16, 1.69045E-16, 1.59957E-16, 5.46525E-13
353, 2.62545E-15, 1.87561E-15, 1.80690E-15, 2.09331E-14, 2.07907E-16, 1.69307E-16, 1.59267E-16, 5.03127E-13
354, 2.96322E-15, 2.80852E-15, 1.80788E-15, 2.28196E-14, 2.08768E-16, 1.68545E-16, 1.59076E-16, 6.98811E-13
355, 2.64252E-15, 1.86904E-15, 1.98977E-15, 2.09896E-14, 2.08871E-16, 1.69621E-16, 1.59066E-16, 5.66368E-13
356, 2.65108E-15, 1.74909E-15, 1.80991E-15, 2.18132E-14, 2.09657E-16, 1.68708E-16, 1.57954E-16, 5.43306E-13
357, 2.65966E-15, 1.86232E-15, 1.99207E-15, 2.23705E-14, 2.08672E-16, 1.68972E-16, 1.59105E-16, 4.87471E-13
358, 3.00179E-15, 1.85890E-15, 2.17448E-15, 1.97278E-14, 2.09798E-16, 1.68739E-16, 1.58569E-16, 5.68807E-13
359, 3.34608E-15, 2.31932E-15, 2.17582E-15, 2.10807E-14, 2.11319E-16, 1.67782E-16, 1.58456E-16, 7.30848E-13
360, 2.68548E-15, 2.77797E-15, 2.17719E-15, 2.21669E-14, 2.11666E-16, 1.68458E-16, 1.60079E-16, 6.91104E-13
361, 4.04115E-15, 1.84847E-15, 2.54170E-15, 2.19163E-14, 2.13146E-16, 1.68215E-16, 1.60036E-16, 5.12555E-13
362, 3.37841E-15, 1.84493E-15, 2.36172E-15, 2.21982E-14, 2.13391E-16, 1.68432E-16, 1.60178E-16, 6.46352E-13
363, 3.05027E-15, 2.07153E-15, 2.54513E-15, 2.27458E-14, 2.13063E-16, 1.68344E-16, 1.59139E-16, 6.77540E-13
364, 3.05998E-15, 2.29722E-15, 2.54690E-15, 2.03467E-14, 2.14474E-16, 1.67779E-16, 1.58988E-16, 5.48364E-13
365, 3.41075E-15, 2.06343E-15, 2.73077E-15, 2.46389E-14, 2.14376E-16, 1.67112E-16, 1.59188E-16, 6.63703E-13
366, 3.42151E-15, 1.83052E-15, 2.55058E-15, 2.35735E-14, 2.16171E-16, 1.67469E-16, 1.59777E-16, 5.53722E-13
367, 4.46194E-15, 2.05523E-15, 2.55249E-15, 2.08978E-14, 2.17176E-16, 1.67499E-16, 1.60354E-16, 6.51288E-13
368, 3.44299E-15, 1.93714E-15, 2.55444E-15, 2.17025E-14, 2.17777E-16, 1.67349E-16, 1.60777E-16, 5.31179E-13
369, 3.79907E-15, 2.04694E-15, 2.64774E-15, 2.19691E-14, 2.16777E-16, 1.67298E-16, 1.60125E-16, 4.88798E-13
370, 4.85013E-15, 2.26975E-15, 3.28947E-15, 2.30369E-14, 2.17556E-16, 1.66888E-16, 1.60770E-16, 6.00106E-13
371, 4.17003E-15, 2.03859E-15, 3.10925E-15, 2.24950E-14, 2.19002E-16, 1.66291E-16, 1.60815E-16, 5.94348E-13
372, 5.22845E-15, 2.26044E-15, 3.47794E-15, 2.14159E-14, 2.18452E-16, 1.66693E-16, 1.60567E-16, 5.48168E-13
373, 5.24430E-15, 2.48134E-15, 3.48089E-15, 2.32787E-14, 2.19663E-16, 1.66392E-16, 1.60196E-16, 6.20644E-13
374, 5.26008E-15, 2.36363E-15, 3.66727E-15, 2.29980E-14, 2.20821E-16, 1.67116E-16, 1.60563E-16, 6.04014E-13
375, 5.27578E-15, 2.02174E-15, 3.48698E-15, 2.16464E-14, 2.20496E-16, 1.67097E-16, 1.60918E-16, 5.42076E-13
376, 5.29140E-15, 2.24168E-15, 3.49011E-15, 2.32321E-14, 2.22407E-16, 1.67571E-16, 1.60676E-16, 4.57858E-13
377, 5.66072E-15, 2.46068E-15, 3.67716E-15, 2.32122E-14, 2.23941E-16, 1.66778E-16, 1.58847E-16, 5.40413E-13
378, 5.32236E-15, 2.00905E-15, 3.58857E-15, 2.42566E-14, 2.24248E-16, 1.66819E-16, 1.59074E-16, 5.87672E-13
379, 6.04937E-15, 2.22757E-15, 3.68407E-15, 2.26341E-14, 2.24606E-16, 1.65467E-16, 1.59503E-16, 6.04366E-13
380, 5.35289E-15, 2.22287E-15, 3.68761E-15, 2.34072E-14, 2.26243E-16, 1.65244E-16, 1.58617E-16, 6.73799E-13
381, 5.72584E-15, 2.21817E-15, 3.69121E-15, 2.12543E-14, 2.25559E-16, 1.65097E-16, 1.57864E-16, 5.25278E-13
382, 5.38294E-15, 2.21348E-15, 3.87962E-15, 2.20239E-14, 2.25475E-16, 1.65014E-16, 1.59193E-16, 5.65329E-13
383, 6.11748E-15, 2.09835E-15, 3.88352E-15, 2.14651E-14, 2.27216E-16, 1.63970E-16, 1.59293E-16, 6.43017E-13
384, 5.41247E-15, 2.20412E-15, 3.70237E-15, 2.24942E-14, 2.25583E-16, 1.65026E-16, 1.60903E-16, 5.85902E-13
385, 5.42702E-15, 2.41940E-15, 3.89150E-15, 2.16695E-14, 2.27962E-16, 1.64274E-16, 1.60621E-16, 6.99125E-13
386, 5.80418E-15, 2.27711E-15, 3.89557E-15, 2.26930E-14, 2.27537E-16, 1.64042E-16, 1.59932E-16, 7.67488E-13
387, 5.45566E-15, 2.55977E-15, 3.52830E-15, 2.39759E-14, 2.28775E-16, 1.64386E-16, 1.60978E-16, 6.39652E-13
388, 5.83440E-15, 2.43143E-15, 3.90388E-15, 2.20971E-14, 2.29850E-16, 1.65150E-16, 1.60590E-16, 6.68864E-13
389, 5.11809E-15, 2.75346E-15, 3.90810E-15, 2.17992E-14, 2.31060E-16, 1.65032E-16, 1.59604E-16, 5.98723E-13
390, 5.49741E-15, 2.61166E-15, 3.63292E-15, 2.28126E-14, 2.31169E-16, 1.64543E-16, 1.59334E-16, 6.99179E-13
391, 4.77618E-15, 2.57904E-15, 3.73018E-15, 2.17277E-14, 2.30615E-16, 1.63754E-16, 1.58855E-16, 7.28596E-13
392, 5.15607E-15, 2.64139E-15, 4.01441E-15, 2.29978E-14, 2.31422E-16, 1.62212E-16, 1.58827E-16, 6.80558E-13
393, 5.53756E-15, 2.67645E-15, 3.73852E-15, 2.11324E-14, 2.30128E-16, 1.62074E-16, 1.58970E-16, 6.88401E-13
394, 5.55057E-15, 2.70463E-15, 4.02345E-15, 2.18773E-14, 2.30598E-16, 1.61625E-16, 1.58449E-16, 6.67403E-13
395, 5.19250E-15, 2.77309E-15, 3.74701E-15, 2.20993E-14, 2.30408E-16, 1.60581E-16, 1.58205E-16, 6.40320E-13
396, 5.57601E-15, 2.84800E-15, 3.65752E-15, 2.18011E-14, 2.31018E-16, 1.60487E-16, 1.57996E-16, 7.38748E-13
397, 5.58842E-15, 2.68297E-15, 3.75562E-15, 2.25400E-14, 2.32113E-16, 1.60864E-16, 1.58313E-16, 6.83968E-13
398, 5.22726E-15, 2.75613E-15, 3.57197E-15, 2.30175E-14, 2.32183E-16, 1.60321E-16, 1.57448E-16, 5.93912E-13
399, 5.23846E-15, 2.83735E-15, 3.76433E-15, 2.11695E-14, 2.32588E-16, 1.60356E-16, 1.58883E-16, 6.15018E-13
400, 5.24946E-15, 2.74503E-15, 3.95716E-15, 2.24204E-14, 2.33736E-16, 1.59886E-16, 1.58666E-16, 7.51098E-13
401, 5.26026E-15, 2.71296E-15, 3.49015E-15, 2.16089E-14, 2.32457E-16, 1.60110E-16, 1.58506E-16, 9.19125E-13
402, 6.02384E-15, 2.82704E-15, 3.39981E-15, 2.08001E-14, 2.34274E-16, 1.60252E-16, 1.57231E-16, 6.53359E-13
403, 6.41294E-15, 3.08309E-15, 3.59290E-15, 2.23011E-14, 2.34662E-16, 1.60182E-16, 1.57408E-16, 7.68434E-13
404, 6.04734E-15, 2.73665E-15, 4.16510E-15, 2.17498E-14, 2.33423E-16, 1.60273E-16, 1.57962E-16, 7.12761E-13
405, 5.30138E-15, 2.81711E-15, 3.60137E-15, 2.17114E-14, 2.34142E-16, 1.60739E-16, 1.57531E-16, 8.07176E-13
406, 5.31113E-15, 3.10802E-15, 3.60561E-15, 2.14181E-14, 2.33301E-16, 1.61252E-16, 1.57109E-16, 7.61912E-13
407, 6.08074E-15, 2.78992E-15, 4.08483E-15, 2.08714E-14, 2.32842E-16, 1.59782E-16, 1.56595E-16, 8.95135E-13
408, 5.71067E-15, 2.82729E-15, 3.80431E-15, 2.05807E-14, 2.34429E-16, 1.59349E-16, 1.56830E-16, 7.21388E-13
409, 5.33904E-15, 2.73689E-15, 3.61833E-15, 2.18131E-14, 2.33992E-16, 1.59663E-16, 1.56773E-16, 7.52741E-13
410, 5.72989E-15, 2.96057E-15, 3.43191E-15, 2.07624E-14, 2.35397E-16, 1.59514E-16, 1.56420E-16, 7.29307E-13
411, 5.73913E-15, 2.83446E-15, 3.43592E-15, 2.09793E-14, 2.33623E-16, 1.57928E-16, 1.56215E-16, 7.15326E-13
412, 4.98171E-15, 2.78699E-15, 3.63102E-15, 2.14479E-14, 2.34354E-16, 1.58440E-16, 1.56601E-16, 7.02071E-13
413, 5.37309E-15, 2.75600E-15, 3.25257E-15, 2.21670E-14, 2.34388E-16, 1.58386E-16, 1.55226E-16, 7.54201E-13
414, 4.99666E-15, 2.71218E-15, 3.35209E-15, 2.13750E-14, 2.34776E-16, 1.57847E-16, 1.55697E-16, 8.28569E-13
415, 5.00381E-15, 2.82402E-15, 3.26005E-15, 2.00837E-14, 2.34194E-16, 1.57307E-16, 1.54865E-16, 8.34613E-13
416, 4.43257E-15, 2.61222E-15, 3.45575E-15, 2.18043E-14, 2.34643E-16, 1.57386E-16, 1.56207E-16, 7.00727E-13
417, 4.63148E-15, 2.62066E-15, 3.26746E-15, 2.00166E-14, 2.35616E-16, 1.57226E-16, 1.55960E-16, 7.91182E-13
418, 4.25101E-15, 2.74511E-15, 2.98250E-15, 2.22315E-14, 2.34096E-16, 1.57747E-16, 1.56002E-16, 7.14556E-13
419, 3.86936E-15, 2.52181E-15, 3.27478E-15, 1.99505E-14, 2.34455E-16, 1.57660E-16, 1.54980E-16, 7.29747E-13
420, 4.06770E-15, 2.49840E-15, 2.79628E-15, 2.29056E-14, 2.33990E-16, 1.56977E-16, 1.54873E-16, 9.62102E-13
421, 3.87846E-15, 2.51358E-15, 2.41323E-15, 1.98855E-14, 2.32972E-16, 1.56628E-16, 1.54632E-16, 7.69187E-13
422, 3.30033E-15, 2.47755E-15, 2.31922E-15, 2.13424E-14, 2.32521E-16, 1.57352E-16, 1.54809E-16, 6.54681E-13
423, 3.30382E-15, 2.39695E-15, 2.22497E-15, 2.18037E-14, 2.32256E-16, 1.55907E-16, 1.54069E-16, 7.20572E-13
424, 3.11262E-15, 2.45066E-15, 2.13049E-15, 2.10269E-14, 2.33038E-16, 1.56500E-16, 1.54828E-16, 7.62515E-13
425, 3.11561E-15, 2.54887E-15, 2.32661E-15, 2.17345E-14, 2.33323E-16, 1.56369E-16, 1.54918E-16, 7.15868E-13
426, 3.31336E-15, 2.44323E-15, 1.94086E-15, 2.02207E-14, 2.33618E-16, 1.56748E-16, 1.54546E-16, 9.04352E-13
427, 2.92608E-15, 2.44597E-15, 1.74856E-15, 2.06814E-14, 2.33538E-16, 1.56668E-16, 1.54208E-16, 8.63136E-13
428, 2.73324E-15, 2.37262E-15, 1.94481E-15, 2.18784E-14, 2.33936E-16, 1.57360E-16, 1.54440E-16, 7.64376E-13
429, 2.53996E-15, 2.33122E-15, 1.55740E-15, 2.18445E-14, 2.32331E-16, 1.55750E-16, 1.54823E-16, 7.42423E-13
430, 2.73730E-15, 2.27733E-15, 1.75379E-15, 2.25461E-14, 2.32085E-16, 1.55609E-16, 1.53846E-16, 8.31573E-13
431, 2.54348E-15, 2.19837E-15, 1.95054E-15, 2.10434E-14, 2.31319E-16, 1.54358E-16, 1.54030E-16, 7.48178E-13
432, 2.34928E-15, 2.42249E-15, 1.95240E-15, 2.17444E-14, 2.31732E-16, 1.54969E-16, 1.54904E-16, 7.96902E-13
433, 2.35062E-15, 2.41926E-15, 1.95422E-15, 2.14675E-14, 2.32129E-16, 1.55716E-16, 1.54401E-16, 8.61659E-13
434, 2.54782E-15, 2.13925E-15, 1.95602E-15, 2.02173E-14, 2.32897E-16, 1.55375E-16, 1.54283E-16, 7.62115E-13
435, 2.54901E-15, 2.41299E-15, 1.95778E-15, 2.18895E-14, 2.33209E-16, 1.55083E-16, 1.54167E-16, 8.42396E-13
436, 2.55008E-15, 2.10871E-15, 2.35141E-15, 2.16141E-14, 2.34565E-16, 1.55587E-16, 1.54017E-16, 1.01000E-12
437, 2.45289E-15, 2.16879E-15, 1.96121E-15, 2.13396E-14, 2.34743E-16, 1.55138E-16, 1.53598E-16, 8.83749E-13
438, 2.55181E-15, 2.00339E-15, 2.15916E-15, 2.20346E-14, 2.33258E-16, 1.54858E-16, 1.53815E-16, 7.48904E-13
439, 2.35614E-15, 1.91347E-15, 1.96451E-15, 2.07935E-14, 2.34149E-16, 1.55343E-16, 1.54351E-16, 8.27475E-13
440, 2.74941E-15, 1.94873E-15, 2.75254E-15, 2.22118E-14, 2.33813E-16, 1.54918E-16, 1.54400E-16, 6.82126E-13
441, 2.35702E-15, 2.04635E-15, 1.96766E-15, 2.12154E-14, 2.33541E-16, 1.54817E-16, 1.55248E-16, 9.12743E-13
442, 2.35728E-15, 1.84466E-15, 1.96918E-15, 2.11850E-14, 2.34300E-16, 1.54669E-16, 1.55101E-16, 8.79701E-13
443, 2.35742E-15, 1.89246E-15, 1.57653E-15, 2.04336E-14, 2.33883E-16, 1.53656E-16, 1.55618E-16, 8.23314E-13
444, 2.35744E-15, 2.38795E-15, 1.97211E-15, 1.96846E-14, 2.34110E-16, 1.53898E-16, 1.55083E-16, 8.53941E-13
445, 2.35734E-15, 1.64002E-15, 1.57882E-15, 2.22939E-14, 2.34308E-16, 1.54006E-16, 1.54457E-16, 7.89345E-13
446, 2.55354E-15, 1.98591E-15, 1.97489E-15, 2.05872E-14, 2.33884E-16, 1.54085E-16, 1.54310E-16, 8.37013E-13
447, 2.74957E-15, 1.58717E-15, 1.97622E-15, 2.17541E-14, 2.34105E-16, 1.54072E-16, 1.54960E-16, 7.94048E-13
448, 1.96360E-15, 1.58565E-15, 1.58200E-15, 2.17243E-14, 2.34588E-16, 1.53624E-16, 1.54387E-16, 8.90679E-13
449, 3.14100E-15, 2.37627E-15, 1.58300E-15, 2.07413E-14, 2.33928E-16, 1.53832E-16, 1.54817E-16, 9.52473E-13
450, 2.94382E-15, 1.78059E-15, 1.58397E-15, 2.28563E-14, 2.35184E-16, 1.53866E-16, 1.54791E-16, 7.85802E-13
451, 2.35425E-15, 1.97670E-15, 1.58490E-15, 2.09238E-14, 2.35029E-16, 1.53471E-16, 1.55591E-16, 8.20886E-13
452, 2.94167E-15, 1.97502E-15, 1.58580E-15, 2.20837E-14, 2.36830E-16, 1.53879E-16, 1.55063E-16, 9.05131E-13
453, 2.64635E-15, 2.36806E-15, 1.58666E-15, 2.01579E-14, 2.34749E-16, 1.53621E-16, 1.54535E-16, 8.30719E-13
454, 2.84099E-15, 1.97181E-15, 1.58749E-15, 2.17900E-14, 2.35110E-16, 1.53500E-16, 1.55053E-16, 8.12786E-13
455, 2.74157E-15, 1.97028E-15, 1.58829E-15, 2.05798E-14, 2.34433E-16, 1.53983E-16, 1.55881E-16, 8.31756E-13
456, 2.73999E-15, 1.96881E-15, 1.58905E-15, 2.07904E-14, 2.35028E-16, 1.53934E-16, 1.56368E-16, 9.38495E-13
457, 3.03167E-15, 1.96738E-15, 1.98722E-15, 2.02930E-14, 2.34675E-16, 1.54146E-16, 1.56448E-16, 7.70637E-13
458, 3.22511E-15, 1.57281E-15, 1.98809E-15, 2.16825E-14, 2.32773E-16, 1.52764E-16, 1.57092E-16, 9.16765E-13
459, 3.02749E-15, 1.57176E-15, 1.98891E-15, 2.09505E-14, 2.33780E-16, 1.52860E-16, 1.56269E-16, 7.66649E-13
460, 3.12280E-15, 2.35612E-15, 2.38763E-15, 2.16313E-14, 2.33328E-16, 1.53344E-16, 1.57100E-16, 8.68916E-13
461, 3.31533E-15, 1.56978E-15, 1.59234E-15, 2.04322E-14, 2.32933E-16, 1.53618E-16, 1.57718E-16, 9.13619E-13
462, 3.31256E-15, 1.56885E-15, 1.99112E-15, 2.11129E-14, 2.33149E-16, 1.53404E-16, 1.57152E-16, 8.03108E-13
463, 3.40699E-15, 1.95996E-15, 1.59342E-15, 1.99178E-14, 2.34262E-16, 1.54524E-16, 1.57352E-16, 8.59217E-13
464, 3.69562E-15, 1.95890E-15, 1.59390E-15, 2.13006E-14, 2.32951E-16, 1.53174E-16, 1.56965E-16, 7.77377E-13
465, 3.40061E-15, 1.95790E-15, 1.59436E-15, 2.05765E-14, 2.33009E-16, 1.53822E-16, 1.56910E-16, 7.84308E-13
466, 3.68842E-15, 2.15265E-15, 1.59478E-15, 1.98543E-14, 2.33470E-16, 1.53558E-16, 1.55394E-16, 9.46354E-13
467, 4.07247E-15, 1.95605E-15, 1.59516E-15, 1.93674E-14, 2.33023E-16, 1.53730E-16, 1.55948E-16, 8.17434E-13
468, 4.06813E-15, 1.75969E-15, 1.99439E-15, 1.95812E-14, 2.33761E-16, 1.54270E-16, 1.57408E-16, 1.07698E-12
469, 3.57988E-15, 2.54074E-15, 1.99479E-15, 2.07266E-14, 2.33120E-16, 1.54020E-16, 1.57186E-16, 9.02346E-13
470, 3.47917E-15, 1.56294E-15, 1.99515E-15, 2.02416E-14, 2.33593E-16, 1.52970E-16, 1.56800E-16, 8.56962E-13
471, 3.66817E-15, 2.34357E-15, 1.79592E-15, 2.18500E-14, 2.31475E-16, 1.53402E-16, 1.57000E-16, 8.61549E-13
472, 3.85659E-15, 1.75710E-15, 1.59659E-15, 2.06692E-14, 2.31763E-16, 1.54118E-16, 1.57040E-16, 9.16309E-13
473, 3.85184E-15, 1.95175E-15, 1.59678E-15, 1.99550E-14, 2.32793E-16, 1.54235E-16, 1.57213E-16, 8.83281E-13
474, 3.94315E-15, 1.56097E-15, 1.39732E-15, 2.10973E-14, 2.33843E-16, 1.53943E-16, 1.57891E-16, 1.09716E-12
475, 3.84201E-15, 1.56058E-15, 1.99633E-15, 2.06166E-14, 2.33973E-16, 1.54094E-16, 1.57942E-16, 1.19075E-12
476, 3.64508E-15, 1.56023E-15, 2.39574E-15, 2.15260E-14, 2.31570E-16, 1.53623E-16, 1.57071E-16, 1.36176E-12
477, 3.73595E-15, 1.55992E-15, 1.59722E-15, 2.05843E-14, 2.30847E-16, 1.53674E-16, 1.57488E-16, 9.79274E-13
478, 3.44382E-15, 1.36469E-15, 1.79691E-15, 2.01067E-14, 2.31609E-16, 1.52886E-16, 1.58073E-16, 1.02962E-12
479, 3.05687E-15, 1.75435E-15, 1.59726E-15, 2.05541E-14, 2.31535E-16, 1.51903E-16, 1.58431E-16, 1.00244E-12
480, 3.05249E-15, 2.33884E-15, 1.59723E-15, 2.10013E-14, 2.30219E-16, 1.52585E-16, 1.57768E-16, 9.39247E-13
481, 3.04804E-15, 1.55908E-15, 1.99646E-15, 2.12179E-14, 2.30715E-16, 1.51967E-16, 1.58476E-16, 1.08601E-12
482, 3.23373E-15, 1.55897E-15, 1.99636E-15, 2.12042E-14, 2.31354E-16, 1.51348E-16, 1.58814E-16, 1.18804E-12
483, 2.84898E-15, 1.94862E-15, 1.59697E-15, 2.23427E-14, 2.32511E-16, 1.51455E-16, 1.58926E-16, 1.28938E-12
484, 3.41352E-15, 1.55886E-15, 1.59683E-15, 2.11784E-14, 2.31421E-16, 1.52431E-16, 1.59056E-16, 8.96850E-13
485, 3.02950E-15, 1.55887E-15, 1.59665E-15, 1.97859E-14, 2.31238E-16, 1.52615E-16, 1.59424E-16, 8.93641E-13
486, 3.02469E-15, 1.94864E-15, 1.79601E-15, 2.18445E-14, 2.31105E-16, 1.53288E-16, 1.59684E-16, 9.18452E-13
487, 2.64234E-15, 1.16924E-15, 1.59623E-15, 2.06840E-14, 2.29572E-16, 1.54046E-16, 1.59056E-16, 9.23873E-13
488, 2.63802E-15, 1.55911E-15, 1.99497E-15, 2.09033E-14, 2.29867E-16, 1.53149E-16, 1.60201E-16, 9.30530E-13
489, 3.00987E-15, 1.55927E-15, 1.59570E-15, 2.18117E-14, 2.29793E-16, 1.53454E-16, 1.59667E-16, 9.61898E-13
490, 3.00480E-15, 1.36454E-15, 1.59539E-15, 2.27197E-14, 2.28677E-16, 1.53008E-16, 1.59243E-16, 8.72208E-13
491, 2.99967E-15, 1.36474E-15, 1.59506E-15, 1.99571E-14, 2.28400E-16, 1.53369E-16, 1.59712E-16, 8.63574E-13
492, 2.62016E-15, 1.46248E-15, 1.59471E-15, 2.15540E-14, 2.27143E-16, 1.53196E-16, 1.59175E-16, 1.02091E-12
493, 2.61557E-15, 1.36525E-15, 1.59433E-15, 2.10871E-14, 2.27419E-16, 1.52039E-16, 1.59117E-16, 8.95888E-13
494, 2.61092E-15, 1.56064E-15, 1.99241E-15, 2.06209E-14, 2.25792E-16, 1.52628E-16, 1.58149E-16, 9.39050E-13
495, 2.42006E-15, 1.56102E-15, 1.99188E-15, 2.13008E-14, 2.25294E-16, 1.51733E-16, 1.58891E-16, 8.31458E-13
496, 2.22983E-15, 1.56145E-15, 1.79218E-15, 2.17516E-14, 2.25430E-16, 1.51714E-16, 1.59073E-16, 8.59771E-13
497, 2.59666E-15, 1.56191E-15, 1.59258E-15, 2.17446E-14, 2.24780E-16, 1.52442E-16, 1.60126E-16, 9.50221E-13
498, 2.22156E-15, 1.56240E-15, 1.59209E-15, 2.03652E-14, 2.23778E-16, 1.51856E-16, 1.60113E-16, 1.02438E-12
499, 2.77171E-15, 1.56294E-15, 1.79052E-15, 2.17319E-14, 2.24681E-16, 1.53057E-16, 1.59885E-16, 8.65534E-13
500, 2.58199E-15, 1.56351E-15, 1.59104E-15, 2.05826E-14, 2.25196E-16, 1.52907E-16, 1.59731E-16, 9.87763E-13
