time_step, rel_err_u, rel_err_v, rel_err_w, rel_err_p, rel_err_u_m, rel_err_v_m, rel_err_w_m, rel_err_p_m
0, 0.00000E+00, 0.00000E+00, 0.00000E+00, 0.00000E+00, 0.00000E+00, 0.00000E+00, 0.00000E+00,         NaN
1, 1.02499E-03, 6.18348E-04, 5.46469E-04, 1.72370E-02, 4.04328E-05, 3.20883E-05, 2.65559E-05, 3.58144E+00
2, 1.11634E-03, 7.77825E-04, 5.56643E-04, 6.38825E-04, 4.21073E-05, 3.44715E-05, 2.73108E-05, 3.62986E+00
3, 9.40477E-04, 6.57344E-04, 3.54559E-04, 6.81217E-04, 3.84978E-05, 3.01804E-05, 2.42388E-05, 2.36961E-01
4, 9.65248E-04, 6.48918E-04, 3.52041E-04, 2.89675E-04, 3.83226E-05, 3.01511E-05, 2.39774E-05, 1.68439E-01
5, 9.95185E-04, 6.53435E-04, 3.54648E-04, 2.76076E-04, 3.79788E-05, 2.98946E-05, 2.38500E-05, 6.07296E-02
6, 1.02510E-03, 6.54433E-04, 3.54712E-04, 2.76935E-04, 3.77281E-05, 2.97774E-05, 2.36872E-05, 2.36441E-02
7, 1.04891E-03, 6.52806E-04, 3.52341E-04, 2.78679E-04, 3.74641E-05, 2.96194E-05, 2.35347E-05, 1.22605E-02
8, 1.06631E-03, 6.71312E-04, 3.47510E-04, 2.80419E-04, 3.72015E-05, 2.94825E-05, 2.33828E-05, 5.60025E-03
9, 1.07932E-03, 6.88526E-04, 3.40232E-04, 2.81030E-04, 3.69419E-05, 2.93401E-05, 2.32377E-05, 3.39245E-03
10, 1.11211E-03, 7.03863E-04, 3.30566E-04, 2.80439E-04, 3.66795E-05, 2.92027E-05, 2.30956E-05, 2.57621E-03
11, 1.13884E-03, 7.17301E-04, 3.19566E-04, 2.78736E-04, 3.64234E-05, 2.90660E-05, 2.29575E-05, 2.50367E-03
12, 1.17695E-03, 7.28751E-04, 3.18851E-04, 2.83635E-04, 3.61726E-05, 2.89383E-05, 2.28190E-05, 2.44214E-03
13, 1.22792E-03, 7.38139E-04, 3.15517E-04, 2.90008E-04, 3.59401E-05, 2.88116E-05, 2.26845E-05, 2.49500E-03
14, 1.27207E-03, 7.45404E-04, 3.28417E-04, 2.95396E-04, 3.57035E-05, 2.86804E-05, 2.25517E-05, 2.51836E-03
15, 1.30903E-03, 7.50494E-04, 3.49267E-04, 2.99731E-04, 3.54607E-05, 2.85540E-05, 2.24185E-05, 2.51722E-03
16, 1.35599E-03, 7.53785E-04, 3.69852E-04, 3.02953E-04, 3.52218E-05, 2.84332E-05, 2.22842E-05, 2.49070E-03
17, 1.42063E-03, 7.56920E-04, 3.89973E-04, 3.05013E-04, 3.49835E-05, 2.83175E-05, 2.21529E-05, 2.48012E-03
18, 1.48270E-03, 7.57884E-04, 4.09420E-04, 3.05878E-04, 3.47652E-05, 2.82133E-05, 2.20251E-05, 2.52510E-03
19, 1.54171E-03, 7.56643E-04, 4.27977E-04, 3.05530E-04, 3.45570E-05, 2.81075E-05, 2.19061E-05, 2.54918E-03
20, 1.59721E-03, 7.53175E-04, 4.45425E-04, 3.03967E-04, 3.43438E-05, 2.80014E-05, 2.17889E-05, 2.55332E-03
21, 1.64875E-03, 7.47472E-04, 4.61544E-04, 3.01200E-04, 3.41203E-05, 2.78931E-05, 2.16720E-05, 2.53880E-03
22, 1.69588E-03, 7.60550E-04, 4.76118E-04, 2.97258E-04, 3.39061E-05, 2.77835E-05, 2.15614E-05, 2.51764E-03
23, 1.76494E-03, 7.73507E-04, 4.88934E-04, 2.92184E-04, 3.36794E-05, 2.76730E-05, 2.14534E-05, 2.48094E-03
24, 1.84400E-03, 7.84537E-04, 4.99791E-04, 2.96205E-04, 3.34543E-05, 2.75660E-05, 2.13463E-05, 2.44522E-03
25, 1.91930E-03, 7.93566E-04, 5.08497E-04, 3.01766E-04, 3.32453E-05, 2.74674E-05, 2.12400E-05, 2.46135E-03
26, 1.99024E-03, 8.00529E-04, 5.14880E-04, 3.06184E-04, 3.30373E-05, 2.73684E-05, 2.11368E-05, 2.49294E-03
27, 2.05625E-03, 8.05374E-04, 5.18883E-04, 3.09403E-04, 3.28305E-05, 2.72680E-05, 2.10313E-05, 2.54165E-03
28, 2.11670E-03, 8.08058E-04, 5.48276E-04, 3.11380E-04, 3.26237E-05, 2.71684E-05, 2.09255E-05, 2.56978E-03
29, 2.17105E-03, 8.08549E-04, 5.76563E-04, 3.12087E-04, 3.24133E-05, 2.70661E-05, 2.08231E-05, 2.57827E-03
30, 2.21877E-03, 8.06830E-04, 6.03455E-04, 3.11509E-04, 3.22093E-05, 2.69649E-05, 2.07236E-05, 2.56836E-03
31, 2.25937E-03, 8.06524E-04, 6.28665E-04, 3.09648E-04, 3.20100E-05, 2.68719E-05, 2.06317E-05, 2.54155E-03
32, 2.29241E-03, 8.05152E-04, 6.51908E-04, 3.06519E-04, 3.18141E-05, 2.67796E-05, 2.05406E-05, 2.56848E-03
33, 2.31749E-03, 8.01577E-04, 6.72911E-04, 3.02153E-04, 3.16281E-05, 2.66951E-05, 2.04492E-05, 2.61175E-03
34, 2.33426E-03, 7.95793E-04, 6.91412E-04, 2.96594E-04, 3.14441E-05, 2.66108E-05, 2.03570E-05, 2.63375E-03
35, 2.38041E-03, 7.87812E-04, 7.07167E-04, 2.89899E-04, 3.12619E-05, 2.65259E-05, 2.02655E-05, 2.63590E-03
36, 2.43663E-03, 7.77669E-04, 7.19951E-04, 2.82137E-04, 3.10747E-05, 2.64439E-05, 2.01753E-05, 2.61989E-03
37, 2.48492E-03, 7.66944E-04, 7.29563E-04, 2.73919E-04, 3.08910E-05, 2.63636E-05, 2.00818E-05, 2.58765E-03
38, 2.52473E-03, 7.61287E-04, 7.35831E-04, 2.72868E-04, 3.07085E-05, 2.62842E-05, 1.99876E-05, 2.54127E-03
39, 2.55555E-03, 7.61876E-04, 7.38611E-04, 2.70686E-04, 3.05160E-05, 2.62080E-05, 1.98973E-05, 2.53215E-03
40, 2.57693E-03, 7.65183E-04, 7.37792E-04, 2.67403E-04, 3.03299E-05, 2.61307E-05, 1.98147E-05, 2.54072E-03
41, 2.58847E-03, 7.66607E-04, 7.33298E-04, 2.63056E-04, 3.01445E-05, 2.60549E-05, 1.97346E-05, 2.61782E-03
42, 2.58986E-03, 7.66138E-04, 7.45926E-04, 2.63809E-04, 2.99520E-05, 2.59835E-05, 1.96549E-05, 2.71815E-03
43, 2.58086E-03, 7.63776E-04, 7.78139E-04, 2.68858E-04, 2.97683E-05, 2.59150E-05, 1.95758E-05, 2.79483E-03
44, 2.56129E-03, 7.59537E-04, 8.07470E-04, 2.73365E-04, 2.95827E-05, 2.58428E-05, 1.94922E-05, 2.84840E-03
45, 2.53108E-03, 7.54037E-04, 8.33584E-04, 2.77260E-04, 2.94000E-05, 2.57658E-05, 1.94082E-05, 2.87981E-03
46, 2.51834E-03, 7.64294E-04, 8.56167E-04, 2.80474E-04, 2.92157E-05, 2.56965E-05, 1.93234E-05, 2.89037E-03
47, 2.53451E-03, 7.73682E-04, 8.74927E-04, 2.82940E-04, 2.90410E-05, 2.56241E-05, 1.92413E-05, 2.88174E-03
48, 2.54062E-03, 7.81107E-04, 8.89600E-04, 2.84596E-04, 2.88711E-05, 2.55513E-05, 1.91573E-05, 2.85583E-03
49, 2.53635E-03, 7.86500E-04, 8.99954E-04, 2.85385E-04, 2.86948E-05, 2.54764E-05, 1.90752E-05, 2.81475E-03
50, 2.52144E-03, 7.89812E-04, 9.05792E-04, 2.85255E-04, 2.85106E-05, 2.54029E-05, 1.89946E-05, 2.76075E-03
51, 2.49575E-03, 7.90992E-04, 9.06953E-04, 2.84164E-04, 2.83114E-05, 2.53238E-05, 1.89134E-05, 2.69609E-03
52, 2.45919E-03, 7.90000E-04, 9.03318E-04, 2.82076E-04, 2.81020E-05, 2.52571E-05, 1.88306E-05, 2.62303E-03
53, 2.41178E-03, 8.15491E-04, 8.94808E-04, 2.78964E-04, 2.79088E-05, 2.51950E-05, 1.87493E-05, 2.54373E-03
54, 2.35362E-03, 8.55026E-04, 8.81387E-04, 2.79514E-04, 2.77080E-05, 2.51316E-05, 1.86717E-05, 2.48127E-03
55, 2.36367E-03, 8.93755E-04, 8.63065E-04, 2.87655E-04, 2.75042E-05, 2.50700E-05, 1.85959E-05, 2.54275E-03
56, 2.39869E-03, 9.31563E-04, 8.42375E-04, 2.95378E-04, 2.72958E-05, 2.50125E-05, 1.85183E-05, 2.58666E-03
57, 2.46081E-03, 9.68337E-04, 8.88229E-04, 3.02593E-04, 2.70822E-05, 2.49524E-05, 1.84374E-05, 2.61290E-03
58, 2.54981E-03, 1.00397E-03, 9.31824E-04, 3.09207E-04, 2.68892E-05, 2.48878E-05, 1.83540E-05, 2.62161E-03
59, 2.62666E-03, 1.03836E-03, 9.72853E-04, 3.15131E-04, 2.66874E-05, 2.48155E-05, 1.82662E-05, 2.61318E-03
60, 2.69098E-03, 1.07140E-03, 1.01102E-03, 3.20282E-04, 2.64801E-05, 2.47392E-05, 1.81738E-05, 2.58815E-03
61, 2.74247E-03, 1.10301E-03, 1.04605E-03, 3.24583E-04, 2.62726E-05, 2.46632E-05, 1.80775E-05, 2.54731E-03
62, 2.78098E-03, 1.13311E-03, 1.07769E-03, 3.27964E-04, 2.60631E-05, 2.45868E-05, 1.79811E-05, 2.57915E-03
63, 2.80648E-03, 1.16160E-03, 1.10570E-03, 3.30367E-04, 2.58714E-05, 2.45075E-05, 1.78925E-05, 2.72604E-03
64, 2.81903E-03, 1.18843E-03, 1.12986E-03, 3.31743E-04, 2.56779E-05, 2.44245E-05, 1.78068E-05, 2.85527E-03
65, 2.81881E-03, 1.21352E-03, 1.15002E-03, 3.32054E-04, 2.54847E-05, 2.43382E-05, 1.77203E-05, 2.96573E-03
66, 2.80610E-03, 1.23684E-03, 1.16608E-03, 3.31275E-04, 2.52860E-05, 2.42535E-05, 1.76321E-05, 3.05656E-03
67, 2.78127E-03, 1.26070E-03, 1.17784E-03, 3.29393E-04, 2.50876E-05, 2.41706E-05, 1.75434E-05, 3.12718E-03
68, 2.79111E-03, 1.28638E-03, 1.18521E-03, 3.26408E-04, 2.49084E-05, 2.40910E-05, 1.74550E-05, 3.17727E-03
69, 2.80647E-03, 1.31001E-03, 1.18813E-03, 3.22330E-04, 2.47240E-05, 2.40211E-05, 1.73672E-05, 3.20679E-03
70, 2.80825E-03, 1.33154E-03, 1.18656E-03, 3.17184E-04, 2.45355E-05, 2.39475E-05, 1.72775E-05, 3.21597E-03
71, 2.79658E-03, 1.35094E-03, 1.18053E-03, 3.11004E-04, 2.43455E-05, 2.38724E-05, 1.71835E-05, 3.20525E-03
72, 2.77170E-03, 1.36817E-03, 1.17007E-03, 3.03834E-04, 2.41586E-05, 2.37983E-05, 1.70947E-05, 3.17532E-03
73, 2.73392E-03, 1.38321E-03, 1.15526E-03, 2.95729E-04, 2.39853E-05, 2.37246E-05, 1.70153E-05, 3.12705E-03
74, 2.78795E-03, 1.39605E-03, 1.13621E-03, 2.86751E-04, 2.38247E-05, 2.36466E-05, 1.69310E-05, 3.06149E-03
75, 2.84796E-03, 1.40670E-03, 1.11305E-03, 2.76969E-04, 2.36704E-05, 2.35734E-05, 1.68431E-05, 2.97984E-03
76, 2.89658E-03, 1.41515E-03, 1.08596E-03, 2.66458E-04, 2.35211E-05, 2.35039E-05, 1.67507E-05, 2.88340E-03
77, 2.93353E-03, 1.42143E-03, 1.05512E-03, 2.55297E-04, 2.33942E-05, 2.34301E-05, 1.66567E-05, 2.77356E-03
78, 2.95860E-03, 1.42555E-03, 1.02076E-03, 2.43570E-04, 2.32609E-05, 2.33509E-05, 1.65609E-05, 2.65178E-03
79, 2.97169E-03, 1.42756E-03, 9.83108E-04, 2.31361E-04, 2.31185E-05, 2.32673E-05, 1.64655E-05, 2.58690E-03
80, 2.97276E-03, 1.42750E-03, 9.42434E-04, 2.18756E-04, 2.29736E-05, 2.31805E-05, 1.63715E-05, 2.65904E-03
81, 2.96188E-03, 1.42540E-03, 8.99013E-04, 2.05842E-04, 2.28302E-05, 2.30927E-05, 1.62772E-05, 2.71300E-03
82, 2.93918E-03, 1.42134E-03, 8.53132E-04, 1.92701E-04, 2.26867E-05, 2.30072E-05, 1.61893E-05, 2.74920E-03
83, 2.90485E-03, 1.41878E-03, 8.05093E-04, 1.79416E-04, 2.25518E-05, 2.29243E-05, 1.61010E-05, 2.76823E-03
84, 2.85919E-03, 1.41715E-03, 7.55205E-04, 1.66066E-04, 2.24196E-05, 2.28441E-05, 1.60125E-05, 2.77087E-03
85, 2.80253E-03, 1.41345E-03, 7.33396E-04, 1.52727E-04, 2.23265E-05, 2.27612E-05, 1.59256E-05, 2.75805E-03
86, 2.73530E-03, 1.40773E-03, 7.47385E-04, 1.46638E-04, 2.22296E-05, 2.26817E-05, 1.58361E-05, 2.73082E-03
87, 2.65794E-03, 1.40007E-03, 7.58859E-04, 1.47153E-04, 2.21285E-05, 2.26012E-05, 1.57462E-05, 2.69031E-03
88, 2.57099E-03, 1.39055E-03, 7.67820E-04, 1.47573E-04, 2.20333E-05, 2.25211E-05, 1.56570E-05, 2.63773E-03
89, 2.47502E-03, 1.37924E-03, 7.74284E-04, 1.47898E-04, 2.19391E-05, 2.24401E-05, 1.55680E-05, 2.57434E-03
90, 2.37062E-03, 1.39649E-03, 7.86695E-04, 1.48129E-04, 2.18406E-05, 2.23572E-05, 1.54786E-05, 2.50141E-03
91, 2.25845E-03, 1.44438E-03, 7.95133E-04, 1.48267E-04, 2.17414E-05, 2.22711E-05, 1.53882E-05, 2.42020E-03
92, 2.13918E-03, 1.48929E-03, 7.99487E-04, 1.48315E-04, 2.16441E-05, 2.21863E-05, 1.52974E-05, 2.33196E-03
93, 2.01352E-03, 1.53110E-03, 7.99836E-04, 1.48272E-04, 2.15439E-05, 2.20986E-05, 1.52044E-05, 2.23789E-03
94, 1.88219E-03, 1.56969E-03, 7.96285E-04, 1.48859E-04, 2.14402E-05, 2.20060E-05, 1.51100E-05, 2.13913E-03
95, 1.84820E-03, 1.60496E-03, 7.88959E-04, 1.49720E-04, 2.13470E-05, 2.19150E-05, 1.50150E-05, 2.03677E-03
96, 1.86473E-03, 1.63683E-03, 7.78005E-04, 1.50486E-04, 2.12667E-05, 2.18209E-05, 1.49201E-05, 1.93179E-03
97, 1.87315E-03, 1.66525E-03, 7.63589E-04, 1.51157E-04, 2.11935E-05, 2.17262E-05, 1.48339E-05, 1.82510E-03
98, 1.87367E-03, 1.69018E-03, 7.45892E-04, 1.51734E-04, 2.11144E-05, 2.16305E-05, 1.47543E-05, 1.71751E-03
99, 1.95513E-03, 1.71159E-03, 7.25115E-04, 1.52216E-04, 2.10380E-05, 2.15362E-05, 1.46797E-05, 1.60976E-03
100, 2.04170E-03, 1.72948E-03, 7.19664E-04, 1.52605E-04, 2.09595E-05, 2.14435E-05, 1.46118E-05, 1.50246E-03
101, 2.12089E-03, 1.74386E-03, 7.31314E-04, 1.52901E-04, 2.08791E-05, 2.13559E-05, 1.45453E-05, 1.39617E-03
102, 2.19251E-03, 1.75477E-03, 7.39615E-04, 1.53105E-04, 2.07970E-05, 2.12681E-05, 1.44784E-05, 1.29133E-03
103, 2.25647E-03, 1.76225E-03, 7.44583E-04, 1.53218E-04, 2.07147E-05, 2.11793E-05, 1.44109E-05, 1.20480E-03
104, 2.31269E-03, 1.76635E-03, 7.46257E-04, 1.53242E-04, 2.06272E-05, 2.10892E-05, 1.43432E-05, 1.17086E-03
105, 2.36114E-03, 1.76714E-03, 7.44698E-04, 1.53340E-04, 2.05391E-05, 2.09983E-05, 1.42738E-05, 1.12616E-03
106, 2.40183E-03, 1.76470E-03, 7.39988E-04, 1.53512E-04, 2.04486E-05, 2.09074E-05, 1.42021E-05, 1.07166E-03
107, 2.43481E-03, 1.75911E-03, 7.32229E-04, 1.53981E-04, 2.03597E-05, 2.08147E-05, 1.41291E-05, 1.00843E-03
108, 2.46019E-03, 1.75050E-03, 7.21540E-04, 1.54818E-04, 2.02847E-05, 2.07203E-05, 1.40553E-05, 1.03948E-03
109, 2.47807E-03, 1.73895E-03, 7.08056E-04, 1.55548E-04, 2.02109E-05, 2.06264E-05, 1.39831E-05, 1.07312E-03
110, 2.48862E-03, 1.72461E-03, 6.91929E-04, 1.56172E-04, 2.01397E-05, 2.05306E-05, 1.39130E-05, 1.10123E-03
111, 2.49204E-03, 1.70757E-03, 6.73323E-04, 1.56689E-04, 2.00680E-05, 2.04351E-05, 1.38434E-05, 1.12253E-03
112, 2.48852E-03, 1.68799E-03, 6.52415E-04, 1.57100E-04, 1.99953E-05, 2.03393E-05, 1.37721E-05, 1.13717E-03
113, 2.47832E-03, 1.66599E-03, 6.29392E-04, 1.57406E-04, 1.99197E-05, 2.02386E-05, 1.37004E-05, 1.14536E-03
114, 2.46171E-03, 1.64172E-03, 6.04448E-04, 1.57608E-04, 1.98424E-05, 2.01364E-05, 1.36301E-05, 1.14732E-03
115, 2.43896E-03, 1.61530E-03, 5.77787E-04, 1.57708E-04, 1.97652E-05, 2.00343E-05, 1.35601E-05, 1.14330E-03
116, 2.41039E-03, 1.58689E-03, 5.49615E-04, 1.57958E-04, 1.96889E-05, 1.99327E-05, 1.34890E-05, 1.13358E-03
117, 2.37631E-03, 1.55662E-03, 5.61621E-04, 1.58250E-04, 1.96106E-05, 1.98316E-05, 1.34175E-05, 1.11847E-03
118, 2.33705E-03, 1.52465E-03, 5.72668E-04, 1.58441E-04, 1.95319E-05, 1.97280E-05, 1.33472E-05, 1.09830E-03
119, 2.29296E-03, 1.49111E-03, 5.81477E-04, 1.59205E-04, 1.94522E-05, 1.96248E-05, 1.32790E-05, 1.07342E-03
120, 2.24440E-03, 1.45614E-03, 5.88074E-04, 1.60057E-04, 1.93708E-05, 1.95201E-05, 1.32114E-05, 1.04420E-03
121, 2.19175E-03, 1.41988E-03, 5.92470E-04, 1.60801E-04, 1.92871E-05, 1.94156E-05, 1.31486E-05, 1.01102E-03
122, 2.13534E-03, 1.38248E-03, 5.94705E-04, 1.61437E-04, 1.92017E-05, 1.93131E-05, 1.30851E-05, 9.74285E-04
123, 2.07554E-03, 1.34406E-03, 5.94831E-04, 1.61966E-04, 1.91150E-05, 1.92113E-05, 1.30233E-05, 9.34387E-04
124, 2.01269E-03, 1.30476E-03, 5.92910E-04, 1.62388E-04, 1.90324E-05, 1.91079E-05, 1.29612E-05, 8.91737E-04
125, 1.94717E-03, 1.26470E-03, 5.89014E-04, 1.62719E-04, 1.89528E-05, 1.90037E-05, 1.28995E-05, 8.46745E-04
126, 1.87934E-03, 1.22401E-03, 5.83227E-04, 1.63364E-04, 1.88767E-05, 1.88974E-05, 1.28386E-05, 8.16644E-04
127, 1.80954E-03, 1.18281E-03, 5.75637E-04, 1.63902E-04, 1.88037E-05, 1.87926E-05, 1.27776E-05, 8.08025E-04
128, 1.73812E-03, 1.14122E-03, 5.66343E-04, 1.64334E-04, 1.87337E-05, 1.86884E-05, 1.27184E-05, 8.03509E-04
129, 1.66541E-03, 1.09935E-03, 5.55448E-04, 1.64661E-04, 1.86663E-05, 1.85820E-05, 1.26604E-05, 8.06432E-04
130, 1.59174E-03, 1.05729E-03, 5.43064E-04, 1.64883E-04, 1.86017E-05, 1.84746E-05, 1.26023E-05, 8.08240E-04
131, 1.51742E-03, 1.01516E-03, 5.29305E-04, 1.65002E-04, 1.85422E-05, 1.83685E-05, 1.25440E-05, 8.08928E-04
132, 1.48313E-03, 9.73049E-04, 5.14289E-04, 1.65019E-04, 1.84915E-05, 1.82642E-05, 1.24855E-05, 8.08489E-04
133, 1.46115E-03, 9.31049E-04, 4.98138E-04, 1.64934E-04, 1.84397E-05, 1.81620E-05, 1.24277E-05, 8.06922E-04
134, 1.43488E-03, 8.89245E-04, 4.80977E-04, 1.64749E-04, 1.83863E-05, 1.80625E-05, 1.23705E-05, 8.04224E-04
135, 1.40467E-03, 8.47720E-04, 4.62929E-04, 1.64981E-04, 1.83303E-05, 1.79638E-05, 1.23149E-05, 8.00396E-04
136, 1.37089E-03, 8.06548E-04, 4.44120E-04, 1.65958E-04, 1.82729E-05, 1.78649E-05, 1.22617E-05, 7.95441E-04
137, 1.33391E-03, 7.65800E-04, 4.24675E-04, 1.66824E-04, 1.82139E-05, 1.77654E-05, 1.22081E-05, 7.89365E-04
138, 1.29410E-03, 7.25540E-04, 4.04717E-04, 1.67580E-04, 1.81550E-05, 1.76661E-05, 1.21541E-05, 7.82175E-04
139, 1.25182E-03, 6.85830E-04, 3.84367E-04, 1.68224E-04, 1.80970E-05, 1.75670E-05, 1.20995E-05, 7.73880E-04
140, 1.20744E-03, 6.46724E-04, 3.63745E-04, 1.68758E-04, 1.80376E-05, 1.74722E-05, 1.20456E-05, 7.64493E-04
141, 1.16133E-03, 6.08272E-04, 3.42965E-04, 1.69182E-04, 1.79762E-05, 1.73767E-05, 1.19929E-05, 7.67167E-04
142, 1.11382E-03, 5.70606E-04, 3.22138E-04, 1.69496E-04, 1.79151E-05, 1.72804E-05, 1.19409E-05, 7.69303E-04
143, 1.06525E-03, 5.55256E-04, 3.01370E-04, 1.69701E-04, 1.78543E-05, 1.71846E-05, 1.18898E-05, 7.70413E-04
144, 1.01596E-03, 5.39510E-04, 2.80763E-04, 1.69798E-04, 1.77934E-05, 1.70884E-05, 1.18392E-05, 7.70489E-04
145, 9.66258E-04, 5.23444E-04, 2.60411E-04, 1.69993E-04, 1.77337E-05, 1.69941E-05, 1.17914E-05, 7.69524E-04
146, 9.16436E-04, 5.07133E-04, 2.40405E-04, 1.70307E-04, 1.76788E-05, 1.69002E-05, 1.17436E-05, 7.67515E-04
147, 8.66776E-04, 4.90648E-04, 2.20826E-04, 1.70505E-04, 1.76226E-05, 1.68061E-05, 1.16950E-05, 7.64458E-04
148, 8.17544E-04, 4.74057E-04, 2.01750E-04, 1.70591E-04, 1.75654E-05, 1.67124E-05, 1.16460E-05, 7.60353E-04
149, 7.68982E-04, 4.57425E-04, 1.83248E-04, 1.70564E-04, 1.75074E-05, 1.66200E-05, 1.15971E-05, 7.55200E-04
150, 7.21316E-04, 4.40812E-04, 1.72386E-04, 1.70426E-04, 1.74532E-05, 1.65282E-05, 1.15486E-05, 7.49003E-04
151, 6.74751E-04, 4.24276E-04, 1.71988E-04, 1.70178E-04, 1.73990E-05, 1.64368E-05, 1.15022E-05, 7.41767E-04
152, 6.29474E-04, 4.17099E-04, 1.71807E-04, 1.70351E-04, 1.73442E-05, 1.63461E-05, 1.14568E-05, 7.33497E-04
153, 5.99722E-04, 4.15100E-04, 1.72045E-04, 1.70929E-04, 1.72876E-05, 1.62580E-05, 1.14113E-05, 7.24205E-04
154, 6.04457E-04, 4.12512E-04, 1.72157E-04, 1.71456E-04, 1.72334E-05, 1.61725E-05, 1.13649E-05, 7.26482E-04
155, 6.07130E-04, 4.09352E-04, 1.72144E-04, 1.72287E-04, 1.71810E-05, 1.60863E-05, 1.13186E-05, 7.28545E-04
156, 6.07756E-04, 4.05637E-04, 1.72008E-04, 1.72994E-04, 1.71274E-05, 1.60009E-05, 1.12719E-05, 7.29657E-04
157, 6.06369E-04, 4.01385E-04, 1.71749E-04, 1.73576E-04, 1.70736E-05, 1.59168E-05, 1.12254E-05, 7.29809E-04
158, 6.03004E-04, 3.96616E-04, 1.72881E-04, 1.74035E-04, 1.70255E-05, 1.58318E-05, 1.11791E-05, 7.28992E-04
159, 5.97709E-04, 3.91349E-04, 1.74148E-04, 1.74370E-04, 1.69796E-05, 1.57465E-05, 1.11333E-05, 7.27198E-04
160, 5.90545E-04, 3.86350E-04, 1.75294E-04, 1.74582E-04, 1.69342E-05, 1.56618E-05, 1.10886E-05, 7.24420E-04
161, 5.81585E-04, 3.81232E-04, 1.76317E-04, 1.74672E-04, 1.68882E-05, 1.55788E-05, 1.10455E-05, 7.20654E-04
162, 5.70910E-04, 3.75647E-04, 1.77215E-04, 1.74641E-04, 1.68418E-05, 1.55008E-05, 1.10023E-05, 7.15897E-04
163, 5.58610E-04, 3.71121E-04, 1.77987E-04, 1.74491E-04, 1.67940E-05, 1.54288E-05, 1.09590E-05, 7.10149E-04
164, 5.44782E-04, 3.70153E-04, 1.78633E-04, 1.74221E-04, 1.67461E-05, 1.53576E-05, 1.09158E-05, 7.03409E-04
165, 5.29530E-04, 3.68672E-04, 1.79152E-04, 1.73835E-04, 1.66977E-05, 1.52844E-05, 1.08731E-05, 6.95682E-04
166, 5.12964E-04, 3.66687E-04, 1.79544E-04, 1.73334E-04, 1.66490E-05, 1.52111E-05, 1.08298E-05, 6.86972E-04
167, 4.95198E-04, 3.64208E-04, 1.79810E-04, 1.72801E-04, 1.65999E-05, 1.51386E-05, 1.07873E-05, 6.83258E-04
168, 4.76351E-04, 3.61247E-04, 1.79951E-04, 1.73713E-04, 1.65513E-05, 1.50677E-05, 1.07479E-05, 6.85568E-04
169, 4.56544E-04, 3.57815E-04, 1.79967E-04, 1.74491E-04, 1.65044E-05, 1.49978E-05, 1.07096E-05, 6.86988E-04
170, 4.35900E-04, 3.53925E-04, 1.79860E-04, 1.75137E-04, 1.64586E-05, 1.49270E-05, 1.06720E-05, 6.87505E-04
171, 4.15346E-04, 3.49592E-04, 1.79633E-04, 1.75651E-04, 1.64114E-05, 1.48570E-05, 1.06354E-05, 6.87107E-04
172, 4.14962E-04, 3.44829E-04, 1.79287E-04, 1.76032E-04, 1.63654E-05, 1.47873E-05, 1.05990E-05, 6.85782E-04
173, 4.14893E-04, 3.39653E-04, 1.78825E-04, 1.76281E-04, 1.63201E-05, 1.47177E-05, 1.05639E-05, 6.83520E-04
174, 4.15126E-04, 3.34078E-04, 1.79351E-04, 1.76399E-04, 1.62764E-05, 1.46492E-05, 1.05287E-05, 6.80314E-04
175, 4.15641E-04, 3.28122E-04, 1.80451E-04, 1.76387E-04, 1.62334E-05, 1.45816E-05, 1.04917E-05, 6.76157E-04
176, 4.16417E-04, 3.27203E-04, 1.81428E-04, 1.76245E-04, 1.61908E-05, 1.45134E-05, 1.04537E-05, 6.71044E-04
177, 4.17424E-04, 3.26498E-04, 1.82282E-04, 1.75976E-04, 1.61476E-05, 1.44442E-05, 1.04166E-05, 6.64972E-04
178, 4.18631E-04, 3.25353E-04, 1.83012E-04, 1.75580E-04, 1.61040E-05, 1.43741E-05, 1.03813E-05, 6.57943E-04
179, 4.20003E-04, 3.23770E-04, 1.83618E-04, 1.75060E-04, 1.60600E-05, 1.43044E-05, 1.03462E-05, 6.49957E-04
180, 4.21501E-04, 3.21756E-04, 1.84100E-04, 1.74417E-04, 1.60169E-05, 1.42384E-05, 1.03107E-05, 6.45216E-04
181, 4.28785E-04, 3.19316E-04, 1.84460E-04, 1.74209E-04, 1.59741E-05, 1.41734E-05, 1.02760E-05, 6.41448E-04
182, 4.39489E-04, 3.16457E-04, 1.84697E-04, 1.74189E-04, 1.59310E-05, 1.41097E-05, 1.02415E-05, 6.41689E-04
183, 4.49974E-04, 3.13187E-04, 1.84814E-04, 1.74023E-04, 1.58874E-05, 1.40484E-05, 1.02070E-05, 6.42511E-04
184, 4.60248E-04, 3.09515E-04, 1.84811E-04, 1.74084E-04, 1.58434E-05, 1.39862E-05, 1.01727E-05, 6.42463E-04
185, 4.70317E-04, 3.05450E-04, 1.84691E-04, 1.74523E-04, 1.58010E-05, 1.39258E-05, 1.01393E-05, 6.41530E-04
186, 4.80179E-04, 3.01003E-04, 1.84457E-04, 1.74822E-04, 1.57603E-05, 1.38663E-05, 1.01061E-05, 6.39702E-04
187, 4.89830E-04, 2.96185E-04, 1.84110E-04, 1.74982E-04, 1.57201E-05, 1.38068E-05, 1.00721E-05, 6.36970E-04
188, 4.99261E-04, 2.91007E-04, 1.83653E-04, 1.75003E-04, 1.56797E-05, 1.37479E-05, 1.00384E-05, 6.33324E-04
189, 5.08462E-04, 2.92431E-04, 1.83091E-04, 1.74886E-04, 1.56387E-05, 1.36895E-05, 1.00056E-05, 6.28758E-04
190, 5.17415E-04, 2.95813E-04, 1.82425E-04, 1.74633E-04, 1.55977E-05, 1.36309E-05, 9.97348E-06, 6.23270E-04
191, 5.26104E-04, 2.98819E-04, 1.82447E-04, 1.74246E-04, 1.55571E-05, 1.35720E-05, 9.94219E-06, 6.16857E-04
192, 5.34507E-04, 3.01462E-04, 1.83289E-04, 1.73725E-04, 1.55187E-05, 1.35119E-05, 9.91105E-06, 6.09520E-04
193, 5.42602E-04, 3.03754E-04, 1.84015E-04, 1.73074E-04, 1.54813E-05, 1.34533E-05, 9.88003E-06, 6.02222E-04
194, 5.50365E-04, 3.05709E-04, 1.84624E-04, 1.72554E-04, 1.54445E-05, 1.33951E-05, 9.85083E-06, 5.99436E-04
195, 5.57769E-04, 3.07339E-04, 1.85119E-04, 1.72489E-04, 1.54075E-05, 1.33370E-05, 9.82168E-06, 5.95803E-04
196, 5.64789E-04, 3.08657E-04, 1.85980E-04, 1.72274E-04, 1.53703E-05, 1.32782E-05, 9.79180E-06, 5.92982E-04
197, 5.71395E-04, 3.09677E-04, 1.88689E-04, 1.71910E-04, 1.53334E-05, 1.32199E-05, 9.76224E-06, 5.93036E-04
198, 5.77560E-04, 3.10411E-04, 1.91204E-04, 1.71400E-04, 1.52972E-05, 1.31627E-05, 9.73288E-06, 5.92255E-04
199, 5.83257E-04, 3.10871E-04, 1.93524E-04, 1.70748E-04, 1.52622E-05, 1.31045E-05, 9.70360E-06, 5.90629E-04
200, 5.88457E-04, 3.11069E-04, 1.95647E-04, 1.69956E-04, 1.52267E-05, 1.30461E-05, 9.67500E-06, 5.88151E-04
201, 5.93133E-04, 3.11020E-04, 1.97573E-04, 1.69683E-04, 1.51907E-05, 1.29871E-05, 9.64636E-06, 5.84812E-04
202, 5.97259E-04, 3.10734E-04, 1.99301E-04, 1.69601E-04, 1.51554E-05, 1.29282E-05, 9.61800E-06, 5.80608E-04
203, 6.00810E-04, 3.10224E-04, 2.01721E-04, 1.69376E-04, 1.51212E-05, 1.28701E-05, 9.58953E-06, 5.75537E-04
204, 6.03763E-04, 3.09505E-04, 2.05763E-04, 1.69011E-04, 1.50875E-05, 1.28128E-05, 9.56163E-06, 5.69597E-04
205, 6.06094E-04, 3.08588E-04, 2.09595E-04, 1.68507E-04, 1.50537E-05, 1.27558E-05, 9.53273E-06, 5.62789E-04
206, 6.07784E-04, 3.07485E-04, 2.13211E-04, 1.67865E-04, 1.50209E-05, 1.26989E-05, 9.50388E-06, 5.55119E-04
207, 6.08814E-04, 3.06207E-04, 2.16605E-04, 1.67205E-04, 1.49896E-05, 1.26411E-05, 9.47655E-06, 5.52176E-04
208, 6.09167E-04, 3.04767E-04, 2.19771E-04, 1.67100E-04, 1.49590E-05, 1.25826E-05, 9.44991E-06, 5.49353E-04
209, 6.08829E-04, 3.03175E-04, 2.22704E-04, 1.66841E-04, 1.49283E-05, 1.25239E-05, 9.42389E-06, 5.45731E-04
210, 6.07789E-04, 3.01446E-04, 2.25400E-04, 1.66430E-04, 1.48979E-05, 1.24656E-05, 9.39893E-06, 5.41311E-04
211, 6.06037E-04, 2.99589E-04, 2.27856E-04, 1.65871E-04, 1.48683E-05, 1.24085E-05, 9.37405E-06, 5.39198E-04
212, 6.03566E-04, 2.97617E-04, 2.30070E-04, 1.65166E-04, 1.48401E-05, 1.23515E-05, 9.34917E-06, 5.37631E-04
213, 6.00371E-04, 2.95541E-04, 2.32039E-04, 1.64319E-04, 1.48122E-05, 1.22945E-05, 9.32417E-06, 5.35281E-04
214, 5.96451E-04, 2.94698E-04, 2.33764E-04, 1.63333E-04, 1.47832E-05, 1.22391E-05, 9.29951E-06, 5.32142E-04
215, 5.91806E-04, 2.94467E-04, 2.35245E-04, 1.62212E-04, 1.47545E-05, 1.21830E-05, 9.27524E-06, 5.28213E-04
216, 5.86439E-04, 2.94021E-04, 2.36481E-04, 1.60960E-04, 1.47266E-05, 1.21272E-05, 9.25086E-06, 5.23491E-04
217, 5.80356E-04, 2.93361E-04, 2.37474E-04, 1.59580E-04, 1.46988E-05, 1.20712E-05, 9.22701E-06, 5.17979E-04
218, 5.73565E-04, 2.92486E-04, 2.38844E-04, 1.58748E-04, 1.46725E-05, 1.20152E-05, 9.20338E-06, 5.11679E-04
219, 5.66076E-04, 2.91398E-04, 2.42862E-04, 1.58135E-04, 1.46476E-05, 1.19598E-05, 9.17982E-06, 5.04594E-04
220, 5.57902E-04, 2.90098E-04, 2.46632E-04, 1.57697E-04, 1.46221E-05, 1.19036E-05, 9.15647E-06, 5.01544E-04
221, 5.49057E-04, 2.89424E-04, 2.50147E-04, 1.57552E-04, 1.45961E-05, 1.18478E-05, 9.13317E-06, 4.99592E-04
222, 5.39560E-04, 2.90737E-04, 2.53400E-04, 1.57254E-04, 1.45693E-05, 1.17923E-05, 9.11031E-06, 4.96911E-04
223, 5.29427E-04, 2.91850E-04, 2.56386E-04, 1.56805E-04, 1.45423E-05, 1.17377E-05, 9.08720E-06, 4.93499E-04
224, 5.18681E-04, 2.92760E-04, 2.59101E-04, 1.56207E-04, 1.45147E-05, 1.16855E-05, 9.06343E-06, 4.89360E-04
225, 5.07344E-04, 2.93465E-04, 2.61542E-04, 1.55465E-04, 1.44871E-05, 1.16347E-05, 9.03977E-06, 4.84611E-04
226, 4.95444E-04, 2.93961E-04, 2.63705E-04, 1.54581E-04, 1.44596E-05, 1.15842E-05, 9.01638E-06, 4.82609E-04
227, 4.83001E-04, 2.94248E-04, 2.65589E-04, 1.53558E-04, 1.44324E-05, 1.15330E-05, 8.99379E-06, 4.79900E-04
228, 4.70042E-04, 2.95864E-04, 2.67193E-04, 1.52401E-04, 1.44068E-05, 1.14816E-05, 8.97082E-06, 4.76484E-04
229, 4.56596E-04, 2.97639E-04, 2.68518E-04, 1.51114E-04, 1.43820E-05, 1.14306E-05, 8.94740E-06, 4.72359E-04
230, 4.42690E-04, 2.99275E-04, 2.69563E-04, 1.49700E-04, 1.43586E-05, 1.13795E-05, 8.92510E-06, 4.67525E-04
231, 4.28354E-04, 3.00773E-04, 2.70331E-04, 1.48164E-04, 1.43359E-05, 1.13274E-05, 8.90315E-06, 4.61984E-04
232, 4.13618E-04, 3.02134E-04, 2.70823E-04, 1.46509E-04, 1.43143E-05, 1.12750E-05, 8.88158E-06, 4.55739E-04
233, 3.98512E-04, 3.03356E-04, 2.73708E-04, 1.44742E-04, 1.42940E-05, 1.12231E-05, 8.85959E-06, 4.49192E-04
234, 3.83068E-04, 3.04442E-04, 2.76805E-04, 1.43710E-04, 1.42738E-05, 1.11705E-05, 8.83670E-06, 4.49329E-04
235, 3.67317E-04, 3.05391E-04, 2.79667E-04, 1.43378E-04, 1.42539E-05, 1.11177E-05, 8.81342E-06, 4.49210E-04
236, 3.51289E-04, 3.06203E-04, 2.82287E-04, 1.42900E-04, 1.42349E-05, 1.10659E-05, 8.79120E-06, 4.48846E-04
237, 3.35016E-04, 3.06879E-04, 2.84659E-04, 1.42279E-04, 1.42165E-05, 1.10137E-05, 8.76912E-06, 4.48248E-04
238, 3.30548E-04, 3.07418E-04, 2.86779E-04, 1.41518E-04, 1.41982E-05, 1.09624E-05, 8.74734E-06, 4.50231E-04
239, 3.29936E-04, 3.07820E-04, 2.88641E-04, 1.40620E-04, 1.41799E-05, 1.09110E-05, 8.72566E-06, 4.53625E-04
240, 3.28744E-04, 3.08085E-04, 2.90243E-04, 1.39589E-04, 1.41639E-05, 1.08596E-05, 8.70386E-06, 4.56656E-04
241, 3.26988E-04, 3.08214E-04, 2.91582E-04, 1.38428E-04, 1.41501E-05, 1.08092E-05, 8.68270E-06, 4.59335E-04
242, 3.24685E-04, 3.08206E-04, 2.92655E-04, 1.37141E-04, 1.41373E-05, 1.07593E-05, 8.66160E-06, 4.61672E-04
243, 3.21854E-04, 3.08060E-04, 2.93994E-04, 1.35733E-04, 1.41249E-05, 1.07091E-05, 8.64029E-06, 4.63678E-04
244, 3.18515E-04, 3.07776E-04, 2.97155E-04, 1.34207E-04, 1.41122E-05, 1.06589E-05, 8.61927E-06, 4.65363E-04
245, 3.14691E-04, 3.07354E-04, 3.00127E-04, 1.32568E-04, 1.41003E-05, 1.06078E-05, 8.59829E-06, 4.66736E-04
246, 3.10403E-04, 3.06793E-04, 3.02906E-04, 1.30821E-04, 1.40890E-05, 1.05561E-05, 8.57772E-06, 4.67807E-04
247, 3.05674E-04, 3.06092E-04, 3.05483E-04, 1.29207E-04, 1.40769E-05, 1.05053E-05, 8.55721E-06, 4.68585E-04
248, 3.00530E-04, 3.05251E-04, 3.07855E-04, 1.27982E-04, 1.40656E-05, 1.04544E-05, 8.53649E-06, 4.69078E-04
249, 2.94995E-04, 3.04269E-04, 3.10016E-04, 1.26654E-04, 1.40547E-05, 1.04032E-05, 8.51582E-06, 4.69294E-04
250, 2.89093E-04, 3.03145E-04, 3.11960E-04, 1.25229E-04, 1.40437E-05, 1.03519E-05, 8.49523E-06, 4.69242E-04
251, 2.82851E-04, 3.01878E-04, 3.13684E-04, 1.24135E-04, 1.40328E-05, 1.03006E-05, 8.47414E-06, 4.68928E-04
252, 2.76293E-04, 3.00468E-04, 3.15183E-04, 1.23251E-04, 1.40221E-05, 1.02494E-05, 8.45316E-06, 4.68360E-04
253, 2.69446E-04, 2.99129E-04, 3.16453E-04, 1.22243E-04, 1.40112E-05, 1.01992E-05, 8.43213E-06, 4.71639E-04
254, 2.62334E-04, 2.97919E-04, 3.17492E-04, 1.21114E-04, 1.40001E-05, 1.01493E-05, 8.41130E-06, 4.75162E-04
255, 2.54982E-04, 2.96587E-04, 3.18297E-04, 1.19869E-04, 1.39908E-05, 1.00993E-05, 8.39034E-06, 4.78299E-04
256, 2.47415E-04, 2.95133E-04, 3.18867E-04, 1.18511E-04, 1.39823E-05, 1.00492E-05, 8.36941E-06, 4.81059E-04
257, 2.39658E-04, 2.93555E-04, 3.19199E-04, 1.17135E-04, 1.39743E-05, 9.99855E-06, 8.34883E-06, 4.83446E-04
258, 2.31734E-04, 2.91852E-04, 3.19293E-04, 1.16219E-04, 1.39697E-05, 9.94763E-06, 8.32881E-06, 4.85468E-04
259, 2.23666E-04, 2.90022E-04, 3.19148E-04, 1.15199E-04, 1.39646E-05, 9.89718E-06, 8.30861E-06, 4.87131E-04
260, 2.15477E-04, 2.88064E-04, 3.18766E-04, 1.14080E-04, 1.39596E-05, 9.84807E-06, 8.28811E-06, 4.88441E-04
261, 2.07187E-04, 2.85977E-04, 3.18146E-04, 1.12866E-04, 1.39545E-05, 9.79860E-06, 8.26732E-06, 4.89405E-04
262, 1.98819E-04, 2.83758E-04, 3.17291E-04, 1.11562E-04, 1.39487E-05, 9.74988E-06, 8.24624E-06, 4.90028E-04
263, 1.96680E-04, 2.81407E-04, 3.16202E-04, 1.10172E-04, 1.39431E-05, 9.70051E-06, 8.22504E-06, 4.90317E-04
264, 2.00486E-04, 2.78922E-04, 3.14882E-04, 1.08700E-04, 1.39368E-05, 9.65155E-06, 8.20335E-06, 4.90278E-04
265, 2.04582E-04, 2.76302E-04, 3.13333E-04, 1.07152E-04, 1.39305E-05, 9.60333E-06, 8.18140E-06, 4.89918E-04
266, 2.10735E-04, 2.73545E-04, 3.11560E-04, 1.05532E-04, 1.39232E-05, 9.55463E-06, 8.16001E-06, 4.89243E-04
267, 2.16803E-04, 2.70651E-04, 3.10281E-04, 1.03845E-04, 1.39154E-05, 9.50627E-06, 8.13889E-06, 4.88259E-04
268, 2.22782E-04, 2.67618E-04, 3.11048E-04, 1.02685E-04, 1.39065E-05, 9.45828E-06, 8.11834E-06, 4.90524E-04
269, 2.28668E-04, 2.64446E-04, 3.11650E-04, 1.02006E-04, 1.38976E-05, 9.41012E-06, 8.09807E-06, 4.93656E-04
270, 2.34459E-04, 2.61134E-04, 3.12086E-04, 1.01230E-04, 1.38891E-05, 9.36232E-06, 8.07729E-06, 4.96350E-04
271, 2.40152E-04, 2.57681E-04, 3.12356E-04, 1.00360E-04, 1.38807E-05, 9.31600E-06, 8.05665E-06, 4.98612E-04
272, 2.45743E-04, 2.54087E-04, 3.12460E-04, 9.94011E-05, 1.38724E-05, 9.27010E-06, 8.03612E-06, 5.00450E-04
273, 2.51231E-04, 2.50931E-04, 3.12397E-04, 9.83569E-05, 1.38634E-05, 9.22450E-06, 8.01545E-06, 5.01870E-04
274, 2.56612E-04, 2.48371E-04, 3.12167E-04, 9.72314E-05, 1.38544E-05, 9.17932E-06, 7.99458E-06, 5.02881E-04
275, 2.61885E-04, 2.45701E-04, 3.11772E-04, 9.60288E-05, 1.38451E-05, 9.13400E-06, 7.97346E-06, 5.03490E-04
276, 2.67048E-04, 2.44768E-04, 3.11210E-04, 9.47532E-05, 1.38367E-05, 9.08823E-06, 7.95234E-06, 5.03705E-04
277, 2.72099E-04, 2.46225E-04, 3.10484E-04, 9.39281E-05, 1.38289E-05, 9.04302E-06, 7.93096E-06, 5.03537E-04
278, 2.77036E-04, 2.47497E-04, 3.14191E-04, 9.42716E-05, 1.38209E-05, 8.99790E-06, 7.90929E-06, 5.02994E-04
279, 2.81857E-04, 2.48581E-04, 3.18576E-04, 9.45927E-05, 1.38124E-05, 8.95313E-06, 7.88768E-06, 5.02085E-04
280, 2.86562E-04, 2.49476E-04, 3.22760E-04, 9.48897E-05, 1.38036E-05, 8.90884E-06, 7.86630E-06, 5.00821E-04
281, 2.91805E-04, 2.50177E-04, 3.26745E-04, 9.51612E-05, 1.37940E-05, 8.86504E-06, 7.84485E-06, 4.99210E-04
282, 3.00362E-04, 2.50684E-04, 3.30530E-04, 9.54059E-05, 1.37835E-05, 8.82093E-06, 7.82350E-06, 4.97264E-04
283, 3.08641E-04, 2.50994E-04, 3.34114E-04, 9.56223E-05, 1.37736E-05, 8.77728E-06, 7.80217E-06, 4.96201E-04
284, 3.16647E-04, 2.51105E-04, 3.37498E-04, 9.58089E-05, 1.37636E-05, 8.73473E-06, 7.78106E-06, 4.98345E-04
285, 3.24382E-04, 2.51017E-04, 3.40683E-04, 9.59643E-05, 1.37531E-05, 8.69280E-06, 7.75999E-06, 5.00033E-04
286, 3.31851E-04, 2.50729E-04, 3.43668E-04, 9.60872E-05, 1.37422E-05, 8.65055E-06, 7.73841E-06, 5.01273E-04
287, 3.39057E-04, 2.50240E-04, 3.46454E-04, 9.61759E-05, 1.37314E-05, 8.60809E-06, 7.71651E-06, 5.02077E-04
288, 3.46001E-04, 2.49551E-04, 3.49043E-04, 9.67111E-05, 1.37198E-05, 8.56579E-06, 7.69451E-06, 5.02455E-04
289, 3.52686E-04, 2.48661E-04, 3.51436E-04, 9.72139E-05, 1.37090E-05, 8.52397E-06, 7.67258E-06, 5.02419E-04
290, 3.59116E-04, 2.47571E-04, 3.53633E-04, 9.76758E-05, 1.36976E-05, 8.48156E-06, 7.65090E-06, 5.01981E-04
291, 3.65293E-04, 2.46283E-04, 3.55636E-04, 9.80948E-05, 1.36857E-05, 8.43857E-06, 7.62898E-06, 5.01152E-04
292, 3.71221E-04, 2.45146E-04, 3.57447E-04, 9.84691E-05, 1.36744E-05, 8.39664E-06, 7.60625E-06, 4.99944E-04
293, 3.76901E-04, 2.43868E-04, 3.59067E-04, 9.87968E-05, 1.36636E-05, 8.35524E-06, 7.58325E-06, 4.98369E-04
294, 3.82337E-04, 2.42423E-04, 3.60498E-04, 9.90761E-05, 1.36528E-05, 8.31481E-06, 7.56052E-06, 4.96440E-04
295, 3.87531E-04, 2.40814E-04, 3.61742E-04, 9.93053E-05, 1.36419E-05, 8.27541E-06, 7.53748E-06, 4.94169E-04
296, 3.92486E-04, 2.39041E-04, 3.62801E-04, 9.94827E-05, 1.36298E-05, 8.23668E-06, 7.51459E-06, 4.91568E-04
297, 3.97203E-04, 2.37758E-04, 3.63677E-04, 9.96068E-05, 1.36178E-05, 8.19832E-06, 7.49194E-06, 4.88650E-04
298, 4.01685E-04, 2.38490E-04, 3.64371E-04, 9.96760E-05, 1.36054E-05, 8.16086E-06, 7.46907E-06, 4.85427E-04
299, 4.05934E-04, 2.39043E-04, 3.64887E-04, 9.96890E-05, 1.35929E-05, 8.12344E-06, 7.44700E-06, 4.82063E-04
300, 4.09952E-04, 2.39413E-04, 3.65227E-04, 9.96444E-05, 1.35795E-05, 8.08689E-06, 7.42454E-06, 4.82711E-04
301, 4.13741E-04, 2.39594E-04, 3.65393E-04, 9.95409E-05, 1.35647E-05, 8.04986E-06, 7.40200E-06, 4.82942E-04
302, 4.17303E-04, 2.39584E-04, 3.65388E-04, 9.93775E-05, 1.35485E-05, 8.01449E-06, 7.37955E-06, 4.82770E-04
303, 4.20639E-04, 2.39379E-04, 3.65213E-04, 9.91529E-05, 1.35326E-05, 7.97931E-06, 7.35717E-06, 4.82205E-04
304, 4.23751E-04, 2.38976E-04, 3.64873E-04, 9.88663E-05, 1.35180E-05, 7.94404E-06, 7.33456E-06, 4.81261E-04
305, 4.26640E-04, 2.38372E-04, 3.64369E-04, 9.85168E-05, 1.35038E-05, 7.90914E-06, 7.31180E-06, 4.79950E-04
306, 4.29308E-04, 2.37564E-04, 3.63705E-04, 9.81036E-05, 1.34893E-05, 7.87418E-06, 7.28883E-06, 4.78285E-04
307, 4.31756E-04, 2.36551E-04, 3.62882E-04, 9.76260E-05, 1.34745E-05, 7.83957E-06, 7.26544E-06, 4.76279E-04
308, 4.33986E-04, 2.35330E-04, 3.61905E-04, 9.70835E-05, 1.34595E-05, 7.80641E-06, 7.24177E-06, 4.73943E-04
309, 4.35998E-04, 2.33901E-04, 3.60776E-04, 9.64755E-05, 1.34444E-05, 7.77267E-06, 7.21839E-06, 4.71290E-04
310, 4.37795E-04, 2.32262E-04, 3.59498E-04, 9.58016E-05, 1.34284E-05, 7.73929E-06, 7.19515E-06, 4.68334E-04
311, 4.39377E-04, 2.30688E-04, 3.58073E-04, 9.50617E-05, 1.34126E-05, 7.70620E-06, 7.17179E-06, 4.65085E-04
312, 4.40746E-04, 2.29228E-04, 3.56506E-04, 9.42554E-05, 1.33965E-05, 7.67309E-06, 7.14843E-06, 4.61556E-04
313, 4.41904E-04, 2.27587E-04, 3.54799E-04, 9.33828E-05, 1.33809E-05, 7.63997E-06, 7.12504E-06, 4.57759E-04
314, 4.42850E-04, 2.25766E-04, 3.52954E-04, 9.24438E-05, 1.33659E-05, 7.60712E-06, 7.10187E-06, 4.53706E-04
315, 4.44291E-04, 2.23765E-04, 3.50977E-04, 9.14386E-05, 1.33494E-05, 7.57479E-06, 7.07887E-06, 4.49408E-04
316, 4.45798E-04, 2.21584E-04, 3.48868E-04, 9.03673E-05, 1.33323E-05, 7.54268E-06, 7.05547E-06, 4.46017E-04
317, 4.47045E-04, 2.19223E-04, 3.46633E-04, 8.95679E-05, 1.33146E-05, 7.51090E-06, 7.03192E-06, 4.45100E-04
318, 4.48034E-04, 2.16683E-04, 3.44273E-04, 8.89069E-05, 1.32961E-05, 7.47914E-06, 7.00827E-06, 4.43841E-04
319, 4.48767E-04, 2.13966E-04, 3.41793E-04, 8.81809E-05, 1.32769E-05, 7.44790E-06, 6.98489E-06, 4.42252E-04
320, 4.49249E-04, 2.12412E-04, 3.39195E-04, 8.73905E-05, 1.32570E-05, 7.41623E-06, 6.96183E-06, 4.40346E-04
321, 4.49482E-04, 2.16969E-04, 3.36482E-04, 8.65363E-05, 1.32375E-05, 7.38470E-06, 6.93853E-06, 4.38132E-04
322, 4.49471E-04, 2.21407E-04, 3.33659E-04, 8.56191E-05, 1.32184E-05, 7.35353E-06, 6.91512E-06, 4.35625E-04
323, 4.49219E-04, 2.25723E-04, 3.30728E-04, 8.46396E-05, 1.31988E-05, 7.32265E-06, 6.89221E-06, 4.32835E-04
324, 4.48730E-04, 2.29913E-04, 3.27692E-04, 8.37250E-05, 1.31797E-05, 7.29254E-06, 6.86942E-06, 4.29774E-04
325, 4.48009E-04, 2.33972E-04, 3.24555E-04, 8.40622E-05, 1.31602E-05, 7.26307E-06, 6.84677E-06, 4.26453E-04
326, 4.47060E-04, 2.37898E-04, 3.21321E-04, 8.44955E-05, 1.31407E-05, 7.23393E-06, 6.82385E-06, 4.23016E-04
327, 4.45889E-04, 2.41688E-04, 3.17992E-04, 8.48911E-05, 1.31206E-05, 7.20441E-06, 6.80115E-06, 4.25530E-04
328, 4.44501E-04, 2.45337E-04, 3.14572E-04, 8.52499E-05, 1.31000E-05, 7.17445E-06, 6.77821E-06, 4.27603E-04
329, 4.42900E-04, 2.48843E-04, 3.11064E-04, 8.55722E-05, 1.30789E-05, 7.14426E-06, 6.75467E-06, 4.29236E-04
330, 4.41093E-04, 2.52202E-04, 3.07472E-04, 8.58589E-05, 1.30572E-05, 7.11354E-06, 6.73093E-06, 4.30434E-04
331, 4.39084E-04, 2.55560E-04, 3.03799E-04, 8.61105E-05, 1.30350E-05, 7.08288E-06, 6.70722E-06, 4.31199E-04
332, 4.36880E-04, 2.60386E-04, 3.00048E-04, 8.63277E-05, 1.30115E-05, 7.05233E-06, 6.68338E-06, 4.31539E-04
333, 4.34486E-04, 2.65041E-04, 2.96223E-04, 8.65111E-05, 1.29882E-05, 7.02216E-06, 6.65955E-06, 4.31876E-04
334, 4.31907E-04, 2.69520E-04, 2.92327E-04, 8.66614E-05, 1.29638E-05, 6.99269E-06, 6.63633E-06, 4.41718E-04
335, 4.29150E-04, 2.73820E-04, 2.88363E-04, 8.67792E-05, 1.29385E-05, 6.96322E-06, 6.61343E-06, 4.51331E-04
336, 4.26221E-04, 2.77939E-04, 2.84334E-04, 8.68652E-05, 1.29130E-05, 6.93376E-06, 6.59084E-06, 4.60704E-04
337, 4.23125E-04, 2.81871E-04, 2.80245E-04, 8.71797E-05, 1.28875E-05, 6.90476E-06, 6.56839E-06, 4.69825E-04
338, 4.19868E-04, 2.85616E-04, 2.76098E-04, 8.76271E-05, 1.28613E-05, 6.87552E-06, 6.54603E-06, 4.78685E-04
339, 4.16457E-04, 2.89169E-04, 2.71897E-04, 8.80379E-05, 1.28348E-05, 6.84589E-06, 6.52372E-06, 4.87273E-04
340, 4.12897E-04, 2.92530E-04, 2.67644E-04, 8.84129E-05, 1.28075E-05, 6.81610E-06, 6.50141E-06, 4.95581E-04
341, 4.09195E-04, 2.95695E-04, 2.63344E-04, 8.87525E-05, 1.27800E-05, 6.78632E-06, 6.47903E-06, 5.03599E-04
342, 4.05355E-04, 2.98662E-04, 2.59000E-04, 8.90574E-05, 1.27525E-05, 6.75647E-06, 6.45709E-06, 5.11319E-04
343, 4.01385E-04, 3.01431E-04, 2.54614E-04, 8.93281E-05, 1.27250E-05, 6.72632E-06, 6.43506E-06, 5.18733E-04
344, 3.97289E-04, 3.04000E-04, 2.50190E-04, 8.95653E-05, 1.26973E-05, 6.69694E-06, 6.41282E-06, 5.25835E-04
345, 3.93074E-04, 3.06367E-04, 2.45732E-04, 8.97696E-05, 1.26690E-05, 6.66809E-06, 6.39107E-06, 5.32617E-04
346, 3.88744E-04, 3.08533E-04, 2.41243E-04, 8.99416E-05, 1.26403E-05, 6.63946E-06, 6.36945E-06, 5.39074E-04
347, 3.84307E-04, 3.10495E-04, 2.36725E-04, 9.00819E-05, 1.26112E-05, 6.61067E-06, 6.34792E-06, 5.45201E-04
348, 3.79767E-04, 3.12255E-04, 2.32183E-04, 9.01910E-05, 1.25829E-05, 6.58149E-06, 6.32657E-06, 5.50991E-04
349, 3.75129E-04, 3.13811E-04, 2.27619E-04, 9.02698E-05, 1.25544E-05, 6.55287E-06, 6.30514E-06, 5.56442E-04
350, 3.70400E-04, 3.15164E-04, 2.23037E-04, 9.05142E-05, 1.25256E-05, 6.52376E-06, 6.28359E-06, 5.61549E-04
351, 3.65583E-04, 3.16315E-04, 2.18440E-04, 9.09417E-05, 1.24967E-05, 6.49495E-06, 6.26209E-06, 5.66309E-04
352, 3.62881E-04, 3.17264E-04, 2.13831E-04, 9.13345E-05, 1.24679E-05, 6.46647E-06, 6.24055E-06, 5.70720E-04
353, 3.61088E-04, 3.18012E-04, 2.09213E-04, 9.16934E-05, 1.24393E-05, 6.43828E-06, 6.21951E-06, 5.74779E-04
354, 3.59199E-04, 3.18560E-04, 2.04589E-04, 9.20187E-05, 1.24105E-05, 6.41083E-06, 6.19858E-06, 5.78486E-04
355, 3.57217E-04, 3.19615E-04, 1.99963E-04, 9.23111E-05, 1.23812E-05, 6.38388E-06, 6.17743E-06, 5.81838E-04
356, 3.55139E-04, 3.20573E-04, 1.95337E-04, 9.25711E-05, 1.23522E-05, 6.35703E-06, 6.15640E-06, 5.84837E-04
357, 3.53612E-04, 3.21324E-04, 1.90716E-04, 9.27993E-05, 1.23237E-05, 6.33024E-06, 6.13606E-06, 5.87480E-04
358, 3.52883E-04, 3.21872E-04, 1.86102E-04, 9.29961E-05, 1.22946E-05, 6.30416E-06, 6.11576E-06, 5.89770E-04
359, 3.52042E-04, 3.22219E-04, 1.81497E-04, 9.31622E-05, 1.22648E-05, 6.27869E-06, 6.09535E-06, 5.91707E-04
360, 3.51088E-04, 3.22368E-04, 1.76905E-04, 9.32981E-05, 1.22354E-05, 6.25426E-06, 6.07479E-06, 5.93292E-04
361, 3.50020E-04, 3.22322E-04, 1.72329E-04, 9.34044E-05, 1.22069E-05, 6.23088E-06, 6.05394E-06, 5.94528E-04
362, 3.48836E-04, 3.22086E-04, 1.67772E-04, 9.34816E-05, 1.21787E-05, 6.20781E-06, 6.03299E-06, 5.95416E-04
363, 3.47534E-04, 3.21663E-04, 1.63237E-04, 9.35304E-05, 1.21505E-05, 6.18506E-06, 6.01204E-06, 5.95959E-04
364, 3.46114E-04, 3.21056E-04, 1.58726E-04, 9.35512E-05, 1.21223E-05, 6.16284E-06, 5.99188E-06, 5.96159E-04
365, 3.44574E-04, 3.20270E-04, 1.54243E-04, 9.35448E-05, 1.20942E-05, 6.14167E-06, 5.97254E-06, 5.96020E-04
366, 3.42913E-04, 3.19309E-04, 1.49789E-04, 9.38374E-05, 1.20662E-05, 6.12062E-06, 5.95440E-06, 5.95546E-04
367, 3.41131E-04, 3.18177E-04, 1.46616E-04, 9.41555E-05, 1.20380E-05, 6.09994E-06, 5.93706E-06, 5.94740E-04
368, 3.39226E-04, 3.16879E-04, 1.46972E-04, 9.44428E-05, 1.20099E-05, 6.08002E-06, 5.92060E-06, 5.93606E-04
369, 3.37198E-04, 3.15419E-04, 1.47268E-04, 9.51458E-05, 1.19825E-05, 6.06054E-06, 5.90423E-06, 5.92148E-04
370, 3.35046E-04, 3.13802E-04, 1.47504E-04, 9.64339E-05, 1.19549E-05, 6.04075E-06, 5.88844E-06, 5.90371E-04
371, 3.32769E-04, 3.12033E-04, 1.47683E-04, 9.76964E-05, 1.19275E-05, 6.02076E-06, 5.87342E-06, 5.88279E-04
372, 3.30368E-04, 3.10115E-04, 1.47805E-04, 9.89334E-05, 1.19000E-05, 6.00061E-06, 5.85900E-06, 5.85876E-04
373, 3.27843E-04, 3.08055E-04, 1.47871E-04, 1.00145E-04, 1.18724E-05, 5.98024E-06, 5.84448E-06, 5.83168E-04
374, 3.25193E-04, 3.05857E-04, 1.47883E-04, 1.01331E-04, 1.18454E-05, 5.96015E-06, 5.83022E-06, 5.80160E-04
375, 3.22418E-04, 3.03526E-04, 1.47843E-04, 1.02492E-04, 1.18198E-05, 5.93985E-06, 5.81584E-06, 5.76856E-04
376, 3.19520E-04, 3.01066E-04, 1.47752E-04, 1.03627E-04, 1.17949E-05, 5.91912E-06, 5.80156E-06, 5.73261E-04
377, 3.16497E-04, 2.98484E-04, 1.47612E-04, 1.04737E-04, 1.17703E-05, 5.89874E-06, 5.78745E-06, 5.69381E-04
378, 3.13352E-04, 2.95783E-04, 1.47425E-04, 1.05822E-04, 1.17458E-05, 5.87859E-06, 5.77367E-06, 5.65220E-04
379, 3.10084E-04, 2.92968E-04, 1.47191E-04, 1.06882E-04, 1.17215E-05, 5.85872E-06, 5.75979E-06, 5.60785E-04
380, 3.06696E-04, 2.90045E-04, 1.46913E-04, 1.07917E-04, 1.16981E-05, 5.83870E-06, 5.74580E-06, 5.56079E-04
381, 3.03188E-04, 2.87019E-04, 1.46593E-04, 1.08927E-04, 1.16753E-05, 5.81863E-06, 5.73208E-06, 5.51108E-04
382, 2.99561E-04, 2.83894E-04, 1.46232E-04, 1.09912E-04, 1.16527E-05, 5.79863E-06, 5.71876E-06, 5.45877E-04
383, 2.95818E-04, 2.80675E-04, 1.45832E-04, 1.10873E-04, 1.16301E-05, 5.77842E-06, 5.70545E-06, 5.40392E-04
384, 2.91960E-04, 2.77367E-04, 1.45395E-04, 1.11809E-04, 1.16078E-05, 5.75762E-06, 5.69218E-06, 5.34657E-04
385, 2.87989E-04, 2.73974E-04, 1.44923E-04, 1.12720E-04, 1.15862E-05, 5.73661E-06, 5.67923E-06, 5.28678E-04
386, 2.83908E-04, 2.70501E-04, 1.44417E-04, 1.13607E-04, 1.15650E-05, 5.71554E-06, 5.66648E-06, 5.22459E-04
387, 2.79718E-04, 2.66953E-04, 1.43879E-04, 1.14469E-04, 1.15434E-05, 5.69513E-06, 5.65387E-06, 5.16005E-04
388, 2.83157E-04, 2.63335E-04, 1.43311E-04, 1.15307E-04, 1.15220E-05, 5.67494E-06, 5.64145E-06, 5.09322E-04
389, 2.86923E-04, 2.59649E-04, 1.42716E-04, 1.16121E-04, 1.15006E-05, 5.65470E-06, 5.62905E-06, 5.02415E-04
390, 2.90618E-04, 2.55901E-04, 1.42093E-04, 1.16910E-04, 1.14792E-05, 5.63465E-06, 5.61674E-06, 4.95287E-04
391, 2.94243E-04, 2.52096E-04, 1.41447E-04, 1.17676E-04, 1.14575E-05, 5.61428E-06, 5.60437E-06, 4.87945E-04
392, 2.97793E-04, 2.48236E-04, 1.40869E-04, 1.18417E-04, 1.14361E-05, 5.59423E-06, 5.59190E-06, 4.80392E-04
393, 3.01267E-04, 2.44326E-04, 1.40658E-04, 1.19134E-04, 1.14142E-05, 5.57499E-06, 5.57926E-06, 4.72634E-04
394, 3.04662E-04, 2.40370E-04, 1.40426E-04, 1.19827E-04, 1.13915E-05, 5.55618E-06, 5.56666E-06, 4.64675E-04
395, 3.07976E-04, 2.36372E-04, 1.40172E-04, 1.20496E-04, 1.13687E-05, 5.53770E-06, 5.55416E-06, 4.56521E-04
396, 3.11208E-04, 2.32335E-04, 1.39899E-04, 1.21142E-04, 1.13453E-05, 5.51928E-06, 5.54178E-06, 4.48175E-04
397, 3.15509E-04, 2.28290E-04, 1.39606E-04, 1.21763E-04, 1.13220E-05, 5.50097E-06, 5.52964E-06, 4.39642E-04
398, 3.20045E-04, 2.25596E-04, 1.39294E-04, 1.22360E-04, 1.12988E-05, 5.48327E-06, 5.51771E-06, 4.30927E-04
399, 3.24493E-04, 2.22867E-04, 1.38963E-04, 1.22934E-04, 1.12757E-05, 5.46539E-06, 5.50601E-06, 4.22035E-04
400, 3.28850E-04, 2.20102E-04, 1.38615E-04, 1.23483E-04, 1.12524E-05, 5.44730E-06, 5.49443E-06, 4.12971E-04
401, 3.33112E-04, 2.17304E-04, 1.38249E-04, 1.24009E-04, 1.12287E-05, 5.42910E-06, 5.48288E-06, 4.03738E-04
402, 3.37277E-04, 2.14473E-04, 1.39057E-04, 1.24510E-04, 1.12048E-05, 5.41133E-06, 5.47126E-06, 3.94341E-04
403, 3.41342E-04, 2.15210E-04, 1.40796E-04, 1.24988E-04, 1.11810E-05, 5.39355E-06, 5.45947E-06, 3.84786E-04
404, 3.45304E-04, 2.16848E-04, 1.42468E-04, 1.25441E-04, 1.11573E-05, 5.37553E-06, 5.44778E-06, 3.75077E-04
405, 3.49161E-04, 2.18400E-04, 1.44073E-04, 1.25870E-04, 1.11343E-05, 5.35722E-06, 5.43585E-06, 3.65218E-04
406, 3.52909E-04, 2.19866E-04, 1.45610E-04, 1.26811E-04, 1.11116E-05, 5.33885E-06, 5.42394E-06, 3.55214E-04
407, 3.56547E-04, 2.21245E-04, 1.47078E-04, 1.28194E-04, 1.10887E-05, 5.32025E-06, 5.41212E-06, 3.45070E-04
408, 3.60071E-04, 2.22536E-04, 1.48476E-04, 1.29529E-04, 1.10662E-05, 5.30175E-06, 5.40008E-06, 3.34791E-04
409, 3.63479E-04, 2.23738E-04, 1.49804E-04, 1.30815E-04, 1.10441E-05, 5.28377E-06, 5.38829E-06, 3.24381E-04
410, 3.66770E-04, 2.24853E-04, 1.51060E-04, 1.32053E-04, 1.10219E-05, 5.26629E-06, 5.37641E-06, 3.13846E-04
411, 3.69940E-04, 2.25878E-04, 1.52246E-04, 1.33242E-04, 1.10005E-05, 5.24914E-06, 5.36461E-06, 3.03189E-04
412, 3.72987E-04, 2.26814E-04, 1.53849E-04, 1.34383E-04, 1.09794E-05, 5.23216E-06, 5.35283E-06, 3.02285E-04
413, 3.75910E-04, 2.27661E-04, 1.55951E-04, 1.35474E-04, 1.09580E-05, 5.21497E-06, 5.34104E-06, 3.02389E-04
414, 3.78706E-04, 2.28840E-04, 1.57989E-04, 1.36517E-04, 1.09367E-05, 5.19807E-06, 5.32917E-06, 3.02157E-04
415, 3.81373E-04, 2.30514E-04, 1.59962E-04, 1.37510E-04, 1.09154E-05, 5.18100E-06, 5.31722E-06, 3.01591E-04
416, 3.83910E-04, 2.32100E-04, 1.61871E-04, 1.38454E-04, 1.08943E-05, 5.16377E-06, 5.30507E-06, 3.00691E-04
417, 3.86315E-04, 2.33602E-04, 1.63713E-04, 1.39348E-04, 1.08736E-05, 5.14653E-06, 5.29304E-06, 2.99460E-04
418, 3.88586E-04, 2.35018E-04, 1.65489E-04, 1.40193E-04, 1.08527E-05, 5.12936E-06, 5.28124E-06, 2.97901E-04
419, 3.90722E-04, 2.36350E-04, 1.67197E-04, 1.40989E-04, 1.08320E-05, 5.11202E-06, 5.26944E-06, 2.96017E-04
420, 3.92721E-04, 2.37597E-04, 1.68837E-04, 1.41735E-04, 1.08111E-05, 5.09481E-06, 5.25762E-06, 2.93814E-04
421, 3.94582E-04, 2.38761E-04, 1.70409E-04, 1.42432E-04, 1.07898E-05, 5.07769E-06, 5.24575E-06, 2.91297E-04
422, 3.96304E-04, 2.39841E-04, 1.71912E-04, 1.43080E-04, 1.07688E-05, 5.06057E-06, 5.23394E-06, 2.88472E-04
423, 3.97885E-04, 2.40837E-04, 1.73345E-04, 1.43678E-04, 1.07480E-05, 5.04367E-06, 5.22213E-06, 2.85347E-04
424, 3.99325E-04, 2.41750E-04, 1.74709E-04, 1.44227E-04, 1.07274E-05, 5.02670E-06, 5.21045E-06, 2.81930E-04
425, 4.00624E-04, 2.42581E-04, 1.76003E-04, 1.44728E-04, 1.07071E-05, 5.00970E-06, 5.19870E-06, 2.78230E-04
426, 4.01779E-04, 2.43329E-04, 1.77226E-04, 1.45180E-04, 1.06866E-05, 4.99323E-06, 5.18697E-06, 2.74256E-04
427, 4.02791E-04, 2.43995E-04, 1.78490E-04, 1.45583E-04, 1.06662E-05, 4.97661E-06, 5.17535E-06, 2.70020E-04
428, 4.03659E-04, 2.44579E-04, 1.80793E-04, 1.45938E-04, 1.06455E-05, 4.95996E-06, 5.16379E-06, 2.65533E-04
429, 4.04383E-04, 2.45082E-04, 1.83040E-04, 1.46245E-04, 1.06249E-05, 4.94364E-06, 5.15202E-06, 2.60806E-04
430, 4.04962E-04, 2.45503E-04, 1.85229E-04, 1.46504E-04, 1.06050E-05, 4.92733E-06, 5.14022E-06, 2.55852E-04
431, 4.05396E-04, 2.45843E-04, 1.87359E-04, 1.46715E-04, 1.05850E-05, 4.91102E-06, 5.12835E-06, 2.50685E-04
432, 4.07510E-04, 2.46102E-04, 1.89428E-04, 1.46879E-04, 1.05650E-05, 4.89457E-06, 5.11647E-06, 2.45317E-04
433, 4.09590E-04, 2.46280E-04, 1.91437E-04, 1.46997E-04, 1.05451E-05, 4.87809E-06, 5.10446E-06, 2.39763E-04
434, 4.11555E-04, 2.46378E-04, 1.93384E-04, 1.47067E-04, 1.05256E-05, 4.86169E-06, 5.09252E-06, 2.34038E-04
435, 4.13404E-04, 2.46396E-04, 1.95267E-04, 1.47092E-04, 1.05068E-05, 4.84527E-06, 5.08053E-06, 2.33075E-04
436, 4.15135E-04, 2.46334E-04, 1.97087E-04, 1.47070E-04, 1.04883E-05, 4.82880E-06, 5.06843E-06, 2.36921E-04
437, 4.16747E-04, 2.46192E-04, 1.98842E-04, 1.47004E-04, 1.04711E-05, 4.81231E-06, 5.05643E-06, 2.40621E-04
438, 4.18239E-04, 2.45972E-04, 2.00531E-04, 1.46892E-04, 1.04547E-05, 4.79588E-06, 5.04443E-06, 2.44171E-04
439, 4.19610E-04, 2.45672E-04, 2.02154E-04, 1.46736E-04, 1.04381E-05, 4.77992E-06, 5.03243E-06, 2.47565E-04
440, 4.20859E-04, 2.45294E-04, 2.03710E-04, 1.46535E-04, 1.04212E-05, 4.76443E-06, 5.02063E-06, 2.50799E-04
441, 4.21986E-04, 2.44839E-04, 2.05198E-04, 1.46291E-04, 1.04046E-05, 4.74888E-06, 5.00878E-06, 2.53869E-04
442, 4.22990E-04, 2.44305E-04, 2.06617E-04, 1.46004E-04, 1.03882E-05, 4.73299E-06, 4.99694E-06, 2.56772E-04
443, 4.23870E-04, 2.43695E-04, 2.07967E-04, 1.45675E-04, 1.03726E-05, 4.71682E-06, 4.98504E-06, 2.59504E-04
444, 4.24626E-04, 2.43007E-04, 2.09248E-04, 1.45303E-04, 1.03560E-05, 4.70038E-06, 4.97296E-06, 2.62268E-04
445, 4.25257E-04, 2.43000E-04, 2.10458E-04, 1.44890E-04, 1.03387E-05, 4.68395E-06, 4.96081E-06, 2.67167E-04
446, 4.25763E-04, 2.43320E-04, 2.11598E-04, 1.44436E-04, 1.03208E-05, 4.66759E-06, 4.94869E-06, 2.71896E-04
447, 4.26144E-04, 2.43561E-04, 2.12666E-04, 1.43942E-04, 1.03025E-05, 4.65154E-06, 4.93667E-06, 2.76451E-04
448, 4.26399E-04, 2.43723E-04, 2.13663E-04, 1.43408E-04, 1.02836E-05, 4.63557E-06, 4.92458E-06, 2.80827E-04
449, 4.26529E-04, 2.43805E-04, 2.14588E-04, 1.42835E-04, 1.02648E-05, 4.61941E-06, 4.91235E-06, 2.85019E-04
450, 4.26533E-04, 2.43808E-04, 2.15441E-04, 1.42223E-04, 1.02462E-05, 4.60310E-06, 4.90006E-06, 2.89023E-04
451, 4.26412E-04, 2.43731E-04, 2.16222E-04, 1.41898E-04, 1.02272E-05, 4.58699E-06, 4.88770E-06, 2.92836E-04
452, 4.26165E-04, 2.44171E-04, 2.16929E-04, 1.41548E-04, 1.02078E-05, 4.57099E-06, 4.87516E-06, 2.96455E-04
453, 4.25794E-04, 2.46132E-04, 2.17565E-04, 1.41163E-04, 1.01878E-05, 4.55474E-06, 4.86256E-06, 2.99876E-04
454, 4.25298E-04, 2.48028E-04, 2.18127E-04, 1.40743E-04, 1.01673E-05, 4.53827E-06, 4.84999E-06, 3.03096E-04
455, 4.24679E-04, 2.49860E-04, 2.18616E-04, 1.40289E-04, 1.01461E-05, 4.52190E-06, 4.83746E-06, 3.06113E-04
456, 4.23935E-04, 2.51626E-04, 2.19823E-04, 1.39801E-04, 1.01241E-05, 4.50546E-06, 4.82500E-06, 3.08925E-04
457, 4.23069E-04, 2.53325E-04, 2.21571E-04, 1.39280E-04, 1.01014E-05, 4.48923E-06, 4.81231E-06, 3.11530E-04
458, 4.22081E-04, 2.54957E-04, 2.23268E-04, 1.38725E-04, 1.00781E-05, 4.47297E-06, 4.79948E-06, 3.13926E-04
459, 4.20971E-04, 2.56521E-04, 2.24912E-04, 1.38138E-04, 1.00548E-05, 4.45717E-06, 4.78685E-06, 3.16112E-04
460, 4.19742E-04, 2.58016E-04, 2.26502E-04, 1.37518E-04, 1.00314E-05, 4.44148E-06, 4.77426E-06, 3.18087E-04
461, 4.18392E-04, 2.59442E-04, 2.28038E-04, 1.36867E-04, 1.00082E-05, 4.42618E-06, 4.76152E-06, 3.19851E-04
462, 4.16924E-04, 2.60799E-04, 2.29517E-04, 1.36185E-04, 9.98465E-06, 4.41096E-06, 4.74883E-06, 3.21403E-04
463, 4.15340E-04, 2.62085E-04, 2.30940E-04, 1.35472E-04, 9.96102E-06, 4.39639E-06, 4.73606E-06, 3.22743E-04
464, 4.13639E-04, 2.63301E-04, 2.32305E-04, 1.34729E-04, 9.93749E-06, 4.38226E-06, 4.72317E-06, 3.23871E-04
465, 4.11823E-04, 2.64445E-04, 2.33610E-04, 1.33956E-04, 9.91352E-06, 4.36855E-06, 4.71006E-06, 3.24789E-04
466, 4.09895E-04, 2.65519E-04, 2.34856E-04, 1.33155E-04, 9.88909E-06, 4.35489E-06, 4.69702E-06, 3.25497E-04
467, 4.07855E-04, 2.66520E-04, 2.36040E-04, 1.32325E-04, 9.86449E-06, 4.34122E-06, 4.68394E-06, 3.25995E-04
468, 4.05704E-04, 2.67449E-04, 2.37163E-04, 1.31467E-04, 9.83937E-06, 4.32732E-06, 4.67086E-06, 3.29289E-04
469, 4.03445E-04, 2.68306E-04, 2.38222E-04, 1.30581E-04, 9.81375E-06, 4.31329E-06, 4.65796E-06, 3.33921E-04
470, 4.01079E-04, 2.69091E-04, 2.39218E-04, 1.29670E-04, 9.78733E-06, 4.29924E-06, 4.64503E-06, 3.39711E-04
471, 3.98608E-04, 2.69802E-04, 2.40149E-04, 1.28732E-04, 9.76001E-06, 4.28507E-06, 4.63192E-06, 3.45248E-04
472, 3.96034E-04, 2.70441E-04, 2.41015E-04, 1.27769E-04, 9.73221E-06, 4.27091E-06, 4.61886E-06, 3.50656E-04
473, 3.93359E-04, 2.71210E-04, 2.41815E-04, 1.26781E-04, 9.70397E-06, 4.25650E-06, 4.60577E-06, 3.57644E-04
474, 3.90584E-04, 2.72242E-04, 2.42549E-04, 1.25769E-04, 9.67552E-06, 4.24196E-06, 4.59284E-06, 3.64406E-04
475, 3.87713E-04, 2.73216E-04, 2.43215E-04, 1.24734E-04, 9.64704E-06, 4.22722E-06, 4.57978E-06, 3.70940E-04
476, 3.84746E-04, 2.74132E-04, 2.43813E-04, 1.23676E-04, 9.61760E-06, 4.21230E-06, 4.56655E-06, 3.77243E-04
477, 3.81686E-04, 2.74990E-04, 2.44342E-04, 1.22596E-04, 9.58735E-06, 4.19729E-06, 4.55328E-06, 3.83311E-04
478, 3.78536E-04, 2.75788E-04, 2.44803E-04, 1.21495E-04, 9.55683E-06, 4.18218E-06, 4.53982E-06, 3.89144E-04
479, 3.75297E-04, 2.76526E-04, 2.45194E-04, 1.20373E-04, 9.52586E-06, 4.16720E-06, 4.52640E-06, 3.94738E-04
480, 3.71973E-04, 2.77204E-04, 2.45515E-04, 1.19231E-04, 9.49444E-06, 4.15219E-06, 4.51308E-06, 4.00092E-04
481, 3.68566E-04, 2.77821E-04, 2.45765E-04, 1.18070E-04, 9.46281E-06, 4.13730E-06, 4.49963E-06, 4.05203E-04
482, 3.65078E-04, 2.78376E-04, 2.45946E-04, 1.16890E-04, 9.43144E-06, 4.12259E-06, 4.48619E-06, 4.10072E-04
483, 3.61511E-04, 2.78870E-04, 2.46055E-04, 1.15693E-04, 9.39996E-06, 4.10788E-06, 4.47265E-06, 4.14695E-04
484, 3.58347E-04, 2.79302E-04, 2.46093E-04, 1.14478E-04, 9.36816E-06, 4.09309E-06, 4.45900E-06, 4.19073E-04
485, 3.55847E-04, 2.79671E-04, 2.46061E-04, 1.13248E-04, 9.33594E-06, 4.07840E-06, 4.44523E-06, 4.23203E-04
486, 3.53251E-04, 2.79977E-04, 2.45956E-04, 1.12001E-04, 9.30316E-06, 4.06384E-06, 4.43139E-06, 4.27086E-04
487, 3.50561E-04, 2.80220E-04, 2.45781E-04, 1.10740E-04, 9.26992E-06, 4.04938E-06, 4.41751E-06, 4.30721E-04
488, 3.47779E-04, 2.80860E-04, 2.45534E-04, 1.09464E-04, 9.23611E-06, 4.03492E-06, 4.40362E-06, 4.34108E-04
489, 3.44907E-04, 2.81981E-04, 2.45216E-04, 1.08176E-04, 9.20205E-06, 4.02048E-06, 4.38951E-06, 4.37245E-04
490, 3.41948E-04, 2.83049E-04, 2.44827E-04, 1.06874E-04, 9.16744E-06, 4.00600E-06, 4.37544E-06, 4.40135E-04
491, 3.38903E-04, 2.84062E-04, 2.44367E-04, 1.05560E-04, 9.13253E-06, 3.99146E-06, 4.36164E-06, 4.42776E-04
492, 3.37037E-04, 2.85019E-04, 2.43836E-04, 1.04236E-04, 9.09750E-06, 3.97710E-06, 4.34780E-06, 4.45170E-04
493, 3.35323E-04, 2.85920E-04, 2.43235E-04, 1.02900E-04, 9.06208E-06, 3.96303E-06, 4.33380E-06, 4.47316E-04
494, 3.33523E-04, 2.86764E-04, 2.42564E-04, 1.01555E-04, 9.02600E-06, 3.94915E-06, 4.31963E-06, 4.49216E-04
495, 3.31637E-04, 2.87550E-04, 2.41823E-04, 1.00201E-04, 8.98985E-06, 3.93555E-06, 4.30541E-06, 4.50871E-04
496, 3.29669E-04, 2.88276E-04, 2.41012E-04, 9.88386E-05, 8.95328E-06, 3.92204E-06, 4.29112E-06, 4.52281E-04
497, 3.27618E-04, 2.88943E-04, 2.40133E-04, 9.74684E-05, 8.91626E-06, 3.90846E-06, 4.27678E-06, 4.53449E-04
498, 3.25486E-04, 2.89549E-04, 2.39186E-04, 9.60913E-05, 8.87890E-06, 3.89515E-06, 4.26245E-06, 4.54375E-04
499, 3.23275E-04, 2.90093E-04, 2.38171E-04, 9.47080E-05, 8.84094E-06, 3.88197E-06, 4.24813E-06, 4.55061E-04
500, 3.20987E-04, 2.90576E-04, 2.37089E-04, 9.33192E-05, 8.80267E-06, 3.86888E-06, 4.23379E-06, 4.55510E-04
