time_step, rel_err_u, rel_err_v, rel_err_w, rel_err_p, rel_err_u_m, rel_err_v_m, rel_err_w_m, rel_err_p_m
0, 0.00000E+00, 0.00000E+00, 0.00000E+00, 0.00000E+00, 0.00000E+00, 0.00000E+00, 0.00000E+00,         NaN
1, 4.11162E-03, 2.47595E-03, 2.22106E-03, 3.43962E-02, 1.59454E-04, 1.25622E-04, 1.05183E-04, 3.56751E+00
2, 7.27835E-03, 4.96595E-03, 2.95944E-03, 3.36553E-02, 3.05639E-04, 2.37730E-04, 1.93104E-04, 3.50304E-01
3, 1.06408E-02, 7.42469E-03, 4.45155E-03, 3.38286E-02, 4.53929E-04, 3.52989E-04, 2.87791E-04, 3.94360E-01
4, 1.48893E-02, 1.02740E-02, 5.77546E-03, 3.33941E-02, 6.00176E-04, 4.67112E-04, 3.81098E-04, 3.52527E-01
5, 1.91729E-02, 1.31511E-02, 6.87516E-03, 3.29919E-02, 7.42992E-04, 5.79221E-04, 4.73573E-04, 3.54843E-01
6, 2.45012E-02, 1.59133E-02, 8.26893E-03, 3.25139E-02, 8.82915E-04, 6.89564E-04, 5.64785E-04, 3.61435E-01
7, 2.96758E-02, 1.84317E-02, 9.34204E-03, 3.19941E-02, 1.01998E-03, 7.98238E-04, 6.54797E-04, 3.64435E-01
8, 3.42730E-02, 2.05926E-02, 9.95454E-03, 3.15058E-02, 1.15460E-03, 9.05280E-04, 7.43785E-04, 3.78130E-01
9, 4.07543E-02, 2.30151E-02, 1.18142E-02, 3.12362E-02, 1.28745E-03, 1.01081E-03, 8.32187E-04, 3.90954E-01
10, 4.74823E-02, 2.62602E-02, 1.34266E-02, 3.09205E-02, 1.41838E-03, 1.11479E-03, 9.19579E-04, 4.00097E-01
11, 5.61798E-02, 2.92479E-02, 1.46180E-02, 3.07154E-02, 1.54564E-03, 1.21660E-03, 1.00607E-03, 4.13187E-01
12, 6.56036E-02, 3.18635E-02, 1.62300E-02, 3.23148E-02, 1.67093E-03, 1.31747E-03, 1.09179E-03, 4.18118E-01
13, 7.48244E-02, 3.40012E-02, 1.84753E-02, 3.36638E-02, 1.79311E-03, 1.41684E-03, 1.17651E-03, 4.35535E-01
14, 8.34491E-02, 3.55691E-02, 2.02711E-02, 3.47179E-02, 1.91296E-03, 1.51525E-03, 1.25978E-03, 4.36771E-01
15, 9.10612E-02, 3.64933E-02, 2.29347E-02, 3.54368E-02, 2.03097E-03, 1.61233E-03, 1.34287E-03, 4.43214E-01
16, 9.86759E-02, 3.97142E-02, 2.59802E-02, 3.57860E-02, 2.14759E-03, 1.70877E-03, 1.42532E-03, 4.49326E-01
17, 1.09187E-01, 4.26479E-02, 2.86497E-02, 3.57392E-02, 2.25976E-03, 1.80456E-03, 1.50618E-03, 4.64654E-01
18, 1.18338E-01, 4.50956E-02, 3.07431E-02, 3.73748E-02, 2.37078E-03, 1.89930E-03, 1.58592E-03, 4.86575E-01
19, 1.25597E-01, 4.69644E-02, 3.23045E-02, 3.89028E-02, 2.47727E-03, 1.99312E-03, 1.66531E-03, 4.92453E-01
20, 1.30451E-01, 4.81826E-02, 3.79237E-02, 4.00502E-02, 2.58285E-03, 2.08601E-03, 1.74492E-03, 4.82010E-01
21, 1.32452E-01, 4.87326E-02, 4.33193E-02, 4.07714E-02, 2.68727E-03, 2.17715E-03, 1.82399E-03, 4.68896E-01
22, 1.39838E-01, 5.11803E-02, 4.82018E-02, 4.10298E-02, 2.78700E-03, 2.26867E-03, 1.90223E-03, 4.84539E-01
23, 1.45091E-01, 5.39890E-02, 5.22653E-02, 4.07997E-02, 2.88593E-03, 2.35983E-03, 1.97951E-03, 4.84219E-01
24, 1.47143E-01, 5.64940E-02, 5.52095E-02, 4.09454E-02, 2.98429E-03, 2.44954E-03, 2.05707E-03, 4.68384E-01
25, 1.51619E-01, 6.38510E-02, 5.67504E-02, 4.25457E-02, 3.07834E-03, 2.53720E-03, 2.13443E-03, 4.38267E-01
26, 1.66041E-01, 7.12357E-02, 5.66383E-02, 4.36895E-02, 3.17016E-03, 2.62424E-03, 2.21165E-03, 4.18306E-01
27, 1.76842E-01, 7.91034E-02, 6.22072E-02, 4.43308E-02, 3.26002E-03, 2.71042E-03, 2.28747E-03, 4.16081E-01
28, 1.95789E-01, 8.72019E-02, 7.02943E-02, 4.44353E-02, 3.34882E-03, 2.79494E-03, 2.36378E-03, 4.03622E-01
29, 2.12467E-01, 9.51046E-02, 7.77370E-02, 4.39825E-02, 3.43324E-03, 2.87923E-03, 2.43958E-03, 4.13622E-01
30, 2.24524E-01, 1.02680E-01, 8.42267E-02, 4.29668E-02, 3.51638E-03, 2.96273E-03, 2.51408E-03, 4.19205E-01
31, 2.31370E-01, 1.09797E-01, 8.94625E-02, 4.40056E-02, 3.60073E-03, 3.04620E-03, 2.58692E-03, 4.10480E-01
32, 2.36096E-01, 1.16343E-01, 9.31658E-02, 4.50295E-02, 3.68337E-03, 3.12928E-03, 2.65874E-03, 4.21934E-01
33, 2.48603E-01, 1.22217E-01, 9.50955E-02, 4.55074E-02, 3.76608E-03, 3.21190E-03, 2.73015E-03, 4.45716E-01
34, 2.55222E-01, 1.27331E-01, 9.50606E-02, 4.71274E-02, 3.84820E-03, 3.29393E-03, 2.80389E-03, 4.99153E-01
35, 2.55435E-01, 1.31753E-01, 9.30246E-02, 4.86981E-02, 3.92866E-03, 3.37429E-03, 2.87784E-03, 5.39313E-01
36, 2.52343E-01, 1.36970E-01, 8.88429E-02, 5.00322E-02, 4.01473E-03, 3.45269E-03, 2.95070E-03, 5.63569E-01
37, 2.67349E-01, 1.41258E-01, 8.25280E-02, 5.17489E-02, 4.10091E-03, 3.53007E-03, 3.02215E-03, 5.69924E-01
38, 2.77373E-01, 1.44553E-01, 7.41688E-02, 5.31593E-02, 4.18422E-03, 3.60824E-03, 3.09154E-03, 5.57233E-01
39, 2.81749E-01, 1.46818E-01, 8.03018E-02, 5.45017E-02, 4.26199E-03, 3.68732E-03, 3.15969E-03, 5.25373E-01
40, 2.80085E-01, 1.48507E-01, 9.08836E-02, 5.59898E-02, 4.34317E-03, 3.76766E-03, 3.22669E-03, 5.11678E-01
41, 2.72188E-01, 1.51142E-01, 9.96078E-02, 5.71268E-02, 4.42635E-03, 3.84815E-03, 3.29335E-03, 5.49018E-01
42, 2.58901E-01, 1.52623E-01, 1.06120E-01, 5.85858E-02, 4.50551E-03, 3.92696E-03, 3.36010E-03, 5.71277E-01
43, 2.68210E-01, 1.52932E-01, 1.10218E-01, 5.97247E-02, 4.58637E-03, 4.00615E-03, 3.42618E-03, 5.77488E-01
44, 2.82110E-01, 1.52235E-01, 1.11771E-01, 6.10008E-02, 4.66653E-03, 4.08490E-03, 3.49099E-03, 5.67375E-01
45, 2.97436E-01, 1.58712E-01, 1.10730E-01, 6.20875E-02, 4.74739E-03, 4.16283E-03, 3.55745E-03, 5.41353E-01
46, 3.06884E-01, 1.69926E-01, 1.07119E-01, 6.32296E-02, 4.82461E-03, 4.24124E-03, 3.62361E-03, 5.00496E-01
47, 3.10258E-01, 1.80083E-01, 1.01039E-01, 6.42055E-02, 4.90277E-03, 4.32039E-03, 3.69169E-03, 4.46503E-01
48, 3.07566E-01, 1.88976E-01, 1.03940E-01, 6.52167E-02, 4.97913E-03, 4.39686E-03, 3.76015E-03, 3.86831E-01
49, 3.32695E-01, 1.96419E-01, 1.09156E-01, 6.60204E-02, 5.05379E-03, 4.47264E-03, 3.82889E-03, 3.92117E-01
50, 3.53574E-01, 2.02260E-01, 1.11911E-01, 6.68738E-02, 5.12883E-03, 4.55019E-03, 3.89732E-03, 3.95255E-01
51, 3.69452E-01, 2.06403E-01, 1.12120E-01, 6.74425E-02, 5.20699E-03, 4.62850E-03, 3.96287E-03, 3.90789E-01
52, 3.80024E-01, 2.08821E-01, 1.09782E-01, 6.81000E-02, 5.28566E-03, 4.70552E-03, 4.02845E-03, 3.79436E-01
53, 3.85129E-01, 2.09401E-01, 1.04978E-01, 6.84304E-02, 5.36344E-03, 4.78278E-03, 4.09466E-03, 3.83889E-01
54, 3.84759E-01, 2.08146E-01, 9.78715E-02, 6.87993E-02, 5.44223E-03, 4.85987E-03, 4.16115E-03, 4.01772E-01
55, 3.79045E-01, 2.05106E-01, 9.28124E-02, 6.89446E-02, 5.51937E-03, 4.93613E-03, 4.22909E-03, 4.14053E-01
56, 3.68254E-01, 2.00364E-01, 1.00402E-01, 6.92060E-02, 5.59395E-03, 5.01270E-03, 4.29620E-03, 4.19842E-01
57, 3.52775E-01, 1.94042E-01, 1.05838E-01, 6.97072E-02, 5.66536E-03, 5.08744E-03, 4.36146E-03, 4.18400E-01
58, 3.33099E-01, 1.86284E-01, 1.09026E-01, 6.97676E-02, 5.73428E-03, 5.16200E-03, 4.42541E-03, 4.09204E-01
59, 3.09802E-01, 1.77261E-01, 1.09945E-01, 6.93956E-02, 5.80545E-03, 5.23627E-03, 4.49018E-03, 4.02982E-01
60, 3.02803E-01, 1.67153E-01, 1.08671E-01, 6.86049E-02, 5.87875E-03, 5.31258E-03, 4.55579E-03, 4.16407E-01
61, 3.03103E-01, 1.56152E-01, 1.05307E-01, 6.74143E-02, 5.95824E-03, 5.38911E-03, 4.62270E-03, 4.29278E-01
62, 2.97896E-01, 1.53975E-01, 1.00017E-01, 6.58467E-02, 6.03815E-03, 5.46447E-03, 4.68958E-03, 4.39509E-01
63, 2.87549E-01, 1.56714E-01, 9.30193E-02, 6.39293E-02, 6.11769E-03, 5.53961E-03, 4.75649E-03, 4.52930E-01
64, 2.72560E-01, 1.58411E-01, 8.45740E-02, 6.22479E-02, 6.19533E-03, 5.61495E-03, 4.82131E-03, 4.58154E-01
65, 2.53535E-01, 1.59074E-01, 8.16638E-02, 6.37651E-02, 6.27703E-03, 5.69193E-03, 4.88490E-03, 4.66081E-01
66, 2.31169E-01, 1.58725E-01, 7.83895E-02, 6.49013E-02, 6.35988E-03, 5.77284E-03, 4.95079E-03, 4.78221E-01
67, 2.06226E-01, 1.57742E-01, 7.33777E-02, 6.60960E-02, 6.44203E-03, 5.85594E-03, 5.01622E-03, 4.88134E-01
68, 1.83463E-01, 1.61937E-01, 6.68754E-02, 6.75814E-02, 6.52552E-03, 5.93975E-03, 5.08142E-03, 4.90298E-01
69, 1.79985E-01, 1.65063E-01, 6.31231E-02, 6.99554E-02, 6.61247E-03, 6.02334E-03, 5.14808E-03, 4.94861E-01
70, 1.71944E-01, 1.67107E-01, 6.40939E-02, 7.20043E-02, 6.70182E-03, 6.10751E-03, 5.21226E-03, 5.04588E-01
71, 1.59680E-01, 1.68069E-01, 6.52726E-02, 7.36013E-02, 6.79435E-03, 6.19154E-03, 5.27398E-03, 5.04749E-01
72, 1.43646E-01, 1.67965E-01, 6.58919E-02, 7.51457E-02, 6.88645E-03, 6.27719E-03, 5.33510E-03, 5.06056E-01
73, 1.39387E-01, 1.66829E-01, 6.61885E-02, 7.64632E-02, 6.97583E-03, 6.36554E-03, 5.39647E-03, 5.00786E-01
74, 1.48853E-01, 1.67185E-01, 6.72751E-02, 7.87129E-02, 7.06099E-03, 6.45503E-03, 5.45756E-03, 5.01766E-01
75, 1.55538E-01, 1.71040E-01, 6.89525E-02, 8.05571E-02, 7.14570E-03, 6.54582E-03, 5.51755E-03, 4.98765E-01
76, 1.59283E-01, 1.73785E-01, 7.05093E-02, 8.18750E-02, 7.23476E-03, 6.63761E-03, 5.57737E-03, 4.84336E-01
77, 1.60018E-01, 1.75401E-01, 7.18772E-02, 8.34785E-02, 7.32420E-03, 6.72695E-03, 5.63765E-03, 4.80992E-01
78, 1.57780E-01, 1.75892E-01, 7.24488E-02, 8.51987E-02, 7.41283E-03, 6.81667E-03, 5.69553E-03, 4.84619E-01
79, 1.52633E-01, 1.75261E-01, 7.34399E-02, 8.69476E-02, 7.49884E-03, 6.90795E-03, 5.75256E-03, 4.81558E-01
80, 1.44753E-01, 1.73516E-01, 7.34528E-02, 8.96359E-02, 7.58425E-03, 6.99861E-03, 5.81002E-03, 4.90485E-01
81, 1.34388E-01, 1.74892E-01, 7.34897E-02, 9.23519E-02, 7.66861E-03, 7.08952E-03, 5.86853E-03, 4.94799E-01
82, 1.22103E-01, 1.78798E-01, 7.52253E-02, 9.44845E-02, 7.75309E-03, 7.18101E-03, 5.92757E-03, 4.93906E-01
83, 1.20369E-01, 1.81524E-01, 7.64273E-02, 9.60021E-02, 7.84404E-03, 7.27232E-03, 5.98460E-03, 5.11176E-01
84, 1.20539E-01, 1.83046E-01, 7.78591E-02, 9.69269E-02, 7.93825E-03, 7.36224E-03, 6.03804E-03, 5.23438E-01
85, 1.26811E-01, 1.83333E-01, 7.86134E-02, 9.90132E-02, 8.02991E-03, 7.45096E-03, 6.09020E-03, 5.32841E-01
86, 1.32744E-01, 1.82365E-01, 7.88700E-02, 1.00371E-01, 8.11809E-03, 7.54254E-03, 6.14385E-03, 5.36854E-01
87, 1.38023E-01, 1.80147E-01, 7.91247E-02, 1.02809E-01, 8.20679E-03, 7.63561E-03, 6.19959E-03, 5.34798E-01
88, 1.42529E-01, 1.82106E-01, 7.83505E-02, 1.04929E-01, 8.29421E-03, 7.72685E-03, 6.25508E-03, 5.32223E-01
89, 1.49724E-01, 1.86456E-01, 7.95588E-02, 1.06909E-01, 8.38213E-03, 7.81728E-03, 6.30905E-03, 5.47873E-01
90, 1.57455E-01, 1.89507E-01, 8.10344E-02, 1.10367E-01, 8.47521E-03, 7.90744E-03, 6.36366E-03, 5.62488E-01
91, 1.64150E-01, 1.91195E-01, 8.19615E-02, 1.13468E-01, 8.57152E-03, 7.99721E-03, 6.41820E-03, 5.76648E-01
92, 1.69690E-01, 1.91454E-01, 8.28944E-02, 1.15744E-01, 8.66542E-03, 8.08773E-03, 6.46881E-03, 5.85194E-01
93, 1.74012E-01, 1.90252E-01, 8.31638E-02, 1.17152E-01, 8.75934E-03, 8.17921E-03, 6.51954E-03, 5.87284E-01
94, 1.77033E-01, 1.87579E-01, 8.41726E-02, 1.17669E-01, 8.85204E-03, 8.27023E-03, 6.57013E-03, 5.99196E-01
95, 1.78726E-01, 1.89549E-01, 8.56489E-02, 1.18921E-01, 8.94950E-03, 8.35998E-03, 6.62062E-03, 6.12284E-01
96, 1.88094E-01, 1.94636E-01, 8.67521E-02, 1.21951E-01, 9.04966E-03, 8.44798E-03, 6.67212E-03, 6.19119E-01
97, 1.99106E-01, 1.98241E-01, 8.74407E-02, 1.24962E-01, 9.15144E-03, 8.53526E-03, 6.72183E-03, 6.28470E-01
98, 2.09567E-01, 2.00234E-01, 8.76856E-02, 1.27744E-01, 9.25572E-03, 8.62225E-03, 6.76921E-03, 6.30511E-01
99, 2.19220E-01, 2.00537E-01, 8.74683E-02, 1.29567E-01, 9.36568E-03, 8.71286E-03, 6.81587E-03, 6.27656E-01
100, 2.27829E-01, 1.99097E-01, 8.81896E-02, 1.31663E-01, 9.47751E-03, 8.79992E-03, 6.86259E-03, 6.51740E-01
101, 2.35180E-01, 1.96466E-01, 8.99196E-02, 1.34618E-01, 9.58669E-03, 8.88442E-03, 6.91469E-03, 6.69661E-01
102, 2.41087E-01, 1.96965E-01, 9.13002E-02, 1.36431E-01, 9.70179E-03, 8.96817E-03, 6.96616E-03, 6.80187E-01
103, 2.45399E-01, 2.02943E-01, 9.23078E-02, 1.38982E-01, 9.81696E-03, 9.05034E-03, 7.01445E-03, 6.82120E-01
104, 2.47999E-01, 2.07180E-01, 9.29205E-02, 1.40561E-01, 9.93070E-03, 9.13524E-03, 7.06080E-03, 6.74685E-01
105, 2.48807E-01, 2.09523E-01, 9.31423E-02, 1.41011E-01, 1.00478E-02, 9.21721E-03, 7.10673E-03, 6.97459E-01
106, 2.47784E-01, 2.09869E-01, 9.29392E-02, 1.44336E-01, 1.01658E-02, 9.29313E-03, 7.15367E-03, 7.16427E-01
107, 2.44925E-01, 2.08492E-01, 9.27685E-02, 1.47775E-01, 1.02817E-02, 9.36628E-03, 7.20195E-03, 7.27063E-01
108, 2.40264E-01, 2.09434E-01, 9.40692E-02, 1.49955E-01, 1.03964E-02, 9.44254E-03, 7.25027E-03, 7.28087E-01
109, 2.33882E-01, 2.08277E-01, 9.50675E-02, 1.50825E-01, 1.05115E-02, 9.52060E-03, 7.30169E-03, 7.19412E-01
110, 2.25872E-01, 2.10023E-01, 9.57471E-02, 1.51727E-01, 1.06285E-02, 9.59851E-03, 7.35224E-03, 7.37092E-01
111, 2.16338E-01, 2.14878E-01, 9.60915E-02, 1.56361E-01, 1.07530E-02, 9.67180E-03, 7.40215E-03, 7.55783E-01
112, 2.05424E-01, 2.17563E-01, 9.60851E-02, 1.59627E-01, 1.08778E-02, 9.74190E-03, 7.44837E-03, 7.69442E-01
113, 1.93290E-01, 2.18738E-01, 9.60523E-02, 1.61447E-01, 1.10067E-02, 9.80988E-03, 7.49731E-03, 7.83556E-01
114, 1.80110E-01, 2.21580E-01, 9.69109E-02, 1.61782E-01, 1.11322E-02, 9.87942E-03, 7.54737E-03, 7.87472E-01
115, 1.76369E-01, 2.22056E-01, 9.78058E-02, 1.60638E-01, 1.12542E-02, 9.95003E-03, 7.59497E-03, 7.87504E-01
116, 1.83336E-01, 2.20081E-01, 9.89863E-02, 1.64205E-01, 1.13735E-02, 1.00224E-02, 7.64624E-03, 8.06638E-01
117, 1.85073E-01, 2.15629E-01, 9.98986E-02, 1.67270E-01, 1.14989E-02, 1.00917E-02, 7.69509E-03, 8.14784E-01
118, 1.91903E-01, 2.19353E-01, 1.00565E-01, 1.70560E-01, 1.16309E-02, 1.01598E-02, 7.74169E-03, 8.30959E-01
119, 1.98115E-01, 2.24602E-01, 1.02485E-01, 1.72304E-01, 1.17647E-02, 1.02248E-02, 7.79191E-03, 8.37322E-01
120, 1.99398E-01, 2.29759E-01, 1.04090E-01, 1.72469E-01, 1.18962E-02, 1.02917E-02, 7.83932E-03, 8.31352E-01
121, 2.02863E-01, 2.32385E-01, 1.05312E-01, 1.75605E-01, 1.20256E-02, 1.03563E-02, 7.88661E-03, 8.66013E-01
122, 2.11586E-01, 2.32366E-01, 1.06185E-01, 1.77092E-01, 1.21591E-02, 1.04164E-02, 7.93438E-03, 8.91129E-01
123, 2.12997E-01, 2.29618E-01, 1.06745E-01, 1.78544E-01, 1.22933E-02, 1.04742E-02, 7.98173E-03, 9.04248E-01
124, 2.18306E-01, 2.24134E-01, 1.07023E-01, 1.80233E-01, 1.24314E-02, 1.05328E-02, 8.03161E-03, 9.03181E-01
125, 2.23120E-01, 2.23994E-01, 1.07052E-01, 1.80235E-01, 1.25714E-02, 1.05931E-02, 8.07828E-03, 9.03718E-01
126, 2.20703E-01, 2.31630E-01, 1.06859E-01, 1.83968E-01, 1.27121E-02, 1.06548E-02, 8.12191E-03, 9.24757E-01
127, 2.34476E-01, 2.36743E-01, 1.07274E-01, 1.87178E-01, 1.28608E-02, 1.07129E-02, 8.16839E-03, 9.52290E-01
128, 2.42375E-01, 2.39153E-01, 1.08167E-01, 1.88482E-01, 1.30046E-02, 1.07683E-02, 8.21642E-03, 9.66442E-01
129, 2.41948E-01, 2.38750E-01, 1.08728E-01, 1.87840E-01, 1.31479E-02, 1.08193E-02, 8.26432E-03, 9.71857E-01
130, 2.38201E-01, 2.35462E-01, 1.08990E-01, 1.86633E-01, 1.32920E-02, 1.08679E-02, 8.31228E-03, 9.69868E-01
131, 2.48087E-01, 2.29297E-01, 1.08987E-01, 1.91444E-01, 1.34427E-02, 1.09158E-02, 8.35749E-03, 9.91089E-01
132, 2.55091E-01, 2.25430E-01, 1.08751E-01, 1.94459E-01, 1.35935E-02, 1.09682E-02, 8.40259E-03, 1.01972E+00
133, 2.60166E-01, 2.33057E-01, 1.08309E-01, 1.95448E-01, 1.37507E-02, 1.10223E-02, 8.44639E-03, 1.05071E+00
134, 2.65588E-01, 2.38112E-01, 1.08014E-01, 1.94385E-01, 1.39082E-02, 1.10729E-02, 8.49143E-03, 1.06646E+00
135, 2.61986E-01, 2.40429E-01, 1.08842E-01, 1.92552E-01, 1.40627E-02, 1.11204E-02, 8.53935E-03, 1.06425E+00
136, 2.75759E-01, 2.39906E-01, 1.09390E-01, 1.94825E-01, 1.42126E-02, 1.11682E-02, 8.58499E-03, 1.05371E+00
137, 2.82814E-01, 2.36482E-01, 1.09680E-01, 1.98880E-01, 1.43745E-02, 1.12149E-02, 8.62981E-03, 1.08463E+00
138, 2.83568E-01, 2.30177E-01, 1.09738E-01, 2.01477E-01, 1.45297E-02, 1.12601E-02, 8.67649E-03, 1.11301E+00
139, 2.81831E-01, 2.21074E-01, 1.10934E-01, 2.01999E-01, 1.46899E-02, 1.13046E-02, 8.72229E-03, 1.12900E+00
140, 2.86013E-01, 2.27651E-01, 1.12305E-01, 2.00438E-01, 1.48495E-02, 1.13450E-02, 8.76898E-03, 1.12584E+00
141, 2.92899E-01, 2.32719E-01, 1.12633E-01, 1.99791E-01, 1.50069E-02, 1.13860E-02, 8.81550E-03, 1.13796E+00
142, 3.06596E-01, 2.35154E-01, 1.11883E-01, 2.02607E-01, 1.51691E-02, 1.14278E-02, 8.86242E-03, 1.16660E+00
143, 3.09662E-01, 2.34856E-01, 1.10040E-01, 2.05423E-01, 1.53290E-02, 1.14679E-02, 8.91110E-03, 1.17549E+00
144, 3.02134E-01, 2.31779E-01, 1.10153E-01, 2.06131E-01, 1.54794E-02, 1.15051E-02, 8.95652E-03, 1.18897E+00
145, 3.07547E-01, 2.25943E-01, 1.12362E-01, 2.04725E-01, 1.56441E-02, 1.15398E-02, 9.00081E-03, 1.20134E+00
146, 3.21991E-01, 2.17427E-01, 1.14296E-01, 2.06635E-01, 1.58073E-02, 1.15756E-02, 9.04494E-03, 1.19302E+00
147, 3.24875E-01, 2.16474E-01, 1.15934E-01, 2.07863E-01, 1.59674E-02, 1.16109E-02, 9.09146E-03, 1.20460E+00
148, 3.26431E-01, 2.21813E-01, 1.18575E-01, 2.06755E-01, 1.61305E-02, 1.16460E-02, 9.14545E-03, 1.22672E+00
149, 3.24152E-01, 2.24741E-01, 1.21302E-01, 2.06751E-01, 1.62915E-02, 1.16801E-02, 9.19735E-03, 1.23428E+00
150, 3.31436E-01, 2.25162E-01, 1.23761E-01, 2.06859E-01, 1.64536E-02, 1.17115E-02, 9.24687E-03, 1.24825E+00
151, 3.40414E-01, 2.24410E-01, 1.25924E-01, 2.08927E-01, 1.66218E-02, 1.17411E-02, 9.29479E-03, 1.24119E+00
152, 3.47304E-01, 2.21834E-01, 1.27760E-01, 2.09801E-01, 1.67828E-02, 1.17728E-02, 9.34158E-03, 1.26515E+00
153, 3.44997E-01, 2.16674E-01, 1.29238E-01, 2.08337E-01, 1.69417E-02, 1.18027E-02, 9.38934E-03, 1.28635E+00
154, 3.43764E-01, 2.08983E-01, 1.31529E-01, 2.08826E-01, 1.71084E-02, 1.18317E-02, 9.44166E-03, 1.28450E+00
155, 3.52177E-01, 2.04127E-01, 1.34280E-01, 2.09606E-01, 1.72706E-02, 1.18587E-02, 9.49325E-03, 1.26360E+00
156, 3.58710E-01, 2.09327E-01, 1.36712E-01, 2.09162E-01, 1.74374E-02, 1.18861E-02, 9.54210E-03, 1.27188E+00
157, 3.61528E-01, 2.12308E-01, 1.38785E-01, 2.11812E-01, 1.75995E-02, 1.19118E-02, 9.59224E-03, 1.28482E+00
158, 3.59244E-01, 2.12971E-01, 1.40458E-01, 2.12179E-01, 1.77529E-02, 1.19389E-02, 9.64220E-03, 1.30371E+00
159, 3.62869E-01, 2.11262E-01, 1.41690E-01, 2.10242E-01, 1.79079E-02, 1.19696E-02, 9.68865E-03, 1.29864E+00
160, 3.76740E-01, 2.07172E-01, 1.43230E-01, 2.08009E-01, 1.80699E-02, 1.20012E-02, 9.73632E-03, 1.29841E+00
161, 3.79139E-01, 2.00739E-01, 1.45961E-01, 2.10144E-01, 1.82168E-02, 1.20339E-02, 9.78496E-03, 1.31204E+00
162, 3.70468E-01, 1.94583E-01, 1.48308E-01, 2.12753E-01, 1.83733E-02, 1.20635E-02, 9.83854E-03, 1.30408E+00
163, 3.75243E-01, 2.00512E-01, 1.50219E-01, 2.13111E-01, 1.85221E-02, 1.20942E-02, 9.89107E-03, 1.32683E+00
164, 3.87346E-01, 2.04532E-01, 1.51647E-01, 2.11210E-01, 1.86764E-02, 1.21250E-02, 9.94154E-03, 1.34208E+00
165, 3.91691E-01, 2.06544E-01, 1.52542E-01, 2.07112E-01, 1.88421E-02, 1.21519E-02, 9.99035E-03, 1.34061E+00
166, 3.94088E-01, 2.06487E-01, 1.52944E-01, 2.06804E-01, 1.89949E-02, 1.21831E-02, 1.00362E-02, 1.31824E+00
167, 3.90031E-01, 2.04337E-01, 1.55599E-01, 2.09253E-01, 1.91406E-02, 1.22195E-02, 1.00822E-02, 1.31581E+00
168, 4.08379E-01, 2.00106E-01, 1.57800E-01, 2.09534E-01, 1.92929E-02, 1.22514E-02, 1.01305E-02, 1.33732E+00
169, 4.12361E-01, 1.93843E-01, 1.59493E-01, 2.08988E-01, 1.94399E-02, 1.22835E-02, 1.01793E-02, 1.37178E+00
170, 4.05144E-01, 1.86785E-01, 1.60624E-01, 2.06711E-01, 1.95900E-02, 1.23111E-02, 1.02296E-02, 1.36859E+00
171, 4.03181E-01, 1.85525E-01, 1.61141E-01, 2.06956E-01, 1.97381E-02, 1.23380E-02, 1.02785E-02, 1.34139E+00
172, 4.22394E-01, 1.88145E-01, 1.61001E-01, 2.08422E-01, 1.98802E-02, 1.23672E-02, 1.03280E-02, 1.32443E+00
173, 4.29139E-01, 1.95034E-01, 1.62511E-01, 2.10768E-01, 2.00255E-02, 1.23924E-02, 1.03743E-02, 1.32516E+00
174, 4.32898E-01, 1.97544E-01, 1.64541E-01, 2.10992E-01, 2.01708E-02, 1.24236E-02, 1.04194E-02, 1.37916E+00
175, 4.29186E-01, 1.95475E-01, 1.66005E-01, 2.09104E-01, 2.03138E-02, 1.24538E-02, 1.04617E-02, 1.40631E+00
176, 4.41644E-01, 1.96581E-01, 1.66850E-01, 2.05178E-01, 2.04521E-02, 1.24801E-02, 1.05062E-02, 1.39521E+00
177, 4.50764E-01, 2.01204E-01, 1.67025E-01, 2.06095E-01, 2.05861E-02, 1.25120E-02, 1.05546E-02, 1.34805E+00
178, 4.49484E-01, 2.01330E-01, 1.66490E-01, 2.08678E-01, 2.07204E-02, 1.25417E-02, 1.06045E-02, 1.33167E+00
179, 4.49524E-01, 2.03834E-01, 1.66150E-01, 2.09209E-01, 2.08711E-02, 1.25687E-02, 1.06521E-02, 1.38935E+00
180, 4.43540E-01, 2.05090E-01, 1.68025E-01, 2.07692E-01, 2.10038E-02, 1.25962E-02, 1.06950E-02, 1.40868E+00
181, 4.60392E-01, 2.09829E-01, 1.69305E-01, 2.04193E-01, 2.11384E-02, 1.26215E-02, 1.07350E-02, 1.39090E+00
182, 4.78563E-01, 2.12749E-01, 1.69938E-01, 2.02080E-01, 2.12656E-02, 1.26453E-02, 1.07751E-02, 1.34848E+00
183, 4.79497E-01, 2.11466E-01, 1.69881E-01, 2.03172E-01, 2.13947E-02, 1.26774E-02, 1.08132E-02, 1.34598E+00
184, 4.62637E-01, 2.10185E-01, 1.69095E-01, 2.03602E-01, 2.15296E-02, 1.27048E-02, 1.08561E-02, 1.35001E+00
185, 4.67308E-01, 2.09514E-01, 1.67554E-01, 2.04172E-01, 2.16608E-02, 1.27349E-02, 1.08996E-02, 1.38443E+00
186, 4.88346E-01, 2.15633E-01, 1.67923E-01, 2.02803E-01, 2.17850E-02, 1.27628E-02, 1.09417E-02, 1.39701E+00
187, 4.97204E-01, 2.22871E-01, 1.69095E-01, 2.02462E-01, 2.19172E-02, 1.27855E-02, 1.09809E-02, 1.37291E+00
188, 4.88717E-01, 2.24693E-01, 1.69628E-01, 2.04408E-01, 2.20429E-02, 1.28038E-02, 1.10163E-02, 1.35264E+00
189, 4.81003E-01, 2.20860E-01, 1.69482E-01, 2.04721E-01, 2.21765E-02, 1.28193E-02, 1.10502E-02, 1.34163E+00
190, 5.01087E-01, 2.16642E-01, 1.68626E-01, 2.04079E-01, 2.23064E-02, 1.28367E-02, 1.10865E-02, 1.37588E+00
191, 5.14943E-01, 2.22143E-01, 1.67037E-01, 2.03498E-01, 2.24346E-02, 1.28576E-02, 1.11234E-02, 1.38925E+00
192, 5.11916E-01, 2.28387E-01, 1.64705E-01, 2.01062E-01, 2.25480E-02, 1.28766E-02, 1.11615E-02, 1.36667E+00
193, 5.13144E-01, 2.30681E-01, 1.65283E-01, 2.00150E-01, 2.26703E-02, 1.28926E-02, 1.11963E-02, 1.35685E+00
194, 4.94183E-01, 2.30986E-01, 1.65822E-01, 2.01151E-01, 2.27882E-02, 1.29056E-02, 1.12303E-02, 1.34267E+00
195, 5.11059E-01, 2.25791E-01, 1.65726E-01, 2.00590E-01, 2.29104E-02, 1.29130E-02, 1.12604E-02, 1.32115E+00
196, 5.28141E-01, 2.30638E-01, 1.64968E-01, 1.98528E-01, 2.30262E-02, 1.29191E-02, 1.12914E-02, 1.33827E+00
197, 5.32329E-01, 2.32131E-01, 1.63527E-01, 1.95062E-01, 2.31381E-02, 1.29209E-02, 1.13232E-02, 1.34411E+00
198, 5.18018E-01, 2.38064E-01, 1.61397E-01, 1.94834E-01, 2.32496E-02, 1.29219E-02, 1.13554E-02, 1.32138E+00
199, 5.01090E-01, 2.37691E-01, 1.58577E-01, 1.98237E-01, 2.33628E-02, 1.29205E-02, 1.13876E-02, 1.33646E+00
200, 5.31880E-01, 2.33025E-01, 1.58666E-01, 2.00138E-01, 2.34620E-02, 1.29196E-02, 1.14170E-02, 1.31471E+00
201, 5.49644E-01, 2.41011E-01, 1.58719E-01, 2.00538E-01, 2.35681E-02, 1.29167E-02, 1.14463E-02, 1.31756E+00
202, 5.43682E-01, 2.44530E-01, 1.58178E-01, 1.99476E-01, 2.36625E-02, 1.29160E-02, 1.14735E-02, 1.33746E+00
203, 5.28392E-01, 2.41719E-01, 1.57027E-01, 1.97031E-01, 2.37606E-02, 1.29118E-02, 1.14985E-02, 1.32258E+00
204, 5.28276E-01, 2.43419E-01, 1.55258E-01, 1.95503E-01, 2.38647E-02, 1.29032E-02, 1.15242E-02, 1.30835E+00
205, 5.67070E-01, 2.41342E-01, 1.57317E-01, 1.96926E-01, 2.39510E-02, 1.28955E-02, 1.15482E-02, 1.29343E+00
206, 5.75393E-01, 2.41806E-01, 1.59787E-01, 1.97229E-01, 2.40354E-02, 1.28882E-02, 1.15767E-02, 1.24615E+00
207, 5.61124E-01, 2.49504E-01, 1.59698E-01, 1.97160E-01, 2.41196E-02, 1.28849E-02, 1.16009E-02, 1.27436E+00
208, 5.39340E-01, 2.51018E-01, 1.61130E-01, 1.95680E-01, 2.41941E-02, 1.28813E-02, 1.16248E-02, 1.27562E+00
209, 5.38427E-01, 2.46056E-01, 1.66317E-01, 1.92862E-01, 2.42801E-02, 1.28714E-02, 1.16469E-02, 1.26155E+00
210, 5.74611E-01, 2.45126E-01, 1.67762E-01, 1.91248E-01, 2.43550E-02, 1.28596E-02, 1.16672E-02, 1.27303E+00
211, 6.07009E-01, 2.45728E-01, 1.72896E-01, 1.93766E-01, 2.44283E-02, 1.28533E-02, 1.16878E-02, 1.24919E+00
212, 6.06393E-01, 2.54536E-01, 1.74522E-01, 1.95098E-01, 2.44863E-02, 1.28459E-02, 1.17054E-02, 1.22554E+00
213, 5.72441E-01, 2.56778E-01, 1.71745E-01, 1.95271E-01, 2.45492E-02, 1.28338E-02, 1.17223E-02, 1.25271E+00
214, 5.58382E-01, 2.52020E-01, 1.72534E-01, 1.94339E-01, 2.46250E-02, 1.28247E-02, 1.17380E-02, 1.25584E+00
215, 5.94701E-01, 2.48491E-01, 1.75620E-01, 1.92375E-01, 2.46872E-02, 1.28191E-02, 1.17524E-02, 1.22783E+00
216, 6.10725E-01, 2.51525E-01, 1.74833E-01, 1.92604E-01, 2.47513E-02, 1.28109E-02, 1.17684E-02, 1.20297E+00
217, 6.16332E-01, 2.55357E-01, 1.77072E-01, 1.94940E-01, 2.47990E-02, 1.28040E-02, 1.17789E-02, 1.20039E+00
218, 6.07370E-01, 2.62096E-01, 1.80583E-01, 1.96079E-01, 2.48231E-02, 1.27942E-02, 1.17922E-02, 1.21801E+00
219, 5.67722E-01, 2.62046E-01, 1.80235E-01, 1.96038E-01, 2.48728E-02, 1.27882E-02, 1.18031E-02, 1.22057E+00
220, 6.02457E-01, 2.54917E-01, 1.79264E-01, 1.94860E-01, 2.49420E-02, 1.27828E-02, 1.18112E-02, 1.20712E+00
221, 6.16641E-01, 2.55717E-01, 1.85755E-01, 1.92610E-01, 2.50000E-02, 1.27739E-02, 1.18184E-02, 1.19034E+00
222, 6.44208E-01, 2.59984E-01, 1.88285E-01, 1.89376E-01, 2.50431E-02, 1.27640E-02, 1.18264E-02, 1.17924E+00
223, 6.37797E-01, 2.58100E-01, 1.88401E-01, 1.87569E-01, 2.50654E-02, 1.27528E-02, 1.18352E-02, 1.20456E+00
224, 5.97490E-01, 2.61481E-01, 1.90390E-01, 1.89505E-01, 2.50988E-02, 1.27424E-02, 1.18435E-02, 1.23143E+00
225, 6.25730E-01, 2.59516E-01, 1.87855E-01, 1.90485E-01, 2.51602E-02, 1.27360E-02, 1.18454E-02, 1.24605E+00
226, 6.53110E-01, 2.56112E-01, 1.85854E-01, 1.90541E-01, 2.52037E-02, 1.27251E-02, 1.18458E-02, 1.24541E+00
227, 6.46534E-01, 2.62119E-01, 1.90336E-01, 1.89720E-01, 2.52483E-02, 1.27096E-02, 1.18452E-02, 1.22871E+00
228, 6.50891E-01, 2.61471E-01, 1.90941E-01, 1.89480E-01, 2.52670E-02, 1.26942E-02, 1.18443E-02, 1.19548E+00
229, 6.38164E-01, 2.67115E-01, 1.89743E-01, 1.92342E-01, 2.52760E-02, 1.26791E-02, 1.18417E-02, 1.20926E+00
230, 5.96872E-01, 2.66751E-01, 1.92306E-01, 1.94184E-01, 2.53047E-02, 1.26673E-02, 1.18448E-02, 1.23249E+00
231, 6.48181E-01, 2.59053E-01, 1.92039E-01, 1.95008E-01, 2.53434E-02, 1.26535E-02, 1.18475E-02, 1.24235E+00
232, 6.66836E-01, 2.65801E-01, 1.89719E-01, 1.94835E-01, 2.53525E-02, 1.26392E-02, 1.18413E-02, 1.23937E+00
233, 6.51400E-01, 2.69324E-01, 1.95539E-01, 1.93705E-01, 2.53689E-02, 1.26204E-02, 1.18352E-02, 1.23058E+00
234, 6.47990E-01, 2.66089E-01, 1.99190E-01, 1.91673E-01, 2.53735E-02, 1.26026E-02, 1.18305E-02, 1.20361E+00
235, 6.17215E-01, 2.66247E-01, 1.98820E-01, 1.88809E-01, 2.53824E-02, 1.25848E-02, 1.18248E-02, 1.22111E+00
236, 6.40572E-01, 2.63785E-01, 1.95879E-01, 1.86746E-01, 2.54176E-02, 1.25718E-02, 1.18196E-02, 1.25511E+00
237, 6.69409E-01, 2.57112E-01, 1.93595E-01, 1.88564E-01, 2.54096E-02, 1.25567E-02, 1.18113E-02, 1.27657E+00
238, 6.65192E-01, 2.62947E-01, 1.96111E-01, 1.89396E-01, 2.53733E-02, 1.25408E-02, 1.18022E-02, 1.28429E+00
239, 6.57168E-01, 2.62130E-01, 1.97335E-01, 1.89265E-01, 2.53573E-02, 1.25200E-02, 1.17925E-02, 1.27737E+00
240, 6.53752E-01, 2.65414E-01, 1.95935E-01, 1.88207E-01, 2.53302E-02, 1.24973E-02, 1.17829E-02, 1.25515E+00
241, 6.20720E-01, 2.65559E-01, 1.97481E-01, 1.89774E-01, 2.53007E-02, 1.24770E-02, 1.17729E-02, 1.22103E+00
242, 6.64619E-01, 2.58484E-01, 1.95390E-01, 1.92599E-01, 2.52902E-02, 1.24594E-02, 1.17685E-02, 1.25346E+00
243, 6.85813E-01, 2.67399E-01, 1.94800E-01, 1.94489E-01, 2.52472E-02, 1.24372E-02, 1.17610E-02, 1.27497E+00
244, 6.73837E-01, 2.70730E-01, 1.97508E-01, 1.95438E-01, 2.51871E-02, 1.24179E-02, 1.17492E-02, 1.28699E+00
245, 6.37277E-01, 2.67370E-01, 2.01318E-01, 1.95456E-01, 2.51504E-02, 1.24045E-02, 1.17331E-02, 1.28253E+00
246, 6.29847E-01, 2.65675E-01, 2.01687E-01, 1.94570E-01, 2.51013E-02, 1.23901E-02, 1.17180E-02, 1.26051E+00
247, 6.42922E-01, 2.63454E-01, 2.01183E-01, 1.92817E-01, 2.50443E-02, 1.23741E-02, 1.17058E-02, 1.25410E+00
248, 6.44435E-01, 2.57191E-01, 1.97298E-01, 1.90248E-01, 2.50020E-02, 1.23553E-02, 1.16957E-02, 1.29673E+00
249, 6.52671E-01, 2.60739E-01, 1.96506E-01, 1.88813E-01, 2.49257E-02, 1.23428E-02, 1.16849E-02, 1.32788E+00
250, 6.36375E-01, 2.61503E-01, 1.99812E-01, 1.90606E-01, 2.48942E-02, 1.23333E-02, 1.16733E-02, 1.34610E+00
