time_step, rel_err_u, rel_err_v, rel_err_w, rel_err_p, rel_err_u_m, rel_err_v_m, rel_err_w_m, rel_err_p_m
0, 0.00000E+00, 0.00000E+00, 0.00000E+00, 0.00000E+00, 0.00000E+00, 0.00000E+00, 0.00000E+00,         NaN
1, 1.50305E-03, 1.98801E-03, 1.51950E-03, 7.61548E-03, 3.34443E-05, 2.39896E-05, 2.77864E-05, 7.61548E-03
2, 1.34891E-03, 1.99580E-03, 1.47717E-03, 1.61174E-03, 3.23911E-05, 2.38442E-05, 2.76111E-05, 1.61174E-03
3, 1.36994E-03, 2.00270E-03, 1.48168E-03, 6.15263E-04, 3.30628E-05, 2.39836E-05, 2.76028E-05, 6.15263E-04
4, 1.34775E-03, 2.00881E-03, 1.47404E-03, 5.34099E-04, 3.36638E-05, 2.42130E-05, 2.80337E-05, 5.34099E-04
5, 1.50870E-03, 2.01417E-03, 1.46802E-03, 5.66806E-04, 3.41027E-05, 2.45242E-05, 2.84903E-05, 5.66806E-04
6, 1.77374E-03, 2.01879E-03, 1.46280E-03, 5.86050E-04, 3.47216E-05, 2.48643E-05, 2.90137E-05, 5.86050E-04
7, 2.05176E-03, 2.02266E-03, 1.45805E-03, 5.92695E-04, 3.53585E-05, 2.52285E-05, 2.95473E-05, 5.92695E-04
8, 2.33930E-03, 2.02576E-03, 1.45341E-03, 5.97243E-04, 3.60400E-05, 2.56046E-05, 3.01070E-05, 5.97243E-04
9, 2.63201E-03, 2.02806E-03, 1.44858E-03, 6.12816E-04, 3.67125E-05, 2.59824E-05, 3.06616E-05, 6.12816E-04
10, 2.92532E-03, 2.02952E-03, 1.44330E-03, 6.29495E-04, 3.73895E-05, 2.63564E-05, 3.12093E-05, 6.29495E-04
11, 3.21467E-03, 2.03012E-03, 1.43737E-03, 6.45906E-04, 3.80360E-05, 2.67222E-05, 3.17395E-05, 6.45906E-04
12, 3.49576E-03, 2.02981E-03, 1.43065E-03, 6.61933E-04, 3.86589E-05, 2.70768E-05, 3.22577E-05, 6.61933E-04
13, 3.76460E-03, 2.02860E-03, 1.42310E-03, 6.77471E-04, 3.92822E-05, 2.74198E-05, 3.27608E-05, 6.77471E-04
14, 4.01770E-03, 2.02646E-03, 1.41470E-03, 6.92421E-04, 3.98857E-05, 2.77478E-05, 3.32420E-05, 6.92421E-04
15, 4.25212E-03, 2.02340E-03, 1.40553E-03, 7.06687E-04, 4.04584E-05, 2.80620E-05, 3.36997E-05, 7.06687E-04
16, 4.46551E-03, 2.01945E-03, 1.39567E-03, 7.20166E-04, 4.10064E-05, 2.83636E-05, 3.41369E-05, 7.20166E-04
17, 4.65618E-03, 2.01463E-03, 1.38742E-03, 7.32746E-04, 4.15426E-05, 2.86508E-05, 3.45549E-05, 7.32746E-04
18, 4.82309E-03, 2.00900E-03, 1.38373E-03, 7.44305E-04, 4.20701E-05, 2.89218E-05, 3.49519E-05, 7.44305E-04
19, 4.96575E-03, 2.00261E-03, 1.37949E-03, 7.54706E-04, 4.25658E-05, 2.91794E-05, 3.53285E-05, 7.54706E-04
20, 5.08424E-03, 1.99552E-03, 1.37471E-03, 7.63801E-04, 4.30357E-05, 2.94247E-05, 3.56859E-05, 7.63801E-04
21, 5.17912E-03, 1.98783E-03, 1.36942E-03, 7.71438E-04, 4.34817E-05, 2.96575E-05, 3.60286E-05, 7.71438E-04
22, 5.25133E-03, 1.97959E-03, 1.36364E-03, 7.77467E-04, 4.39094E-05, 2.98792E-05, 3.63555E-05, 7.77467E-04
23, 5.30212E-03, 1.97090E-03, 1.35739E-03, 7.81747E-04, 4.43118E-05, 3.00920E-05, 3.66673E-05, 7.81747E-04
24, 5.33298E-03, 1.96184E-03, 1.35071E-03, 7.84162E-04, 4.46864E-05, 3.02948E-05, 3.69684E-05, 7.84162E-04
25, 5.34555E-03, 1.95248E-03, 1.34360E-03, 7.84625E-04, 4.50308E-05, 3.04879E-05, 3.72575E-05, 7.84625E-04
26, 5.34154E-03, 1.94288E-03, 1.33612E-03, 7.83091E-04, 4.53537E-05, 3.06720E-05, 3.75355E-05, 7.83091E-04
27, 5.32269E-03, 1.93310E-03, 1.32828E-03, 7.79560E-04, 4.56564E-05, 3.08477E-05, 3.78023E-05, 7.79560E-04
28, 5.29070E-03, 1.92318E-03, 1.32015E-03, 7.74083E-04, 4.59293E-05, 3.10171E-05, 3.80584E-05, 7.74083E-04
29, 5.24720E-03, 1.91316E-03, 1.31175E-03, 7.66755E-04, 4.61721E-05, 3.11811E-05, 3.83038E-05, 7.66755E-04
30, 5.19370E-03, 1.90306E-03, 1.30315E-03, 7.57714E-04, 4.63942E-05, 3.13406E-05, 3.85389E-05, 7.57714E-04
31, 5.13163E-03, 1.89287E-03, 1.29441E-03, 7.47134E-04, 4.65903E-05, 3.14950E-05, 3.87626E-05, 7.47134E-04
32, 5.06225E-03, 1.88261E-03, 1.28557E-03, 7.35211E-04, 4.67596E-05, 3.16427E-05, 3.89744E-05, 7.35211E-04
33, 4.98671E-03, 1.87227E-03, 1.27670E-03, 7.22154E-04, 4.69047E-05, 3.17850E-05, 3.91775E-05, 7.22154E-04
34, 4.90602E-03, 1.86183E-03, 1.26786E-03, 7.08175E-04, 4.70287E-05, 3.19198E-05, 3.93715E-05, 7.08175E-04
35, 4.82107E-03, 1.85128E-03, 1.25909E-03, 6.93483E-04, 4.71262E-05, 3.20480E-05, 3.95576E-05, 6.93483E-04
36, 4.73263E-03, 1.84063E-03, 1.25045E-03, 6.78271E-04, 4.72060E-05, 3.21710E-05, 3.97393E-05, 6.78271E-04
37, 4.64139E-03, 1.82986E-03, 1.24198E-03, 6.62717E-04, 4.72700E-05, 3.22893E-05, 3.99148E-05, 6.62717E-04
38, 4.54794E-03, 1.81899E-03, 1.23372E-03, 6.64140E-04, 4.73101E-05, 3.24050E-05, 4.00836E-05, 6.64140E-04
39, 4.45280E-03, 1.80803E-03, 1.22570E-03, 6.69810E-04, 4.73278E-05, 3.25204E-05, 4.02451E-05, 6.69810E-04
40, 4.35644E-03, 1.79701E-03, 1.22581E-03, 6.75159E-04, 4.73236E-05, 3.26322E-05, 4.03982E-05, 6.75159E-04
41, 4.25925E-03, 1.78597E-03, 1.22310E-03, 6.80142E-04, 4.73038E-05, 3.27417E-05, 4.05422E-05, 6.80142E-04
42, 4.16162E-03, 1.77496E-03, 1.21675E-03, 6.84699E-04, 4.72728E-05, 3.28484E-05, 4.06795E-05, 6.84699E-04
43, 4.06389E-03, 1.76405E-03, 1.20684E-03, 6.88754E-04, 4.72310E-05, 3.29550E-05, 4.08107E-05, 6.88754E-04
44, 3.96638E-03, 1.75331E-03, 1.19355E-03, 6.92227E-04, 4.71788E-05, 3.30600E-05, 4.09362E-05, 6.92227E-04
45, 3.86938E-03, 1.74282E-03, 1.24835E-03, 7.02409E-04, 4.71106E-05, 3.31616E-05, 4.10574E-05, 7.02409E-04
46, 3.77319E-03, 1.73265E-03, 1.30447E-03, 7.19398E-04, 4.70291E-05, 3.32639E-05, 4.11727E-05, 7.19398E-04
47, 3.67808E-03, 1.72291E-03, 1.36115E-03, 7.35586E-04, 4.69355E-05, 3.33660E-05, 4.12806E-05, 7.35586E-04
48, 3.58432E-03, 1.71367E-03, 1.41820E-03, 7.50746E-04, 4.68325E-05, 3.34660E-05, 4.13830E-05, 7.50746E-04
49, 3.49215E-03, 1.70501E-03, 1.47546E-03, 7.64665E-04, 4.67155E-05, 3.35633E-05, 4.14817E-05, 7.64665E-04
50, 3.40183E-03, 1.69703E-03, 1.53278E-03, 7.77147E-04, 4.65905E-05, 3.36614E-05, 4.15739E-05, 7.77147E-04
51, 3.31359E-03, 1.68978E-03, 1.59004E-03, 7.88015E-04, 4.64601E-05, 3.37592E-05, 4.16601E-05, 7.88015E-04
52, 3.22764E-03, 1.68335E-03, 1.64712E-03, 7.97118E-04, 4.63286E-05, 3.38573E-05, 4.17397E-05, 7.97118E-04
53, 3.14420E-03, 1.67778E-03, 1.70391E-03, 8.04333E-04, 4.61949E-05, 3.39529E-05, 4.18133E-05, 8.04333E-04
54, 3.06343E-03, 1.67313E-03, 1.76031E-03, 8.09571E-04, 4.60623E-05, 3.40483E-05, 4.18838E-05, 8.09571E-04
55, 2.98550E-03, 1.66944E-03, 1.81619E-03, 8.12780E-04, 4.59308E-05, 3.41410E-05, 4.19502E-05, 8.12780E-04
56, 2.91054E-03, 1.66673E-03, 1.87146E-03, 8.13945E-04, 4.58041E-05, 3.42315E-05, 4.20130E-05, 8.13945E-04
57, 2.83866E-03, 1.66502E-03, 1.92597E-03, 8.13095E-04, 4.56885E-05, 3.43202E-05, 4.20700E-05, 8.13095E-04
58, 2.76994E-03, 1.66431E-03, 1.97957E-03, 8.10295E-04, 4.55819E-05, 3.44064E-05, 4.21244E-05, 8.10295E-04
59, 2.70442E-03, 1.66460E-03, 2.03211E-03, 8.05650E-04, 4.54891E-05, 3.44885E-05, 4.21802E-05, 8.05650E-04
60, 2.64212E-03, 1.66587E-03, 2.08337E-03, 7.99294E-04, 4.54013E-05, 3.45676E-05, 4.22352E-05, 7.99294E-04
61, 2.58302E-03, 1.66810E-03, 2.13316E-03, 7.91389E-04, 4.53178E-05, 3.46456E-05, 4.22872E-05, 7.91389E-04
62, 2.52708E-03, 1.67125E-03, 2.18123E-03, 7.82115E-04, 4.52393E-05, 3.47237E-05, 4.23385E-05, 7.82115E-04
63, 2.47420E-03, 1.67526E-03, 2.22734E-03, 7.71664E-04, 4.51674E-05, 3.48008E-05, 4.23927E-05, 7.71664E-04
64, 2.42429E-03, 1.68008E-03, 2.27122E-03, 7.60234E-04, 4.50988E-05, 3.48762E-05, 4.24469E-05, 7.60234E-04
65, 2.37720E-03, 1.68565E-03, 2.31260E-03, 7.48022E-04, 4.50324E-05, 3.49488E-05, 4.24984E-05, 7.48022E-04
66, 2.33276E-03, 1.69188E-03, 2.35120E-03, 7.35217E-04, 4.49711E-05, 3.50175E-05, 4.25464E-05, 7.35217E-04
67, 2.29076E-03, 1.69869E-03, 2.38676E-03, 7.21998E-04, 4.49125E-05, 3.50820E-05, 4.25925E-05, 7.21998E-04
68, 2.25100E-03, 1.70600E-03, 2.41903E-03, 7.08529E-04, 4.48606E-05, 3.51426E-05, 4.26341E-05, 7.08529E-04
69, 2.21323E-03, 1.71372E-03, 2.44775E-03, 6.94957E-04, 4.48099E-05, 3.52005E-05, 4.26746E-05, 6.94957E-04
70, 2.17717E-03, 1.72174E-03, 2.47273E-03, 6.81411E-04, 4.47616E-05, 3.52576E-05, 4.27154E-05, 6.81411E-04
71, 2.14256E-03, 1.72998E-03, 2.49377E-03, 6.68003E-04, 4.47158E-05, 3.53118E-05, 4.27517E-05, 6.68003E-04
72, 2.10910E-03, 1.73834E-03, 2.51072E-03, 6.55574E-04, 4.46723E-05, 3.53621E-05, 4.27822E-05, 6.55574E-04
73, 2.07648E-03, 1.74672E-03, 2.52346E-03, 6.65497E-04, 4.46343E-05, 3.54110E-05, 4.28100E-05, 6.65497E-04
74, 2.04442E-03, 1.75505E-03, 2.53189E-03, 6.75777E-04, 4.45980E-05, 3.54580E-05, 4.28373E-05, 6.75777E-04
75, 2.01261E-03, 1.76323E-03, 2.53598E-03, 6.86010E-04, 4.45626E-05, 3.55003E-05, 4.28629E-05, 6.86010E-04
76, 1.98077E-03, 1.77120E-03, 2.53572E-03, 6.95703E-04, 4.45250E-05, 3.55424E-05, 4.28851E-05, 6.95703E-04
77, 1.97206E-03, 1.77889E-03, 2.53114E-03, 7.04322E-04, 4.44852E-05, 3.55824E-05, 4.29041E-05, 7.04322E-04
78, 1.99254E-03, 1.78625E-03, 2.52230E-03, 7.11329E-04, 4.44512E-05, 3.56207E-05, 4.29178E-05, 7.11329E-04
79, 2.01056E-03, 1.79323E-03, 2.50932E-03, 7.16234E-04, 4.44167E-05, 3.56594E-05, 4.29278E-05, 7.16234E-04
80, 2.02637E-03, 1.79981E-03, 2.49234E-03, 7.18641E-04, 4.43831E-05, 3.56966E-05, 4.29373E-05, 7.18641E-04
81, 2.04024E-03, 1.80597E-03, 2.47154E-03, 7.18282E-04, 4.43473E-05, 3.57330E-05, 4.29414E-05, 7.18282E-04
82, 2.05242E-03, 1.81169E-03, 2.44712E-03, 7.15042E-04, 4.43095E-05, 3.57696E-05, 4.29402E-05, 7.15042E-04
83, 2.06314E-03, 1.81697E-03, 2.41932E-03, 7.08968E-04, 4.42747E-05, 3.58079E-05, 4.29341E-05, 7.08968E-04
84, 2.07263E-03, 1.82181E-03, 2.38842E-03, 7.00261E-04, 4.42364E-05, 3.58466E-05, 4.29263E-05, 7.00261E-04
85, 2.08107E-03, 1.82624E-03, 2.35469E-03, 6.89259E-04, 4.41946E-05, 3.58840E-05, 4.29179E-05, 6.89259E-04
86, 2.08865E-03, 1.83027E-03, 2.31845E-03, 6.76397E-04, 4.41487E-05, 3.59201E-05, 4.29086E-05, 6.76397E-04
87, 2.09550E-03, 1.83391E-03, 2.28000E-03, 6.62172E-04, 4.41048E-05, 3.59522E-05, 4.28981E-05, 6.62172E-04
88, 2.10177E-03, 1.83720E-03, 2.23969E-03, 6.47092E-04, 4.40524E-05, 3.59815E-05, 4.28825E-05, 6.47092E-04
89, 2.10753E-03, 1.84015E-03, 2.19783E-03, 6.31640E-04, 4.39944E-05, 3.60088E-05, 4.28614E-05, 6.31640E-04
90, 2.11287E-03, 1.84278E-03, 2.15475E-03, 6.16233E-04, 4.39365E-05, 3.60329E-05, 4.28377E-05, 6.16233E-04
91, 2.11785E-03, 1.84513E-03, 2.11078E-03, 6.01205E-04, 4.38759E-05, 3.60560E-05, 4.28150E-05, 6.01205E-04
92, 2.12248E-03, 1.84720E-03, 2.06622E-03, 5.86796E-04, 4.38162E-05, 3.60784E-05, 4.27889E-05, 5.86796E-04
93, 2.12679E-03, 1.84901E-03, 2.02137E-03, 5.73926E-04, 4.37519E-05, 3.61024E-05, 4.27592E-05, 5.73926E-04
94, 2.13076E-03, 1.85059E-03, 1.97650E-03, 5.69617E-04, 4.36873E-05, 3.61255E-05, 4.27297E-05, 5.69617E-04
95, 2.13438E-03, 1.85195E-03, 1.93187E-03, 5.65054E-04, 4.36174E-05, 3.61488E-05, 4.27016E-05, 5.65054E-04
96, 2.13758E-03, 1.85312E-03, 1.88770E-03, 5.60295E-04, 4.35408E-05, 3.61742E-05, 4.26717E-05, 5.60295E-04
97, 2.14032E-03, 1.85410E-03, 1.84420E-03, 5.55408E-04, 4.34592E-05, 3.61986E-05, 4.26406E-05, 5.55408E-04
98, 2.14252E-03, 1.85492E-03, 1.80155E-03, 5.50468E-04, 4.33755E-05, 3.62176E-05, 4.26087E-05, 5.50468E-04
99, 2.14407E-03, 1.85560E-03, 1.75989E-03, 5.45555E-04, 4.32932E-05, 3.62311E-05, 4.25782E-05, 5.45555E-04
100, 2.14486E-03, 1.85615E-03, 1.71935E-03, 5.40744E-04, 4.32065E-05, 3.62396E-05, 4.25473E-05, 5.40744E-04
101, 2.14477E-03, 1.85661E-03, 1.68002E-03, 5.36104E-04, 4.31166E-05, 3.62444E-05, 4.25166E-05, 5.36104E-04
102, 2.14365E-03, 1.85700E-03, 1.64198E-03, 5.31688E-04, 4.30214E-05, 3.62486E-05, 4.24830E-05, 5.31688E-04
103, 2.14135E-03, 1.85734E-03, 1.60527E-03, 5.27537E-04, 4.29271E-05, 3.62521E-05, 4.24493E-05, 5.27537E-04
104, 2.13769E-03, 1.85765E-03, 1.56992E-03, 5.23670E-04, 4.28310E-05, 3.62540E-05, 4.24136E-05, 5.23670E-04
105, 2.13250E-03, 1.85796E-03, 1.53593E-03, 5.20093E-04, 4.27312E-05, 3.62537E-05, 4.23786E-05, 5.20093E-04
106, 2.12562E-03, 1.85828E-03, 1.50329E-03, 5.16798E-04, 4.26305E-05, 3.62533E-05, 4.23419E-05, 5.16798E-04
107, 2.11688E-03, 1.85865E-03, 1.47198E-03, 5.13767E-04, 4.25276E-05, 3.62492E-05, 4.23044E-05, 5.13767E-04
108, 2.10611E-03, 1.85906E-03, 1.44196E-03, 5.17157E-04, 4.24198E-05, 3.62403E-05, 4.22666E-05, 5.17157E-04
109, 2.09320E-03, 1.85954E-03, 1.41318E-03, 5.20820E-04, 4.23061E-05, 3.62294E-05, 4.22279E-05, 5.20820E-04
110, 2.07803E-03, 1.86010E-03, 1.38559E-03, 5.24322E-04, 4.21927E-05, 3.62154E-05, 4.21897E-05, 5.24322E-04
111, 2.06052E-03, 1.86073E-03, 1.35913E-03, 5.27644E-04, 4.20821E-05, 3.61989E-05, 4.21496E-05, 5.27644E-04
112, 2.04064E-03, 1.86144E-03, 1.33373E-03, 5.30769E-04, 4.19703E-05, 3.61788E-05, 4.21081E-05, 5.30769E-04
113, 2.01840E-03, 1.86223E-03, 1.30933E-03, 5.33681E-04, 4.18626E-05, 3.61579E-05, 4.20679E-05, 5.33681E-04
114, 1.99383E-03, 1.86307E-03, 1.28587E-03, 5.36360E-04, 4.17572E-05, 3.61400E-05, 4.20282E-05, 5.36360E-04
115, 1.96704E-03, 1.86398E-03, 1.28011E-03, 5.38785E-04, 4.16580E-05, 3.61233E-05, 4.19896E-05, 5.38785E-04
116, 1.93813E-03, 1.86491E-03, 1.29520E-03, 5.40936E-04, 4.15598E-05, 3.61051E-05, 4.19521E-05, 5.40936E-04
117, 1.90726E-03, 1.86587E-03, 1.30938E-03, 5.42790E-04, 4.14576E-05, 3.60883E-05, 4.19148E-05, 5.42790E-04
118, 1.87461E-03, 1.86682E-03, 1.32278E-03, 5.44325E-04, 4.13534E-05, 3.60720E-05, 4.18762E-05, 5.44325E-04
119, 1.84036E-03, 1.86775E-03, 1.33555E-03, 5.45518E-04, 4.12547E-05, 3.60584E-05, 4.18379E-05, 5.45518E-04
120, 1.80469E-03, 1.86864E-03, 1.34786E-03, 5.46352E-04, 4.11552E-05, 3.60435E-05, 4.18010E-05, 5.46352E-04
121, 1.76780E-03, 1.86946E-03, 1.35985E-03, 5.46808E-04, 4.10550E-05, 3.60277E-05, 4.17612E-05, 5.46808E-04
122, 1.72983E-03, 1.87021E-03, 1.37167E-03, 5.46874E-04, 4.09522E-05, 3.60110E-05, 4.17217E-05, 5.46874E-04
123, 1.69092E-03, 1.87086E-03, 1.38342E-03, 5.46543E-04, 4.08461E-05, 3.59943E-05, 4.16849E-05, 5.46543E-04
124, 1.65119E-03, 1.87141E-03, 1.39518E-03, 5.45810E-04, 4.07396E-05, 3.59798E-05, 4.16473E-05, 5.45810E-04
125, 1.61071E-03, 1.87184E-03, 1.40700E-03, 5.51340E-04, 4.06352E-05, 3.59670E-05, 4.16109E-05, 5.51340E-04
126, 1.56954E-03, 1.87215E-03, 1.41888E-03, 5.58402E-04, 4.05372E-05, 3.59521E-05, 4.15745E-05, 5.58402E-04
127, 1.53006E-03, 1.87236E-03, 1.43078E-03, 5.64398E-04, 4.04450E-05, 3.59347E-05, 4.15349E-05, 5.64398E-04
128, 1.57734E-03, 1.87245E-03, 1.44261E-03, 5.69272E-04, 4.03581E-05, 3.59170E-05, 4.14898E-05, 5.69272E-04
129, 1.63156E-03, 1.87244E-03, 1.45425E-03, 5.72976E-04, 4.02731E-05, 3.58983E-05, 4.14399E-05, 5.72976E-04
130, 1.68568E-03, 1.87236E-03, 1.46554E-03, 5.75477E-04, 4.01897E-05, 3.58803E-05, 4.13886E-05, 5.75477E-04
131, 1.73939E-03, 1.87220E-03, 1.47628E-03, 5.76754E-04, 4.01076E-05, 3.58659E-05, 4.13332E-05, 5.76754E-04
132, 1.79236E-03, 1.87201E-03, 1.48627E-03, 5.76795E-04, 4.00279E-05, 3.58523E-05, 4.12738E-05, 5.76795E-04
133, 1.84430E-03, 1.87180E-03, 1.49528E-03, 5.75605E-04, 3.99536E-05, 3.58404E-05, 4.12144E-05, 5.75605E-04
134, 1.89495E-03, 1.87160E-03, 1.50309E-03, 5.73198E-04, 3.98765E-05, 3.58318E-05, 4.11538E-05, 5.73198E-04
135, 1.94406E-03, 1.87144E-03, 1.50947E-03, 5.69601E-04, 3.98063E-05, 3.58250E-05, 4.10958E-05, 5.69601E-04
136, 1.99142E-03, 1.87134E-03, 1.51420E-03, 5.64857E-04, 3.97370E-05, 3.58177E-05, 4.10380E-05, 5.64857E-04
137, 2.03683E-03, 1.87134E-03, 1.51709E-03, 5.59024E-04, 3.96688E-05, 3.58092E-05, 4.09820E-05, 5.59024E-04
138, 2.08014E-03, 1.87147E-03, 1.51798E-03, 5.63224E-04, 3.95944E-05, 3.57991E-05, 4.09286E-05, 5.63224E-04
139, 2.12119E-03, 1.87175E-03, 1.51674E-03, 5.72382E-04, 3.95181E-05, 3.57898E-05, 4.08718E-05, 5.72382E-04
140, 2.15984E-03, 1.87220E-03, 1.51326E-03, 5.81257E-04, 3.94437E-05, 3.57806E-05, 4.08116E-05, 5.81257E-04
141, 2.19600E-03, 1.87284E-03, 1.50749E-03, 5.89738E-04, 3.93723E-05, 3.57757E-05, 4.07503E-05, 5.89738E-04
142, 2.22954E-03, 1.87369E-03, 1.49940E-03, 5.97717E-04, 3.93002E-05, 3.57683E-05, 4.06874E-05, 5.97717E-04
143, 2.26037E-03, 1.87477E-03, 1.48900E-03, 6.05089E-04, 3.92279E-05, 3.57587E-05, 4.06224E-05, 6.05089E-04
144, 2.28840E-03, 1.87609E-03, 1.47636E-03, 6.11758E-04, 3.91554E-05, 3.57474E-05, 4.05571E-05, 6.11758E-04
145, 2.31355E-03, 1.87763E-03, 1.46155E-03, 6.17633E-04, 3.90822E-05, 3.57351E-05, 4.04872E-05, 6.17633E-04
146, 2.33574E-03, 1.87941E-03, 1.44471E-03, 6.22637E-04, 3.90034E-05, 3.57210E-05, 4.04110E-05, 6.22637E-04
147, 2.35491E-03, 1.88141E-03, 1.42599E-03, 6.26697E-04, 3.89191E-05, 3.57011E-05, 4.03287E-05, 6.26697E-04
148, 2.37099E-03, 1.88363E-03, 1.40557E-03, 6.29752E-04, 3.88319E-05, 3.56803E-05, 4.02457E-05, 6.29752E-04
149, 2.38393E-03, 1.88602E-03, 1.38364E-03, 6.31751E-04, 3.87383E-05, 3.56594E-05, 4.01631E-05, 6.31751E-04
150, 2.39369E-03, 1.88859E-03, 1.36042E-03, 6.32653E-04, 3.86410E-05, 3.56415E-05, 4.00784E-05, 6.32653E-04
151, 2.40025E-03, 1.89127E-03, 1.33614E-03, 6.32424E-04, 3.85394E-05, 3.56233E-05, 3.99896E-05, 6.32424E-04
152, 2.40359E-03, 1.89405E-03, 1.31102E-03, 6.31042E-04, 3.84348E-05, 3.56066E-05, 3.98926E-05, 6.31042E-04
153, 2.40371E-03, 1.89686E-03, 1.28527E-03, 6.28496E-04, 3.83261E-05, 3.55908E-05, 3.97929E-05, 6.28496E-04
154, 2.40063E-03, 1.89967E-03, 1.25913E-03, 6.24784E-04, 3.82146E-05, 3.55765E-05, 3.96899E-05, 6.24784E-04
155, 2.39439E-03, 1.90241E-03, 1.23279E-03, 6.19919E-04, 3.80982E-05, 3.55635E-05, 3.95847E-05, 6.19919E-04
156, 2.38504E-03, 1.90502E-03, 1.20643E-03, 6.13929E-04, 3.79777E-05, 3.55486E-05, 3.94749E-05, 6.13929E-04
157, 2.37264E-03, 1.90743E-03, 1.18022E-03, 6.06860E-04, 3.78539E-05, 3.55296E-05, 3.93607E-05, 6.06860E-04
158, 2.35729E-03, 1.90959E-03, 1.15430E-03, 5.98776E-04, 3.77297E-05, 3.55067E-05, 3.92413E-05, 5.98776E-04
159, 2.33908E-03, 1.91141E-03, 1.12880E-03, 5.89765E-04, 3.76035E-05, 3.54827E-05, 3.91202E-05, 5.89765E-04
160, 2.31812E-03, 1.91281E-03, 1.13136E-03, 5.79935E-04, 3.74765E-05, 3.54547E-05, 3.89900E-05, 5.79935E-04
161, 2.29456E-03, 1.91373E-03, 1.13666E-03, 5.69417E-04, 3.73503E-05, 3.54293E-05, 3.88541E-05, 5.69417E-04
162, 2.26853E-03, 1.91409E-03, 1.14213E-03, 5.76126E-04, 3.72272E-05, 3.54053E-05, 3.87175E-05, 5.76126E-04
163, 2.24018E-03, 1.91381E-03, 1.14776E-03, 6.13402E-04, 3.71006E-05, 3.53792E-05, 3.85833E-05, 6.13402E-04
164, 2.20970E-03, 1.91282E-03, 1.15351E-03, 6.49117E-04, 3.69710E-05, 3.53519E-05, 3.84491E-05, 6.49117E-04
165, 2.17724E-03, 1.91104E-03, 1.15936E-03, 6.81741E-04, 3.68370E-05, 3.53225E-05, 3.83150E-05, 6.81741E-04
166, 2.14301E-03, 1.90840E-03, 1.16530E-03, 7.09878E-04, 3.66988E-05, 3.52914E-05, 3.81803E-05, 7.09878E-04
167, 2.10719E-03, 1.90483E-03, 1.17127E-03, 7.32395E-04, 3.65628E-05, 3.52637E-05, 3.80530E-05, 7.32395E-04
168, 2.06997E-03, 1.90028E-03, 1.19116E-03, 7.48530E-04, 3.64265E-05, 3.52393E-05, 3.79273E-05, 7.48530E-04
169, 2.03157E-03, 1.89468E-03, 1.20726E-03, 7.57938E-04, 3.62874E-05, 3.52146E-05, 3.78001E-05, 7.57938E-04
170, 1.99217E-03, 1.88797E-03, 1.21830E-03, 7.60686E-04, 3.61451E-05, 3.51918E-05, 3.76730E-05, 7.60686E-04
171, 1.95200E-03, 1.88013E-03, 1.22441E-03, 7.57197E-04, 3.60007E-05, 3.51709E-05, 3.75527E-05, 7.57197E-04
172, 1.91123E-03, 1.87110E-03, 1.22582E-03, 7.48159E-04, 3.58572E-05, 3.51512E-05, 3.74369E-05, 7.48159E-04
173, 1.87009E-03, 1.86086E-03, 1.22284E-03, 7.34434E-04, 3.57107E-05, 3.51351E-05, 3.73199E-05, 7.34434E-04
174, 1.82876E-03, 1.84939E-03, 1.21584E-03, 7.16962E-04, 3.55624E-05, 3.51207E-05, 3.72034E-05, 7.16962E-04
175, 1.78742E-03, 1.83669E-03, 1.21713E-03, 6.96691E-04, 3.54108E-05, 3.51099E-05, 3.70902E-05, 6.96691E-04
176, 1.74627E-03, 1.82275E-03, 1.22217E-03, 6.74530E-04, 3.52598E-05, 3.51002E-05, 3.69796E-05, 6.74530E-04
177, 1.70547E-03, 1.80760E-03, 1.22698E-03, 6.51314E-04, 3.51082E-05, 3.50896E-05, 3.68722E-05, 6.51314E-04
178, 1.66518E-03, 1.79126E-03, 1.23152E-03, 6.27793E-04, 3.49549E-05, 3.50813E-05, 3.67758E-05, 6.27793E-04
179, 1.62555E-03, 1.77379E-03, 1.23579E-03, 6.04626E-04, 3.47995E-05, 3.50755E-05, 3.66904E-05, 6.04626E-04
180, 1.58674E-03, 1.75525E-03, 1.23975E-03, 5.82378E-04, 3.46446E-05, 3.50750E-05, 3.66158E-05, 5.82378E-04
181, 1.54885E-03, 1.73572E-03, 1.24339E-03, 5.61528E-04, 3.44908E-05, 3.50778E-05, 3.65438E-05, 5.61528E-04
182, 1.51202E-03, 1.71530E-03, 1.24670E-03, 5.42468E-04, 3.43388E-05, 3.50841E-05, 3.64765E-05, 5.42468E-04
183, 1.47634E-03, 1.69411E-03, 1.24967E-03, 5.30121E-04, 3.41935E-05, 3.50931E-05, 3.64119E-05, 5.30121E-04
184, 1.44192E-03, 1.67228E-03, 1.25228E-03, 5.33609E-04, 3.40516E-05, 3.51007E-05, 3.63474E-05, 5.33609E-04
185, 1.40883E-03, 1.64996E-03, 1.25453E-03, 5.36836E-04, 3.39122E-05, 3.51097E-05, 3.62843E-05, 5.36836E-04
186, 1.37714E-03, 1.62734E-03, 1.26427E-03, 5.39820E-04, 3.37747E-05, 3.51193E-05, 3.62212E-05, 5.39820E-04
187, 1.37636E-03, 1.60458E-03, 1.27372E-03, 5.42600E-04, 3.36377E-05, 3.51296E-05, 3.61602E-05, 5.42600E-04
188, 1.37801E-03, 1.58190E-03, 1.28280E-03, 5.45228E-04, 3.35034E-05, 3.51424E-05, 3.61037E-05, 5.45228E-04
189, 1.37934E-03, 1.55948E-03, 1.32237E-03, 5.47772E-04, 3.33746E-05, 3.51586E-05, 3.60502E-05, 5.47772E-04
190, 1.38034E-03, 1.53755E-03, 1.35983E-03, 5.50313E-04, 3.32518E-05, 3.51730E-05, 3.60029E-05, 5.50313E-04
191, 1.38102E-03, 1.51631E-03, 1.39330E-03, 5.52940E-04, 3.31318E-05, 3.51877E-05, 3.59567E-05, 5.52940E-04
192, 1.38136E-03, 1.49597E-03, 1.42284E-03, 5.55748E-04, 3.30187E-05, 3.52033E-05, 3.59115E-05, 5.55748E-04
193, 1.38135E-03, 1.47672E-03, 1.44857E-03, 5.58832E-04, 3.29130E-05, 3.52217E-05, 3.58678E-05, 5.58832E-04
194, 1.38097E-03, 1.45875E-03, 1.47064E-03, 5.62281E-04, 3.28159E-05, 3.52414E-05, 3.58249E-05, 5.62281E-04
195, 1.38020E-03, 1.44224E-03, 1.48924E-03, 5.66173E-04, 3.27255E-05, 3.52597E-05, 3.57815E-05, 5.66173E-04
196, 1.37904E-03, 1.42734E-03, 1.50461E-03, 5.70568E-04, 3.26419E-05, 3.52755E-05, 3.57363E-05, 5.70568E-04
197, 1.37748E-03, 1.41417E-03, 1.51699E-03, 5.75506E-04, 3.25627E-05, 3.52921E-05, 3.56901E-05, 5.75506E-04
198, 1.37551E-03, 1.40284E-03, 1.52667E-03, 5.80995E-04, 3.24921E-05, 3.53102E-05, 3.56433E-05, 5.80995E-04
199, 1.37315E-03, 1.39343E-03, 1.53390E-03, 5.87014E-04, 3.24281E-05, 3.53269E-05, 3.55960E-05, 5.87014E-04
200, 1.37041E-03, 1.38599E-03, 1.53897E-03, 5.93506E-04, 3.23710E-05, 3.53453E-05, 3.55493E-05, 5.93506E-04
201, 1.36731E-03, 1.38055E-03, 1.54397E-03, 6.00381E-04, 3.23216E-05, 3.53645E-05, 3.54995E-05, 6.00381E-04
202, 1.36387E-03, 1.37711E-03, 1.55010E-03, 6.07515E-04, 3.22796E-05, 3.53824E-05, 3.54479E-05, 6.07515E-04
203, 1.37938E-03, 1.37564E-03, 1.55411E-03, 6.14758E-04, 3.22418E-05, 3.54017E-05, 3.53933E-05, 6.14758E-04
204, 1.39630E-03, 1.37611E-03, 1.55639E-03, 6.21934E-04, 3.22136E-05, 3.54239E-05, 3.53379E-05, 6.21934E-04
205, 1.41235E-03, 1.37842E-03, 1.55728E-03, 6.28854E-04, 3.21925E-05, 3.54434E-05, 3.52838E-05, 6.28854E-04
206, 1.42751E-03, 1.38251E-03, 1.55710E-03, 6.35323E-04, 3.21761E-05, 3.54614E-05, 3.52283E-05, 6.35323E-04
207, 1.44172E-03, 1.38825E-03, 1.55614E-03, 6.41150E-04, 3.21651E-05, 3.54785E-05, 3.51729E-05, 6.41150E-04
208, 1.45497E-03, 1.39553E-03, 1.55460E-03, 6.46155E-04, 3.21575E-05, 3.54941E-05, 3.51168E-05, 6.46155E-04
209, 1.46721E-03, 1.40421E-03, 1.55268E-03, 6.50182E-04, 3.21529E-05, 3.55100E-05, 3.50633E-05, 6.50182E-04
210, 1.47844E-03, 1.41414E-03, 1.55049E-03, 6.53103E-04, 3.21499E-05, 3.55237E-05, 3.50114E-05, 6.53103E-04
211, 1.48863E-03, 1.42518E-03, 1.54812E-03, 6.54822E-04, 3.21502E-05, 3.55381E-05, 3.49580E-05, 6.54822E-04
212, 1.49777E-03, 1.43716E-03, 1.54559E-03, 6.55282E-04, 3.21532E-05, 3.55530E-05, 3.49034E-05, 6.55282E-04
213, 1.50587E-03, 1.44994E-03, 1.54290E-03, 6.54460E-04, 3.21582E-05, 3.55696E-05, 3.48466E-05, 6.54460E-04
214, 1.51294E-03, 1.46336E-03, 1.53999E-03, 6.52369E-04, 3.21670E-05, 3.55880E-05, 3.47903E-05, 6.52369E-04
215, 1.51897E-03, 1.47727E-03, 1.53680E-03, 6.49052E-04, 3.21806E-05, 3.56073E-05, 3.47343E-05, 6.49052E-04
216, 1.52401E-03, 1.49152E-03, 1.53322E-03, 6.44577E-04, 3.21960E-05, 3.56253E-05, 3.46775E-05, 6.44577E-04
217, 1.52807E-03, 1.50598E-03, 1.52914E-03, 6.39034E-04, 3.22120E-05, 3.56401E-05, 3.46182E-05, 6.39034E-04
218, 1.53120E-03, 1.52053E-03, 1.52446E-03, 6.32525E-04, 3.22302E-05, 3.56548E-05, 3.45565E-05, 6.32525E-04
219, 1.53342E-03, 1.53506E-03, 1.51904E-03, 6.25159E-04, 3.22519E-05, 3.56693E-05, 3.44933E-05, 6.25159E-04
220, 1.53479E-03, 1.54949E-03, 1.51280E-03, 6.17050E-04, 3.22771E-05, 3.56851E-05, 3.44299E-05, 6.17050E-04
221, 1.53537E-03, 1.56374E-03, 1.50565E-03, 6.08312E-04, 3.23048E-05, 3.57016E-05, 3.43666E-05, 6.08312E-04
222, 1.53521E-03, 1.57774E-03, 1.49754E-03, 5.99052E-04, 3.23359E-05, 3.57148E-05, 3.43027E-05, 5.99052E-04
223, 1.53437E-03, 1.59147E-03, 1.48845E-03, 5.89376E-04, 3.23697E-05, 3.57279E-05, 3.42380E-05, 5.89376E-04
224, 1.53291E-03, 1.60489E-03, 1.47838E-03, 5.79383E-04, 3.24061E-05, 3.57398E-05, 3.41739E-05, 5.79383E-04
225, 1.53090E-03, 1.61802E-03, 1.46741E-03, 5.73701E-04, 3.24484E-05, 3.57489E-05, 3.41107E-05, 5.73701E-04
226, 1.52841E-03, 1.63086E-03, 1.45563E-03, 5.85255E-04, 3.24912E-05, 3.57572E-05, 3.40472E-05, 5.85255E-04
227, 1.52551E-03, 1.64342E-03, 1.44318E-03, 5.94950E-04, 3.25381E-05, 3.57672E-05, 3.39862E-05, 5.94950E-04
228, 1.52225E-03, 1.65576E-03, 1.43023E-03, 6.02555E-04, 3.25855E-05, 3.57752E-05, 3.39256E-05, 6.02555E-04
229, 1.51872E-03, 1.66791E-03, 1.42958E-03, 6.07941E-04, 3.26365E-05, 3.57811E-05, 3.38662E-05, 6.07941E-04
230, 1.51497E-03, 1.67991E-03, 1.42864E-03, 6.11079E-04, 3.26889E-05, 3.57858E-05, 3.38087E-05, 6.11079E-04
231, 1.51107E-03, 1.69180E-03, 1.42661E-03, 6.14971E-04, 3.27446E-05, 3.57894E-05, 3.37529E-05, 6.14971E-04
232, 1.50706E-03, 1.70363E-03, 1.42349E-03, 6.22112E-04, 3.28035E-05, 3.57940E-05, 3.36985E-05, 6.22112E-04
233, 1.50301E-03, 1.71544E-03, 1.41937E-03, 6.29177E-04, 3.28622E-05, 3.57966E-05, 3.36451E-05, 6.29177E-04
234, 1.49897E-03, 1.72723E-03, 1.41433E-03, 6.36124E-04, 3.29205E-05, 3.57968E-05, 3.35935E-05, 6.36124E-04
235, 1.49498E-03, 1.73903E-03, 1.40851E-03, 6.42905E-04, 3.29816E-05, 3.57937E-05, 3.35427E-05, 6.42905E-04
236, 1.49108E-03, 1.75083E-03, 1.40208E-03, 6.49468E-04, 3.30409E-05, 3.57895E-05, 3.34931E-05, 6.49468E-04
237, 1.48731E-03, 1.76263E-03, 1.39521E-03, 6.55758E-04, 3.31015E-05, 3.57832E-05, 3.34447E-05, 6.55758E-04
238, 1.48369E-03, 1.77438E-03, 1.38810E-03, 6.61719E-04, 3.31631E-05, 3.57743E-05, 3.33985E-05, 6.61719E-04
239, 1.48025E-03, 1.78605E-03, 1.38092E-03, 6.67293E-04, 3.32260E-05, 3.57641E-05, 3.33523E-05, 6.67293E-04
240, 1.47702E-03, 1.79759E-03, 1.37385E-03, 6.72423E-04, 3.32886E-05, 3.57532E-05, 3.33063E-05, 6.72423E-04
241, 1.47400E-03, 1.80893E-03, 1.36703E-03, 6.77054E-04, 3.33528E-05, 3.57415E-05, 3.32609E-05, 6.77054E-04
242, 1.47121E-03, 1.82000E-03, 1.36057E-03, 6.81133E-04, 3.34160E-05, 3.57281E-05, 3.32159E-05, 6.81133E-04
243, 1.46865E-03, 1.83072E-03, 1.35457E-03, 6.84613E-04, 3.34768E-05, 3.57156E-05, 3.31722E-05, 6.84613E-04
244, 1.46633E-03, 1.84102E-03, 1.34906E-03, 6.87449E-04, 3.35360E-05, 3.57025E-05, 3.31289E-05, 6.87449E-04
245, 1.46424E-03, 1.85082E-03, 1.34403E-03, 6.89606E-04, 3.35949E-05, 3.56866E-05, 3.30873E-05, 6.89606E-04
246, 1.46239E-03, 1.86003E-03, 1.33945E-03, 6.91053E-04, 3.36529E-05, 3.56703E-05, 3.30467E-05, 6.91053E-04
247, 1.46076E-03, 1.86859E-03, 1.33525E-03, 6.91769E-04, 3.37090E-05, 3.56537E-05, 3.30075E-05, 6.91769E-04
248, 1.45935E-03, 1.87642E-03, 1.33133E-03, 6.91741E-04, 3.37671E-05, 3.56346E-05, 3.29703E-05, 6.91741E-04
249, 1.45814E-03, 1.88345E-03, 1.32758E-03, 6.90963E-04, 3.38249E-05, 3.56148E-05, 3.29343E-05, 6.90963E-04
250, 1.45714E-03, 1.88963E-03, 1.32818E-03, 6.89440E-04, 3.38796E-05, 3.55942E-05, 3.28997E-05, 6.89440E-04
251, 1.45631E-03, 1.89490E-03, 1.32877E-03, 6.87181E-04, 3.39316E-05, 3.55698E-05, 3.28655E-05, 6.87181E-04
252, 1.45565E-03, 1.89921E-03, 1.32851E-03, 6.84206E-04, 3.39834E-05, 3.55416E-05, 3.28328E-05, 6.84206E-04
253, 1.45515E-03, 1.90251E-03, 1.32730E-03, 6.80536E-04, 3.40346E-05, 3.55102E-05, 3.28009E-05, 6.80536E-04
254, 1.46098E-03, 1.90477E-03, 1.32509E-03, 6.76198E-04, 3.40865E-05, 3.54788E-05, 3.27693E-05, 6.76198E-04
255, 1.46564E-03, 1.90594E-03, 1.32188E-03, 6.71218E-04, 3.41378E-05, 3.54466E-05, 3.27378E-05, 6.71218E-04
256, 1.46707E-03, 1.90599E-03, 1.31768E-03, 6.65624E-04, 3.41879E-05, 3.54156E-05, 3.27073E-05, 6.65624E-04
257, 1.46555E-03, 1.90490E-03, 1.31253E-03, 6.59442E-04, 3.42366E-05, 3.53851E-05, 3.26765E-05, 6.59442E-04
258, 1.46139E-03, 1.90263E-03, 1.30649E-03, 6.52694E-04, 3.42857E-05, 3.53545E-05, 3.26447E-05, 6.52694E-04
259, 1.46651E-03, 1.89916E-03, 1.29962E-03, 6.45398E-04, 3.43318E-05, 3.53239E-05, 3.26114E-05, 6.45398E-04
260, 1.49184E-03, 1.89447E-03, 1.29202E-03, 6.37572E-04, 3.43774E-05, 3.52945E-05, 3.25780E-05, 6.37572E-04
261, 1.51457E-03, 1.88854E-03, 1.28377E-03, 6.29230E-04, 3.44242E-05, 3.52641E-05, 3.25442E-05, 6.29230E-04
262, 1.53464E-03, 1.88137E-03, 1.27495E-03, 6.20383E-04, 3.44701E-05, 3.52341E-05, 3.25091E-05, 6.20383E-04
263, 1.55202E-03, 1.87296E-03, 1.26568E-03, 6.11045E-04, 3.45169E-05, 3.52047E-05, 3.24726E-05, 6.11045E-04
264, 1.56678E-03, 1.86331E-03, 1.25603E-03, 6.01232E-04, 3.45638E-05, 3.51741E-05, 3.24343E-05, 6.01232E-04
265, 1.57904E-03, 1.85244E-03, 1.24611E-03, 5.90962E-04, 3.46124E-05, 3.51446E-05, 3.23945E-05, 5.90962E-04
266, 1.58895E-03, 1.84038E-03, 1.23598E-03, 5.80259E-04, 3.46630E-05, 3.51146E-05, 3.23539E-05, 5.80259E-04
267, 1.59668E-03, 1.82719E-03, 1.22574E-03, 5.69152E-04, 3.47150E-05, 3.50854E-05, 3.23130E-05, 5.69152E-04
268, 1.60243E-03, 1.81291E-03, 1.21545E-03, 5.57674E-04, 3.47663E-05, 3.50582E-05, 3.22711E-05, 5.57674E-04
269, 1.60642E-03, 1.79761E-03, 1.20519E-03, 5.45866E-04, 3.48153E-05, 3.50320E-05, 3.22289E-05, 5.45866E-04
270, 1.60885E-03, 1.78139E-03, 1.19500E-03, 5.33770E-04, 3.48642E-05, 3.50059E-05, 3.21870E-05, 5.33770E-04
271, 1.60993E-03, 1.76435E-03, 1.18494E-03, 5.21432E-04, 3.49110E-05, 3.49794E-05, 3.21450E-05, 5.21432E-04
272, 1.60986E-03, 1.74660E-03, 1.17506E-03, 5.08901E-04, 3.49557E-05, 3.49543E-05, 3.21039E-05, 5.08901E-04
273, 1.60883E-03, 1.72827E-03, 1.16537E-03, 4.96228E-04, 3.49988E-05, 3.49327E-05, 3.20625E-05, 4.96228E-04
274, 1.60700E-03, 1.70949E-03, 1.15591E-03, 4.83462E-04, 3.50423E-05, 3.49131E-05, 3.20219E-05, 4.83462E-04
275, 1.60453E-03, 1.69043E-03, 1.14669E-03, 4.70657E-04, 3.50849E-05, 3.48941E-05, 3.19817E-05, 4.70657E-04
276, 1.60154E-03, 1.67122E-03, 1.13772E-03, 4.57864E-04, 3.51274E-05, 3.48748E-05, 3.19426E-05, 4.57864E-04
277, 1.59816E-03, 1.65202E-03, 1.12899E-03, 4.45136E-04, 3.51677E-05, 3.48566E-05, 3.19039E-05, 4.45136E-04
278, 1.59446E-03, 1.63300E-03, 1.12050E-03, 4.32526E-04, 3.52051E-05, 3.48382E-05, 3.18653E-05, 4.32526E-04
279, 1.59051E-03, 1.61431E-03, 1.11223E-03, 4.20088E-04, 3.52383E-05, 3.48194E-05, 3.18270E-05, 4.20088E-04
280, 1.58637E-03, 1.59609E-03, 1.10418E-03, 4.07874E-04, 3.52704E-05, 3.47999E-05, 3.17896E-05, 4.07874E-04
281, 1.58208E-03, 1.57848E-03, 1.09630E-03, 3.97012E-04, 3.53000E-05, 3.47813E-05, 3.17530E-05, 3.97012E-04
282, 1.57764E-03, 1.56161E-03, 1.08859E-03, 3.97221E-04, 3.53280E-05, 3.47645E-05, 3.17168E-05, 3.97221E-04
283, 1.57307E-03, 1.54558E-03, 1.08101E-03, 3.97349E-04, 3.53563E-05, 3.47476E-05, 3.16808E-05, 3.97349E-04
284, 1.56835E-03, 1.53050E-03, 1.07353E-03, 3.97390E-04, 3.53823E-05, 3.47310E-05, 3.16465E-05, 3.97390E-04
285, 1.56349E-03, 1.51643E-03, 1.06614E-03, 3.97335E-04, 3.54065E-05, 3.47165E-05, 3.16131E-05, 3.97335E-04
286, 1.55846E-03, 1.50344E-03, 1.05880E-03, 3.97174E-04, 3.54297E-05, 3.47015E-05, 3.15807E-05, 3.97174E-04
287, 1.55325E-03, 1.49155E-03, 1.05149E-03, 3.96896E-04, 3.54508E-05, 3.46859E-05, 3.15492E-05, 3.96896E-04
288, 1.54785E-03, 1.48078E-03, 1.04419E-03, 3.96491E-04, 3.54693E-05, 3.46696E-05, 3.15191E-05, 3.96491E-04
289, 1.54223E-03, 1.47114E-03, 1.03775E-03, 3.95945E-04, 3.54886E-05, 3.46535E-05, 3.14916E-05, 3.95945E-04
290, 1.53640E-03, 1.46260E-03, 1.03167E-03, 3.95248E-04, 3.55102E-05, 3.46382E-05, 3.14654E-05, 3.95248E-04
291, 1.53034E-03, 1.45514E-03, 1.02557E-03, 3.94390E-04, 3.55321E-05, 3.46228E-05, 3.14396E-05, 3.94390E-04
292, 1.52406E-03, 1.44871E-03, 1.03193E-03, 3.93362E-04, 3.55519E-05, 3.46075E-05, 3.14144E-05, 3.93362E-04
293, 1.51758E-03, 1.44325E-03, 1.03887E-03, 3.92156E-04, 3.55699E-05, 3.45913E-05, 3.13902E-05, 3.92156E-04
294, 1.51971E-03, 1.43871E-03, 1.04501E-03, 3.90768E-04, 3.55877E-05, 3.45742E-05, 3.13663E-05, 3.90768E-04
295, 1.54059E-03, 1.43502E-03, 1.05023E-03, 3.89193E-04, 3.56043E-05, 3.45567E-05, 3.13428E-05, 3.89193E-04
296, 1.55897E-03, 1.43213E-03, 1.05441E-03, 3.87429E-04, 3.56187E-05, 3.45387E-05, 3.13198E-05, 3.87429E-04
297, 1.57470E-03, 1.42995E-03, 1.05742E-03, 3.85476E-04, 3.56316E-05, 3.45194E-05, 3.12982E-05, 3.85476E-04
298, 1.58766E-03, 1.42842E-03, 1.05911E-03, 3.83334E-04, 3.56431E-05, 3.44998E-05, 3.12773E-05, 3.83334E-04
299, 1.59783E-03, 1.42750E-03, 1.05935E-03, 3.81007E-04, 3.56529E-05, 3.44812E-05, 3.12564E-05, 3.81007E-04
300, 1.60525E-03, 1.42710E-03, 1.05800E-03, 3.78496E-04, 3.56608E-05, 3.44621E-05, 3.12357E-05, 3.78496E-04
301, 1.61000E-03, 1.42719E-03, 1.05495E-03, 3.75804E-04, 3.56678E-05, 3.44422E-05, 3.12176E-05, 3.75804E-04
302, 1.61223E-03, 1.42770E-03, 1.05008E-03, 3.72935E-04, 3.56750E-05, 3.44211E-05, 3.11997E-05, 3.72935E-04
303, 1.61215E-03, 1.42860E-03, 1.04330E-03, 3.69893E-04, 3.56818E-05, 3.43994E-05, 3.11831E-05, 3.69893E-04
304, 1.60999E-03, 1.42983E-03, 1.03455E-03, 3.66681E-04, 3.56880E-05, 3.43779E-05, 3.11683E-05, 3.66681E-04
305, 1.60601E-03, 1.43136E-03, 1.02379E-03, 3.63304E-04, 3.56943E-05, 3.43567E-05, 3.11551E-05, 3.63304E-04
306, 1.60049E-03, 1.43314E-03, 1.01105E-03, 3.59767E-04, 3.56996E-05, 3.43369E-05, 3.11429E-05, 3.59767E-04
307, 1.59373E-03, 1.43514E-03, 1.01186E-03, 3.56074E-04, 3.57049E-05, 3.43156E-05, 3.11315E-05, 3.56074E-04
308, 1.58600E-03, 1.43732E-03, 1.01198E-03, 3.52572E-04, 3.57108E-05, 3.42940E-05, 3.11208E-05, 3.52572E-04
309, 1.57761E-03, 1.43963E-03, 1.01085E-03, 3.51185E-04, 3.57161E-05, 3.42726E-05, 3.11108E-05, 3.51185E-04
310, 1.56880E-03, 1.44205E-03, 1.00841E-03, 3.47725E-04, 3.57209E-05, 3.42519E-05, 3.11028E-05, 3.47725E-04
311, 1.55984E-03, 1.44454E-03, 1.00462E-03, 3.42241E-04, 3.57258E-05, 3.42312E-05, 3.10949E-05, 3.42241E-04
312, 1.55095E-03, 1.44705E-03, 9.99442E-04, 3.35592E-04, 3.57305E-05, 3.42097E-05, 3.10873E-05, 3.35592E-04
313, 1.54232E-03, 1.44956E-03, 9.92857E-04, 3.31183E-04, 3.57362E-05, 3.41872E-05, 3.10799E-05, 3.31183E-04
314, 1.53413E-03, 1.45203E-03, 9.84864E-04, 3.26712E-04, 3.57433E-05, 3.41640E-05, 3.10727E-05, 3.26712E-04
315, 1.52650E-03, 1.45442E-03, 9.75477E-04, 3.22200E-04, 3.57521E-05, 3.41411E-05, 3.10657E-05, 3.22200E-04
316, 1.51955E-03, 1.45671E-03, 9.64729E-04, 3.17672E-04, 3.57631E-05, 3.41192E-05, 3.10596E-05, 3.17672E-04
317, 1.51337E-03, 1.45886E-03, 9.52668E-04, 3.13150E-04, 3.57755E-05, 3.40979E-05, 3.10539E-05, 3.13150E-04
318, 1.52830E-03, 1.46085E-03, 9.39358E-04, 3.08660E-04, 3.57889E-05, 3.40761E-05, 3.10492E-05, 3.08660E-04
319, 1.54754E-03, 1.46266E-03, 9.24880E-04, 3.04224E-04, 3.58041E-05, 3.40529E-05, 3.10447E-05, 3.04224E-04
320, 1.56556E-03, 1.46425E-03, 9.09328E-04, 3.02013E-04, 3.58207E-05, 3.40301E-05, 3.10408E-05, 3.02013E-04
321, 1.58230E-03, 1.46562E-03, 9.01357E-04, 3.01056E-04, 3.58402E-05, 3.40071E-05, 3.10382E-05, 3.01056E-04
322, 1.59776E-03, 1.46676E-03, 9.02562E-04, 3.00048E-04, 3.58632E-05, 3.39839E-05, 3.10356E-05, 3.00048E-04
323, 1.61205E-03, 1.46764E-03, 9.03883E-04, 2.98981E-04, 3.58897E-05, 3.39598E-05, 3.10333E-05, 2.98981E-04
324, 1.62536E-03, 1.46826E-03, 9.05304E-04, 2.97846E-04, 3.59201E-05, 3.39342E-05, 3.10313E-05, 2.97846E-04
325, 1.63797E-03, 1.46861E-03, 9.06811E-04, 2.96640E-04, 3.59513E-05, 3.39077E-05, 3.10295E-05, 2.96640E-04
326, 1.65017E-03, 1.46869E-03, 9.09376E-04, 2.95358E-04, 3.59835E-05, 3.38812E-05, 3.10276E-05, 2.95358E-04
327, 1.66229E-03, 1.46851E-03, 9.13900E-04, 2.93999E-04, 3.60189E-05, 3.38556E-05, 3.10261E-05, 2.93999E-04
328, 1.67466E-03, 1.47612E-03, 9.17763E-04, 2.92563E-04, 3.60562E-05, 3.38294E-05, 3.10259E-05, 2.92563E-04
329, 1.68758E-03, 1.48560E-03, 9.20960E-04, 2.91054E-04, 3.60959E-05, 3.38022E-05, 3.10262E-05, 2.91054E-04
330, 1.70128E-03, 1.49308E-03, 9.23498E-04, 2.89478E-04, 3.61377E-05, 3.37748E-05, 3.10267E-05, 2.89478E-04
331, 1.71593E-03, 1.49886E-03, 9.25386E-04, 2.87842E-04, 3.61818E-05, 3.37469E-05, 3.10282E-05, 2.87842E-04
332, 1.73163E-03, 1.50323E-03, 9.26644E-04, 2.86158E-04, 3.62288E-05, 3.37181E-05, 3.10301E-05, 2.86158E-04
333, 1.74836E-03, 1.50643E-03, 9.27298E-04, 2.84439E-04, 3.62783E-05, 3.36894E-05, 3.10323E-05, 2.84439E-04
334, 1.76605E-03, 1.50865E-03, 9.27381E-04, 2.82699E-04, 3.63310E-05, 3.36610E-05, 3.10352E-05, 2.82699E-04
335, 1.78453E-03, 1.50999E-03, 9.26930E-04, 2.80954E-04, 3.63852E-05, 3.36336E-05, 3.10393E-05, 2.80954E-04
336, 1.80359E-03, 1.51054E-03, 9.26451E-04, 2.82458E-04, 3.64402E-05, 3.36059E-05, 3.10432E-05, 2.82458E-04
337, 1.82296E-03, 1.51027E-03, 9.28404E-04, 2.83933E-04, 3.64960E-05, 3.35769E-05, 3.10480E-05, 2.83933E-04
338, 1.84238E-03, 1.50915E-03, 9.33753E-04, 2.85100E-04, 3.65548E-05, 3.35467E-05, 3.10548E-05, 2.85100E-04
339, 1.86158E-03, 1.50707E-03, 9.40316E-04, 2.85938E-04, 3.66176E-05, 3.35181E-05, 3.10626E-05, 2.85938E-04
340, 1.88030E-03, 1.50391E-03, 9.45905E-04, 2.86430E-04, 3.66816E-05, 3.34899E-05, 3.10711E-05, 2.86430E-04
341, 1.89835E-03, 1.49953E-03, 9.50523E-04, 2.86564E-04, 3.67462E-05, 3.34612E-05, 3.10792E-05, 2.86564E-04
342, 1.91553E-03, 1.49381E-03, 9.54194E-04, 2.86332E-04, 3.68125E-05, 3.34322E-05, 3.10876E-05, 2.86332E-04
343, 1.93172E-03, 1.48661E-03, 9.56956E-04, 2.85733E-04, 3.68803E-05, 3.34026E-05, 3.10967E-05, 2.85733E-04
344, 1.94685E-03, 1.47786E-03, 9.58864E-04, 2.84769E-04, 3.69509E-05, 3.33737E-05, 3.11049E-05, 2.84769E-04
345, 1.96088E-03, 1.46748E-03, 9.59979E-04, 2.83444E-04, 3.70223E-05, 3.33447E-05, 3.11133E-05, 2.83444E-04
346, 1.97379E-03, 1.45546E-03, 9.60371E-04, 2.81769E-04, 3.70947E-05, 3.33125E-05, 3.11231E-05, 2.81769E-04
347, 1.98562E-03, 1.44178E-03, 9.60113E-04, 2.79753E-04, 3.71697E-05, 3.32797E-05, 3.11331E-05, 2.79753E-04
348, 1.99640E-03, 1.42649E-03, 9.59276E-04, 2.77409E-04, 3.72456E-05, 3.32471E-05, 3.11439E-05, 2.77409E-04
349, 2.00617E-03, 1.40963E-03, 9.57933E-04, 2.74753E-04, 3.73214E-05, 3.32137E-05, 3.11539E-05, 2.74753E-04
350, 2.01500E-03, 1.39774E-03, 9.56989E-04, 2.71798E-04, 3.73985E-05, 3.31801E-05, 3.11645E-05, 2.71798E-04
351, 2.02292E-03, 1.39246E-03, 9.63726E-04, 2.68563E-04, 3.74766E-05, 3.31470E-05, 3.11754E-05, 2.68563E-04
352, 2.02998E-03, 1.38708E-03, 9.70293E-04, 2.65062E-04, 3.75566E-05, 3.31131E-05, 3.11855E-05, 2.65062E-04
353, 2.03619E-03, 1.38163E-03, 9.76662E-04, 2.61314E-04, 3.76382E-05, 3.30790E-05, 3.11957E-05, 2.61314E-04
354, 2.04158E-03, 1.37612E-03, 9.82804E-04, 2.57336E-04, 3.77211E-05, 3.30451E-05, 3.12064E-05, 2.57336E-04
355, 2.04616E-03, 1.37056E-03, 9.88690E-04, 2.55800E-04, 3.78055E-05, 3.30116E-05, 3.12164E-05, 2.55800E-04
356, 2.04991E-03, 1.36497E-03, 9.94292E-04, 2.54995E-04, 3.78909E-05, 3.29789E-05, 3.12252E-05, 2.54995E-04
357, 2.05285E-03, 1.35937E-03, 9.99583E-04, 2.54217E-04, 3.79773E-05, 3.29466E-05, 3.12340E-05, 2.54217E-04
358, 2.05497E-03, 1.35376E-03, 1.00454E-03, 2.53466E-04, 3.80667E-05, 3.29139E-05, 3.12427E-05, 2.53466E-04
359, 2.05627E-03, 1.34816E-03, 1.00913E-03, 2.52736E-04, 3.81577E-05, 3.28803E-05, 3.12507E-05, 2.52736E-04
360, 2.05676E-03, 1.34258E-03, 1.01334E-03, 2.52023E-04, 3.82490E-05, 3.28458E-05, 3.12595E-05, 2.52023E-04
361, 2.05644E-03, 1.33703E-03, 1.01715E-03, 2.51323E-04, 3.83418E-05, 3.28118E-05, 3.12687E-05, 2.51323E-04
362, 2.05533E-03, 1.33153E-03, 1.02195E-03, 2.50629E-04, 3.84360E-05, 3.27773E-05, 3.12781E-05, 2.50629E-04
363, 2.05346E-03, 1.32606E-03, 1.02740E-03, 2.49935E-04, 3.85312E-05, 3.27409E-05, 3.12876E-05, 2.49935E-04
364, 2.05085E-03, 1.32065E-03, 1.03263E-03, 2.49237E-04, 3.86272E-05, 3.27029E-05, 3.12962E-05, 2.49237E-04
365, 2.04754E-03, 1.31528E-03, 1.03765E-03, 2.48529E-04, 3.87229E-05, 3.26632E-05, 3.13049E-05, 2.48529E-04
366, 2.04358E-03, 1.30997E-03, 1.04245E-03, 2.47809E-04, 3.88187E-05, 3.26218E-05, 3.13129E-05, 2.47809E-04
367, 2.03898E-03, 1.30471E-03, 1.04702E-03, 2.47073E-04, 3.89139E-05, 3.25792E-05, 3.13215E-05, 2.47073E-04
368, 2.03379E-03, 1.29950E-03, 1.05138E-03, 2.46321E-04, 3.90097E-05, 3.25353E-05, 3.13324E-05, 2.46321E-04
369, 2.02805E-03, 1.29432E-03, 1.05552E-03, 2.45556E-04, 3.91056E-05, 3.24914E-05, 3.13440E-05, 2.45556E-04
370, 2.02179E-03, 1.28919E-03, 1.05944E-03, 2.44779E-04, 3.92015E-05, 3.24459E-05, 3.13556E-05, 2.44779E-04
371, 2.01502E-03, 1.28408E-03, 1.06312E-03, 2.43996E-04, 3.92972E-05, 3.23998E-05, 3.13663E-05, 2.43996E-04
372, 2.00778E-03, 1.27899E-03, 1.06657E-03, 2.43213E-04, 3.93926E-05, 3.23538E-05, 3.13756E-05, 2.43213E-04
373, 2.00006E-03, 1.27390E-03, 1.06977E-03, 2.42436E-04, 3.94868E-05, 3.23070E-05, 3.13841E-05, 2.42436E-04
374, 1.99188E-03, 1.26881E-03, 1.07272E-03, 2.41675E-04, 3.95797E-05, 3.22599E-05, 3.13925E-05, 2.41675E-04
375, 1.98324E-03, 1.26369E-03, 1.07539E-03, 2.40937E-04, 3.96721E-05, 3.22109E-05, 3.14012E-05, 2.40937E-04
376, 1.97412E-03, 1.25855E-03, 1.07779E-03, 2.40232E-04, 3.97644E-05, 3.21620E-05, 3.14081E-05, 2.40232E-04
377, 1.96451E-03, 1.25335E-03, 1.07989E-03, 2.39569E-04, 3.98562E-05, 3.21136E-05, 3.14136E-05, 2.39569E-04
378, 1.95439E-03, 1.24808E-03, 1.08167E-03, 2.38955E-04, 3.99469E-05, 3.20661E-05, 3.14174E-05, 2.38955E-04
379, 1.94373E-03, 1.24933E-03, 1.08313E-03, 2.38397E-04, 4.00368E-05, 3.20185E-05, 3.14205E-05, 2.38397E-04
380, 1.93250E-03, 1.25161E-03, 1.08425E-03, 2.37903E-04, 4.01281E-05, 3.19721E-05, 3.14237E-05, 2.37903E-04
381, 1.92066E-03, 1.25389E-03, 1.08500E-03, 2.37476E-04, 4.02194E-05, 3.19262E-05, 3.14263E-05, 2.37476E-04
382, 1.90817E-03, 1.25614E-03, 1.08539E-03, 2.37119E-04, 4.03099E-05, 3.18791E-05, 3.14283E-05, 2.37119E-04
383, 1.90760E-03, 1.25835E-03, 1.08540E-03, 2.36833E-04, 4.03988E-05, 3.18304E-05, 3.14294E-05, 2.36833E-04
384, 1.91137E-03, 1.26050E-03, 1.08503E-03, 2.36617E-04, 4.04862E-05, 3.17823E-05, 3.14292E-05, 2.36617E-04
385, 1.91452E-03, 1.26259E-03, 1.08426E-03, 2.36468E-04, 4.05722E-05, 3.17353E-05, 3.14288E-05, 2.36468E-04
386, 1.91706E-03, 1.26459E-03, 1.08311E-03, 2.36380E-04, 4.06579E-05, 3.16893E-05, 3.14276E-05, 2.36380E-04
387, 1.91897E-03, 1.26649E-03, 1.08158E-03, 2.36344E-04, 4.07441E-05, 3.16430E-05, 3.14256E-05, 2.36344E-04
388, 1.92026E-03, 1.26828E-03, 1.07967E-03, 2.36352E-04, 4.08283E-05, 3.15980E-05, 3.14221E-05, 2.36352E-04
389, 1.92093E-03, 1.26994E-03, 1.07739E-03, 2.36390E-04, 4.09125E-05, 3.15540E-05, 3.14174E-05, 2.36390E-04
390, 1.92100E-03, 1.27147E-03, 1.07477E-03, 2.36446E-04, 4.09962E-05, 3.15115E-05, 3.14121E-05, 2.36446E-04
391, 1.92046E-03, 1.27285E-03, 1.07182E-03, 2.36503E-04, 4.10794E-05, 3.14690E-05, 3.14074E-05, 2.36503E-04
392, 1.91933E-03, 1.27407E-03, 1.06856E-03, 2.36547E-04, 4.11615E-05, 3.14261E-05, 3.14027E-05, 2.36547E-04
393, 1.91760E-03, 1.27512E-03, 1.06502E-03, 2.36558E-04, 4.12423E-05, 3.13843E-05, 3.13989E-05, 2.36558E-04
394, 1.91530E-03, 1.27600E-03, 1.06123E-03, 2.36520E-04, 4.13202E-05, 3.13442E-05, 3.13957E-05, 2.36520E-04
395, 1.91243E-03, 1.27669E-03, 1.05720E-03, 2.36417E-04, 4.13962E-05, 3.13036E-05, 3.13920E-05, 2.36417E-04
396, 1.90899E-03, 1.27719E-03, 1.05298E-03, 2.36232E-04, 4.14710E-05, 3.12625E-05, 3.13878E-05, 2.36232E-04
397, 1.90500E-03, 1.27749E-03, 1.04858E-03, 2.35950E-04, 4.15436E-05, 3.12205E-05, 3.13837E-05, 2.35950E-04
398, 1.90046E-03, 1.27759E-03, 1.04405E-03, 2.35558E-04, 4.16148E-05, 3.11785E-05, 3.13800E-05, 2.35558E-04
399, 1.89539E-03, 1.27749E-03, 1.04180E-03, 2.35046E-04, 4.16849E-05, 3.11374E-05, 3.13760E-05, 2.35046E-04
400, 1.88979E-03, 1.27718E-03, 1.04704E-03, 2.34407E-04, 4.17535E-05, 3.10964E-05, 3.13715E-05, 2.34407E-04
401, 1.88366E-03, 1.27666E-03, 1.05199E-03, 2.33636E-04, 4.18190E-05, 3.10550E-05, 3.13658E-05, 2.33636E-04
402, 1.87703E-03, 1.27593E-03, 1.05662E-03, 2.32733E-04, 4.18822E-05, 3.10146E-05, 3.13596E-05, 2.32733E-04
403, 1.86989E-03, 1.27500E-03, 1.06093E-03, 2.31702E-04, 4.19438E-05, 3.09748E-05, 3.13532E-05, 2.31702E-04
404, 1.86704E-03, 1.27386E-03, 1.06490E-03, 2.30548E-04, 4.20037E-05, 3.09351E-05, 3.13466E-05, 2.30548E-04
405, 1.87715E-03, 1.27252E-03, 1.06850E-03, 2.29282E-04, 4.20639E-05, 3.08959E-05, 3.13404E-05, 2.29282E-04
406, 1.88762E-03, 1.27098E-03, 1.07174E-03, 2.27921E-04, 4.21233E-05, 3.08589E-05, 3.13342E-05, 2.27921E-04
407, 1.89844E-03, 1.26925E-03, 1.07459E-03, 2.26480E-04, 4.21819E-05, 3.08237E-05, 3.13272E-05, 2.26480E-04
408, 1.90958E-03, 1.26733E-03, 1.07705E-03, 2.24980E-04, 4.22372E-05, 3.07907E-05, 3.13201E-05, 2.24980E-04
409, 1.92103E-03, 1.26522E-03, 1.07910E-03, 2.23445E-04, 4.22896E-05, 3.07578E-05, 3.13130E-05, 2.23445E-04
410, 1.93276E-03, 1.26294E-03, 1.08074E-03, 2.21900E-04, 4.23403E-05, 3.07241E-05, 3.13051E-05, 2.21900E-04
411, 1.94473E-03, 1.26048E-03, 1.08196E-03, 2.20369E-04, 4.23885E-05, 3.06897E-05, 3.12976E-05, 2.20369E-04
412, 1.95690E-03, 1.25786E-03, 1.08276E-03, 2.18878E-04, 4.24349E-05, 3.06555E-05, 3.12910E-05, 2.18878E-04
413, 1.96922E-03, 1.25508E-03, 1.08313E-03, 2.17453E-04, 4.24796E-05, 3.06216E-05, 3.12837E-05, 2.17453E-04
414, 1.98165E-03, 1.25215E-03, 1.08307E-03, 2.16116E-04, 4.25223E-05, 3.05878E-05, 3.12762E-05, 2.16116E-04
415, 1.99413E-03, 1.24907E-03, 1.08257E-03, 2.14889E-04, 4.25621E-05, 3.05540E-05, 3.12685E-05, 2.14889E-04
416, 2.00660E-03, 1.24585E-03, 1.08165E-03, 2.13789E-04, 4.25998E-05, 3.05203E-05, 3.12598E-05, 2.13789E-04
417, 2.01898E-03, 1.24251E-03, 1.08030E-03, 2.12832E-04, 4.26345E-05, 3.04857E-05, 3.12507E-05, 2.12832E-04
418, 2.03123E-03, 1.23904E-03, 1.07853E-03, 2.12027E-04, 4.26682E-05, 3.04501E-05, 3.12408E-05, 2.12027E-04
419, 2.04325E-03, 1.23545E-03, 1.07634E-03, 2.11382E-04, 4.27020E-05, 3.04141E-05, 3.12304E-05, 2.11382E-04
420, 2.05499E-03, 1.23175E-03, 1.07374E-03, 2.10899E-04, 4.27347E-05, 3.03773E-05, 3.12186E-05, 2.10899E-04
421, 2.06638E-03, 1.22795E-03, 1.07074E-03, 2.10574E-04, 4.27670E-05, 3.03397E-05, 3.12066E-05, 2.10574E-04
422, 2.07734E-03, 1.22405E-03, 1.06735E-03, 2.10403E-04, 4.27996E-05, 3.03017E-05, 3.11946E-05, 2.10403E-04
423, 2.08782E-03, 1.22005E-03, 1.06358E-03, 2.10376E-04, 4.28309E-05, 3.02640E-05, 3.11824E-05, 2.10376E-04
424, 2.09774E-03, 1.21597E-03, 1.05945E-03, 2.10480E-04, 4.28617E-05, 3.02263E-05, 3.11696E-05, 2.10480E-04
425, 2.10706E-03, 1.21391E-03, 1.05496E-03, 2.10700E-04, 4.28934E-05, 3.01871E-05, 3.11563E-05, 2.10700E-04
426, 2.11572E-03, 1.21559E-03, 1.05013E-03, 2.11020E-04, 4.29242E-05, 3.01468E-05, 3.11428E-05, 2.11020E-04
427, 2.12369E-03, 1.21675E-03, 1.04499E-03, 2.11421E-04, 4.29556E-05, 3.01060E-05, 3.11295E-05, 2.11421E-04
428, 2.13091E-03, 1.21742E-03, 1.03955E-03, 2.11884E-04, 4.29877E-05, 3.00649E-05, 3.11162E-05, 2.11884E-04
429, 2.13738E-03, 1.21764E-03, 1.03382E-03, 2.12392E-04, 4.30200E-05, 3.00237E-05, 3.11019E-05, 2.12392E-04
430, 2.14307E-03, 1.21746E-03, 1.02784E-03, 2.12926E-04, 4.30532E-05, 2.99830E-05, 3.10866E-05, 2.12926E-04
431, 2.14798E-03, 1.21690E-03, 1.02161E-03, 2.13468E-04, 4.30868E-05, 2.99429E-05, 3.10713E-05, 2.13468E-04
432, 2.15210E-03, 1.21601E-03, 1.01517E-03, 2.14003E-04, 4.31228E-05, 2.99016E-05, 3.10555E-05, 2.14003E-04
433, 2.15545E-03, 1.21481E-03, 1.00853E-03, 2.14516E-04, 4.31589E-05, 2.98600E-05, 3.10395E-05, 2.14516E-04
434, 2.15805E-03, 1.21336E-03, 1.00236E-03, 2.14994E-04, 4.31950E-05, 2.98177E-05, 3.10235E-05, 2.14994E-04
435, 2.15992E-03, 1.21167E-03, 9.98745E-04, 2.15426E-04, 4.32294E-05, 2.97748E-05, 3.10084E-05, 2.15426E-04
436, 2.16111E-03, 1.20978E-03, 9.94854E-04, 2.15801E-04, 4.32638E-05, 2.97312E-05, 3.09946E-05, 2.15801E-04
437, 2.16164E-03, 1.21066E-03, 9.90704E-04, 2.16111E-04, 4.32983E-05, 2.96875E-05, 3.09811E-05, 2.16111E-04
438, 2.16157E-03, 1.21113E-03, 9.86307E-04, 2.16349E-04, 4.33315E-05, 2.96433E-05, 3.09673E-05, 2.16349E-04
439, 2.16096E-03, 1.21014E-03, 9.81679E-04, 2.16506E-04, 4.33649E-05, 2.95996E-05, 3.09537E-05, 2.16506E-04
440, 2.15985E-03, 1.20780E-03, 9.76839E-04, 2.16579E-04, 4.33971E-05, 2.95567E-05, 3.09406E-05, 2.16579E-04
441, 2.15831E-03, 1.20422E-03, 9.71804E-04, 2.16559E-04, 4.34272E-05, 2.95144E-05, 3.09272E-05, 2.16559E-04
442, 2.15638E-03, 1.19951E-03, 9.66594E-04, 2.16440E-04, 4.34550E-05, 2.94735E-05, 3.09132E-05, 2.16440E-04
443, 2.15415E-03, 1.19380E-03, 9.61232E-04, 2.16217E-04, 4.34814E-05, 2.94329E-05, 3.08982E-05, 2.16217E-04
444, 2.15166E-03, 1.18960E-03, 9.55740E-04, 2.15883E-04, 4.35069E-05, 2.93927E-05, 3.08830E-05, 2.15883E-04
445, 2.14897E-03, 1.18662E-03, 9.50142E-04, 2.15429E-04, 4.35306E-05, 2.93537E-05, 3.08681E-05, 2.15429E-04
446, 2.14614E-03, 1.18356E-03, 9.45091E-04, 2.14848E-04, 4.35521E-05, 2.93156E-05, 3.08536E-05, 2.14848E-04
447, 2.14322E-03, 1.18041E-03, 9.46487E-04, 2.14133E-04, 4.35712E-05, 2.92787E-05, 3.08401E-05, 2.14133E-04
448, 2.14028E-03, 1.17718E-03, 9.47617E-04, 2.13274E-04, 4.35902E-05, 2.92427E-05, 3.08271E-05, 2.13274E-04
449, 2.13735E-03, 1.17387E-03, 9.48471E-04, 2.12263E-04, 4.36097E-05, 2.92075E-05, 3.08147E-05, 2.12263E-04
450, 2.13448E-03, 1.17048E-03, 9.49041E-04, 2.11093E-04, 4.36274E-05, 2.91734E-05, 3.08018E-05, 2.11093E-04
451, 2.13172E-03, 1.16701E-03, 9.49320E-04, 2.09756E-04, 4.36439E-05, 2.91402E-05, 3.07890E-05, 2.09756E-04
452, 2.12910E-03, 1.16345E-03, 9.49305E-04, 2.08245E-04, 4.36598E-05, 2.91075E-05, 3.07759E-05, 2.08245E-04
453, 2.12666E-03, 1.15981E-03, 9.49448E-04, 2.06557E-04, 4.36755E-05, 2.90752E-05, 3.07631E-05, 2.06557E-04
454, 2.12442E-03, 1.15608E-03, 9.52474E-04, 2.04688E-04, 4.36927E-05, 2.90433E-05, 3.07507E-05, 2.04688E-04
455, 2.12240E-03, 1.15228E-03, 9.54823E-04, 2.02636E-04, 4.37105E-05, 2.90126E-05, 3.07395E-05, 2.02636E-04
456, 2.12063E-03, 1.14840E-03, 9.56484E-04, 2.00401E-04, 4.37287E-05, 2.89821E-05, 3.07296E-05, 2.00401E-04
457, 2.11911E-03, 1.14444E-03, 9.57453E-04, 1.97986E-04, 4.37465E-05, 2.89515E-05, 3.07195E-05, 1.97986E-04
458, 2.11785E-03, 1.14041E-03, 9.57731E-04, 1.95395E-04, 4.37634E-05, 2.89205E-05, 3.07099E-05, 1.95395E-04
459, 2.11686E-03, 1.13631E-03, 9.57325E-04, 1.92634E-04, 4.37795E-05, 2.88895E-05, 3.07005E-05, 1.92634E-04
460, 2.11611E-03, 1.13214E-03, 9.56249E-04, 1.89711E-04, 4.37940E-05, 2.88595E-05, 3.06921E-05, 1.89711E-04
461, 2.11559E-03, 1.12791E-03, 9.54521E-04, 1.86634E-04, 4.38066E-05, 2.88306E-05, 3.06841E-05, 1.86634E-04
462, 2.11527E-03, 1.12362E-03, 9.52166E-04, 1.83415E-04, 4.38171E-05, 2.88023E-05, 3.06764E-05, 1.83415E-04
463, 2.11513E-03, 1.11927E-03, 9.49213E-04, 1.80064E-04, 4.38253E-05, 2.87738E-05, 3.06690E-05, 1.80064E-04
464, 2.13621E-03, 1.11488E-03, 9.45698E-04, 1.76593E-04, 4.38334E-05, 2.87454E-05, 3.06615E-05, 1.76593E-04
465, 2.16049E-03, 1.11045E-03, 9.41658E-04, 1.73015E-04, 4.38430E-05, 2.87169E-05, 3.06542E-05, 1.73015E-04
466, 2.18275E-03, 1.10597E-03, 9.37137E-04, 1.69340E-04, 4.38526E-05, 2.86886E-05, 3.06472E-05, 1.69340E-04
467, 2.20305E-03, 1.10287E-03, 9.32179E-04, 1.65582E-04, 4.38606E-05, 2.86591E-05, 3.06407E-05, 1.65582E-04
468, 2.22147E-03, 1.10206E-03, 9.26834E-04, 1.61751E-04, 4.38663E-05, 2.86293E-05, 3.06345E-05, 1.61751E-04
469, 2.23807E-03, 1.10124E-03, 9.21150E-04, 1.57859E-04, 4.38713E-05, 2.85998E-05, 3.06289E-05, 1.57859E-04
470, 2.25295E-03, 1.10041E-03, 9.15179E-04, 1.53915E-04, 4.38751E-05, 2.85697E-05, 3.06243E-05, 1.53915E-04
471, 2.26618E-03, 1.09957E-03, 9.08971E-04, 1.49928E-04, 4.38792E-05, 2.85397E-05, 3.06206E-05, 1.49928E-04
472, 2.27784E-03, 1.09873E-03, 9.02577E-04, 1.45909E-04, 4.38835E-05, 2.85097E-05, 3.06187E-05, 1.45909E-04
473, 2.28801E-03, 1.09788E-03, 8.96046E-04, 1.42146E-04, 4.38871E-05, 2.84803E-05, 3.06175E-05, 1.42146E-04
474, 2.29676E-03, 1.09703E-03, 8.89698E-04, 1.42524E-04, 4.38895E-05, 2.84513E-05, 3.06171E-05, 1.42524E-04
475, 2.30417E-03, 1.09617E-03, 8.92978E-04, 1.42894E-04, 4.38917E-05, 2.84221E-05, 3.06179E-05, 1.42894E-04
476, 2.31030E-03, 1.09532E-03, 8.95628E-04, 1.43255E-04, 4.38938E-05, 2.83931E-05, 3.06194E-05, 1.43255E-04
477, 2.31522E-03, 1.09445E-03, 8.97609E-04, 1.43608E-04, 4.38954E-05, 2.83642E-05, 3.06232E-05, 1.43608E-04
478, 2.31900E-03, 1.09358E-03, 8.98890E-04, 1.43950E-04, 4.38972E-05, 2.83350E-05, 3.06285E-05, 1.43950E-04
479, 2.32169E-03, 1.09271E-03, 8.99452E-04, 1.44280E-04, 4.38974E-05, 2.83055E-05, 3.06350E-05, 1.44280E-04
480, 2.32334E-03, 1.09183E-03, 8.99289E-04, 1.44598E-04, 4.38959E-05, 2.82761E-05, 3.06433E-05, 1.44598E-04
481, 2.32400E-03, 1.09094E-03, 8.98407E-04, 1.44903E-04, 4.38934E-05, 2.82470E-05, 3.06520E-05, 1.44903E-04
482, 2.32372E-03, 1.09004E-03, 8.96830E-04, 1.45194E-04, 4.38891E-05, 2.82190E-05, 3.06619E-05, 1.45194E-04
483, 2.32254E-03, 1.08914E-03, 8.94597E-04, 1.45469E-04, 4.38842E-05, 2.81913E-05, 3.06731E-05, 1.45469E-04
484, 2.32050E-03, 1.08823E-03, 8.91955E-04, 1.45729E-04, 4.38779E-05, 2.81652E-05, 3.06849E-05, 1.45729E-04
485, 2.31764E-03, 1.08730E-03, 8.95195E-04, 1.45972E-04, 4.38696E-05, 2.81401E-05, 3.06977E-05, 1.45972E-04
486, 2.31398E-03, 1.08637E-03, 8.98210E-04, 1.46196E-04, 4.38608E-05, 2.81155E-05, 3.07114E-05, 1.46196E-04
487, 2.30958E-03, 1.08542E-03, 9.00992E-04, 1.46402E-04, 4.38511E-05, 2.80908E-05, 3.07263E-05, 1.46402E-04
488, 2.30444E-03, 1.08446E-03, 9.03533E-04, 1.46589E-04, 4.38411E-05, 2.80662E-05, 3.07415E-05, 1.46589E-04
489, 2.29861E-03, 1.08349E-03, 9.05828E-04, 1.47681E-04, 4.38296E-05, 2.80420E-05, 3.07569E-05, 1.47681E-04
490, 2.29211E-03, 1.08250E-03, 9.07873E-04, 1.51379E-04, 4.38168E-05, 2.80183E-05, 3.07732E-05, 1.51379E-04
491, 2.28496E-03, 1.08149E-03, 9.09667E-04, 1.54984E-04, 4.38014E-05, 2.79957E-05, 3.07904E-05, 1.54984E-04
492, 2.27720E-03, 1.08047E-03, 9.11208E-04, 1.58419E-04, 4.37848E-05, 2.79750E-05, 3.08075E-05, 1.58419E-04
493, 2.26884E-03, 1.07943E-03, 9.12498E-04, 1.61616E-04, 4.37669E-05, 2.79551E-05, 3.08254E-05, 1.61616E-04
494, 2.25991E-03, 1.07838E-03, 9.13539E-04, 1.64514E-04, 4.37488E-05, 2.79359E-05, 3.08435E-05, 1.64514E-04
495, 2.25043E-03, 1.07730E-03, 9.14337E-04, 1.67063E-04, 4.37292E-05, 2.79175E-05, 3.08620E-05, 1.67063E-04
496, 2.24042E-03, 1.07621E-03, 9.14896E-04, 1.69222E-04, 4.37098E-05, 2.79001E-05, 3.08811E-05, 1.69222E-04
497, 2.22991E-03, 1.07510E-03, 9.15224E-04, 1.70964E-04, 4.36903E-05, 2.78825E-05, 3.09012E-05, 1.70964E-04
498, 2.21892E-03, 1.07396E-03, 9.15328E-04, 1.72271E-04, 4.36706E-05, 2.78655E-05, 3.09221E-05, 1.72271E-04
499, 2.20747E-03, 1.07281E-03, 9.15218E-04, 1.73139E-04, 4.36490E-05, 2.78487E-05, 3.09444E-05, 1.73139E-04
500, 2.19558E-03, 1.07164E-03, 9.14903E-04, 1.73570E-04, 4.36267E-05, 2.78324E-05, 3.09676E-05, 1.73570E-04
