time_step, rel_err_u, rel_err_v, rel_err_w, rel_err_p, rel_err_u_m, rel_err_v_m, rel_err_w_m, rel_err_p_m
0, 0.00000E+00, 0.00000E+00, 0.00000E+00, 0.00000E+00, 0.00000E+00, 0.00000E+00, 0.00000E+00,         NaN
1, 1.80187E-05, 8.77718E-06, 7.04077E-06, 1.17147E-04, 8.83510E-08, 7.54792E-08, 5.91845E-08, 2.42827E-02
2, 2.21265E-05, 7.83136E-06, 8.80699E-06, 5.32734E-05, 8.94905E-08, 7.14078E-08, 5.50009E-08, 3.09251E-02
3, 1.25363E-05, 5.58013E-06, 6.18727E-06, 6.62623E-05, 6.45171E-08, 5.54434E-08, 4.54913E-08, 1.18021E-02
4, 2.00940E-05, 7.32359E-06, 5.20454E-06, 5.49510E-05, 8.85569E-08, 6.63539E-08, 5.31294E-08, 1.28490E-02
5, 1.02158E-05, 3.72755E-06, 5.49517E-06, 9.53646E-05, 3.53046E-08, 2.46440E-08, 1.97047E-08, 2.88857E-02
6, 1.72704E-05, 8.02267E-06, 6.78744E-06, 1.01164E-04, 8.84416E-08, 8.14973E-08, 6.47248E-08, 3.45640E-02
7, 2.25145E-05, 8.09440E-06, 8.39195E-06, 4.48694E-05, 8.93885E-08, 7.13254E-08, 5.33211E-08, 2.84547E-02
8, 1.27272E-05, 5.44535E-06, 5.60862E-06, 5.98521E-05, 6.49558E-08, 5.53310E-08, 4.51080E-08, 1.13905E-02
9, 2.01677E-05, 6.67540E-06, 4.37416E-06, 4.61631E-05, 8.79401E-08, 6.55453E-08, 5.29060E-08, 1.14503E-02
10, 1.07830E-05, 3.78220E-06, 5.10302E-06, 9.49716E-05, 4.02931E-08, 2.87461E-08, 2.23686E-08, 2.74731E-02
11, 1.89937E-05, 8.94181E-06, 7.48822E-06, 1.00063E-04, 9.06783E-08, 8.16991E-08, 6.47832E-08, 3.34062E-02
12, 2.27450E-05, 8.64961E-06, 8.13188E-06, 3.81038E-05, 9.12162E-08, 7.16571E-08, 5.27694E-08, 2.74906E-02
13, 1.15455E-05, 5.70350E-06, 5.07881E-06, 6.41446E-05, 6.61202E-08, 5.55770E-08, 4.48437E-08, 1.04838E-02
14, 1.93638E-05, 6.97130E-06, 5.28782E-06, 4.91539E-05, 8.73288E-08, 6.52140E-08, 5.28444E-08, 1.10591E-02
15, 1.12122E-05, 4.04741E-06, 4.78467E-06, 9.18040E-05, 4.44577E-08, 3.26629E-08, 2.51510E-08, 2.75081E-02
16, 1.86715E-05, 8.66262E-06, 7.85945E-06, 9.44160E-05, 9.33733E-08, 8.20534E-08, 6.51196E-08, 3.30789E-02
17, 2.38671E-05, 8.77645E-06, 7.39667E-06, 3.69506E-05, 9.24717E-08, 7.24515E-08, 5.23774E-08, 2.77490E-02
18, 1.10604E-05, 5.98019E-06, 5.32200E-06, 6.15630E-05, 6.73943E-08, 5.61822E-08, 4.50434E-08, 1.07643E-02
19, 1.77548E-05, 6.24667E-06, 5.35448E-06, 4.81692E-05, 8.68293E-08, 6.54229E-08, 5.30741E-08, 1.09820E-02
20, 1.07969E-05, 4.15140E-06, 4.40711E-06, 8.41499E-05, 4.88190E-08, 3.64767E-08, 2.79327E-08, 2.60598E-02
21, 2.00812E-05, 9.10146E-06, 8.59825E-06, 8.85101E-05, 9.60551E-08, 8.20670E-08, 6.59194E-08, 3.23246E-02
22, 2.43413E-05, 8.90080E-06, 6.04129E-06, 3.62298E-05, 9.38662E-08, 7.31940E-08, 5.23755E-08, 2.59836E-02
23, 1.16789E-05, 5.66678E-06, 4.67674E-06, 6.20144E-05, 6.87527E-08, 5.71616E-08, 4.52451E-08, 1.06827E-02
24, 1.86056E-05, 6.09202E-06, 5.76041E-06, 4.87975E-05, 8.62449E-08, 6.57645E-08, 5.34017E-08, 1.05229E-02
25, 1.19311E-05, 4.19785E-06, 4.18305E-06, 8.32502E-05, 5.20066E-08, 3.99929E-08, 3.05280E-08, 2.47741E-02
26, 2.02180E-05, 8.51550E-06, 9.48349E-06, 8.66675E-05, 9.83541E-08, 8.25260E-08, 6.71403E-08, 2.98980E-02
27, 2.32267E-05, 8.62836E-06, 5.16542E-06, 3.74182E-05, 9.48986E-08, 7.39277E-08, 5.29048E-08, 2.58413E-02
28, 1.20750E-05, 5.45221E-06, 5.18196E-06, 6.08690E-05, 7.01842E-08, 5.80686E-08, 4.54880E-08, 1.05976E-02
29, 1.88731E-05, 5.47787E-06, 5.80037E-06, 4.75803E-05, 8.50237E-08, 6.62408E-08, 5.38336E-08, 1.05133E-02
30, 1.30400E-05, 3.87621E-06, 3.49438E-06, 7.68817E-05, 5.54651E-08, 4.32494E-08, 3.26791E-08, 2.36853E-02
31, 2.06184E-05, 8.63159E-06, 1.03294E-05, 8.21835E-05, 1.00552E-07, 8.29474E-08, 6.81544E-08, 2.94658E-02
32, 2.22991E-05, 8.66427E-06, 4.57656E-06, 3.66218E-05, 9.59140E-08, 7.48692E-08, 5.34887E-08, 2.46054E-02
33, 1.24371E-05, 5.46751E-06, 5.12216E-06, 5.74051E-05, 7.16046E-08, 5.90203E-08, 4.58000E-08, 1.06346E-02
34, 1.86259E-05, 5.49546E-06, 6.82810E-06, 4.76461E-05, 8.36700E-08, 6.69732E-08, 5.41796E-08, 1.01115E-02
35, 1.52554E-05, 3.96144E-06, 3.45015E-06, 6.93804E-05, 5.79107E-08, 4.58543E-08, 3.44879E-08, 2.27101E-02
36, 2.13872E-05, 8.02781E-06, 1.05850E-05, 7.64610E-05, 1.01830E-07, 8.34175E-08, 6.90211E-08, 2.69249E-02
37, 2.28236E-05, 8.18074E-06, 3.94100E-06, 3.77015E-05, 9.67811E-08, 7.59799E-08, 5.45724E-08, 2.25322E-02
38, 1.20423E-05, 5.24744E-06, 4.91562E-06, 5.75929E-05, 7.26261E-08, 6.00775E-08, 4.63367E-08, 1.02256E-02
39, 1.76968E-05, 5.13675E-06, 7.14461E-06, 4.62758E-05, 8.18148E-08, 6.77397E-08, 5.48096E-08, 9.83022E-03
40, 1.53692E-05, 3.55121E-06, 4.22551E-06, 6.95952E-05, 6.01118E-08, 4.78901E-08, 3.58037E-08, 2.31417E-02
41, 2.07310E-05, 7.40174E-06, 1.09330E-05, 7.37672E-05, 1.02464E-07, 8.36597E-08, 6.96182E-08, 2.64171E-02
42, 2.16382E-05, 7.62434E-06, 4.69328E-06, 3.53574E-05, 9.72881E-08, 7.70872E-08, 5.54834E-08, 2.19067E-02
43, 1.17670E-05, 5.10117E-06, 4.77828E-06, 5.50007E-05, 7.32371E-08, 6.11528E-08, 4.70012E-08, 1.02048E-02
44, 1.64373E-05, 4.83119E-06, 6.45463E-06, 4.33997E-05, 8.07124E-08, 6.82831E-08, 5.53028E-08, 9.49648E-03
45, 1.70939E-05, 3.65616E-06, 4.64794E-06, 7.27770E-05, 6.14345E-08, 4.96126E-08, 3.68970E-08, 2.23993E-02
46, 2.10423E-05, 6.87532E-06, 1.05733E-05, 7.27845E-05, 1.02712E-07, 8.45576E-08, 6.99286E-08, 2.69407E-02
47, 2.18956E-05, 7.05048E-06, 5.56301E-06, 3.38155E-05, 9.74342E-08, 7.81945E-08, 5.66208E-08, 2.13766E-02
48, 1.18546E-05, 4.71881E-06, 4.94776E-06, 5.06061E-05, 7.38492E-08, 6.22078E-08, 4.78880E-08, 9.64938E-03
49, 1.52147E-05, 4.64235E-06, 7.57880E-06, 4.30727E-05, 7.93002E-08, 6.86202E-08, 5.57688E-08, 8.77175E-03
50, 1.63955E-05, 4.06096E-06, 4.27567E-06, 7.05788E-05, 6.19707E-08, 5.09043E-08, 3.81448E-08, 2.11233E-02
51, 2.14989E-05, 6.02295E-06, 9.49750E-06, 7.43254E-05, 1.01986E-07, 8.57240E-08, 6.98532E-08, 2.79534E-02
52, 2.17487E-05, 6.97096E-06, 6.95651E-06, 3.09329E-05, 9.70779E-08, 7.90800E-08, 5.76546E-08, 2.10546E-02
53, 1.20928E-05, 4.31332E-06, 4.48038E-06, 4.78606E-05, 7.40098E-08, 6.28311E-08, 4.88832E-08, 9.18543E-03
54, 1.49186E-05, 4.41422E-06, 7.08590E-06, 4.02719E-05, 7.81997E-08, 6.86378E-08, 5.59085E-08, 8.58037E-03
55, 1.65325E-05, 3.97886E-06, 4.51094E-06, 7.38132E-05, 6.12307E-08, 5.19879E-08, 3.92680E-08, 1.98703E-02
56, 2.36956E-05, 5.64747E-06, 9.15976E-06, 7.27644E-05, 1.00806E-07, 8.64834E-08, 6.98025E-08, 2.72804E-02
57, 2.01963E-05, 6.50628E-06, 7.48360E-06, 2.95382E-05, 9.58526E-08, 7.95210E-08, 5.85412E-08, 2.02035E-02
58, 1.38172E-05, 4.34793E-06, 5.05018E-06, 4.34901E-05, 7.38500E-08, 6.34147E-08, 4.98564E-08, 8.70446E-03
59, 1.48589E-05, 4.14690E-06, 5.87221E-06, 3.65080E-05, 7.69220E-08, 6.86291E-08, 5.59908E-08, 8.01791E-03
60, 1.59637E-05, 4.37118E-06, 5.86481E-06, 6.84441E-05, 6.02386E-08, 5.26470E-08, 4.03638E-08, 1.85325E-02
61, 2.60978E-05, 5.46856E-06, 1.08546E-05, 6.92191E-05, 9.91354E-08, 8.69906E-08, 6.96758E-08, 2.83077E-02
62, 2.00874E-05, 7.05136E-06, 7.56088E-06, 2.67079E-05, 9.38103E-08, 7.95734E-08, 5.92072E-08, 1.90710E-02
63, 1.48942E-05, 4.70739E-06, 5.98804E-06, 4.19377E-05, 7.35499E-08, 6.36696E-08, 5.06794E-08, 7.62163E-03
64, 1.44581E-05, 3.85452E-06, 6.20960E-06, 3.21692E-05, 7.59282E-08, 6.88882E-08, 5.61605E-08, 7.74154E-03
65, 1.74192E-05, 4.23381E-06, 6.52111E-06, 7.14703E-05, 5.89416E-08, 5.33721E-08, 4.13120E-08, 1.87913E-02
66, 2.65780E-05, 5.90782E-06, 1.09305E-05, 6.92647E-05, 9.71464E-08, 8.69555E-08, 6.98773E-08, 2.63276E-02
67, 2.04068E-05, 6.96942E-06, 9.46265E-06, 2.64448E-05, 9.15777E-08, 7.92289E-08, 5.96980E-08, 1.82555E-02
68, 1.48517E-05, 4.92599E-06, 6.84335E-06, 3.68476E-05, 7.28664E-08, 6.39843E-08, 5.14372E-08, 7.43597E-03
69, 1.49018E-05, 3.88549E-06, 6.62558E-06, 2.82154E-05, 7.47126E-08, 6.91614E-08, 5.63364E-08, 6.81142E-03
70, 1.61268E-05, 4.62509E-06, 6.70666E-06, 6.63653E-05, 5.79760E-08, 5.42184E-08, 4.24151E-08, 1.73594E-02
71, 2.57506E-05, 5.73015E-06, 9.06135E-06, 6.63969E-05, 9.58990E-08, 8.66259E-08, 7.02315E-08, 2.72177E-02
72, 1.86922E-05, 6.46563E-06, 9.48292E-06, 2.23832E-05, 8.87540E-08, 7.87419E-08, 6.00790E-08, 1.67644E-02
73, 1.41410E-05, 4.74817E-06, 7.24857E-06, 3.44437E-05, 7.17703E-08, 6.42968E-08, 5.19284E-08, 6.46313E-03
74, 1.54992E-05, 4.03293E-06, 6.52054E-06, 2.66959E-05, 7.34105E-08, 6.95964E-08, 5.65640E-08, 6.39108E-03
75, 1.28022E-05, 4.92453E-06, 6.42161E-06, 6.57249E-05, 5.74381E-08, 5.50972E-08, 4.33275E-08, 1.68595E-02
76, 2.56366E-05, 5.93207E-06, 8.14118E-06, 6.77276E-05, 9.49594E-08, 8.60895E-08, 7.09233E-08, 2.52253E-02
77, 1.74505E-05, 5.85623E-06, 7.20438E-06, 1.69392E-05, 8.58029E-08, 7.82850E-08, 6.05294E-08, 1.65778E-02
78, 1.46529E-05, 4.49145E-06, 6.36830E-06, 3.26137E-05, 7.10655E-08, 6.46866E-08, 5.25498E-08, 6.56246E-03
79, 1.48220E-05, 4.01256E-06, 6.12240E-06, 2.40331E-05, 7.24092E-08, 7.00885E-08, 5.70070E-08, 5.50741E-03
80, 1.53863E-05, 4.41853E-06, 5.51187E-06, 6.81258E-05, 5.76778E-08, 5.61810E-08, 4.42579E-08, 1.73547E-02
81, 2.12190E-05, 5.41684E-06, 9.05502E-06, 6.48169E-05, 9.45547E-08, 8.59674E-08, 7.10435E-08, 2.52749E-02
82, 1.70439E-05, 5.06925E-06, 7.45484E-06, 1.76925E-05, 8.35109E-08, 7.77088E-08, 6.05631E-08, 1.57236E-02
83, 1.39128E-05, 4.17871E-06, 5.24810E-06, 3.14289E-05, 7.04779E-08, 6.53318E-08, 5.28540E-08, 7.71103E-03
84, 1.43688E-05, 3.93721E-06, 5.02842E-06, 2.50907E-05, 7.17170E-08, 7.06060E-08, 5.72317E-08, 4.62958E-03
85, 1.62488E-05, 4.67306E-06, 4.05040E-06, 7.12419E-05, 5.76965E-08, 5.71990E-08, 4.48400E-08, 1.85958E-02
86, 1.42493E-05, 5.88064E-06, 7.82879E-06, 6.27512E-05, 9.42277E-08, 8.62062E-08, 7.09073E-08, 2.60615E-02
87, 1.69894E-05, 6.03204E-06, 7.12625E-06, 2.32440E-05, 8.14272E-08, 7.76212E-08, 6.04902E-08, 1.56001E-02
88, 1.25431E-05, 4.85819E-06, 5.92353E-06, 2.89906E-05, 6.93168E-08, 6.59087E-08, 5.30038E-08, 7.47073E-03
89, 1.27912E-05, 4.27045E-06, 4.35446E-06, 2.39049E-05, 7.14176E-08, 7.11273E-08, 5.75585E-08, 4.66216E-03
90, 1.46839E-05, 4.63614E-06, 4.67830E-06, 7.75983E-05, 5.75261E-08, 5.77559E-08, 4.50616E-08, 1.93745E-02
91, 1.21784E-05, 5.96970E-06, 6.87124E-06, 6.95138E-05, 9.35727E-08, 8.62655E-08, 7.05585E-08, 2.69648E-02
92, 1.68538E-05, 6.19484E-06, 5.72273E-06, 2.66374E-05, 7.99364E-08, 7.79793E-08, 6.05247E-08, 1.89867E-02
93, 1.01588E-05, 5.15049E-06, 5.52398E-06, 3.31251E-05, 6.85751E-08, 6.66537E-08, 5.29848E-08, 8.75939E-03
94, 9.75360E-06, 4.84860E-06, 4.52379E-06, 1.97381E-05, 7.11946E-08, 7.19448E-08, 5.78419E-08, 5.89331E-03
95, 1.11675E-05, 4.59139E-06, 4.81758E-06, 8.22441E-05, 5.70167E-08, 5.79311E-08, 4.50654E-08, 1.90573E-02
96, 1.26391E-05, 5.63236E-06, 7.27179E-06, 8.06458E-05, 9.23440E-08, 8.60772E-08, 7.01633E-08, 2.92089E-02
97, 1.61543E-05, 6.04679E-06, 4.58676E-06, 3.24208E-05, 7.83192E-08, 7.82474E-08, 6.06187E-08, 2.03888E-02
98, 1.04203E-05, 4.89471E-06, 4.45693E-06, 4.12282E-05, 6.79840E-08, 6.71902E-08, 5.33233E-08, 9.04222E-03
99, 9.37719E-06, 5.20104E-06, 4.60759E-06, 1.82906E-05, 7.16074E-08, 7.24233E-08, 5.83736E-08, 6.37138E-03
100, 1.07824E-05, 4.89876E-06, 4.92446E-06, 8.97094E-05, 5.60961E-08, 5.77465E-08, 4.54217E-08, 1.97148E-02
101, 1.21675E-05, 5.75775E-06, 7.88594E-06, 8.83873E-05, 9.08631E-08, 8.59225E-08, 6.99055E-08, 3.06406E-02
102, 1.44152E-05, 5.18503E-06, 5.36854E-06, 3.51782E-05, 7.75243E-08, 7.83235E-08, 6.05558E-08, 2.10830E-02
103, 8.98855E-06, 4.69928E-06, 4.29808E-06, 4.42118E-05, 6.77302E-08, 6.73538E-08, 5.35822E-08, 9.69588E-03
104, 9.56636E-06, 5.97983E-06, 5.61456E-06, 2.06704E-05, 7.20555E-08, 7.28982E-08, 5.89800E-08, 7.30307E-03
105, 1.14438E-05, 5.08270E-06, 5.91654E-06, 9.43981E-05, 5.50005E-08, 5.72410E-08, 4.59644E-08, 2.02842E-02
106, 1.22524E-05, 6.13165E-06, 9.00664E-06, 8.96811E-05, 8.92370E-08, 8.58210E-08, 6.99742E-08, 3.08974E-02
107, 1.44686E-05, 4.84544E-06, 5.50005E-06, 3.82398E-05, 7.67918E-08, 7.83919E-08, 6.05527E-08, 2.05022E-02
108, 9.91407E-06, 4.97370E-06, 5.20765E-06, 5.35908E-05, 6.81631E-08, 6.74813E-08, 5.40536E-08, 1.10394E-02
109, 1.00034E-05, 6.55983E-06, 6.58819E-06, 2.42436E-05, 7.26815E-08, 7.33618E-08, 5.97383E-08, 8.36605E-03
110, 1.08077E-05, 4.33829E-06, 7.51520E-06, 9.77606E-05, 5.43376E-08, 5.69213E-08, 4.64631E-08, 2.21878E-02
111, 1.11004E-05, 7.23509E-06, 1.04700E-05, 8.70407E-05, 8.84682E-08, 8.55867E-08, 7.01697E-08, 3.10692E-02
112, 1.23577E-05, 4.63593E-06, 6.72111E-06, 4.29971E-05, 7.63899E-08, 7.83975E-08, 6.05736E-08, 1.90038E-02
113, 9.59682E-06, 5.83091E-06, 6.13427E-06, 6.18844E-05, 6.91598E-08, 6.73013E-08, 5.45978E-08, 1.21731E-02
114, 9.28731E-06, 7.12611E-06, 7.47909E-06, 3.19797E-05, 7.38189E-08, 7.37403E-08, 6.01887E-08, 9.11799E-03
115, 9.20272E-06, 5.04846E-06, 7.68734E-06, 1.10644E-04, 5.46081E-08, 5.65564E-08, 4.71409E-08, 2.53163E-02
116, 1.23047E-05, 7.79064E-06, 1.11202E-05, 8.48985E-05, 8.84259E-08, 8.52147E-08, 7.05040E-08, 3.26549E-02
117, 9.61229E-06, 5.35212E-06, 7.36957E-06, 4.88145E-05, 7.65181E-08, 7.79434E-08, 6.09899E-08, 2.28678E-02
118, 8.27860E-06, 6.39439E-06, 7.07268E-06, 6.56039E-05, 6.98742E-08, 6.70492E-08, 5.50433E-08, 1.29167E-02
119, 7.76018E-06, 7.68993E-06, 7.90792E-06, 3.93167E-05, 7.49863E-08, 7.36734E-08, 6.08867E-08, 9.45765E-03
120, 9.31783E-06, 5.52249E-06, 6.33282E-06, 1.25650E-04, 5.49737E-08, 5.60840E-08, 4.76984E-08, 2.97284E-02
121, 1.30331E-05, 9.57309E-06, 1.00326E-05, 9.15508E-05, 8.87818E-08, 8.46925E-08, 7.10714E-08, 3.33664E-02
122, 1.00649E-05, 5.21897E-06, 8.11114E-06, 5.07541E-05, 7.69487E-08, 7.76740E-08, 6.14020E-08, 2.50060E-02
123, 7.56109E-06, 6.53833E-06, 7.61933E-06, 7.63637E-05, 7.08153E-08, 6.67801E-08, 5.55337E-08, 1.43416E-02
124, 7.87328E-06, 8.63706E-06, 9.72689E-06, 4.35163E-05, 7.58159E-08, 7.38344E-08, 6.15905E-08, 1.01700E-02
125, 1.03616E-05, 5.22611E-06, 6.17012E-06, 1.47049E-04, 5.57196E-08, 5.58443E-08, 4.84307E-08, 3.30236E-02
126, 1.30946E-05, 9.70946E-06, 1.17269E-05, 1.07261E-04, 9.00336E-08, 8.37755E-08, 7.20432E-08, 3.80361E-02
127, 1.15805E-05, 4.86693E-06, 9.45770E-06, 5.78987E-05, 7.76758E-08, 7.71797E-08, 6.17287E-08, 2.73594E-02
128, 7.49301E-06, 7.42313E-06, 7.82896E-06, 8.33932E-05, 7.19766E-08, 6.65505E-08, 5.59087E-08, 1.61144E-02
129, 7.58391E-06, 9.14719E-06, 1.05015E-05, 5.61017E-05, 7.69433E-08, 7.42978E-08, 6.23036E-08, 1.10009E-02
130, 1.11438E-05, 5.55413E-06, 6.84891E-06, 1.57588E-04, 5.64193E-08, 5.58519E-08, 4.91592E-08, 3.46920E-02
131, 1.38609E-05, 1.09452E-05, 1.31073E-05, 1.24156E-04, 9.15531E-08, 8.30629E-08, 7.28284E-08, 4.04592E-02
132, 1.25838E-05, 5.48998E-06, 8.08691E-06, 6.16957E-05, 7.86103E-08, 7.65298E-08, 6.19388E-08, 3.15105E-02
133, 6.57444E-06, 8.24236E-06, 9.35619E-06, 8.71138E-05, 7.29224E-08, 6.62044E-08, 5.64029E-08, 1.63056E-02
134, 6.47287E-06, 9.23925E-06, 1.04181E-05, 6.13077E-05, 7.81209E-08, 7.46842E-08, 6.32034E-08, 1.12147E-02
135, 1.13257E-05, 5.67115E-06, 8.33268E-06, 1.67849E-04, 5.71540E-08, 5.59409E-08, 5.00435E-08, 3.81130E-02
136, 1.46818E-05, 1.02302E-05, 1.55592E-05, 1.30763E-04, 9.30238E-08, 8.27610E-08, 7.36717E-08, 4.21197E-02
137, 1.30877E-05, 5.26137E-06, 7.63301E-06, 7.58929E-05, 7.97572E-08, 7.65958E-08, 6.20271E-08, 3.47514E-02
138, 5.56834E-06, 8.43676E-06, 1.00378E-05, 9.30522E-05, 7.33250E-08, 6.60197E-08, 5.70014E-08, 1.74264E-02
139, 5.46330E-06, 1.06419E-05, 1.17789E-05, 6.71700E-05, 7.94269E-08, 7.52044E-08, 6.40579E-08, 1.10394E-02
140, 1.11987E-05, 5.66765E-06, 1.10316E-05, 1.91180E-04, 5.78981E-08, 5.63729E-08, 5.12116E-08, 4.18596E-02
141, 1.54410E-05, 1.04027E-05, 1.58423E-05, 1.51151E-04, 9.45335E-08, 8.31265E-08, 7.49309E-08, 4.49104E-02
142, 1.40805E-05, 5.39696E-06, 8.53507E-06, 8.41244E-05, 8.09502E-08, 7.70373E-08, 6.22709E-08, 3.57544E-02
143, 5.78631E-06, 8.66291E-06, 1.01478E-05, 1.01389E-04, 7.42409E-08, 6.63284E-08, 5.74804E-08, 1.89497E-02
144, 6.94194E-06, 1.14326E-05, 1.24043E-05, 7.84370E-05, 8.07221E-08, 7.58317E-08, 6.47441E-08, 1.14582E-02
145, 1.22112E-05, 5.72028E-06, 1.06926E-05, 2.03824E-04, 5.89536E-08, 5.72018E-08, 5.20867E-08, 4.26564E-02
146, 1.59440E-05, 8.96698E-06, 1.79274E-05, 1.64622E-04, 9.60191E-08, 8.37175E-08, 7.60533E-08, 4.72596E-02
147, 1.42918E-05, 6.12102E-06, 9.76078E-06, 8.98268E-05, 8.18963E-08, 7.74510E-08, 6.28538E-08, 3.89585E-02
148, 5.86380E-06, 9.70287E-06, 9.67933E-06, 1.03710E-04, 7.54671E-08, 6.67393E-08, 5.77112E-08, 1.91376E-02
149, 5.83753E-06, 1.14374E-05, 1.21724E-05, 8.39272E-05, 8.21786E-08, 7.61886E-08, 6.49275E-08, 1.12956E-02
150, 1.33716E-05, 6.63253E-06, 8.97435E-06, 2.14553E-04, 5.98720E-08, 5.74662E-08, 5.25703E-08, 4.36603E-02
151, 1.66532E-05, 9.10269E-06, 1.87494E-05, 1.70070E-04, 9.72455E-08, 8.45253E-08, 7.72006E-08, 4.89804E-02
152, 1.45980E-05, 6.58504E-06, 1.09682E-05, 1.00137E-04, 8.32025E-08, 7.80045E-08, 6.38634E-08, 4.26273E-02
153, 7.51938E-06, 9.87760E-06, 1.03058E-05, 1.00858E-04, 7.66667E-08, 6.72391E-08, 5.80758E-08, 1.86995E-02
154, 5.46751E-06, 1.22823E-05, 1.24854E-05, 8.34037E-05, 8.29924E-08, 7.64508E-08, 6.52151E-08, 1.09394E-02
155, 1.47722E-05, 8.20443E-06, 9.08478E-06, 2.16797E-04, 6.06616E-08, 5.74327E-08, 5.28932E-08, 4.66792E-02
156, 1.79858E-05, 1.02530E-05, 1.88743E-05, 1.86510E-04, 9.80958E-08, 8.50837E-08, 7.84532E-08, 5.02656E-02
157, 1.54570E-05, 7.06623E-06, 9.90232E-06, 1.09104E-04, 8.51592E-08, 7.88911E-08, 6.48167E-08, 4.35947E-02
158, 6.74136E-06, 9.66923E-06, 1.05615E-05, 1.04854E-04, 7.78308E-08, 6.75922E-08, 5.83941E-08, 1.94371E-02
159, 6.19281E-06, 1.33237E-05, 1.24791E-05, 9.29282E-05, 8.40851E-08, 7.68749E-08, 6.52604E-08, 1.24589E-02
160, 1.52711E-05, 9.37463E-06, 9.65226E-06, 2.33974E-04, 6.15322E-08, 5.76550E-08, 5.30954E-08, 4.76709E-02
161, 1.86036E-05, 1.08290E-05, 1.91369E-05, 2.00718E-04, 9.92468E-08, 8.55448E-08, 7.91158E-08, 4.99650E-02
162, 1.55171E-05, 7.92619E-06, 1.00640E-05, 1.17380E-04, 8.66140E-08, 7.94588E-08, 6.56499E-08, 4.43069E-02
163, 7.17218E-06, 1.06403E-05, 1.00563E-05, 1.09908E-04, 7.88175E-08, 6.79858E-08, 5.84218E-08, 1.98679E-02
164, 6.28404E-06, 1.32781E-05, 1.21038E-05, 9.90249E-05, 8.53322E-08, 7.72295E-08, 6.52587E-08, 1.27143E-02
165, 1.51349E-05, 1.03579E-05, 9.90449E-06, 2.37372E-04, 6.22425E-08, 5.77396E-08, 5.33582E-08, 4.55865E-02
166, 1.84536E-05, 1.07464E-05, 2.08313E-05, 2.04397E-04, 1.00493E-07, 8.58761E-08, 7.91643E-08, 5.16454E-02
167, 1.48423E-05, 8.25762E-06, 9.00967E-06, 1.14152E-04, 8.81327E-08, 7.96707E-08, 6.63120E-08, 4.70533E-02
168, 7.55269E-06, 1.11525E-05, 9.71660E-06, 1.08183E-04, 7.96704E-08, 6.85080E-08, 5.86592E-08, 1.90146E-02
169, 6.26022E-06, 1.33084E-05, 1.22471E-05, 9.74037E-05, 8.61409E-08, 7.71640E-08, 6.49586E-08, 1.31278E-02
170, 1.68603E-05, 1.25194E-05, 1.07666E-05, 2.26191E-04, 6.28677E-08, 5.78046E-08, 5.35074E-08, 4.64572E-02
171, 1.91461E-05, 1.16053E-05, 2.11227E-05, 2.05808E-04, 1.01396E-07, 8.57097E-08, 7.93522E-08, 5.16911E-02
172, 1.48088E-05, 9.03269E-06, 1.07447E-05, 1.25761E-04, 8.96667E-08, 8.00816E-08, 6.68436E-08, 4.82683E-02
173, 7.52445E-06, 1.28523E-05, 1.01737E-05, 1.18762E-04, 8.06596E-08, 6.89322E-08, 5.91661E-08, 1.89397E-02
174, 6.57645E-06, 1.51906E-05, 1.25175E-05, 9.30102E-05, 8.67986E-08, 7.71532E-08, 6.45824E-08, 1.39082E-02
175, 1.78224E-05, 1.36866E-05, 1.09565E-05, 2.29545E-04, 6.34133E-08, 5.79409E-08, 5.34001E-08, 4.62145E-02
176, 1.99578E-05, 1.22266E-05, 1.98475E-05, 2.21192E-04, 1.02029E-07, 8.55236E-08, 7.92754E-08, 4.97954E-02
177, 1.48535E-05, 1.09303E-05, 1.26138E-05, 1.27934E-04, 9.05248E-08, 8.04060E-08, 6.72097E-08, 4.63352E-02
178, 7.78833E-06, 1.28211E-05, 1.05789E-05, 1.18323E-04, 8.17258E-08, 6.90282E-08, 5.89040E-08, 1.91559E-02
179, 7.26243E-06, 1.73606E-05, 1.16527E-05, 9.80452E-05, 8.73205E-08, 7.70545E-08, 6.43763E-08, 1.35411E-02
180, 1.75554E-05, 1.35669E-05, 1.11993E-05, 2.39067E-04, 6.35457E-08, 5.78779E-08, 5.32994E-08, 4.48602E-02
181, 1.99983E-05, 1.19690E-05, 2.22218E-05, 2.24788E-04, 1.02652E-07, 8.52874E-08, 7.87002E-08, 4.98173E-02
182, 1.42652E-05, 1.34053E-05, 1.10478E-05, 1.19680E-04, 9.13088E-08, 8.02777E-08, 6.75007E-08, 4.71618E-02
183, 8.32433E-06, 1.47433E-05, 9.63878E-06, 1.16145E-04, 8.24148E-08, 6.88366E-08, 5.85835E-08, 1.80483E-02
184, 7.36939E-06, 1.74146E-05, 1.05924E-05, 9.79409E-05, 8.80654E-08, 7.67312E-08, 6.36729E-08, 1.37799E-02
185, 1.65523E-05, 1.53648E-05, 1.10684E-05, 2.42493E-04, 6.37652E-08, 5.79554E-08, 5.30578E-08, 4.27624E-02
186, 1.91899E-05, 1.23391E-05, 2.29766E-05, 2.16776E-04, 1.03256E-07, 8.48320E-08, 7.82124E-08, 4.91977E-02
187, 1.50968E-05, 1.44853E-05, 1.26323E-05, 1.15054E-04, 9.19770E-08, 8.02526E-08, 6.75273E-08, 4.69429E-02
188, 8.34328E-06, 1.57876E-05, 9.91706E-06, 1.22733E-04, 8.28006E-08, 6.86353E-08, 5.84807E-08, 1.68873E-02
189, 6.89862E-06, 1.95693E-05, 1.12334E-05, 9.71905E-05, 8.86702E-08, 7.61820E-08, 6.28528E-08, 1.27698E-02
190, 1.76388E-05, 1.57145E-05, 1.14300E-05, 2.27433E-04, 6.40735E-08, 5.78007E-08, 5.27541E-08, 4.51020E-02
191, 1.96355E-05, 1.28877E-05, 2.16504E-05, 2.18921E-04, 1.03802E-07, 8.44792E-08, 7.74785E-08, 4.96064E-02
192, 1.48212E-05, 1.58721E-05, 1.36572E-05, 1.18560E-04, 9.19656E-08, 7.99775E-08, 6.72377E-08, 4.46655E-02
193, 7.79869E-06, 1.47426E-05, 9.89136E-06, 1.19145E-04, 8.35484E-08, 6.82063E-08, 5.81862E-08, 1.63389E-02
194, 7.30177E-06, 2.08108E-05, 1.08902E-05, 9.98040E-05, 8.94167E-08, 7.53694E-08, 6.21932E-08, 1.44377E-02
195, 1.79029E-05, 1.45820E-05, 1.15635E-05, 2.39388E-04, 6.45574E-08, 5.76129E-08, 5.23640E-08, 4.48364E-02
196, 2.00062E-05, 1.23558E-05, 2.23935E-05, 2.22157E-04, 1.04548E-07, 8.43255E-08, 7.66972E-08, 4.71940E-02
197, 1.36478E-05, 1.79928E-05, 1.33041E-05, 1.20726E-04, 9.18075E-08, 7.95677E-08, 6.67216E-08, 4.23538E-02
198, 8.09537E-06, 1.44682E-05, 1.01731E-05, 1.21334E-04, 8.41927E-08, 6.75505E-08, 5.74764E-08, 1.62262E-02
199, 7.98600E-06, 1.94039E-05, 9.86978E-06, 1.02443E-04, 9.00001E-08, 7.45484E-08, 6.10080E-08, 1.43504E-02
200, 1.66857E-05, 1.48106E-05, 1.05107E-05, 2.32692E-04, 6.45855E-08, 5.73674E-08, 5.17205E-08, 4.11786E-02
201, 1.95305E-05, 1.36678E-05, 2.26745E-05, 2.24729E-04, 1.04786E-07, 8.38801E-08, 7.56799E-08, 4.83512E-02
202, 1.55818E-05, 1.81799E-05, 1.22886E-05, 1.09301E-04, 9.19688E-08, 7.93363E-08, 6.64428E-08, 4.52901E-02
203, 8.24319E-06, 1.46462E-05, 9.63067E-06, 1.11610E-04, 8.45906E-08, 6.68057E-08, 5.66641E-08, 1.51746E-02
204, 8.23059E-06, 1.96352E-05, 9.56259E-06, 9.58032E-05, 9.03907E-08, 7.34513E-08, 6.01177E-08, 1.26104E-02
205, 1.76397E-05, 1.43781E-05, 1.13726E-05, 2.10846E-04, 6.43354E-08, 5.68855E-08, 5.09197E-08, 4.19678E-02
206, 1.96295E-05, 1.38373E-05, 2.05292E-05, 2.16181E-04, 1.04823E-07, 8.33468E-08, 7.45738E-08, 4.67657E-02
207, 1.58911E-05, 1.72706E-05, 1.31459E-05, 1.14568E-04, 9.22500E-08, 7.90983E-08, 6.57222E-08, 4.48003E-02
208, 7.60261E-06, 1.30862E-05, 8.58487E-06, 1.22306E-04, 8.47701E-08, 6.60021E-08, 5.59737E-08, 1.44105E-02
209, 7.74090E-06, 1.94242E-05, 8.47753E-06, 9.41034E-05, 9.07337E-08, 7.21674E-08, 5.90342E-08, 1.35206E-02
210, 1.74130E-05, 1.27400E-05, 1.07666E-05, 2.13033E-04, 6.42167E-08, 5.66431E-08, 5.00845E-08, 4.01234E-02
211, 1.94264E-05, 1.31255E-05, 2.03926E-05, 2.26884E-04, 1.05000E-07, 8.27990E-08, 7.32997E-08, 4.57166E-02
212, 1.44511E-05, 1.85455E-05, 1.23436E-05, 1.11255E-04, 9.25584E-08, 7.86021E-08, 6.47633E-08, 4.10737E-02
213, 7.86099E-06, 1.09723E-05, 8.49512E-06, 1.17389E-04, 8.51860E-08, 6.49155E-08, 5.49842E-08, 1.43452E-02
214, 7.60836E-06, 1.70253E-05, 8.92035E-06, 9.82286E-05, 9.10474E-08, 7.09781E-08, 5.77823E-08, 1.28247E-02
215, 1.58847E-05, 1.18869E-05, 1.01159E-05, 1.99059E-04, 6.41135E-08, 5.62737E-08, 4.90338E-08, 3.55912E-02
216, 1.84556E-05, 1.43328E-05, 1.98602E-05, 2.21908E-04, 1.05092E-07, 8.18692E-08, 7.19402E-08, 4.46713E-02
217, 1.55801E-05, 1.79760E-05, 1.18233E-05, 9.70777E-05, 9.27105E-08, 7.77231E-08, 6.37951E-08, 4.24097E-02
218, 8.04588E-06, 1.08584E-05, 7.84028E-06, 1.07731E-04, 8.53394E-08, 6.39268E-08, 5.40638E-08, 1.28790E-02
219, 7.62299E-06, 1.59196E-05, 8.38578E-06, 8.83468E-05, 9.11690E-08, 6.96924E-08, 5.68943E-08, 1.08917E-02
220, 1.50283E-05, 1.11132E-05, 1.01288E-05, 1.78294E-04, 6.40388E-08, 5.56605E-08, 4.81370E-08, 3.52196E-02
221, 1.89947E-05, 1.40932E-05, 1.71312E-05, 2.03492E-04, 1.04689E-07, 8.09505E-08, 7.05571E-08, 4.16724E-02
222, 1.53125E-05, 1.64042E-05, 1.25168E-05, 9.47279E-05, 9.26709E-08, 7.69472E-08, 6.27932E-08, 4.04191E-02
223, 7.33773E-06, 9.64192E-06, 6.87684E-06, 1.09334E-04, 8.54280E-08, 6.30943E-08, 5.32960E-08, 1.33063E-02
224, 7.93244E-06, 1.49279E-05, 6.90672E-06, 8.75386E-05, 9.12784E-08, 6.82905E-08, 5.57675E-08, 1.10343E-02
225, 1.45296E-05, 9.43538E-06, 9.00852E-06, 1.72630E-04, 6.39390E-08, 5.52847E-08, 4.73105E-08, 3.25570E-02
226, 1.87729E-05, 1.25679E-05, 1.72026E-05, 2.05685E-04, 1.04774E-07, 7.97618E-08, 6.88191E-08, 4.11945E-02
227, 1.34551E-05, 1.77802E-05, 1.15757E-05, 8.85367E-05, 9.24919E-08, 7.62903E-08, 6.17260E-08, 3.62160E-02
228, 6.75296E-06, 7.78354E-06, 7.26237E-06, 9.83347E-05, 8.57314E-08, 6.20200E-08, 5.23793E-08, 1.23717E-02
229, 7.53981E-06, 1.26070E-05, 7.35382E-06, 8.43379E-05, 9.13651E-08, 6.70303E-08, 5.49317E-08, 1.00907E-02
230, 1.29641E-05, 8.45471E-06, 8.76326E-06, 1.54007E-04, 6.40419E-08, 5.48010E-08, 4.64759E-08, 2.84273E-02
231, 1.76559E-05, 1.29860E-05, 1.63245E-05, 1.94845E-04, 1.04818E-07, 7.87018E-08, 6.75002E-08, 3.83529E-02
232, 1.39304E-05, 1.68054E-05, 1.08459E-05, 7.46869E-05, 9.24858E-08, 7.50439E-08, 6.07109E-08, 3.61414E-02
233, 6.73973E-06, 7.14055E-06, 6.76960E-06, 9.12302E-05, 8.59058E-08, 6.10164E-08, 5.15997E-08, 1.11160E-02
234, 6.60124E-06, 1.12793E-05, 6.49843E-06, 7.07055E-05, 9.14680E-08, 6.57855E-08, 5.40246E-08, 8.44424E-03
235, 1.16804E-05, 7.53511E-06, 8.21168E-06, 1.40684E-04, 6.41148E-08, 5.41595E-08, 4.59099E-08, 2.75040E-02
236, 1.68679E-05, 1.24804E-05, 1.47309E-05, 1.72438E-04, 1.04492E-07, 7.75212E-08, 6.63640E-08, 3.65549E-02
237, 1.30875E-05, 1.50894E-05, 1.09900E-05, 7.05452E-05, 9.23844E-08, 7.39909E-08, 5.96586E-08, 3.33912E-02
238, 5.70185E-06, 6.48991E-06, 6.31193E-06, 8.62247E-05, 8.60133E-08, 6.02267E-08, 5.08747E-08, 1.10164E-02
239, 6.45200E-06, 1.02810E-05, 5.75042E-06, 7.13737E-05, 9.15263E-08, 6.45774E-08, 5.32251E-08, 8.29604E-03
240, 1.09737E-05, 6.26385E-06, 7.17033E-06, 1.28467E-04, 6.41680E-08, 5.37043E-08, 4.54782E-08, 2.40834E-02
241, 1.61273E-05, 1.10265E-05, 1.48302E-05, 1.68806E-04, 1.04823E-07, 7.62835E-08, 6.49491E-08, 3.44710E-02
242, 1.14694E-05, 1.51001E-05, 9.45287E-06, 6.33748E-05, 9.23394E-08, 7.30345E-08, 5.86395E-08, 2.99708E-02
243, 5.12208E-06, 5.68287E-06, 6.54922E-06, 7.32713E-05, 8.61468E-08, 5.92509E-08, 5.01770E-08, 9.61019E-03
244, 6.14254E-06, 8.41648E-06, 5.52230E-06, 6.35364E-05, 9.15763E-08, 6.34790E-08, 5.24948E-08, 7.29822E-03
245, 9.28665E-06, 6.28179E-06, 7.03418E-06, 1.10417E-04, 6.43246E-08, 5.31223E-08, 4.49167E-08, 2.19725E-02
246, 1.44574E-05, 1.03107E-05, 1.33172E-05, 1.53588E-04, 1.04779E-07, 7.50903E-08, 6.38403E-08, 3.11632E-02
247, 1.13770E-05, 1.33208E-05, 9.09561E-06, 5.14522E-05, 9.23923E-08, 7.17171E-08, 5.77008E-08, 2.89110E-02
248, 4.57709E-06, 4.68746E-06, 5.32213E-06, 6.95609E-05, 8.61314E-08, 5.83702E-08, 4.93444E-08, 9.09812E-03
249, 5.94715E-06, 7.65745E-06, 4.29094E-06, 5.55626E-05, 9.16682E-08, 6.23392E-08, 5.17257E-08, 6.35428E-03
250, 8.49712E-06, 5.90451E-06, 6.04687E-06, 1.02367E-04, 6.44048E-08, 5.24533E-08, 4.44953E-08, 1.97411E-02
251, 1.33037E-05, 9.67442E-06, 1.25940E-05, 1.34942E-04, 1.04521E-07, 7.37834E-08, 6.27511E-08, 2.98621E-02
252, 1.00022E-05, 1.18414E-05, 8.41847E-06, 4.87442E-05, 9.25759E-08, 7.05280E-08, 5.67709E-08, 2.53289E-02
253, 4.12877E-06, 5.07754E-06, 5.44157E-06, 6.15504E-05, 8.62349E-08, 5.76221E-08, 4.87428E-08, 8.40260E-03
254, 5.33729E-06, 6.66988E-06, 4.36489E-06, 5.19600E-05, 9.17500E-08, 6.13627E-08, 5.10557E-08, 5.89159E-03
255, 7.42553E-06, 5.10607E-06, 5.79737E-06, 8.58286E-05, 6.43942E-08, 5.17804E-08, 4.40242E-08, 1.69001E-02
256, 1.23367E-05, 9.14037E-06, 1.17857E-05, 1.26156E-04, 1.04164E-07, 7.24078E-08, 6.16198E-08, 2.65447E-02
257, 9.22638E-06, 1.10864E-05, 7.47324E-06, 3.90105E-05, 9.27591E-08, 6.91913E-08, 5.57997E-08, 2.37000E-02
258, 4.16476E-06, 4.39606E-06, 5.12256E-06, 5.30868E-05, 8.62033E-08, 5.67348E-08, 4.80505E-08, 7.15961E-03
259, 4.71138E-06, 5.48765E-06, 3.38930E-06, 4.27714E-05, 9.17588E-08, 6.04182E-08, 5.04134E-08, 4.69248E-03
260, 6.19661E-06, 4.84299E-06, 5.02762E-06, 7.92597E-05, 6.42543E-08, 5.10493E-08, 4.34966E-08, 1.54793E-02
261, 1.08995E-05, 8.13005E-06, 1.02149E-05, 1.06170E-04, 1.03590E-07, 7.11186E-08, 6.05184E-08, 2.49028E-02
262, 8.42084E-06, 9.24222E-06, 6.87669E-06, 3.50891E-05, 9.31203E-08, 6.78849E-08, 5.49598E-08, 2.12075E-02
263, 3.80674E-06, 3.85168E-06, 3.92099E-06, 4.84651E-05, 8.62158E-08, 5.60168E-08, 4.73031E-08, 6.94016E-03
264, 4.35560E-06, 4.97895E-06, 3.33813E-06, 3.99489E-05, 9.17511E-08, 5.95784E-08, 4.97710E-08, 4.50886E-03
265, 5.59280E-06, 4.28172E-06, 4.65554E-06, 6.75968E-05, 6.41107E-08, 5.03132E-08, 4.29136E-08, 1.26801E-02
266, 1.10275E-05, 7.43714E-06, 9.90189E-06, 9.72215E-05, 1.02938E-07, 6.96932E-08, 5.92695E-08, 2.23778E-02
267, 7.19719E-06, 8.46325E-06, 5.81218E-06, 2.82878E-05, 9.32608E-08, 6.64142E-08, 5.41240E-08, 1.86066E-02
268, 3.69427E-06, 3.74618E-06, 4.26065E-06, 3.91487E-05, 8.62704E-08, 5.52982E-08, 4.67402E-08, 5.86158E-03
269, 3.84845E-06, 3.92930E-06, 2.74757E-06, 3.39722E-05, 9.17404E-08, 5.88165E-08, 4.92047E-08, 3.55036E-03
270, 4.67440E-06, 4.10645E-06, 3.96516E-06, 6.05184E-05, 6.40519E-08, 4.96209E-08, 4.23247E-08, 1.19089E-02
271, 1.00363E-05, 6.92884E-06, 8.09496E-06, 8.28699E-05, 1.01998E-07, 6.82878E-08, 5.83125E-08, 2.00881E-02
272, 6.75436E-06, 7.45894E-06, 5.52290E-06, 2.41397E-05, 9.32875E-08, 6.51946E-08, 5.34168E-08, 1.68799E-02
273, 3.36909E-06, 2.84888E-06, 3.18758E-06, 3.65069E-05, 8.63220E-08, 5.45937E-08, 4.62114E-08, 5.51226E-03
274, 3.64332E-06, 3.59112E-06, 2.73817E-06, 2.95284E-05, 9.16316E-08, 5.81371E-08, 4.87685E-08, 3.32168E-03
275, 4.12977E-06, 3.69138E-06, 3.64850E-06, 5.30634E-05, 6.39982E-08, 4.89396E-08, 4.16479E-08, 1.07000E-02
276, 9.30808E-06, 5.93219E-06, 8.01063E-06, 7.36975E-05, 1.01316E-07, 6.71483E-08, 5.71104E-08, 1.87374E-02
277, 5.62098E-06, 6.16542E-06, 4.76121E-06, 1.94159E-05, 9.32579E-08, 6.39634E-08, 5.27756E-08, 1.40821E-02
278, 3.17149E-06, 3.03334E-06, 3.23476E-06, 2.90195E-05, 8.65464E-08, 5.39524E-08, 4.57124E-08, 4.73918E-03
279, 3.29449E-06, 3.41970E-06, 2.48048E-06, 2.55678E-05, 9.15250E-08, 5.74661E-08, 4.83236E-08, 2.58637E-03
280, 3.79796E-06, 3.15327E-06, 2.97603E-06, 4.63443E-05, 6.41844E-08, 4.83370E-08, 4.10754E-08, 1.02116E-02
281, 8.63326E-06, 5.61158E-06, 6.52093E-06, 6.72991E-05, 1.00828E-07, 6.60611E-08, 5.61906E-08, 1.81763E-02
282, 5.30606E-06, 5.69080E-06, 4.30492E-06, 1.85355E-05, 9.30961E-08, 6.26872E-08, 5.21725E-08, 1.29591E-02
283, 3.15907E-06, 2.98647E-06, 2.65325E-06, 2.66848E-05, 8.67039E-08, 5.33002E-08, 4.53460E-08, 4.25780E-03
284, 3.15648E-06, 3.21207E-06, 2.34711E-06, 2.13593E-05, 9.13811E-08, 5.68417E-08, 4.79428E-08, 2.38045E-03
285, 3.64038E-06, 2.92124E-06, 2.77585E-06, 4.20368E-05, 6.45438E-08, 4.78369E-08, 4.05251E-08, 9.10615E-03
286, 7.61465E-06, 5.00210E-06, 6.29208E-06, 6.08605E-05, 1.00708E-07, 6.51167E-08, 5.51885E-08, 1.64695E-02
287, 4.56157E-06, 4.46962E-06, 3.76955E-06, 1.59291E-05, 9.27537E-08, 6.16868E-08, 5.15943E-08, 1.10765E-02
288, 3.03635E-06, 2.77271E-06, 2.32602E-06, 2.11509E-05, 8.67188E-08, 5.27705E-08, 4.49598E-08, 3.66763E-03
289, 3.08007E-06, 3.01201E-06, 2.21546E-06, 1.85287E-05, 9.12313E-08, 5.62496E-08, 4.76243E-08, 1.83397E-03
290, 3.41753E-06, 2.56789E-06, 2.19120E-06, 3.94178E-05, 6.48972E-08, 4.72603E-08, 4.00084E-08, 8.66161E-03
291, 7.15694E-06, 4.43311E-06, 5.03621E-06, 5.57978E-05, 1.00660E-07, 6.42642E-08, 5.43321E-08, 1.60009E-02
292, 4.19508E-06, 4.21211E-06, 3.19991E-06, 1.36621E-05, 9.22743E-08, 6.07465E-08, 5.11421E-08, 1.07982E-02
293, 3.14709E-06, 2.83451E-06, 2.02907E-06, 1.92007E-05, 8.68815E-08, 5.21751E-08, 4.47002E-08, 3.22888E-03
294, 2.87451E-06, 3.17806E-06, 1.94763E-06, 1.53419E-05, 9.12956E-08, 5.56064E-08, 4.73442E-08, 1.68636E-03
295, 3.25477E-06, 2.29222E-06, 2.04742E-06, 3.84441E-05, 6.52966E-08, 4.67047E-08, 3.97893E-08, 7.98566E-03
296, 7.00614E-06, 4.06220E-06, 4.82388E-06, 4.98029E-05, 1.00584E-07, 6.34121E-08, 5.37228E-08, 1.42827E-02
297, 3.98139E-06, 3.33126E-06, 2.91330E-06, 1.29896E-05, 9.17183E-08, 5.99061E-08, 5.08193E-08, 9.41691E-03
298, 2.95048E-06, 2.86995E-06, 1.65743E-06, 1.52876E-05, 8.69876E-08, 5.16578E-08, 4.44755E-08, 2.81607E-03
299, 2.88406E-06, 3.06972E-06, 1.81862E-06, 1.31688E-05, 9.13887E-08, 5.51015E-08, 4.70929E-08, 1.42600E-03
300, 2.97782E-06, 2.07626E-06, 1.67758E-06, 3.81849E-05, 6.54488E-08, 4.60745E-08, 3.96162E-08, 7.94200E-03
301, 6.31095E-06, 3.50030E-06, 3.81471E-06, 4.55290E-05, 1.00384E-07, 6.25763E-08, 5.33322E-08, 1.38293E-02
302, 3.81735E-06, 3.09980E-06, 2.36686E-06, 1.05618E-05, 9.12289E-08, 5.90749E-08, 5.04995E-08, 9.12001E-03
303, 2.72480E-06, 2.71442E-06, 1.58867E-06, 1.38824E-05, 8.69589E-08, 5.11626E-08, 4.42285E-08, 2.66953E-03
304, 2.86253E-06, 2.71727E-06, 1.74241E-06, 1.10214E-05, 9.14863E-08, 5.45488E-08, 4.68339E-08, 1.45794E-03
305, 2.99155E-06, 1.90304E-06, 1.48558E-06, 3.69642E-05, 6.54766E-08, 4.54024E-08, 3.93685E-08, 7.82595E-03
306, 6.09147E-06, 3.58087E-06, 3.65337E-06, 4.06615E-05, 1.00053E-07, 6.17199E-08, 5.28213E-08, 1.36914E-02
307, 3.21044E-06, 2.89343E-06, 2.20273E-06, 9.25366E-06, 9.11107E-08, 5.82948E-08, 5.02322E-08, 8.87420E-03
308, 2.73942E-06, 2.52914E-06, 1.60162E-06, 1.12219E-05, 8.68381E-08, 5.06309E-08, 4.40245E-08, 2.49912E-03
309, 2.70873E-06, 2.84757E-06, 1.70625E-06, 9.41745E-06, 9.18515E-08, 5.40083E-08, 4.65792E-08, 1.76033E-03
310, 2.67471E-06, 1.85818E-06, 1.31741E-06, 3.60930E-05, 6.53477E-08, 4.47828E-08, 3.92089E-08, 7.47877E-03
311, 5.71589E-06, 3.61262E-06, 2.94238E-06, 3.85673E-05, 9.94625E-08, 6.09369E-08, 5.24695E-08, 1.35426E-02
312, 2.90405E-06, 2.67364E-06, 2.09823E-06, 9.31395E-06, 9.12247E-08, 5.74063E-08, 4.98760E-08, 8.75830E-03
313, 2.55273E-06, 2.65090E-06, 1.40207E-06, 1.23186E-05, 8.68502E-08, 5.00355E-08, 4.38671E-08, 2.19743E-03
314, 2.69765E-06, 2.84410E-06, 1.76419E-06, 8.03726E-06, 9.22702E-08, 5.35128E-08, 4.63893E-08, 1.91383E-03
315, 2.28276E-06, 1.78308E-06, 1.38037E-06, 3.65310E-05, 6.52428E-08, 4.43399E-08, 3.90330E-08, 7.56090E-03
316, 4.94980E-06, 3.50904E-06, 2.80579E-06, 3.80036E-05, 9.86604E-08, 6.01956E-08, 5.21242E-08, 1.36185E-02
317, 2.94871E-06, 2.76250E-06, 2.07912E-06, 8.99824E-06, 9.13557E-08, 5.66611E-08, 4.96130E-08, 8.91798E-03
318, 2.35022E-06, 2.56440E-06, 1.55278E-06, 1.44127E-05, 8.67688E-08, 4.94753E-08, 4.37333E-08, 2.24579E-03
319, 2.69965E-06, 2.61905E-06, 1.93306E-06, 7.24802E-06, 9.23419E-08, 5.29903E-08, 4.62430E-08, 1.63906E-03
320, 2.87765E-06, 1.86022E-06, 1.39703E-06, 3.51027E-05, 6.51234E-08, 4.38989E-08, 3.88964E-08, 7.37587E-03
321, 5.23023E-06, 3.63487E-06, 2.31255E-06, 3.66503E-05, 9.81955E-08, 5.95442E-08, 5.18667E-08, 1.37005E-02
322, 2.94353E-06, 2.61987E-06, 2.12620E-06, 9.03424E-06, 9.15132E-08, 5.58468E-08, 4.91767E-08, 8.64835E-03
323, 2.30906E-06, 2.28485E-06, 1.54422E-06, 1.43623E-05, 8.68013E-08, 4.89465E-08, 4.35862E-08, 2.32688E-03
324, 2.53965E-06, 2.44416E-06, 1.88048E-06, 9.67972E-06, 9.23939E-08, 5.24533E-08, 4.60807E-08, 1.31442E-03
325, 3.52085E-06, 1.83322E-06, 1.53946E-06, 3.63358E-05, 6.50462E-08, 4.34499E-08, 3.88435E-08, 8.80500E-03
326, 5.88325E-06, 3.49232E-06, 2.52416E-06, 3.59107E-05, 9.77966E-08, 5.89248E-08, 5.16721E-08, 1.30334E-02
327, 3.01952E-06, 2.46109E-06, 2.12852E-06, 9.62666E-06, 9.14356E-08, 5.51572E-08, 4.87035E-08, 8.93897E-03
328, 2.33217E-06, 2.33883E-06, 1.59228E-06, 1.11880E-05, 8.68941E-08, 4.84083E-08, 4.34642E-08, 2.74446E-03
329, 2.65887E-06, 2.53241E-06, 1.95576E-06, 1.17343E-05, 9.24505E-08, 5.19576E-08, 4.60185E-08, 1.35510E-03
330, 3.46632E-06, 1.77259E-06, 1.91667E-06, 3.85013E-05, 6.48932E-08, 4.30648E-08, 3.88091E-08, 9.65934E-03
331, 6.10210E-06, 3.55459E-06, 2.97258E-06, 3.32867E-05, 9.73777E-08, 5.83481E-08, 5.15553E-08, 1.28879E-02
332, 2.87519E-06, 2.39276E-06, 2.09983E-06, 1.05149E-05, 9.13447E-08, 5.47182E-08, 4.84456E-08, 8.56426E-03
333, 2.44265E-06, 2.32526E-06, 1.76661E-06, 1.15175E-05, 8.69436E-08, 4.79132E-08, 4.33686E-08, 2.65488E-03
334, 2.66691E-06, 2.42779E-06, 2.15015E-06, 1.10849E-05, 9.27256E-08, 5.15235E-08, 4.59942E-08, 1.37838E-03
335, 3.18454E-06, 1.78616E-06, 2.02721E-06, 3.56206E-05, 6.47188E-08, 4.25503E-08, 3.87743E-08, 9.07909E-03
336, 6.57034E-06, 3.52625E-06, 3.39641E-06, 3.44031E-05, 9.71543E-08, 5.78623E-08, 5.14852E-08, 1.40046E-02
337, 3.33106E-06, 2.42908E-06, 2.14485E-06, 1.15261E-05, 9.10432E-08, 5.42108E-08, 4.83156E-08, 9.05694E-03
338, 2.31616E-06, 2.14187E-06, 1.74715E-06, 1.16037E-05, 8.70567E-08, 4.73742E-08, 4.32523E-08, 2.46739E-03
339, 3.45130E-06, 2.14897E-06, 2.12118E-06, 7.69789E-06, 9.29010E-08, 5.10075E-08, 4.58567E-08, 1.90431E-03
340, 2.98994E-06, 1.79044E-06, 1.79099E-06, 2.96741E-05, 6.45188E-08, 4.19873E-08, 3.86932E-08, 7.48132E-03
341, 6.69975E-06, 3.36888E-06, 3.39836E-06, 3.80697E-05, 9.70715E-08, 5.73346E-08, 5.14556E-08, 1.35120E-02
342, 3.12496E-06, 2.58917E-06, 2.01280E-06, 1.17883E-05, 9.06771E-08, 5.37191E-08, 4.82424E-08, 1.00339E-02
343, 2.15510E-06, 1.94798E-06, 1.71271E-06, 1.21603E-05, 8.69164E-08, 4.68686E-08, 4.31247E-08, 2.58346E-03
344, 3.42573E-06, 2.13445E-06, 2.09805E-06, 7.37503E-06, 9.28618E-08, 5.05215E-08, 4.58098E-08, 2.13327E-03
345, 3.04886E-06, 1.82905E-06, 1.44058E-06, 2.91907E-05, 6.42581E-08, 4.14328E-08, 3.86318E-08, 7.50036E-03
346, 6.23144E-06, 3.46101E-06, 2.86717E-06, 3.70336E-05, 9.72032E-08, 5.67698E-08, 5.14880E-08, 1.18111E-02
347, 2.84329E-06, 2.50677E-06, 2.11728E-06, 9.61795E-06, 9.01450E-08, 5.32047E-08, 4.82908E-08, 9.53985E-03
348, 2.27874E-06, 1.99884E-06, 1.96523E-06, 1.37630E-05, 8.65932E-08, 4.63391E-08, 4.30554E-08, 2.65776E-03
349, 3.25891E-06, 2.13038E-06, 2.38082E-06, 7.59105E-06, 9.28267E-08, 4.99713E-08, 4.58046E-08, 1.79217E-03
350, 3.13676E-06, 1.77982E-06, 1.45989E-06, 3.32991E-05, 6.41331E-08, 4.08771E-08, 3.85468E-08, 8.39088E-03
351, 5.93808E-06, 3.29172E-06, 2.63937E-06, 3.15010E-05, 9.70467E-08, 5.62642E-08, 5.15095E-08, 1.19848E-02
352, 2.85344E-06, 2.56357E-06, 2.02576E-06, 9.16648E-06, 8.94276E-08, 5.26035E-08, 4.82330E-08, 8.19484E-03
353, 2.46730E-06, 1.90890E-06, 1.98606E-06, 1.39001E-05, 8.65033E-08, 4.58082E-08, 4.29640E-08, 2.66301E-03
354, 3.47974E-06, 1.97464E-06, 2.41295E-06, 8.76031E-06, 9.28810E-08, 4.93794E-08, 4.57316E-08, 1.76042E-03
355, 3.19362E-06, 1.84281E-06, 1.49133E-06, 3.74537E-05, 6.40903E-08, 4.04046E-08, 3.85111E-08, 9.69465E-03
356, 6.31880E-06, 3.29173E-06, 2.58670E-06, 3.11113E-05, 9.68605E-08, 5.56411E-08, 5.15903E-08, 1.39494E-02
357, 2.61391E-06, 2.70174E-06, 2.03266E-06, 9.33025E-06, 8.89683E-08, 5.20565E-08, 4.81085E-08, 8.19441E-03
358, 2.61996E-06, 1.69630E-06, 1.88705E-06, 1.28538E-05, 8.63843E-08, 4.53250E-08, 4.28653E-08, 2.66908E-03
359, 3.61406E-06, 1.93819E-06, 2.28648E-06, 9.79862E-06, 9.28131E-08, 4.89057E-08, 4.57446E-08, 1.87309E-03
360, 3.28884E-06, 1.95480E-06, 1.34733E-06, 4.44815E-05, 6.38745E-08, 3.99047E-08, 3.84359E-08, 1.14185E-02
361, 6.67794E-06, 3.26449E-06, 2.81383E-06, 3.51512E-05, 9.66215E-08, 5.49919E-08, 5.17208E-08, 1.58240E-02
362, 2.72265E-06, 2.71526E-06, 2.02906E-06, 9.26832E-06, 8.86815E-08, 5.15511E-08, 4.79186E-08, 8.30974E-03
363, 2.71216E-06, 1.61724E-06, 2.10069E-06, 1.31189E-05, 8.60729E-08, 4.47973E-08, 4.28126E-08, 2.74199E-03
364, 3.86933E-06, 1.77137E-06, 2.52909E-06, 9.46257E-06, 9.27811E-08, 4.82907E-08, 4.58310E-08, 1.99518E-03
365, 3.36004E-06, 1.88842E-06, 1.47442E-06, 4.76666E-05, 6.37461E-08, 3.94217E-08, 3.83375E-08, 1.21255E-02
366, 6.93309E-06, 3.02484E-06, 3.07105E-06, 3.96127E-05, 9.65899E-08, 5.44456E-08, 5.17385E-08, 1.87164E-02
367, 3.24524E-06, 2.69816E-06, 1.87976E-06, 9.18764E-06, 8.86688E-08, 5.09608E-08, 4.76588E-08, 9.53412E-03
368, 2.77932E-06, 1.59762E-06, 2.24991E-06, 1.36446E-05, 8.59058E-08, 4.42525E-08, 4.27131E-08, 2.67272E-03
369, 4.07373E-06, 1.80738E-06, 2.67832E-06, 8.47295E-06, 9.29375E-08, 4.77622E-08, 4.58582E-08, 2.15030E-03
370, 3.35997E-06, 1.97444E-06, 1.42002E-06, 4.84365E-05, 6.35143E-08, 3.89854E-08, 3.82329E-08, 1.22695E-02
371, 7.03502E-06, 3.13065E-06, 3.05494E-06, 4.60799E-05, 9.66902E-08, 5.37423E-08, 5.18277E-08, 2.01327E-02
372, 3.09157E-06, 2.91463E-06, 1.98071E-06, 9.37154E-06, 8.86777E-08, 5.04386E-08, 4.74227E-08, 1.14410E-02
373, 2.84487E-06, 1.49949E-06, 2.23793E-06, 1.41449E-05, 8.57669E-08, 4.38482E-08, 4.26192E-08, 2.60774E-03
374, 4.20062E-06, 1.81407E-06, 2.66590E-06, 8.54338E-06, 9.28953E-08, 4.72684E-08, 4.58444E-08, 2.26849E-03
375, 3.27624E-06, 2.05521E-06, 1.36458E-06, 4.57411E-05, 6.32289E-08, 3.86024E-08, 3.80799E-08, 1.13766E-02
376, 7.28921E-06, 3.01106E-06, 3.15145E-06, 4.88020E-05, 9.69989E-08, 5.29734E-08, 5.20467E-08, 2.05131E-02
377, 2.54765E-06, 2.95156E-06, 1.98169E-06, 8.92398E-06, 8.88827E-08, 4.99236E-08, 4.72007E-08, 1.23252E-02
378, 2.95610E-06, 1.32147E-06, 2.21522E-06, 1.47000E-05, 8.55666E-08, 4.34586E-08, 4.25432E-08, 2.57516E-03
379, 4.31904E-06, 1.96959E-06, 2.57782E-06, 9.05520E-06, 9.26745E-08, 4.67157E-08, 4.58736E-08, 2.45700E-03
380, 3.23097E-06, 2.01614E-06, 1.49121E-06, 3.98957E-05, 6.29863E-08, 3.82159E-08, 3.79408E-08, 1.02601E-02
381, 7.38629E-06, 2.89501E-06, 3.43621E-06, 4.88966E-05, 9.72693E-08, 5.24643E-08, 5.21030E-08, 1.95873E-02
382, 2.61786E-06, 2.91634E-06, 1.94570E-06, 8.65713E-06, 8.86912E-08, 4.94603E-08, 4.69985E-08, 1.23917E-02
383, 3.00743E-06, 1.33244E-06, 2.43504E-06, 1.53654E-05, 8.53447E-08, 4.30654E-08, 4.24290E-08, 2.34204E-03
384, 4.45079E-06, 2.08234E-06, 2.87581E-06, 9.51220E-06, 9.24214E-08, 4.62886E-08, 4.58548E-08, 2.58685E-03
385, 3.18121E-06, 2.01082E-06, 1.54639E-06, 3.79912E-05, 6.27354E-08, 3.78124E-08, 3.78902E-08, 1.04831E-02
386, 7.29803E-06, 2.92274E-06, 3.56925E-06, 4.58182E-05, 9.73050E-08, 5.18993E-08, 5.21402E-08, 1.73256E-02
387, 2.64208E-06, 3.09934E-06, 2.11316E-06, 8.44682E-06, 8.84885E-08, 4.89729E-08, 4.68252E-08, 1.17075E-02
388, 2.97417E-06, 1.37722E-06, 2.51994E-06, 1.57476E-05, 8.51618E-08, 4.27491E-08, 4.23676E-08, 2.60345E-03
389, 4.48889E-06, 2.12102E-06, 2.99007E-06, 9.96021E-06, 9.21544E-08, 4.59193E-08, 4.58209E-08, 2.62528E-03
390, 3.30685E-06, 2.14418E-06, 1.67131E-06, 3.86254E-05, 6.25065E-08, 3.74059E-08, 3.78774E-08, 1.07990E-02
391, 7.18441E-06, 2.74155E-06, 3.53867E-06, 3.94915E-05, 9.72797E-08, 5.12458E-08, 5.22914E-08, 1.61080E-02
392, 2.41753E-06, 3.19138E-06, 2.18935E-06, 8.73572E-06, 8.81905E-08, 4.84724E-08, 4.67727E-08, 1.01079E-02
393, 2.93683E-06, 1.73712E-06, 2.53667E-06, 1.66007E-05, 8.47962E-08, 4.24381E-08, 4.23422E-08, 3.14662E-03
394, 4.40792E-06, 2.23139E-06, 3.01423E-06, 1.05527E-05, 9.17767E-08, 4.55101E-08, 4.58116E-08, 2.68084E-03
395, 3.48770E-06, 2.14152E-06, 1.74009E-06, 3.95884E-05, 6.21993E-08, 3.69557E-08, 3.78270E-08, 1.12927E-02
396, 7.12996E-06, 2.72410E-06, 3.78476E-06, 3.76214E-05, 9.71825E-08, 5.08456E-08, 5.23972E-08, 1.64182E-02
397, 2.45820E-06, 3.20716E-06, 2.21384E-06, 8.73244E-06, 8.78830E-08, 4.79420E-08, 4.67069E-08, 9.77940E-03
398, 2.93268E-06, 2.02795E-06, 2.51501E-06, 1.69134E-05, 8.44464E-08, 4.21215E-08, 4.22802E-08, 3.71607E-03
399, 4.36683E-06, 2.34236E-06, 2.99866E-06, 1.09329E-05, 9.13557E-08, 4.51093E-08, 4.57601E-08, 2.74518E-03
400, 3.66476E-06, 2.08421E-06, 1.72822E-06, 4.15090E-05, 6.19559E-08, 3.66057E-08, 3.77501E-08, 1.18364E-02
401, 6.89801E-06, 3.35145E-06, 4.04860E-06, 3.78361E-05, 9.68843E-08, 5.04585E-08, 5.25543E-08, 1.79366E-02
402, 2.48641E-06, 3.34207E-06, 2.25871E-06, 8.92094E-06, 8.75376E-08, 4.74795E-08, 4.67466E-08, 9.99579E-03
403, 2.84286E-06, 2.08762E-06, 2.70250E-06, 1.65983E-05, 8.39492E-08, 4.18135E-08, 4.22667E-08, 4.38275E-03
404, 4.32578E-06, 2.45516E-06, 3.13023E-06, 1.15697E-05, 9.07724E-08, 4.46869E-08, 4.57025E-08, 2.70908E-03
405, 3.82066E-06, 2.17493E-06, 1.81460E-06, 4.62659E-05, 6.16258E-08, 3.62882E-08, 3.77478E-08, 1.21707E-02
406, 6.51655E-06, 4.04822E-06, 4.14954E-06, 4.16419E-05, 9.65380E-08, 5.01056E-08, 5.27379E-08, 2.05849E-02
407, 2.49386E-06, 3.48969E-06, 2.31931E-06, 9.28397E-06, 8.71077E-08, 4.70665E-08, 4.67094E-08, 1.17771E-02
408, 2.68799E-06, 2.04850E-06, 2.82570E-06, 1.65961E-05, 8.35473E-08, 4.15963E-08, 4.22360E-08, 5.10199E-03
409, 4.15893E-06, 2.56768E-06, 3.27982E-06, 1.17875E-05, 9.02328E-08, 4.43901E-08, 4.56506E-08, 2.59208E-03
410, 3.93094E-06, 2.21795E-06, 1.81194E-06, 5.16798E-05, 6.13620E-08, 3.59376E-08, 3.77459E-08, 1.28726E-02
411, 6.35867E-06, 4.55512E-06, 4.19482E-06, 4.48751E-05, 9.62895E-08, 4.98944E-08, 5.29743E-08, 2.27694E-02
412, 2.47291E-06, 3.50845E-06, 2.46456E-06, 1.21713E-05, 8.66256E-08, 4.67350E-08, 4.66939E-08, 1.35779E-02
413, 2.66038E-06, 2.01188E-06, 2.89853E-06, 1.64245E-05, 8.31821E-08, 4.13614E-08, 4.22378E-08, 5.64668E-03
414, 3.93238E-06, 2.61609E-06, 3.37333E-06, 1.15628E-05, 8.97648E-08, 4.41431E-08, 4.55393E-08, 2.75490E-03
415, 3.97559E-06, 2.21615E-06, 1.75095E-06, 5.39204E-05, 6.11454E-08, 3.56133E-08, 3.76868E-08, 1.39739E-02
416, 6.10541E-06, 4.66238E-06, 4.32576E-06, 4.79777E-05, 9.57201E-08, 4.96466E-08, 5.31520E-08, 2.46059E-02
417, 2.49546E-06, 3.50040E-06, 2.58940E-06, 1.61180E-05, 8.61076E-08, 4.65065E-08, 4.66187E-08, 1.48654E-02
418, 2.56027E-06, 2.08216E-06, 2.91303E-06, 1.56137E-05, 8.27291E-08, 4.11311E-08, 4.21669E-08, 5.61766E-03
419, 3.85126E-06, 2.76214E-06, 3.41415E-06, 1.18829E-05, 8.93608E-08, 4.40501E-08, 4.53727E-08, 2.87380E-03
420, 3.93206E-06, 2.20345E-06, 1.78031E-06, 5.58572E-05, 6.09447E-08, 3.52237E-08, 3.76950E-08, 1.47990E-02
421, 6.17706E-06, 4.49963E-06, 4.58188E-06, 4.90311E-05, 9.52221E-08, 4.93872E-08, 5.33579E-08, 2.54872E-02
422, 2.48473E-06, 3.64976E-06, 2.78294E-06, 1.90951E-05, 8.56344E-08, 4.63062E-08, 4.64266E-08, 1.58988E-02
423, 2.50635E-06, 1.97295E-06, 2.88883E-06, 1.51180E-05, 8.24203E-08, 4.09081E-08, 4.21217E-08, 5.40640E-03
424, 3.66266E-06, 2.84530E-06, 3.34666E-06, 1.17520E-05, 8.90822E-08, 4.39806E-08, 4.52738E-08, 2.90105E-03
425, 3.86254E-06, 2.15967E-06, 1.74945E-06, 5.40973E-05, 6.08172E-08, 3.47513E-08, 3.77387E-08, 1.50208E-02
426, 6.40983E-06, 4.41468E-06, 4.78799E-06, 5.09092E-05, 9.50089E-08, 4.90349E-08, 5.35230E-08, 2.61336E-02
427, 2.49203E-06, 3.83210E-06, 2.86311E-06, 2.01578E-05, 8.52538E-08, 4.60513E-08, 4.63738E-08, 1.66162E-02
428, 2.64097E-06, 2.08584E-06, 3.04741E-06, 1.54012E-05, 8.22201E-08, 4.07250E-08, 4.20990E-08, 5.38314E-03
429, 3.39950E-06, 2.98194E-06, 3.51566E-06, 1.10455E-05, 8.90737E-08, 4.39212E-08, 4.53061E-08, 2.98915E-03
430, 3.88850E-06, 2.19338E-06, 1.85273E-06, 5.53696E-05, 6.08230E-08, 3.43561E-08, 3.77471E-08, 1.55268E-02
431, 6.50379E-06, 4.28023E-06, 4.97914E-06, 4.99822E-05, 9.46733E-08, 4.84849E-08, 5.36907E-08, 2.65735E-02
432, 2.65269E-06, 3.90444E-06, 2.83505E-06, 2.18471E-05, 8.48642E-08, 4.57632E-08, 4.62509E-08, 1.74682E-02
433, 2.86988E-06, 2.12424E-06, 3.19790E-06, 2.09904E-05, 8.19352E-08, 4.05784E-08, 4.20591E-08, 5.33705E-03
434, 3.60480E-06, 3.15526E-06, 3.65568E-06, 1.07353E-05, 8.88410E-08, 4.38454E-08, 4.52501E-08, 4.38060E-03
435, 4.81750E-06, 2.21724E-06, 2.25961E-06, 5.30227E-05, 6.06631E-08, 3.40570E-08, 3.77794E-08, 1.50985E-02
436, 7.63991E-06, 4.35303E-06, 5.11952E-06, 5.14688E-05, 9.43798E-08, 4.79654E-08, 5.37428E-08, 2.60513E-02
437, 2.61511E-06, 3.84047E-06, 2.87925E-06, 2.21864E-05, 8.45775E-08, 4.54205E-08, 4.60403E-08, 1.74794E-02
438, 4.02319E-06, 2.51583E-06, 3.26082E-06, 2.93467E-05, 8.17228E-08, 4.05205E-08, 4.19739E-08, 5.90139E-03
439, 3.69545E-06, 3.18085E-06, 3.75753E-06, 1.09259E-05, 8.86242E-08, 4.37417E-08, 4.52378E-08, 5.45225E-03
440, 5.41388E-06, 2.98608E-06, 2.50613E-06, 5.22948E-05, 6.05474E-08, 3.38304E-08, 3.78949E-08, 1.54278E-02
441, 9.16192E-06, 4.75885E-06, 5.20020E-06, 4.94519E-05, 9.45515E-08, 4.76111E-08, 5.38795E-08, 2.64880E-02
442, 3.92914E-06, 3.99661E-06, 2.87354E-06, 2.14294E-05, 8.45517E-08, 4.50599E-08, 4.60965E-08, 1.80838E-02
443, 5.06208E-06, 2.92104E-06, 3.20635E-06, 3.33293E-05, 8.13920E-08, 4.04294E-08, 4.19813E-08, 1.01108E-02
444, 3.80670E-06, 3.38883E-06, 3.68579E-06, 1.36808E-05, 8.83922E-08, 4.36735E-08, 4.52021E-08, 5.75887E-03
445, 6.27157E-06, 3.68253E-06, 2.85062E-06, 6.25068E-05, 6.04674E-08, 3.36729E-08, 3.78846E-08, 1.99808E-02
446, 9.51725E-06, 7.11898E-06, 5.42762E-06, 5.00586E-05, 9.42418E-08, 4.74405E-08, 5.39739E-08, 2.53972E-02
447, 5.47748E-06, 4.05447E-06, 3.43531E-06, 2.22014E-05, 8.43598E-08, 4.47232E-08, 4.59856E-08, 1.79823E-02
448, 5.21046E-06, 3.18969E-06, 3.40753E-06, 3.60846E-05, 8.09826E-08, 4.02890E-08, 4.19329E-08, 1.30221E-02
449, 3.92936E-06, 3.51483E-06, 3.94566E-06, 1.78913E-05, 8.79109E-08, 4.35965E-08, 4.50724E-08, 5.83678E-03
450, 6.06998E-06, 3.77419E-06, 2.95871E-06, 7.40297E-05, 6.02391E-08, 3.34777E-08, 3.80050E-08, 2.45712E-02
451, 9.11064E-06, 8.45188E-06, 5.69059E-06, 5.22237E-05, 9.40541E-08, 4.72704E-08, 5.40895E-08, 3.12206E-02
452, 6.32038E-06, 4.24903E-06, 3.95717E-06, 2.97335E-05, 8.42233E-08, 4.45070E-08, 4.57976E-08, 2.19307E-02
453, 5.21025E-06, 3.29026E-06, 3.35039E-06, 3.61652E-05, 8.06078E-08, 4.02569E-08, 4.18586E-08, 1.37209E-02
454, 4.23516E-06, 3.62439E-06, 3.85236E-06, 2.10371E-05, 8.73566E-08, 4.37132E-08, 4.49879E-08, 5.41090E-03
455, 6.51386E-06, 4.14328E-06, 3.17123E-06, 7.63175E-05, 5.99810E-08, 3.32479E-08, 3.81056E-08, 2.63403E-02
456, 8.80205E-06, 8.37422E-06, 6.00758E-06, 6.42805E-05, 9.37682E-08, 4.72235E-08, 5.42797E-08, 3.64935E-02
457, 6.60084E-06, 4.23179E-06, 4.28326E-06, 3.51984E-05, 8.40572E-08, 4.43528E-08, 4.58117E-08, 2.70278E-02
458, 5.13203E-06, 3.30097E-06, 3.47680E-06, 3.42947E-05, 8.00719E-08, 4.00034E-08, 4.17777E-08, 1.38858E-02
459, 4.25479E-06, 3.78722E-06, 3.96100E-06, 2.21233E-05, 8.68649E-08, 4.37237E-08, 4.48520E-08, 5.45898E-03
460, 6.19154E-06, 4.11407E-06, 3.07172E-06, 8.15607E-05, 5.96847E-08, 3.29254E-08, 3.80452E-08, 2.84681E-02
461, 8.95870E-06, 8.63678E-06, 6.04460E-06, 7.29333E-05, 9.33746E-08, 4.71569E-08, 5.45192E-08, 3.81626E-02
462, 6.41837E-06, 4.25827E-06, 4.63758E-06, 3.78461E-05, 8.37618E-08, 4.43348E-08, 4.56888E-08, 3.05189E-02
463, 5.16758E-06, 3.40795E-06, 3.35297E-06, 3.51983E-05, 7.93816E-08, 3.98309E-08, 4.16737E-08, 1.40994E-02
464, 4.39095E-06, 3.85697E-06, 3.85515E-06, 2.26463E-05, 8.62331E-08, 4.37410E-08, 4.47802E-08, 5.24586E-03
465, 6.22482E-06, 4.13934E-06, 3.26846E-06, 7.93018E-05, 5.94548E-08, 3.25594E-08, 3.81731E-08, 2.75144E-02
466, 8.65463E-06, 8.40672E-06, 6.34191E-06, 7.73632E-05, 9.28219E-08, 4.68753E-08, 5.45963E-08, 4.08494E-02
467, 6.95275E-06, 4.32961E-06, 4.78495E-06, 3.67815E-05, 8.32808E-08, 4.42971E-08, 4.55447E-08, 3.18328E-02
468, 5.31539E-06, 3.22412E-06, 3.62875E-06, 3.26686E-05, 7.86964E-08, 3.95338E-08, 4.15385E-08, 1.32727E-02
469, 4.55762E-06, 4.20418E-06, 4.19570E-06, 2.31819E-05, 8.56297E-08, 4.37887E-08, 4.45855E-08, 5.01061E-03
470, 6.01311E-06, 4.21615E-06, 3.66536E-06, 8.13725E-05, 5.91735E-08, 3.21697E-08, 3.80411E-08, 2.94239E-02
471, 8.27199E-06, 8.36815E-06, 6.25178E-06, 8.03782E-05, 9.26832E-08, 4.63471E-08, 5.49109E-08, 4.02771E-02
472, 6.62370E-06, 4.45556E-06, 4.90039E-06, 3.98784E-05, 8.27503E-08, 4.41413E-08, 4.55073E-08, 3.39563E-02
473, 4.97129E-06, 3.38342E-06, 3.45174E-06, 3.33418E-05, 7.81867E-08, 3.94309E-08, 4.14176E-08, 1.40354E-02
474, 4.73907E-06, 4.05665E-06, 4.02497E-06, 2.16339E-05, 8.52507E-08, 4.37798E-08, 4.44652E-08, 5.04415E-03
475, 6.34707E-06, 3.93915E-06, 3.84411E-06, 7.97598E-05, 5.89915E-08, 3.18851E-08, 3.79726E-08, 2.86174E-02
476, 8.07105E-06, 8.33881E-06, 6.62711E-06, 7.74424E-05, 9.24245E-08, 4.59488E-08, 5.49478E-08, 4.15231E-02
477, 6.85430E-06, 4.56887E-06, 4.99982E-06, 3.93710E-05, 8.22837E-08, 4.39645E-08, 4.53520E-08, 3.30427E-02
478, 5.27594E-06, 3.07082E-06, 3.58670E-06, 3.25419E-05, 7.76251E-08, 3.93579E-08, 4.12574E-08, 1.36827E-02
479, 4.76613E-06, 4.53030E-06, 4.23486E-06, 2.29394E-05, 8.47619E-08, 4.37163E-08, 4.42413E-08, 5.37651E-03
480, 6.84467E-06, 4.14511E-06, 4.34427E-06, 7.72256E-05, 5.86344E-08, 3.16370E-08, 3.77622E-08, 2.88437E-02
481, 8.58261E-06, 7.80529E-06, 6.58935E-06, 8.03848E-05, 9.20586E-08, 4.56188E-08, 5.46892E-08, 4.10984E-02
482, 6.81867E-06, 4.36371E-06, 4.88906E-06, 3.96828E-05, 8.18391E-08, 4.37603E-08, 4.51737E-08, 3.46935E-02
483, 4.72214E-06, 3.25094E-06, 3.38479E-06, 3.42182E-05, 7.71311E-08, 3.92649E-08, 4.10077E-08, 1.37451E-02
484, 4.81761E-06, 4.27978E-06, 3.96582E-06, 2.34545E-05, 8.44686E-08, 4.36421E-08, 4.39946E-08, 5.32191E-03
485, 7.46272E-06, 3.86018E-06, 4.41405E-06, 7.67596E-05, 5.82001E-08, 3.14289E-08, 3.76578E-08, 2.84956E-02
486, 7.98870E-06, 7.95572E-06, 6.98713E-06, 7.64595E-05, 9.19159E-08, 4.54621E-08, 5.47883E-08, 4.00292E-02
487, 7.51874E-06, 4.56305E-06, 4.98756E-06, 4.04341E-05, 8.15718E-08, 4.34781E-08, 4.48789E-08, 3.41759E-02
488, 4.94674E-06, 2.93955E-06, 3.60026E-06, 3.54211E-05, 7.67442E-08, 3.92943E-08, 4.08114E-08, 1.37767E-02
489, 4.76012E-06, 4.76366E-06, 4.19460E-06, 2.50442E-05, 8.43330E-08, 4.36509E-08, 4.37778E-08, 5.69173E-03
490, 7.17337E-06, 3.90080E-06, 4.64675E-06, 7.02891E-05, 5.77095E-08, 3.11607E-08, 3.73804E-08, 2.71826E-02
491, 8.13541E-06, 7.18112E-06, 6.85196E-06, 7.66035E-05, 9.18378E-08, 4.53701E-08, 5.45146E-08, 4.00576E-02
492, 8.03737E-06, 4.40895E-06, 5.09583E-06, 3.81407E-05, 8.14646E-08, 4.34285E-08, 4.47083E-08, 3.39074E-02
493, 4.48507E-06, 3.02396E-06, 3.42221E-06, 3.73471E-05, 7.64301E-08, 3.91221E-08, 4.05561E-08, 1.31211E-02
494, 4.99582E-06, 4.55158E-06, 3.91989E-06, 2.59708E-05, 8.41766E-08, 4.35000E-08, 4.34582E-08, 5.94691E-03
495, 7.75999E-06, 3.68097E-06, 4.69252E-06, 7.08519E-05, 5.71984E-08, 3.08601E-08, 3.70392E-08, 2.72714E-02
496, 8.47284E-06, 7.29156E-06, 7.13454E-06, 7.37181E-05, 9.14549E-08, 4.51827E-08, 5.43550E-08, 3.71191E-02
497, 8.78478E-06, 4.72408E-06, 5.15217E-06, 3.98736E-05, 8.12452E-08, 4.33109E-08, 4.42563E-08, 3.39555E-02
498, 4.78695E-06, 3.03284E-06, 3.53570E-06, 3.48081E-05, 7.61671E-08, 3.90097E-08, 4.02065E-08, 1.33860E-02
499, 5.11583E-06, 5.03429E-06, 4.20615E-06, 2.78287E-05, 8.40834E-08, 4.35057E-08, 4.31772E-08, 5.81917E-03
500, 7.56782E-06, 3.49624E-06, 4.63516E-06, 6.22956E-05, 5.68982E-08, 3.05672E-08, 3.67432E-08, 2.45595E-02
