time_step, rel_err_u, rel_err_v, rel_err_w, rel_err_p, rel_err_u_m, rel_err_v_m, rel_err_w_m, rel_err_p_m
0, 0.00000E+00, 0.00000E+00, 0.00000E+00, 0.00000E+00, 0.00000E+00, 0.00000E+00, 0.00000E+00,         NaN
1, 1.46401E-09, 1.89231E-09, 1.30566E-09, 6.24783E-09, 2.43046E-11, 2.37992E-11, 2.30427E-11, 6.48012E-07
2, 8.90692E-10, 8.68545E-10, 8.28900E-10, 5.22181E-09, 1.10023E-11, 1.02614E-11, 7.37869E-12, 1.15741E-06
3, 8.03475E-10, 4.73791E-10, 3.80804E-10, 2.25819E-09, 6.50259E-12, 5.42242E-12, 3.98818E-12, 5.84407E-07
4, 5.75584E-10, 3.76365E-10, 2.71680E-10, 1.21437E-09, 2.84385E-12, 2.28802E-12, 1.88748E-12, 3.34629E-07
5, 5.72267E-10, 2.21926E-10, 2.20834E-10, 8.62785E-10, 2.26867E-12, 1.63187E-12, 1.31897E-12, 2.12583E-07
6, 4.62384E-10, 2.07377E-10, 1.73555E-10, 7.34455E-10, 1.53525E-12, 1.13716E-12, 1.01427E-12, 1.68295E-07
7, 4.58964E-10, 1.79558E-10, 1.56153E-10, 6.58255E-10, 1.36213E-12, 9.78281E-13, 8.61762E-13, 1.45946E-07
8, 4.10832E-10, 1.84788E-10, 1.46317E-10, 6.12614E-10, 1.09236E-12, 8.38712E-13, 7.55912E-13, 1.34698E-07
9, 4.04406E-10, 1.65646E-10, 1.33024E-10, 5.78298E-10, 1.04105E-12, 7.85419E-13, 6.97712E-13, 1.26594E-07
10, 3.72470E-10, 1.67231E-10, 1.29379E-10, 5.50319E-10, 8.91605E-13, 7.15838E-13, 6.38084E-13, 1.20316E-07
11, 3.64393E-10, 1.54770E-10, 1.19703E-10, 5.27603E-10, 8.59228E-13, 6.75747E-13, 6.00722E-13, 1.15227E-07
12, 3.41168E-10, 1.53389E-10, 1.17578E-10, 5.07124E-10, 7.69294E-13, 6.33065E-13, 5.59879E-13, 1.10898E-07
13, 3.31717E-10, 1.45238E-10, 1.09973E-10, 4.89826E-10, 7.40781E-13, 6.02354E-13, 5.33883E-13, 1.07107E-07
14, 3.19053E-10, 1.41876E-10, 1.08334E-10, 4.72504E-10, 6.81739E-13, 5.72556E-13, 5.04529E-13, 1.03616E-07
15, 3.14568E-10, 1.36318E-10, 1.01974E-10, 4.57672E-10, 6.55047E-13, 5.45676E-13, 4.83699E-13, 1.00350E-07
16, 3.07275E-10, 1.31739E-10, 1.00334E-10, 4.41590E-10, 6.12939E-13, 5.20601E-13, 4.60148E-13, 9.71804E-08
17, 3.01600E-10, 1.27610E-10, 9.47780E-11, 4.27744E-10, 5.87663E-13, 4.96658E-13, 4.42072E-13, 9.40797E-08
18, 2.94178E-10, 1.22359E-10, 9.29187E-11, 4.12012E-10, 5.56243E-13, 4.75385E-13, 4.22832E-13, 9.09820E-08
19, 2.87485E-10, 1.18900E-10, 8.79086E-11, 3.98408E-10, 5.34248E-13, 4.55589E-13, 4.07087E-13, 8.78763E-08
20, 2.79878E-10, 1.13345E-10, 8.57476E-11, 3.82611E-10, 5.09346E-13, 4.38174E-13, 3.90859E-13, 8.47331E-08
21, 2.72302E-10, 1.10083E-10, 8.11222E-11, 3.68865E-10, 4.89631E-13, 4.21046E-13, 3.76889E-13, 8.15455E-08
22, 2.64402E-10, 1.04453E-10, 7.86519E-11, 3.52833E-10, 4.69478E-13, 4.05648E-13, 3.62784E-13, 7.83075E-08
23, 2.56051E-10, 1.01122E-10, 7.43062E-11, 3.38784E-10, 4.51829E-13, 3.90471E-13, 3.49567E-13, 7.50136E-08
24, 2.47756E-10, 9.55490E-11, 7.15583E-11, 3.22480E-10, 4.34209E-13, 3.76521E-13, 3.36368E-13, 7.16719E-08
25, 2.38725E-10, 9.20229E-11, 6.74248E-11, 3.08104E-10, 4.17800E-13, 3.63208E-13, 3.24055E-13, 6.82786E-08
26, 2.29966E-10, 8.65803E-11, 6.44548E-11, 2.91591E-10, 4.02125E-13, 3.50334E-13, 3.12513E-13, 6.48511E-08
27, 2.20351E-10, 8.28297E-11, 6.04960E-11, 2.76962E-10, 3.87582E-13, 3.38107E-13, 3.01599E-13, 6.13871E-08
28, 2.11113E-10, 7.75600E-11, 5.73733E-11, 2.60382E-10, 3.73896E-13, 3.26701E-13, 2.91249E-13, 5.79110E-08
29, 2.01024E-10, 7.36193E-11, 5.35771E-11, 2.45659E-10, 3.60766E-13, 3.15693E-13, 2.81315E-13, 5.44220E-08
30, 1.91354E-10, 6.92466E-11, 5.03788E-11, 2.35598E-10, 3.48301E-13, 3.05259E-13, 2.71715E-13, 5.15304E-08
31, 1.80929E-10, 6.59890E-11, 4.82273E-11, 2.25243E-10, 3.36244E-13, 2.95533E-13, 2.62648E-13, 4.93123E-08
32, 1.70941E-10, 6.33159E-11, 4.57078E-11, 2.15181E-10, 3.24627E-13, 2.86568E-13, 2.53864E-13, 4.69913E-08
33, 1.60355E-10, 5.99591E-11, 4.35459E-11, 2.03947E-10, 3.13563E-13, 2.77946E-13, 2.45416E-13, 4.45789E-08
34, 1.50221E-10, 5.69398E-11, 4.09760E-11, 1.93123E-10, 3.03299E-13, 2.69475E-13, 2.37148E-13, 4.20898E-08
35, 1.39683E-10, 5.35043E-11, 3.86271E-11, 1.81269E-10, 2.93569E-13, 2.61464E-13, 2.29147E-13, 3.95424E-08
36, 1.29625E-10, 5.02561E-11, 3.60377E-11, 1.69960E-10, 2.84443E-13, 2.53987E-13, 2.21281E-13, 3.69530E-08
37, 1.19369E-10, 4.67951E-11, 3.35892E-11, 1.57823E-10, 2.75834E-13, 2.46979E-13, 2.13641E-13, 3.43457E-08
38, 1.09635E-10, 4.34474E-11, 3.10322E-11, 1.46384E-10, 2.67555E-13, 2.40263E-13, 2.06243E-13, 3.17384E-08
39, 9.99023E-11, 4.00382E-11, 2.85772E-11, 1.34351E-10, 2.59572E-13, 2.33865E-13, 1.99180E-13, 2.91576E-08
40, 9.07421E-11, 3.67223E-11, 2.61156E-11, 1.23167E-10, 2.51893E-13, 2.27719E-13, 1.92556E-13, 2.66201E-08
41, 8.17591E-11, 3.34582E-11, 2.37452E-11, 1.11641E-10, 2.44557E-13, 2.21890E-13, 1.86195E-13, 2.41535E-08
42, 7.33951E-11, 3.02971E-11, 2.14461E-11, 1.01089E-10, 2.37652E-13, 2.16214E-13, 1.80127E-13, 2.17708E-08
43, 6.53472E-11, 2.72694E-11, 1.92423E-11, 9.04317E-11, 2.31089E-13, 2.10748E-13, 1.74438E-13, 1.94968E-08
44, 5.79490E-11, 2.43686E-11, 1.71637E-11, 8.08393E-11, 2.24690E-13, 2.05552E-13, 1.68985E-13, 1.73400E-08
45, 5.09616E-11, 2.16551E-11, 1.51913E-11, 7.13430E-11, 2.18907E-13, 2.00582E-13, 1.63746E-13, 1.53205E-08
46, 4.76750E-11, 1.93520E-11, 1.37994E-11, 6.82139E-11, 2.13469E-13, 1.95858E-13, 1.58775E-13, 1.38080E-08
47, 4.56258E-11, 1.88620E-11, 1.34895E-11, 6.67886E-11, 2.08410E-13, 1.91355E-13, 1.54096E-13, 1.34301E-08
48, 4.35897E-11, 1.83153E-11, 1.30925E-11, 6.46814E-11, 2.03581E-13, 1.87028E-13, 1.49786E-13, 1.29981E-08
49, 4.13808E-11, 1.76892E-11, 1.26627E-11, 6.26643E-11, 1.99002E-13, 1.82800E-13, 1.45676E-13, 1.25106E-08
50, 3.91995E-11, 1.70001E-11, 1.21657E-11, 6.00462E-11, 1.94613E-13, 1.78719E-13, 1.41840E-13, 1.19768E-08
51, 3.77091E-11, 1.62591E-11, 1.16355E-11, 5.75384E-11, 1.90673E-13, 1.74845E-13, 1.38166E-13, 1.13999E-08
52, 3.67585E-11, 1.54590E-11, 1.10598E-11, 5.45274E-11, 1.86891E-13, 1.71198E-13, 1.34676E-13, 1.07904E-08
53, 3.57028E-11, 1.46350E-11, 1.04559E-11, 5.16697E-11, 1.83383E-13, 1.67705E-13, 1.31372E-13, 1.01535E-08
54, 3.44508E-11, 1.37642E-11, 9.82914E-12, 4.84098E-11, 1.79995E-13, 1.64379E-13, 1.28233E-13, 9.49977E-09
55, 3.31168E-11, 1.28965E-11, 9.18478E-12, 4.53687E-11, 1.76785E-13, 1.61243E-13, 1.25251E-13, 8.83607E-09
56, 3.16262E-11, 1.19992E-11, 8.54063E-12, 4.20274E-11, 1.73764E-13, 1.58190E-13, 1.22401E-13, 8.17272E-09
57, 3.00882E-11, 1.11278E-11, 7.89100E-12, 3.89711E-11, 1.70984E-13, 1.55222E-13, 1.19717E-13, 7.51615E-09
58, 2.84396E-11, 1.02454E-11, 7.25992E-12, 3.57031E-11, 1.68301E-13, 1.52404E-13, 1.17200E-13, 6.87494E-09
59, 2.67835E-11, 9.40812E-12, 6.63527E-12, 3.27790E-11, 1.65798E-13, 1.49749E-13, 1.14842E-13, 6.25442E-09
60, 2.50648E-11, 8.57619E-12, 6.06162E-12, 3.04613E-11, 1.63496E-13, 1.47123E-13, 1.12630E-13, 5.66101E-09
61, 2.33779E-11, 8.04112E-12, 5.77059E-12, 2.88527E-11, 1.61291E-13, 1.44552E-13, 1.10536E-13, 5.32853E-09
62, 2.16717E-11, 7.63164E-12, 5.45898E-12, 2.74965E-11, 1.59196E-13, 1.42071E-13, 1.08532E-13, 5.01976E-09
63, 2.00306E-11, 7.19594E-12, 5.13766E-12, 2.57437E-11, 1.57200E-13, 1.39681E-13, 1.06627E-13, 4.70265E-09
64, 1.84057E-11, 6.75860E-12, 4.80679E-12, 2.42791E-11, 1.55307E-13, 1.37460E-13, 1.04814E-13, 4.38062E-09
65, 1.68705E-11, 6.30915E-12, 4.47689E-12, 2.24876E-11, 1.53516E-13, 1.35335E-13, 1.03074E-13, 4.06018E-09
66, 1.53777E-11, 5.86982E-12, 4.14688E-12, 2.10109E-11, 1.51773E-13, 1.33285E-13, 1.01406E-13, 3.74365E-09
67, 1.42907E-11, 5.42865E-12, 3.82676E-12, 1.92697E-11, 1.50084E-13, 1.31314E-13, 9.97954E-14, 3.43655E-09
68, 1.34925E-11, 5.00722E-12, 3.51278E-12, 1.78579E-11, 1.48474E-13, 1.29398E-13, 9.82328E-14, 3.13991E-09
69, 1.26688E-11, 4.59198E-12, 3.41227E-12, 1.62277E-11, 1.46926E-13, 1.27552E-13, 9.67747E-14, 2.85756E-09
70, 1.18656E-11, 4.42216E-12, 3.37014E-12, 1.49367E-11, 1.45512E-13, 1.25757E-13, 9.53676E-14, 2.58992E-09
71, 1.10562E-11, 4.32853E-12, 3.35195E-12, 1.34589E-11, 1.44195E-13, 1.24002E-13, 9.40097E-14, 2.33945E-09
72, 1.02789E-11, 4.20940E-12, 3.38845E-12, 1.23132E-11, 1.43009E-13, 1.22321E-13, 9.26938E-14, 2.10506E-09
73, 9.51013E-12, 4.06740E-12, 3.41212E-12, 1.15996E-11, 1.41919E-13, 1.20726E-13, 9.14492E-14, 1.92146E-09
74, 8.78227E-12, 3.90381E-12, 3.42294E-12, 1.07861E-11, 1.40900E-13, 1.19218E-13, 9.02818E-14, 1.79761E-09
75, 8.07270E-12, 3.75719E-12, 3.41913E-12, 1.02341E-11, 1.39900E-13, 1.17751E-13, 8.91657E-14, 1.67396E-09
76, 7.40809E-12, 3.74442E-12, 3.40120E-12, 9.43378E-12, 1.38941E-13, 1.16277E-13, 8.80704E-14, 1.55354E-09
77, 6.76740E-12, 3.70872E-12, 3.36844E-12, 8.88696E-12, 1.37981E-13, 1.14828E-13, 8.69943E-14, 1.43554E-09
78, 6.20428E-12, 3.64973E-12, 3.32316E-12, 8.12595E-12, 1.37020E-13, 1.13433E-13, 8.59486E-14, 1.32266E-09
79, 5.85676E-12, 3.63476E-12, 3.26444E-12, 7.60578E-12, 1.36066E-13, 1.12063E-13, 8.49385E-14, 1.21368E-09
80, 5.49956E-12, 3.61014E-12, 3.26911E-12, 6.89620E-12, 1.35134E-13, 1.10710E-13, 8.39823E-14, 1.11050E-09
81, 5.15521E-12, 3.57577E-12, 3.28777E-12, 6.41623E-12, 1.34249E-13, 1.09391E-13, 8.30812E-14, 1.01201E-09
82, 4.80712E-12, 3.53205E-12, 3.29286E-12, 5.77179E-12, 1.33402E-13, 1.08145E-13, 8.21926E-14, 9.20037E-10
83, 4.47540E-12, 3.53397E-12, 3.28417E-12, 5.34119E-12, 1.32591E-13, 1.06933E-13, 8.13300E-14, 8.33159E-10
84, 4.14448E-12, 3.52444E-12, 3.26116E-12, 5.04461E-12, 1.31788E-13, 1.05706E-13, 8.04731E-14, 7.66931E-10
85, 3.83186E-12, 3.50373E-12, 3.22454E-12, 4.64664E-12, 1.31035E-13, 1.04503E-13, 7.96449E-14, 7.17256E-10
86, 3.52381E-12, 3.47261E-12, 3.17518E-12, 4.42824E-12, 1.30270E-13, 1.03342E-13, 7.88303E-14, 6.67527E-10
87, 3.23652E-12, 3.43130E-12, 3.11326E-12, 4.04539E-12, 1.29508E-13, 1.02185E-13, 7.80485E-14, 6.19662E-10
88, 2.95697E-12, 3.38020E-12, 3.06838E-12, 3.82405E-12, 1.28725E-13, 1.01021E-13, 7.73043E-14, 5.72229E-10
89, 2.70336E-12, 3.35188E-12, 3.07827E-12, 3.46542E-12, 1.27963E-13, 9.98576E-14, 7.65824E-14, 5.27212E-10
90, 2.53698E-12, 3.33297E-12, 3.07509E-12, 3.25202E-12, 1.27275E-13, 9.87775E-14, 7.58921E-14, 4.83323E-10
91, 2.36494E-12, 3.30313E-12, 3.05917E-12, 2.92018E-12, 1.26608E-13, 9.77117E-14, 7.52187E-14, 4.41913E-10
92, 2.30022E-12, 3.26268E-12, 3.03015E-12, 2.71983E-12, 1.25940E-13, 9.66689E-14, 7.45591E-14, 4.01899E-10
93, 2.30672E-12, 3.21241E-12, 2.98802E-12, 2.42142E-12, 1.25244E-13, 9.56031E-14, 7.39078E-14, 3.64720E-10
94, 2.33300E-12, 3.15276E-12, 2.93490E-12, 2.24004E-12, 1.24573E-13, 9.45499E-14, 7.32685E-14, 3.29259E-10
95, 2.34921E-12, 3.12723E-12, 2.87008E-12, 2.05545E-12, 1.23919E-13, 9.34891E-14, 7.26406E-14, 2.96828E-10
96, 2.35362E-12, 3.09818E-12, 2.80182E-12, 1.86241E-12, 1.23268E-13, 9.24062E-14, 7.20262E-14, 2.74572E-10
97, 2.34775E-12, 3.05862E-12, 2.80307E-12, 1.75698E-12, 1.22638E-13, 9.13867E-14, 7.14444E-14, 2.52716E-10
98, 2.33004E-12, 3.00904E-12, 2.79156E-12, 1.58042E-12, 1.22010E-13, 9.04298E-14, 7.08791E-14, 2.32217E-10
99, 2.29955E-12, 2.95003E-12, 2.76781E-12, 1.47572E-12, 1.21394E-13, 8.94921E-14, 7.03362E-14, 2.11939E-10
100, 2.25714E-12, 2.89825E-12, 2.73235E-12, 1.32046E-12, 1.20768E-13, 8.85275E-14, 6.97912E-14, 1.93309E-10
101, 2.20236E-12, 2.87166E-12, 2.68714E-12, 1.21775E-12, 1.20180E-13, 8.75622E-14, 6.92600E-14, 1.74959E-10
102, 2.16748E-12, 2.83396E-12, 2.63037E-12, 1.08029E-12, 1.19614E-13, 8.65865E-14, 6.87293E-14, 1.57971E-10
103, 2.12678E-12, 2.78558E-12, 2.56544E-12, 9.88161E-13, 1.19054E-13, 8.56144E-14, 6.82146E-14, 1.41824E-10
104, 2.07228E-12, 2.72792E-12, 2.50265E-12, 8.73464E-13, 1.18494E-13, 8.46914E-14, 6.77232E-14, 1.27344E-10
105, 2.00765E-12, 2.66899E-12, 2.49300E-12, 7.88604E-13, 1.17972E-13, 8.38190E-14, 6.72366E-14, 1.13452E-10
106, 1.98483E-12, 2.64665E-12, 2.47271E-12, 6.93284E-13, 1.17450E-13, 8.29140E-14, 6.67523E-14, 1.00963E-10
107, 1.99225E-12, 2.61336E-12, 2.44210E-12, 6.17851E-13, 1.16918E-13, 8.20194E-14, 6.62580E-14, 8.91828E-11
108, 1.98952E-12, 2.56761E-12, 2.40261E-12, 6.06496E-13, 1.16424E-13, 8.11430E-14, 6.57763E-14, 7.87130E-11
109, 1.97569E-12, 2.51293E-12, 2.35423E-12, 6.11072E-13, 1.15932E-13, 8.02618E-14, 6.53240E-14, 7.08936E-11
110, 1.95083E-12, 2.44768E-12, 2.29730E-12, 6.18002E-13, 1.15435E-13, 7.93726E-14, 6.48865E-14, 6.34152E-11
111, 1.91483E-12, 2.42103E-12, 2.23452E-12, 6.21409E-13, 1.14937E-13, 7.85158E-14, 6.44518E-14, 5.66076E-11
112, 1.86657E-12, 2.39361E-12, 2.18805E-12, 6.19677E-13, 1.14470E-13, 7.77003E-14, 6.40050E-14, 5.01643E-11
113, 1.82271E-12, 2.35346E-12, 2.17008E-12, 6.14202E-13, 1.14044E-13, 7.68749E-14, 6.35749E-14, 4.48184E-11
114, 1.84449E-12, 2.30317E-12, 2.14285E-12, 6.14081E-13, 1.13629E-13, 7.60619E-14, 6.31451E-14, 3.95199E-11
115, 1.84777E-12, 2.24368E-12, 2.10852E-12, 6.15370E-13, 1.13203E-13, 7.52666E-14, 6.27275E-14, 3.47088E-11
116, 1.83273E-12, 2.21222E-12, 2.06706E-12, 6.13314E-13, 1.12775E-13, 7.44723E-14, 6.23214E-14, 3.04162E-11
117, 1.79833E-12, 2.19238E-12, 2.01884E-12, 6.12333E-13, 1.12378E-13, 7.36765E-14, 6.19116E-14, 2.63534E-11
118, 1.74542E-12, 2.16066E-12, 1.96509E-12, 6.07536E-13, 1.12009E-13, 7.29056E-14, 6.15144E-14, 2.26691E-11
119, 1.71960E-12, 2.11739E-12, 1.90527E-12, 6.09775E-13, 1.11621E-13, 7.21568E-14, 6.11208E-14, 1.96360E-11
120, 1.73340E-12, 2.06493E-12, 1.86915E-12, 6.10544E-13, 1.11233E-13, 7.14088E-14, 6.07341E-14, 1.68384E-11
121, 1.72935E-12, 2.02124E-12, 1.84525E-12, 6.11651E-13, 1.10849E-13, 7.06694E-14, 6.03518E-14, 1.43369E-11
122, 1.70831E-12, 2.01143E-12, 1.81530E-12, 6.12895E-13, 1.10466E-13, 6.99476E-14, 5.99683E-14, 1.22233E-11
123, 1.67031E-12, 1.99025E-12, 1.77947E-12, 6.13006E-13, 1.10111E-13, 6.92425E-14, 5.95847E-14, 1.04513E-11
124, 1.68778E-12, 1.95791E-12, 1.74892E-12, 6.11251E-13, 1.09749E-13, 6.85525E-14, 5.92126E-14, 8.75913E-12
125, 1.69142E-12, 1.91428E-12, 1.71743E-12, 6.06967E-13, 1.09395E-13, 6.78600E-14, 5.88557E-14, 7.33274E-12
126, 1.67843E-12, 1.86140E-12, 1.67562E-12, 6.02698E-13, 1.09041E-13, 6.71780E-14, 5.84948E-14, 6.18700E-12
127, 1.65735E-12, 1.82495E-12, 1.62420E-12, 6.01650E-13, 1.08715E-13, 6.64970E-14, 5.81279E-14, 5.13112E-12
128, 1.64975E-12, 1.81642E-12, 1.58744E-12, 6.04017E-13, 1.08391E-13, 6.58571E-14, 5.77758E-14, 4.23934E-12
129, 1.67745E-12, 1.79736E-12, 1.58047E-12, 6.05929E-13, 1.08062E-13, 6.52228E-14, 5.74192E-14, 3.59417E-12
130, 1.69044E-12, 1.76619E-12, 1.56318E-12, 6.05062E-13, 1.07746E-13, 6.46053E-14, 5.70727E-14, 2.91421E-12
131, 1.68877E-12, 1.72583E-12, 1.53739E-12, 6.01695E-13, 1.07465E-13, 6.39858E-14, 5.67396E-14, 2.70259E-12
132, 1.67158E-12, 1.67559E-12, 1.50308E-12, 5.99885E-13, 1.07191E-13, 6.33653E-14, 5.63900E-14, 2.76550E-12
133, 1.63984E-12, 1.66944E-12, 1.46020E-12, 5.94330E-13, 1.06912E-13, 6.27531E-14, 5.60350E-14, 2.92179E-12
134, 1.59433E-12, 1.66331E-12, 1.41134E-12, 5.87695E-13, 1.06632E-13, 6.21488E-14, 5.56843E-14, 2.67640E-12
135, 1.58939E-12, 1.64693E-12, 1.40242E-12, 5.81970E-13, 1.06362E-13, 6.15565E-14, 5.53509E-14, 2.74165E-12
136, 1.60812E-12, 1.62081E-12, 1.38812E-12, 5.77221E-13, 1.06085E-13, 6.09719E-14, 5.50239E-14, 2.83760E-12
137, 1.61324E-12, 1.58454E-12, 1.36675E-12, 5.78452E-13, 1.05791E-13, 6.03976E-14, 5.47109E-14, 2.56616E-12
138, 1.60482E-12, 1.53992E-12, 1.33773E-12, 5.76301E-13, 1.05516E-13, 5.98412E-14, 5.43981E-14, 3.05506E-12
139, 1.58295E-12, 1.50309E-12, 1.30233E-12, 5.74659E-13, 1.05266E-13, 5.92955E-14, 5.40742E-14, 2.62380E-12
140, 1.54807E-12, 1.50223E-12, 1.26090E-12, 5.68086E-13, 1.05031E-13, 5.87515E-14, 5.37435E-14, 2.75668E-12
141, 1.53609E-12, 1.49230E-12, 1.23282E-12, 5.63545E-13, 1.04813E-13, 5.82142E-14, 5.34090E-14, 2.85302E-12
142, 1.56910E-12, 1.47314E-12, 1.22075E-12, 5.56782E-13, 1.04593E-13, 5.76932E-14, 5.30879E-14, 2.83327E-12
143, 1.59039E-12, 1.44501E-12, 1.20231E-12, 5.49246E-13, 1.04353E-13, 5.72024E-14, 5.27791E-14, 2.86926E-12
144, 1.60005E-12, 1.40835E-12, 1.17840E-12, 5.50319E-13, 1.04128E-13, 5.67101E-14, 5.24784E-14, 2.79061E-12
145, 1.59818E-12, 1.36473E-12, 1.14902E-12, 5.58723E-13, 1.03918E-13, 5.62213E-14, 5.21794E-14, 2.83685E-12
146, 1.58489E-12, 1.36735E-12, 1.11489E-12, 5.66311E-13, 1.03688E-13, 5.57323E-14, 5.18663E-14, 2.91957E-12
147, 1.56047E-12, 1.36443E-12, 1.07655E-12, 5.73605E-13, 1.03453E-13, 5.52430E-14, 5.15340E-14, 2.85690E-12
148, 1.52524E-12, 1.35332E-12, 1.05411E-12, 5.81126E-13, 1.03220E-13, 5.47721E-14, 5.11955E-14, 2.92094E-12
149, 1.50007E-12, 1.33493E-12, 1.03914E-12, 5.90939E-13, 1.03007E-13, 5.43111E-14, 5.08696E-14, 2.77475E-12
150, 1.48541E-12, 1.30722E-12, 1.01925E-12, 5.95817E-13, 1.02810E-13, 5.38679E-14, 5.05658E-14, 2.73251E-12
151, 1.51007E-12, 1.27310E-12, 9.95353E-13, 6.02990E-13, 1.02616E-13, 5.34314E-14, 5.02634E-14, 2.87163E-12
152, 1.52516E-12, 1.23232E-12, 9.67623E-13, 6.11933E-13, 1.02430E-13, 5.29944E-14, 4.99495E-14, 2.76446E-12
153, 1.53024E-12, 1.21906E-12, 9.36802E-13, 6.17511E-13, 1.02258E-13, 5.25578E-14, 4.96340E-14, 2.88811E-12
154, 1.52582E-12, 1.21729E-12, 9.02880E-13, 6.23581E-13, 1.02090E-13, 5.21360E-14, 4.93078E-14, 2.77654E-12
155, 1.51222E-12, 1.20889E-12, 8.79302E-13, 6.31162E-13, 1.01897E-13, 5.17344E-14, 4.89796E-14, 2.72260E-12
156, 1.48939E-12, 1.19403E-12, 8.63258E-13, 6.39228E-13, 1.01690E-13, 5.13338E-14, 4.86490E-14, 2.79209E-12
157, 1.46318E-12, 1.17207E-12, 8.43945E-13, 6.43704E-13, 1.01458E-13, 5.09464E-14, 4.83263E-14, 2.79364E-12
158, 1.44899E-12, 1.14425E-12, 8.21921E-13, 6.51469E-13, 1.01236E-13, 5.05658E-14, 4.80052E-14, 2.92912E-12
159, 1.45069E-12, 1.11010E-12, 7.97557E-13, 6.55660E-13, 1.01046E-13, 5.01959E-14, 4.76749E-14, 2.86652E-12
160, 1.46169E-12, 1.07986E-12, 7.71036E-13, 6.62878E-13, 1.00856E-13, 4.98191E-14, 4.73403E-14, 2.71895E-12
161, 1.46463E-12, 1.07919E-12, 7.42730E-13, 6.68052E-13, 1.00659E-13, 4.94440E-14, 4.69993E-14, 2.73521E-12
162, 1.45926E-12, 1.07235E-12, 7.13017E-13, 6.72204E-13, 1.00449E-13, 4.90688E-14, 4.66555E-14, 2.74314E-12
163, 1.45246E-12, 1.06041E-12, 6.95667E-13, 6.77605E-13, 1.00224E-13, 4.87044E-14, 4.63134E-14, 2.72957E-12
164, 1.44596E-12, 1.04324E-12, 6.78272E-13, 6.81987E-13, 9.99876E-14, 4.83436E-14, 4.59772E-14, 2.70157E-12
165, 1.45919E-12, 1.02053E-12, 6.59489E-13, 6.87865E-13, 9.97723E-14, 4.79890E-14, 4.56395E-14, 2.68069E-12
166, 1.47277E-12, 9.92720E-13, 6.39122E-13, 6.92977E-13, 9.95478E-14, 4.76438E-14, 4.52962E-14, 2.63824E-12
167, 1.48671E-12, 9.87479E-13, 6.17742E-13, 6.97827E-13, 9.93127E-14, 4.72971E-14, 4.49407E-14, 2.67322E-12
168, 1.50022E-12, 9.92700E-13, 5.96308E-13, 6.98670E-13, 9.90707E-14, 4.69541E-14, 4.45836E-14, 2.62533E-12
169, 1.51137E-12, 9.93516E-13, 5.96588E-13, 7.04503E-13, 9.88149E-14, 4.66206E-14, 4.42487E-14, 2.55628E-12
170, 1.52326E-12, 9.89313E-13, 5.93776E-13, 7.06588E-13, 9.85361E-14, 4.62907E-14, 4.39156E-14, 2.63007E-12
171, 1.53316E-12, 9.80963E-13, 5.87284E-13, 7.12897E-13, 9.82739E-14, 4.59597E-14, 4.35776E-14, 2.58480E-12
172, 1.54261E-12, 9.68179E-13, 5.83669E-13, 7.14476E-13, 9.79869E-14, 4.56270E-14, 4.32449E-14, 2.48134E-12
173, 1.55202E-12, 9.51236E-13, 5.86811E-13, 7.17294E-13, 9.76847E-14, 4.52977E-14, 4.29095E-14, 2.64376E-12
174, 1.55981E-12, 9.30027E-13, 5.87048E-13, 7.20355E-13, 9.73715E-14, 4.49799E-14, 4.25648E-14, 2.42863E-12
175, 1.56754E-12, 9.05512E-13, 5.83593E-13, 7.26129E-13, 9.70521E-14, 4.46585E-14, 4.22137E-14, 2.62725E-12
176, 1.57365E-12, 8.83687E-13, 5.78958E-13, 7.25479E-13, 9.67171E-14, 4.43333E-14, 4.18606E-14, 2.55370E-12
177, 1.57950E-12, 8.65759E-13, 5.82659E-13, 7.27544E-13, 9.63997E-14, 4.40041E-14, 4.15155E-14, 2.35361E-12
178, 1.58528E-12, 8.44299E-13, 5.89666E-13, 7.33294E-13, 9.60658E-14, 4.36868E-14, 4.11747E-14, 2.51054E-12
179, 1.58982E-12, 8.19625E-13, 5.95704E-13, 7.30196E-13, 9.57132E-14, 4.33714E-14, 4.08337E-14, 2.28882E-12
180, 1.59428E-12, 7.95258E-13, 6.00966E-13, 7.35198E-13, 9.53601E-14, 4.30555E-14, 4.04950E-14, 2.53524E-12
181, 1.59750E-12, 7.96104E-13, 6.05253E-13, 7.36031E-13, 9.50051E-14, 4.27450E-14, 4.01542E-14, 2.33471E-12
182, 1.60006E-12, 7.93114E-13, 6.08562E-13, 7.35399E-13, 9.46606E-14, 4.24365E-14, 3.98211E-14, 2.25250E-12
183, 1.60293E-12, 8.08033E-13, 6.11085E-13, 7.37945E-13, 9.43105E-14, 4.21274E-14, 3.94842E-14, 2.30415E-12
184, 1.60552E-12, 8.49257E-13, 6.12429E-13, 7.39026E-13, 9.39566E-14, 4.18273E-14, 3.91500E-14, 2.35976E-12
185, 1.60745E-12, 8.88936E-13, 6.12981E-13, 7.40352E-13, 9.35675E-14, 4.15320E-14, 3.88239E-14, 2.37757E-12
186, 1.60851E-12, 9.33907E-13, 6.12543E-13, 7.41922E-13, 9.31554E-14, 4.12319E-14, 3.85038E-14, 2.24764E-12
187, 1.60910E-12, 9.83213E-13, 6.11309E-13, 7.47128E-13, 9.27254E-14, 4.09336E-14, 3.81802E-14, 2.08014E-12
188, 1.61000E-12, 1.03067E-12, 6.09277E-13, 7.47966E-13, 9.22827E-14, 4.06382E-14, 3.78572E-14, 2.33893E-12
189, 1.61042E-12, 1.07605E-12, 6.06443E-13, 7.46389E-13, 9.18308E-14, 4.03380E-14, 3.75421E-14, 2.01256E-12
190, 1.61017E-12, 1.11918E-12, 6.03003E-13, 7.47718E-13, 9.13863E-14, 4.00384E-14, 3.72307E-14, 2.11763E-12
191, 1.61083E-12, 1.15973E-12, 6.06039E-13, 7.46156E-13, 9.09336E-14, 3.97399E-14, 3.69257E-14, 2.19058E-12
192, 1.61493E-12, 1.19758E-12, 6.10053E-13, 7.48938E-13, 9.04767E-14, 3.94519E-14, 3.66309E-14, 2.06711E-12
193, 1.65432E-12, 1.23248E-12, 6.13271E-13, 7.44987E-13, 9.00131E-14, 3.91636E-14, 3.63447E-14, 2.15502E-12
194, 1.69244E-12, 1.26441E-12, 6.15102E-13, 7.46814E-13, 8.95260E-14, 3.88764E-14, 3.60586E-14, 2.03660E-12
195, 1.72891E-12, 1.29321E-12, 6.23435E-13, 7.44089E-13, 8.90286E-14, 3.85927E-14, 3.57729E-14, 2.20804E-12
196, 1.76273E-12, 1.31854E-12, 6.33150E-13, 7.38984E-13, 8.85190E-14, 3.83096E-14, 3.54907E-14, 1.94782E-12
197, 1.79449E-12, 1.34066E-12, 6.41678E-13, 7.37248E-13, 8.79926E-14, 3.80216E-14, 3.52134E-14, 1.92154E-12
198, 1.82360E-12, 1.37451E-12, 6.49611E-13, 7.34330E-13, 8.74701E-14, 3.77413E-14, 3.49386E-14, 2.04691E-12
199, 1.85083E-12, 1.40611E-12, 6.57144E-13, 7.30714E-13, 8.69485E-14, 3.74609E-14, 3.46717E-14, 2.02379E-12
200, 1.87482E-12, 1.43417E-12, 6.63484E-13, 7.27116E-13, 8.64364E-14, 3.71804E-14, 3.44141E-14, 1.88741E-12
201, 1.89635E-12, 1.45871E-12, 6.69025E-13, 7.23061E-13, 8.59382E-14, 3.69004E-14, 3.41646E-14, 2.00089E-12
202, 1.91503E-12, 1.47963E-12, 6.73567E-13, 7.17127E-13, 8.54502E-14, 3.66171E-14, 3.39191E-14, 1.76981E-12
203, 1.93026E-12, 1.49696E-12, 6.77306E-13, 7.10981E-13, 8.49688E-14, 3.63345E-14, 3.36766E-14, 1.96836E-12
204, 1.94226E-12, 1.51066E-12, 6.79843E-13, 7.07229E-13, 8.45012E-14, 3.60507E-14, 3.34368E-14, 1.65000E-12
205, 1.96571E-12, 1.52093E-12, 6.81574E-13, 6.99476E-13, 8.40615E-14, 3.57687E-14, 3.32011E-14, 1.95255E-12
206, 1.99002E-12, 1.52762E-12, 6.82695E-13, 6.92935E-13, 8.36177E-14, 3.54906E-14, 3.29731E-14, 1.64347E-12
207, 2.01186E-12, 1.53085E-12, 6.81815E-13, 6.86421E-13, 8.31715E-14, 3.52064E-14, 3.27483E-14, 1.92770E-12
208, 2.03143E-12, 1.53040E-12, 6.80323E-13, 6.80878E-13, 8.27255E-14, 3.49310E-14, 3.25260E-14, 1.65231E-12
209, 2.04756E-12, 1.52704E-12, 6.77820E-13, 6.71593E-13, 8.22855E-14, 3.46532E-14, 3.23034E-14, 1.72117E-12
210, 2.06007E-12, 1.52058E-12, 6.74306E-13, 6.64929E-13, 8.18469E-14, 3.43778E-14, 3.20834E-14, 1.66923E-12
211, 2.07072E-12, 1.51118E-12, 6.69778E-13, 6.58292E-13, 8.14127E-14, 3.40990E-14, 3.18629E-14, 1.78714E-12
212, 2.07717E-12, 1.49894E-12, 6.64238E-13, 6.48869E-13, 8.09707E-14, 3.38221E-14, 3.16459E-14, 1.69030E-12
213, 2.08118E-12, 1.49466E-12, 6.57683E-13, 6.42760E-13, 8.05064E-14, 3.35415E-14, 3.14293E-14, 1.88322E-12
214, 2.08200E-12, 1.49313E-12, 6.50512E-13, 6.33401E-13, 8.00257E-14, 3.32568E-14, 3.12189E-14, 1.82205E-12
215, 2.08642E-12, 1.48879E-12, 6.42327E-13, 6.25478E-13, 7.95473E-14, 3.29745E-14, 3.10111E-14, 1.59537E-12
216, 2.09735E-12, 1.48146E-12, 6.39705E-13, 6.17585E-13, 7.90623E-14, 3.26881E-14, 3.08087E-14, 1.71729E-12
217, 2.10605E-12, 1.47169E-12, 6.41853E-13, 6.07855E-13, 7.85753E-14, 3.24042E-14, 3.06126E-14, 1.66410E-12
218, 2.11039E-12, 1.45951E-12, 6.43591E-13, 5.99557E-13, 7.80945E-14, 3.21242E-14, 3.04175E-14, 1.61780E-12
219, 2.11290E-12, 1.44509E-12, 6.44118E-13, 5.91289E-13, 7.76152E-14, 3.18441E-14, 3.02219E-14, 1.53493E-12
220, 2.11263E-12, 1.42891E-12, 6.44234E-13, 5.82120E-13, 7.71431E-14, 3.15649E-14, 3.00289E-14, 1.76054E-12
221, 2.10997E-12, 1.41054E-12, 6.43538E-13, 5.72982E-13, 7.66589E-14, 3.12841E-14, 2.98302E-14, 1.62870E-12
222, 2.10647E-12, 1.39070E-12, 6.41831E-13, 5.63062E-13, 7.61633E-14, 3.10076E-14, 2.96319E-14, 1.56918E-12
223, 2.10195E-12, 1.36925E-12, 6.39711E-13, 5.53984E-13, 7.56594E-14, 3.07319E-14, 2.94404E-14, 1.45645E-12
224, 2.09545E-12, 1.34653E-12, 6.36380E-13, 5.45516E-13, 7.51632E-14, 3.04538E-14, 2.92554E-14, 1.66759E-12
225, 2.08640E-12, 1.32259E-12, 6.32438E-13, 5.37075E-13, 7.46744E-14, 3.01756E-14, 2.90737E-14, 1.47589E-12
226, 2.07578E-12, 1.29762E-12, 6.27983E-13, 5.27851E-13, 7.41869E-14, 2.98980E-14, 2.88914E-14, 1.54985E-12
227, 2.06340E-12, 1.27202E-12, 6.22318E-13, 5.18770E-13, 7.37071E-14, 2.96283E-14, 2.87067E-14, 1.55598E-12
228, 2.04907E-12, 1.24538E-12, 6.16241E-13, 5.09831E-13, 7.32165E-14, 2.93637E-14, 2.85235E-14, 1.65845E-12
229, 2.03358E-12, 1.21849E-12, 6.09353E-13, 5.01843E-13, 7.27137E-14, 2.91007E-14, 2.83460E-14, 1.50587E-12
230, 2.01693E-12, 1.19105E-12, 6.01856E-13, 4.92147E-13, 7.22019E-14, 2.88386E-14, 2.81753E-14, 1.49005E-12
231, 1.99913E-12, 1.16366E-12, 5.93948E-13, 4.83399E-13, 7.16927E-14, 2.85804E-14, 2.80090E-14, 1.63025E-12
232, 1.98037E-12, 1.13561E-12, 5.84733E-13, 4.74789E-13, 7.11623E-14, 2.83178E-14, 2.78470E-14, 1.52492E-12
233, 1.96067E-12, 1.10779E-12, 5.75508E-13, 4.65396E-13, 7.06230E-14, 2.80611E-14, 2.76894E-14, 1.48209E-12
234, 1.94021E-12, 1.07980E-12, 5.65576E-13, 4.57522E-13, 7.00734E-14, 2.78043E-14, 2.75324E-14, 1.56358E-12
235, 1.91919E-12, 1.05194E-12, 5.54638E-13, 4.48633E-13, 6.95241E-14, 2.75494E-14, 2.73775E-14, 1.60123E-12
236, 1.89762E-12, 1.02430E-12, 5.47285E-13, 4.40454E-13, 6.89543E-14, 2.73011E-14, 2.72186E-14, 1.63568E-12
237, 1.88493E-12, 9.98924E-13, 5.47008E-13, 4.31605E-13, 6.83661E-14, 2.70627E-14, 2.70557E-14, 1.51908E-12
238, 1.90540E-12, 9.76590E-13, 5.45824E-13, 4.24957E-13, 6.77769E-14, 2.68293E-14, 2.68899E-14, 1.54662E-12
239, 1.92425E-12, 9.53983E-13, 5.44033E-13, 4.14537E-13, 6.71865E-14, 2.65971E-14, 2.67271E-14, 1.55993E-12
240, 1.94110E-12, 9.31199E-13, 5.41835E-13, 4.05512E-13, 6.65849E-14, 2.63664E-14, 2.65680E-14, 1.72998E-12
241, 1.95597E-12, 9.08431E-13, 5.38832E-13, 3.97766E-13, 6.59865E-14, 2.61374E-14, 2.64084E-14, 1.46981E-12
242, 1.96924E-12, 8.85678E-13, 5.35024E-13, 3.90837E-13, 6.53927E-14, 2.59157E-14, 2.62445E-14, 1.53305E-12
243, 1.98054E-12, 8.63133E-13, 5.30314E-13, 3.83636E-13, 6.48169E-14, 2.56990E-14, 2.60836E-14, 1.70816E-12
244, 1.99026E-12, 8.40306E-13, 5.25498E-13, 3.76275E-13, 6.42298E-14, 2.54864E-14, 2.59216E-14, 1.54099E-12
245, 1.99822E-12, 8.17879E-13, 5.19780E-13, 3.67438E-13, 6.36473E-14, 2.52737E-14, 2.57575E-14, 1.76364E-12
246, 2.00480E-12, 7.95655E-13, 5.13162E-13, 3.60274E-13, 6.30537E-14, 2.50605E-14, 2.55994E-14, 1.52625E-12
247, 2.01000E-12, 7.73730E-13, 5.06441E-13, 3.52034E-13, 6.24542E-14, 2.48535E-14, 2.54410E-14, 1.77159E-12
248, 2.01347E-12, 7.51810E-13, 4.98623E-13, 3.45522E-13, 6.18638E-14, 2.46532E-14, 2.52822E-14, 1.72997E-12
249, 2.01559E-12, 7.30185E-13, 4.90504E-13, 3.38103E-13, 6.12728E-14, 2.44584E-14, 2.51262E-14, 1.56534E-12
250, 2.01654E-12, 7.08856E-13, 4.81788E-13, 3.30866E-13, 6.06954E-14, 2.42659E-14, 2.49745E-14, 1.53264E-12
