time_step, rel_err_u, rel_err_v, rel_err_w, rel_err_p, rel_err_u_m, rel_err_v_m, rel_err_w_m, rel_err_p_m
0, 0.00000E+00, 0.00000E+00, 0.00000E+00, 0.00000E+00, 0.00000E+00, 0.00000E+00, 0.00000E+00,         NaN
1, 1.46401E-07, 1.89231E-07, 1.30566E-07, 6.24783E-07, 2.43046E-09, 2.37992E-09, 2.30427E-09, 6.48012E-05
2, 8.90692E-08, 8.68544E-08, 8.28900E-08, 5.22181E-07, 1.10023E-09, 1.02614E-09, 7.37869E-10, 1.15741E-04
3, 8.03475E-08, 4.73791E-08, 3.80804E-08, 2.25819E-07, 6.50259E-10, 5.42242E-10, 3.98818E-10, 5.84407E-05
4, 5.75584E-08, 3.76366E-08, 2.71680E-08, 1.21436E-07, 2.84385E-10, 2.28802E-10, 1.88748E-10, 3.34629E-05
5, 5.72268E-08, 2.21927E-08, 2.20834E-08, 8.62786E-08, 2.26867E-10, 1.63187E-10, 1.31897E-10, 2.12583E-05
6, 4.62384E-08, 2.07379E-08, 1.73555E-08, 7.34457E-08, 1.53525E-10, 1.13717E-10, 1.01427E-10, 1.68296E-05
7, 4.58964E-08, 1.79558E-08, 1.56153E-08, 6.58255E-08, 1.36213E-10, 9.78281E-11, 8.61763E-11, 1.45946E-05
8, 4.10831E-08, 1.84789E-08, 1.46317E-08, 6.12614E-08, 1.09236E-10, 8.38713E-11, 7.55912E-11, 1.34698E-05
9, 4.04406E-08, 1.65647E-08, 1.33023E-08, 5.78298E-08, 1.04105E-10, 7.85419E-11, 6.97712E-11, 1.26594E-05
10, 3.72470E-08, 1.67232E-08, 1.29379E-08, 5.50316E-08, 8.91605E-11, 7.15839E-11, 6.38084E-11, 1.20316E-05
11, 3.64394E-08, 1.54770E-08, 1.19704E-08, 5.27602E-08, 8.59229E-11, 6.75749E-11, 6.00723E-11, 1.15227E-05
12, 3.41169E-08, 1.53389E-08, 1.17578E-08, 5.07124E-08, 7.69294E-11, 6.33066E-11, 5.59880E-11, 1.10898E-05
13, 3.31718E-08, 1.45238E-08, 1.09974E-08, 4.89828E-08, 7.40782E-11, 6.02355E-11, 5.33882E-11, 1.07107E-05
14, 3.19054E-08, 1.41876E-08, 1.08334E-08, 4.72505E-08, 6.81739E-11, 5.72559E-11, 5.04527E-11, 1.03616E-05
15, 3.14568E-08, 1.36318E-08, 1.01975E-08, 4.57673E-08, 6.55046E-11, 5.45678E-11, 4.83698E-11, 1.00350E-05
16, 3.07275E-08, 1.31739E-08, 1.00335E-08, 4.41588E-08, 6.12939E-11, 5.20602E-11, 4.60147E-11, 9.71805E-06
17, 3.01600E-08, 1.27610E-08, 9.47784E-09, 4.27745E-08, 5.87662E-11, 4.96661E-11, 4.42070E-11, 9.40797E-06
18, 2.94178E-08, 1.22360E-08, 9.29190E-09, 4.12012E-08, 5.56241E-11, 4.75387E-11, 4.22829E-11, 9.09823E-06
19, 2.87485E-08, 1.18901E-08, 8.79087E-09, 3.98408E-08, 5.34247E-11, 4.55590E-11, 4.07086E-11, 8.78765E-06
20, 2.79878E-08, 1.13346E-08, 8.57477E-09, 3.82611E-08, 5.09345E-11, 4.38175E-11, 3.90857E-11, 8.47333E-06
21, 2.72302E-08, 1.10085E-08, 8.11226E-09, 3.68868E-08, 4.89630E-11, 4.21047E-11, 3.76888E-11, 8.15460E-06
22, 2.64403E-08, 1.04454E-08, 7.86520E-09, 3.52833E-08, 4.69477E-11, 4.05650E-11, 3.62783E-11, 7.83079E-06
23, 2.56052E-08, 1.01123E-08, 7.43064E-09, 3.38786E-08, 4.51828E-11, 3.90472E-11, 3.49567E-11, 7.50140E-06
24, 2.47757E-08, 9.55492E-09, 7.15583E-09, 3.22480E-08, 4.34208E-11, 3.76522E-11, 3.36368E-11, 7.16723E-06
25, 2.38726E-08, 9.20233E-09, 6.74249E-09, 3.08104E-08, 4.17798E-11, 3.63211E-11, 3.24055E-11, 6.82787E-06
26, 2.29967E-08, 8.65800E-09, 6.44547E-09, 2.91590E-08, 4.02124E-11, 3.50336E-11, 3.12513E-11, 6.48512E-06
27, 2.20351E-08, 8.28294E-09, 6.04960E-09, 2.76961E-08, 3.87580E-11, 3.38111E-11, 3.01598E-11, 6.13870E-06
28, 2.11113E-08, 7.75597E-09, 5.73731E-09, 2.60381E-08, 3.73895E-11, 3.26702E-11, 2.91251E-11, 5.79110E-06
29, 2.01024E-08, 7.36193E-09, 5.35771E-09, 2.45658E-08, 3.60766E-11, 3.15696E-11, 2.81317E-11, 5.44220E-06
30, 1.91354E-08, 6.92474E-09, 5.03786E-09, 2.35599E-08, 3.48302E-11, 3.05261E-11, 2.71718E-11, 5.15307E-06
31, 1.80929E-08, 6.59898E-09, 4.82278E-09, 2.25242E-08, 3.36244E-11, 2.95536E-11, 2.62651E-11, 4.93126E-06
32, 1.70941E-08, 6.33159E-09, 4.57081E-09, 2.15182E-08, 3.24628E-11, 2.86571E-11, 2.53867E-11, 4.69916E-06
33, 1.60355E-08, 5.99591E-09, 4.35466E-09, 2.03947E-08, 3.13565E-11, 2.77949E-11, 2.45420E-11, 4.45792E-06
34, 1.50221E-08, 5.69398E-09, 4.09759E-09, 1.93124E-08, 3.03300E-11, 2.69478E-11, 2.37151E-11, 4.20901E-06
35, 1.39683E-08, 5.35043E-09, 3.86274E-09, 1.81269E-08, 2.93570E-11, 2.61468E-11, 2.29151E-11, 3.95426E-06
36, 1.29625E-08, 5.02566E-09, 3.60377E-09, 1.69962E-08, 2.84446E-11, 2.53989E-11, 2.21284E-11, 3.69534E-06
37, 1.19369E-08, 4.67953E-09, 3.35895E-09, 1.57824E-08, 2.75835E-11, 2.46982E-11, 2.13645E-11, 3.43462E-06
38, 1.09635E-08, 4.34474E-09, 3.10320E-09, 1.46385E-08, 2.67556E-11, 2.40266E-11, 2.06247E-11, 3.17387E-06
39, 9.99020E-09, 4.00387E-09, 2.85771E-09, 1.34351E-08, 2.59573E-11, 2.33868E-11, 1.99183E-11, 2.91579E-06
40, 9.07422E-09, 3.67220E-09, 2.61153E-09, 1.23167E-08, 2.51892E-11, 2.27722E-11, 1.92559E-11, 2.66203E-06
41, 8.17589E-09, 3.34579E-09, 2.37454E-09, 1.11639E-08, 2.44557E-11, 2.21894E-11, 1.86199E-11, 2.41534E-06
42, 7.33950E-09, 3.02966E-09, 2.14457E-09, 1.01088E-08, 2.37651E-11, 2.16217E-11, 1.80131E-11, 2.17707E-06
43, 6.53470E-09, 2.72689E-09, 1.92423E-09, 9.04307E-09, 2.31089E-11, 2.10750E-11, 1.74441E-11, 1.94967E-06
44, 5.79488E-09, 2.43684E-09, 1.71638E-09, 8.08395E-09, 2.24690E-11, 2.05553E-11, 1.68989E-11, 1.73400E-06
45, 5.09613E-09, 2.16544E-09, 1.51910E-09, 7.13410E-09, 2.18908E-11, 2.00582E-11, 1.63749E-11, 1.53204E-06
46, 4.76752E-09, 1.93520E-09, 1.37992E-09, 6.82134E-09, 2.13468E-11, 1.95858E-11, 1.58778E-11, 1.38079E-06
47, 4.56261E-09, 1.88619E-09, 1.34897E-09, 6.67884E-09, 2.08408E-11, 1.91356E-11, 1.54097E-11, 1.34301E-06
48, 4.35900E-09, 1.83153E-09, 1.30924E-09, 6.46804E-09, 2.03580E-11, 1.87028E-11, 1.49787E-11, 1.29981E-06
49, 4.13809E-09, 1.76897E-09, 1.26631E-09, 6.26644E-09, 1.98999E-11, 1.82801E-11, 1.45676E-11, 1.25105E-06
50, 3.91997E-09, 1.70004E-09, 1.21664E-09, 6.00486E-09, 1.94611E-11, 1.78719E-11, 1.41840E-11, 1.19771E-06
51, 3.77093E-09, 1.62595E-09, 1.16359E-09, 5.75399E-09, 1.90670E-11, 1.74846E-11, 1.38166E-11, 1.14003E-06
52, 3.67588E-09, 1.54595E-09, 1.10600E-09, 5.45283E-09, 1.86889E-11, 1.71200E-11, 1.34676E-11, 1.07907E-06
53, 3.57031E-09, 1.46352E-09, 1.04559E-09, 5.16691E-09, 1.83380E-11, 1.67704E-11, 1.31371E-11, 1.01536E-06
54, 3.44510E-09, 1.37647E-09, 9.82939E-10, 4.84110E-09, 1.79992E-11, 1.64380E-11, 1.28232E-11, 9.49989E-07
55, 3.31172E-09, 1.28963E-09, 9.18514E-10, 4.53681E-09, 1.76784E-11, 1.61243E-11, 1.25250E-11, 8.83619E-07
56, 3.16263E-09, 1.19991E-09, 8.54070E-10, 4.20279E-09, 1.73762E-11, 1.58191E-11, 1.22400E-11, 8.17277E-07
57, 3.00885E-09, 1.11275E-09, 7.89076E-10, 3.89697E-09, 1.70982E-11, 1.55224E-11, 1.19716E-11, 7.51613E-07
58, 2.84397E-09, 1.02455E-09, 7.26000E-10, 3.57036E-09, 1.68300E-11, 1.52404E-11, 1.17199E-11, 6.87492E-07
59, 2.67841E-09, 9.40784E-10, 6.63525E-10, 3.27782E-09, 1.65797E-11, 1.49751E-11, 1.14842E-11, 6.25446E-07
60, 2.50650E-09, 8.57610E-10, 6.06183E-10, 3.04602E-09, 1.63493E-11, 1.47125E-11, 1.12630E-11, 5.66113E-07
61, 2.33782E-09, 8.04127E-10, 5.77058E-10, 2.88523E-09, 1.61288E-11, 1.44553E-11, 1.10534E-11, 5.32845E-07
62, 2.16717E-09, 7.63147E-10, 5.45921E-10, 2.74959E-09, 1.59194E-11, 1.42072E-11, 1.08530E-11, 5.01972E-07
63, 2.00307E-09, 7.19603E-10, 5.13797E-10, 2.57442E-09, 1.57198E-11, 1.39683E-11, 1.06626E-11, 4.70269E-07
64, 1.84060E-09, 6.75889E-10, 4.80705E-10, 2.42784E-09, 1.55305E-11, 1.37462E-11, 1.04813E-11, 4.38065E-07
65, 1.68707E-09, 6.30922E-10, 4.47735E-10, 2.24878E-09, 1.53513E-11, 1.35336E-11, 1.03071E-11, 4.06020E-07
66, 1.53781E-09, 5.86977E-10, 4.14717E-10, 2.10115E-09, 1.51769E-11, 1.33286E-11, 1.01404E-11, 3.74377E-07
67, 1.42901E-09, 5.42896E-10, 3.82691E-10, 1.92692E-09, 1.50080E-11, 1.31314E-11, 9.97941E-12, 3.43661E-07
68, 1.34918E-09, 5.00722E-10, 3.51304E-10, 1.78589E-09, 1.48472E-11, 1.29399E-11, 9.82318E-12, 3.14000E-07
69, 1.26680E-09, 4.59253E-10, 3.41179E-10, 1.62285E-09, 1.46924E-11, 1.27552E-11, 9.67733E-12, 2.85776E-07
70, 1.18645E-09, 4.42241E-10, 3.36941E-10, 1.49363E-09, 1.45511E-11, 1.25757E-11, 9.53655E-12, 2.59000E-07
71, 1.10550E-09, 4.32833E-10, 3.35079E-10, 1.34571E-09, 1.44194E-11, 1.24001E-11, 9.40079E-12, 2.33931E-07
72, 1.02780E-09, 4.20928E-10, 3.38770E-10, 1.23118E-09, 1.43006E-11, 1.22320E-11, 9.26926E-12, 2.10485E-07
73, 9.50954E-10, 4.06707E-10, 3.41157E-10, 1.15980E-09, 1.41918E-11, 1.20725E-11, 9.14478E-12, 1.92131E-07
74, 8.78168E-10, 3.90365E-10, 3.42186E-10, 1.07829E-09, 1.40898E-11, 1.19216E-11, 9.02793E-12, 1.79732E-07
75, 8.07220E-10, 3.75748E-10, 3.41820E-10, 1.02323E-09, 1.39899E-11, 1.17750E-11, 8.91648E-12, 1.67366E-07
76, 7.40751E-10, 3.74438E-10, 3.40042E-10, 9.43160E-10, 1.38940E-11, 1.16275E-11, 8.80694E-12, 1.55332E-07
77, 6.76729E-10, 3.70839E-10, 3.36857E-10, 8.88664E-10, 1.37979E-11, 1.14828E-11, 8.69943E-12, 1.43544E-07
78, 6.20483E-10, 3.64980E-10, 3.32291E-10, 8.12351E-10, 1.37018E-11, 1.13431E-11, 8.59470E-12, 1.32254E-07
79, 5.85697E-10, 3.63434E-10, 3.26387E-10, 7.60456E-10, 1.36064E-11, 1.12062E-11, 8.49378E-12, 1.21350E-07
80, 5.50026E-10, 3.60972E-10, 3.26909E-10, 6.89507E-10, 1.35132E-11, 1.10707E-11, 8.39814E-12, 1.11042E-07
81, 5.15554E-10, 3.57528E-10, 3.28740E-10, 6.41584E-10, 1.34247E-11, 1.09387E-11, 8.30805E-12, 1.01199E-07
82, 4.80766E-10, 3.53161E-10, 3.29218E-10, 5.77013E-10, 1.33399E-11, 1.08142E-11, 8.21916E-12, 9.19976E-08
83, 4.47546E-10, 3.53339E-10, 3.28321E-10, 5.33872E-10, 1.32588E-11, 1.06931E-11, 8.13296E-12, 8.32944E-08
84, 4.14475E-10, 3.52382E-10, 3.26047E-10, 5.04615E-10, 1.31787E-11, 1.05705E-11, 8.04729E-12, 7.67324E-08
85, 3.83221E-10, 3.50323E-10, 3.22415E-10, 4.64927E-10, 1.31033E-11, 1.04500E-11, 7.96459E-12, 7.17619E-08
86, 3.52483E-10, 3.47203E-10, 3.17462E-10, 4.42850E-10, 1.30267E-11, 1.03338E-11, 7.88304E-12, 6.67794E-08
87, 3.23705E-10, 3.43068E-10, 3.11248E-10, 4.04606E-10, 1.29504E-11, 1.02182E-11, 7.80487E-12, 6.19785E-08
88, 2.95715E-10, 3.37964E-10, 3.06737E-10, 3.82423E-10, 1.28723E-11, 1.01017E-11, 7.73060E-12, 5.72346E-08
89, 2.70406E-10, 3.35162E-10, 3.07749E-10, 3.46479E-10, 1.27962E-11, 9.98541E-12, 7.65841E-12, 5.27235E-08
90, 2.53745E-10, 3.33262E-10, 3.07454E-10, 3.25020E-10, 1.27273E-11, 9.87738E-12, 7.58927E-12, 4.83202E-08
91, 2.36604E-10, 3.30266E-10, 3.05850E-10, 2.92014E-10, 1.26605E-11, 9.77080E-12, 7.52200E-12, 4.41835E-08
92, 2.30059E-10, 3.26223E-10, 3.02953E-10, 2.71898E-10, 1.25936E-11, 9.66648E-12, 7.45607E-12, 4.01891E-08
93, 2.30714E-10, 3.21190E-10, 2.98800E-10, 2.42251E-10, 1.25240E-11, 9.55984E-12, 7.39097E-12, 3.64792E-08
94, 2.33313E-10, 3.15227E-10, 2.93448E-10, 2.23891E-10, 1.24568E-11, 9.45452E-12, 7.32714E-12, 3.29310E-08
95, 2.34912E-10, 3.12699E-10, 2.86965E-10, 2.05778E-10, 1.23915E-11, 9.34856E-12, 7.26422E-12, 2.96727E-08
96, 2.35434E-10, 3.09801E-10, 2.80243E-10, 1.86468E-10, 1.23262E-11, 9.24016E-12, 7.20284E-12, 2.74912E-08
97, 2.34819E-10, 3.05829E-10, 2.80285E-10, 1.75914E-10, 1.22633E-11, 9.13831E-12, 7.14457E-12, 2.53042E-08
98, 2.33016E-10, 3.00844E-10, 2.79121E-10, 1.58223E-10, 1.22006E-11, 9.04255E-12, 7.08801E-12, 2.32511E-08
99, 2.29994E-10, 2.94911E-10, 2.76771E-10, 1.47769E-10, 1.21388E-11, 8.94885E-12, 7.03381E-12, 2.12219E-08
100, 2.25740E-10, 2.89801E-10, 2.73274E-10, 1.31977E-10, 1.20763E-11, 8.85234E-12, 6.97928E-12, 1.93415E-08
101, 2.20260E-10, 2.87122E-10, 2.68686E-10, 1.21969E-10, 1.20175E-11, 8.75581E-12, 6.92610E-12, 1.75060E-08
102, 2.16777E-10, 2.83329E-10, 2.63073E-10, 1.08232E-10, 1.19609E-11, 8.65819E-12, 6.87301E-12, 1.58259E-08
103, 2.12667E-10, 2.78484E-10, 2.56517E-10, 9.89183E-11, 1.19048E-11, 8.56097E-12, 6.82151E-12, 1.42049E-08
104, 2.07326E-10, 2.72662E-10, 2.50228E-10, 8.72854E-11, 1.18489E-11, 8.46873E-12, 6.77232E-12, 1.27389E-08
105, 2.00768E-10, 2.66894E-10, 2.49259E-10, 7.88047E-11, 1.17966E-11, 8.38135E-12, 6.72368E-12, 1.13388E-08
106, 1.98482E-10, 2.64639E-10, 2.47250E-10, 6.92228E-11, 1.17445E-11, 8.29091E-12, 6.67520E-12, 1.00868E-08
107, 1.99224E-10, 2.61228E-10, 2.44239E-10, 6.16393E-11, 1.16912E-11, 8.20140E-12, 6.62570E-12, 8.90262E-09
108, 1.98942E-10, 2.56719E-10, 2.40282E-10, 6.07637E-11, 1.16418E-11, 8.11367E-12, 6.57761E-12, 7.85602E-09
109, 1.97580E-10, 2.51187E-10, 2.35441E-10, 6.12556E-11, 1.15925E-11, 8.02563E-12, 6.53235E-12, 7.09217E-09
110, 1.95095E-10, 2.44717E-10, 2.29788E-10, 6.18435E-11, 1.15429E-11, 7.93666E-12, 6.48857E-12, 6.34672E-09
111, 1.91462E-10, 2.42075E-10, 2.23402E-10, 6.20759E-11, 1.14931E-11, 7.85107E-12, 6.44502E-12, 5.68070E-09
112, 1.86676E-10, 2.39270E-10, 2.18767E-10, 6.19281E-11, 1.14464E-11, 7.76938E-12, 6.40058E-12, 5.04017E-09
113, 1.82309E-10, 2.35325E-10, 2.16949E-10, 6.13929E-11, 1.14038E-11, 7.68692E-12, 6.35737E-12, 4.47302E-09
114, 1.84521E-10, 2.30308E-10, 2.14299E-10, 6.13973E-11, 1.13622E-11, 7.60558E-12, 6.31441E-12, 3.93500E-09
115, 1.84875E-10, 2.24304E-10, 2.10866E-10, 6.14039E-11, 1.13195E-11, 7.52606E-12, 6.27283E-12, 3.46219E-09
116, 1.83339E-10, 2.21216E-10, 2.06709E-10, 6.12820E-11, 1.12769E-11, 7.44666E-12, 6.23212E-12, 3.02001E-09
117, 1.79912E-10, 2.19206E-10, 2.01895E-10, 6.10367E-11, 1.12371E-11, 7.36704E-12, 6.19106E-12, 2.63353E-09
118, 1.74630E-10, 2.16030E-10, 1.96487E-10, 6.06611E-11, 1.12002E-11, 7.29003E-12, 6.15132E-12, 2.27746E-09
119, 1.72116E-10, 2.11741E-10, 1.90545E-10, 6.07897E-11, 1.11615E-11, 7.21508E-12, 6.11201E-12, 1.96788E-09
120, 1.73482E-10, 2.06415E-10, 1.86891E-10, 6.10777E-11, 1.11228E-11, 7.14033E-12, 6.07341E-12, 1.68730E-09
121, 1.73127E-10, 2.02056E-10, 1.84505E-10, 6.12344E-11, 1.10843E-11, 7.06640E-12, 6.03529E-12, 1.44388E-09
122, 1.71035E-10, 2.01101E-10, 1.81512E-10, 6.12563E-11, 1.10459E-11, 6.99411E-12, 5.99688E-12, 1.22762E-09
123, 1.67217E-10, 1.98991E-10, 1.77955E-10, 6.11563E-11, 1.10106E-11, 6.92366E-12, 5.95854E-12, 1.03941E-09
124, 1.68847E-10, 1.95751E-10, 1.74946E-10, 6.09652E-11, 1.09743E-11, 6.85454E-12, 5.92126E-12, 8.76320E-10
125, 1.69209E-10, 1.91432E-10, 1.71756E-10, 6.06490E-11, 1.09390E-11, 6.78542E-12, 5.88554E-12, 7.39841E-10
126, 1.67886E-10, 1.86106E-10, 1.67559E-10, 6.02094E-11, 1.09034E-11, 6.71718E-12, 5.84943E-12, 6.25166E-10
127, 1.65797E-10, 1.82489E-10, 1.62425E-10, 6.00767E-11, 1.08708E-11, 6.64910E-12, 5.81274E-12, 5.31893E-10
128, 1.64982E-10, 1.81624E-10, 1.58780E-10, 6.02856E-11, 1.08384E-11, 6.58507E-12, 5.77765E-12, 4.42327E-10
129, 1.67771E-10, 1.79665E-10, 1.58047E-10, 6.03604E-11, 1.08055E-11, 6.52177E-12, 5.74198E-12, 3.74256E-10
130, 1.69080E-10, 1.76636E-10, 1.56362E-10, 6.03031E-11, 1.07739E-11, 6.46007E-12, 5.70744E-12, 3.05476E-10
131, 1.68888E-10, 1.72581E-10, 1.53766E-10, 6.01091E-11, 1.07458E-11, 6.39809E-12, 5.67400E-12, 2.58952E-10
132, 1.67197E-10, 1.67562E-10, 1.50309E-10, 5.97853E-11, 1.07184E-11, 6.33590E-12, 5.63908E-12, 2.68236E-10
133, 1.64033E-10, 1.66878E-10, 1.46049E-10, 5.93326E-11, 1.06904E-11, 6.27470E-12, 5.60353E-12, 2.73725E-10
134, 1.59449E-10, 1.66259E-10, 1.41056E-10, 5.87585E-11, 1.06626E-11, 6.21432E-12, 5.56843E-12, 2.75364E-10
135, 1.59021E-10, 1.64627E-10, 1.40298E-10, 5.80698E-11, 1.06355E-11, 6.15509E-12, 5.53505E-12, 2.72937E-10
136, 1.60892E-10, 1.62001E-10, 1.38888E-10, 5.78103E-11, 1.06079E-11, 6.09661E-12, 5.50243E-12, 2.67375E-10
137, 1.61410E-10, 1.58414E-10, 1.36717E-10, 5.77641E-11, 1.05785E-11, 6.03921E-12, 5.47105E-12, 2.71551E-10
138, 1.60568E-10, 1.53916E-10, 1.33831E-10, 5.75853E-11, 1.05509E-11, 5.98364E-12, 5.43984E-12, 2.73586E-10
139, 1.58381E-10, 1.50281E-10, 1.30282E-10, 5.72756E-11, 1.05260E-11, 5.92899E-12, 5.40746E-12, 2.71594E-10
140, 1.54883E-10, 1.50199E-10, 1.26129E-10, 5.68413E-11, 1.05027E-11, 5.87450E-12, 5.37433E-12, 2.72550E-10
141, 1.53592E-10, 1.49197E-10, 1.23263E-10, 5.62881E-11, 1.04807E-11, 5.82082E-12, 5.34088E-12, 2.75190E-10
142, 1.56885E-10, 1.47292E-10, 1.22065E-10, 5.56175E-11, 1.04589E-11, 5.76870E-12, 5.30886E-12, 2.74201E-10
143, 1.59030E-10, 1.44499E-10, 1.20247E-10, 5.48396E-11, 1.04347E-11, 5.71971E-12, 5.27784E-12, 2.76295E-10
144, 1.60012E-10, 1.40856E-10, 1.17850E-10, 5.49236E-11, 1.04121E-11, 5.67040E-12, 5.24789E-12, 2.81985E-10
145, 1.59831E-10, 1.36416E-10, 1.14919E-10, 5.57275E-11, 1.03912E-11, 5.62145E-12, 5.21792E-12, 2.84074E-10
146, 1.58504E-10, 1.36697E-10, 1.11505E-10, 5.65200E-11, 1.03684E-11, 5.57258E-12, 5.18666E-12, 2.82526E-10
147, 1.56064E-10, 1.36388E-10, 1.07658E-10, 5.73004E-11, 1.03449E-11, 5.52361E-12, 5.15349E-12, 2.79447E-10
148, 1.52559E-10, 1.35280E-10, 1.05400E-10, 5.80694E-11, 1.03216E-11, 5.47660E-12, 5.11965E-12, 2.78173E-10
149, 1.49928E-10, 1.33383E-10, 1.03884E-10, 5.88275E-11, 1.03002E-11, 5.43039E-12, 5.08700E-12, 2.81021E-10
150, 1.48535E-10, 1.30714E-10, 1.01912E-10, 5.95652E-11, 1.02805E-11, 5.38619E-12, 5.05652E-12, 2.84066E-10
151, 1.51005E-10, 1.27310E-10, 9.95255E-11, 6.02936E-11, 1.02612E-11, 5.34250E-12, 5.02628E-12, 2.84313E-10
152, 1.52508E-10, 1.23216E-10, 9.67660E-11, 6.10038E-11, 1.02427E-11, 5.29883E-12, 4.99494E-12, 2.80453E-10
153, 1.53039E-10, 1.21886E-10, 9.36760E-11, 6.16963E-11, 1.02254E-11, 5.25514E-12, 4.96346E-12, 2.77596E-10
154, 1.52610E-10, 1.21717E-10, 9.02980E-11, 6.23745E-11, 1.02086E-11, 5.21298E-12, 4.93083E-12, 2.75594E-10
155, 1.51243E-10, 1.20875E-10, 8.79046E-11, 6.30345E-11, 1.01895E-11, 5.17282E-12, 4.89800E-12, 2.70906E-10
156, 1.48970E-10, 1.19363E-10, 8.62960E-11, 6.36749E-11, 1.01688E-11, 5.13281E-12, 4.86496E-12, 2.71914E-10
157, 1.46224E-10, 1.17199E-10, 8.43759E-11, 6.42963E-11, 1.01457E-11, 5.09412E-12, 4.83255E-12, 2.77855E-10
158, 1.44786E-10, 1.14409E-10, 8.21792E-11, 6.49033E-11, 1.01235E-11, 5.05602E-12, 4.80047E-12, 2.81022E-10
159, 1.44988E-10, 1.11030E-10, 7.97407E-11, 6.54858E-11, 1.01043E-11, 5.01908E-12, 4.76748E-12, 2.80943E-10
160, 1.46118E-10, 1.07998E-10, 7.70944E-11, 6.60540E-11, 1.00854E-11, 4.98130E-12, 4.73396E-12, 2.78144E-10
161, 1.46417E-10, 1.07913E-10, 7.42738E-11, 6.65997E-11, 1.00657E-11, 4.94369E-12, 4.69989E-12, 2.72482E-10
162, 1.45892E-10, 1.07269E-10, 7.13096E-11, 6.71265E-11, 1.00448E-11, 4.90616E-12, 4.66544E-12, 2.66396E-10
163, 1.45249E-10, 1.06069E-10, 6.95039E-11, 6.76356E-11, 1.00223E-11, 4.86971E-12, 4.63128E-12, 2.64899E-10
164, 1.44595E-10, 1.04324E-10, 6.77877E-11, 6.81248E-11, 9.99862E-12, 4.83365E-12, 4.59749E-12, 2.65464E-10
165, 1.45583E-10, 1.02052E-10, 6.59015E-11, 6.85965E-11, 9.97699E-12, 4.79827E-12, 4.56382E-12, 2.66535E-10
166, 1.47023E-10, 9.92822E-11, 6.38734E-11, 6.90484E-11, 9.95463E-12, 4.76375E-12, 4.52947E-12, 2.64675E-10
167, 1.48387E-10, 9.87856E-11, 6.17296E-11, 6.94795E-11, 9.93125E-12, 4.72908E-12, 4.49399E-12, 2.62212E-10
168, 1.49676E-10, 9.92951E-11, 5.96177E-11, 6.98960E-11, 9.90685E-12, 4.69480E-12, 4.45835E-12, 2.62308E-10
169, 1.50886E-10, 9.93508E-11, 5.96390E-11, 7.02914E-11, 9.88123E-12, 4.66150E-12, 4.42474E-12, 2.59793E-10
170, 1.52020E-10, 9.89557E-11, 5.93296E-11, 7.06667E-11, 9.85354E-12, 4.62855E-12, 4.39134E-12, 2.55072E-10
171, 1.53077E-10, 9.81128E-11, 5.86979E-11, 7.10287E-11, 9.82717E-12, 4.59539E-12, 4.35752E-12, 2.54433E-10
172, 1.54055E-10, 9.68326E-11, 5.83347E-11, 7.13662E-11, 9.79864E-12, 4.56218E-12, 4.32431E-12, 2.51914E-10
173, 1.54957E-10, 9.51293E-11, 5.86500E-11, 7.16870E-11, 9.76835E-12, 4.52934E-12, 4.29066E-12, 2.49485E-10
174, 1.55784E-10, 9.30251E-11, 5.86521E-11, 7.19908E-11, 9.73714E-12, 4.49751E-12, 4.25625E-12, 2.50667E-10
175, 1.56536E-10, 9.05449E-11, 5.83424E-11, 7.22726E-11, 9.70523E-12, 4.46537E-12, 4.22109E-12, 2.50154E-10
176, 1.57218E-10, 8.83817E-11, 5.79235E-11, 7.25336E-11, 9.67202E-12, 4.43281E-12, 4.18578E-12, 2.47154E-10
177, 1.57829E-10, 8.65811E-11, 5.82867E-11, 7.27748E-11, 9.64004E-12, 4.39993E-12, 4.15135E-12, 2.42252E-10
178, 1.58376E-10, 8.44299E-11, 5.89822E-11, 7.29975E-11, 9.60666E-12, 4.36813E-12, 4.11717E-12, 2.39463E-10
179, 1.58858E-10, 8.19540E-11, 5.95920E-11, 7.31914E-11, 9.57158E-12, 4.33661E-12, 4.08311E-12, 2.35863E-10
180, 1.59281E-10, 7.95597E-11, 6.01133E-11, 7.33669E-11, 9.53623E-12, 4.30513E-12, 4.04924E-12, 2.30251E-10
181, 1.59648E-10, 7.96410E-11, 6.05436E-11, 7.35189E-11, 9.50086E-12, 4.27397E-12, 4.01517E-12, 2.28806E-10
182, 1.59962E-10, 7.93405E-11, 6.08814E-11, 7.36418E-11, 9.46648E-12, 4.24330E-12, 3.98185E-12, 2.26093E-10
183, 1.60230E-10, 8.08467E-11, 6.11255E-11, 7.37416E-11, 9.43144E-12, 4.21239E-12, 3.94817E-12, 2.21324E-10
184, 1.60452E-10, 8.49770E-11, 6.12757E-11, 7.38415E-11, 9.39605E-12, 4.18228E-12, 3.91476E-12, 2.22858E-10
185, 1.60634E-10, 8.89511E-11, 6.13327E-11, 7.40749E-11, 9.35723E-12, 4.15282E-12, 3.88213E-12, 2.23296E-10
186, 1.60776E-10, 9.34371E-11, 6.12976E-11, 7.42706E-11, 9.31585E-12, 4.12275E-12, 3.85012E-12, 2.21680E-10
187, 1.60884E-10, 9.83694E-11, 6.11727E-11, 7.44315E-11, 9.27278E-12, 4.09299E-12, 3.81779E-12, 2.18447E-10
188, 1.60960E-10, 1.03117E-10, 6.09606E-11, 7.45504E-11, 9.22860E-12, 4.06342E-12, 3.78552E-12, 2.17285E-10
189, 1.61004E-10, 1.07656E-10, 6.06645E-11, 7.46302E-11, 9.18359E-12, 4.03352E-12, 3.75412E-12, 2.14804E-10
190, 1.61018E-10, 1.11964E-10, 6.02887E-11, 7.46685E-11, 9.13908E-12, 4.00345E-12, 3.72292E-12, 2.10582E-10
191, 1.61002E-10, 1.16020E-10, 6.06090E-11, 7.46624E-11, 9.09379E-12, 3.97368E-12, 3.69247E-12, 2.04487E-10
192, 1.61503E-10, 1.19804E-10, 6.10269E-11, 7.46160E-11, 9.04802E-12, 3.94475E-12, 3.66282E-12, 1.98672E-10
193, 1.65469E-10, 1.23299E-10, 6.13311E-11, 7.45191E-11, 9.00171E-12, 3.91588E-12, 3.63420E-12, 1.98057E-10
194, 1.69268E-10, 1.26490E-10, 6.15191E-11, 7.43821E-11, 8.95293E-12, 3.88726E-12, 3.60552E-12, 1.96658E-10
195, 1.72881E-10, 1.29363E-10, 6.24114E-11, 7.41962E-11, 8.90318E-12, 3.85895E-12, 3.57690E-12, 1.93622E-10
196, 1.76288E-10, 1.31909E-10, 6.33661E-11, 7.39650E-11, 8.85220E-12, 3.83058E-12, 3.54865E-12, 1.90509E-10
197, 1.79473E-10, 1.34120E-10, 6.42494E-11, 7.36901E-11, 8.79947E-12, 3.80176E-12, 3.52092E-12, 1.90621E-10
198, 1.82420E-10, 1.37510E-10, 6.50562E-11, 7.33683E-11, 8.74713E-12, 3.77376E-12, 3.49344E-12, 1.89832E-10
199, 1.85111E-10, 1.40659E-10, 6.57815E-11, 7.30037E-11, 8.69495E-12, 3.74578E-12, 3.46687E-12, 1.89393E-10
200, 1.87532E-10, 1.43461E-10, 6.64209E-11, 7.25942E-11, 8.64374E-12, 3.71771E-12, 3.44104E-12, 1.88468E-10
201, 1.89669E-10, 1.45908E-10, 6.69705E-11, 7.21442E-11, 8.59381E-12, 3.68972E-12, 3.41608E-12, 1.86245E-10
202, 1.91508E-10, 1.47997E-10, 6.74267E-11, 7.16521E-11, 8.54521E-12, 3.66132E-12, 3.39160E-12, 1.82428E-10
203, 1.93039E-10, 1.49724E-10, 6.77865E-11, 7.11196E-11, 8.49688E-12, 3.63303E-12, 3.36726E-12, 1.78719E-10
204, 1.94251E-10, 1.51090E-10, 6.80474E-11, 7.05507E-11, 8.45019E-12, 3.60470E-12, 3.34330E-12, 1.75740E-10
205, 1.96616E-10, 1.52098E-10, 6.82076E-11, 6.99462E-11, 8.40633E-12, 3.57657E-12, 3.31967E-12, 1.71078E-10
206, 1.99045E-10, 1.52754E-10, 6.82653E-11, 6.93093E-11, 8.36190E-12, 3.54868E-12, 3.29689E-12, 1.70248E-10
207, 2.01211E-10, 1.53067E-10, 6.82201E-11, 6.86390E-11, 8.31741E-12, 3.52022E-12, 3.27439E-12, 1.68631E-10
208, 2.03103E-10, 1.53044E-10, 6.80715E-11, 6.79409E-11, 8.27277E-12, 3.49271E-12, 3.25208E-12, 1.68390E-10
209, 2.04709E-10, 1.52700E-10, 6.78202E-11, 6.72139E-11, 8.22875E-12, 3.46493E-12, 3.22991E-12, 1.66963E-10
210, 2.06022E-10, 1.52047E-10, 6.74668E-11, 6.64663E-11, 8.18476E-12, 3.43735E-12, 3.20790E-12, 1.64364E-10
211, 2.07034E-10, 1.51102E-10, 6.70131E-11, 6.56907E-11, 8.14120E-12, 3.40945E-12, 3.18589E-12, 1.61808E-10
212, 2.07738E-10, 1.49883E-10, 6.64608E-11, 6.48982E-11, 8.09703E-12, 3.38181E-12, 3.16409E-12, 1.62215E-10
213, 2.08129E-10, 1.49470E-10, 6.58131E-11, 6.40876E-11, 8.05072E-12, 3.35365E-12, 3.14238E-12, 1.61806E-10
214, 2.08204E-10, 1.49300E-10, 6.50727E-11, 6.32567E-11, 8.00265E-12, 3.32526E-12, 3.12128E-12, 1.60452E-10
215, 2.08632E-10, 1.48846E-10, 6.42432E-11, 6.24164E-11, 7.95476E-12, 3.29694E-12, 3.10054E-12, 1.59415E-10
216, 2.09704E-10, 1.48122E-10, 6.39390E-11, 6.15613E-11, 7.90628E-12, 3.26827E-12, 3.08023E-12, 1.58421E-10
217, 2.10498E-10, 1.47145E-10, 6.41644E-11, 6.06973E-11, 7.85780E-12, 3.23992E-12, 3.06056E-12, 1.55355E-10
218, 2.11015E-10, 1.45929E-10, 6.43166E-11, 5.98242E-11, 7.80951E-12, 3.21185E-12, 3.04112E-12, 1.52129E-10
219, 2.11259E-10, 1.44491E-10, 6.43931E-11, 5.89431E-11, 7.76158E-12, 3.18384E-12, 3.02164E-12, 1.48694E-10
220, 2.11236E-10, 1.42850E-10, 6.43934E-11, 5.80582E-11, 7.71425E-12, 3.15591E-12, 3.00225E-12, 1.46471E-10
221, 2.10951E-10, 1.41022E-10, 6.43163E-11, 5.71699E-11, 7.66604E-12, 3.12778E-12, 2.98242E-12, 1.47325E-10
222, 2.10619E-10, 1.39026E-10, 6.41617E-11, 5.62762E-11, 7.61643E-12, 3.10009E-12, 2.96247E-12, 1.47302E-10
223, 2.10159E-10, 1.36879E-10, 6.39292E-11, 5.53823E-11, 7.56596E-12, 3.07258E-12, 2.94316E-12, 1.47595E-10
224, 2.09480E-10, 1.34600E-10, 6.36191E-11, 5.44872E-11, 7.51637E-12, 3.04482E-12, 2.92474E-12, 1.47611E-10
225, 2.08595E-10, 1.32205E-10, 6.32320E-11, 5.35927E-11, 7.46758E-12, 3.01697E-12, 2.90647E-12, 1.45953E-10
226, 2.07520E-10, 1.29710E-10, 6.27687E-11, 5.26972E-11, 7.41879E-12, 2.98909E-12, 2.88839E-12, 1.43887E-10
227, 2.06269E-10, 1.27132E-10, 6.22306E-11, 5.18037E-11, 7.37084E-12, 2.96207E-12, 2.86995E-12, 1.43315E-10
228, 2.04858E-10, 1.24486E-10, 6.16191E-11, 5.09143E-11, 7.32186E-12, 2.93559E-12, 2.85165E-12, 1.44648E-10
229, 2.03303E-10, 1.21787E-10, 6.09361E-11, 5.00263E-11, 7.27150E-12, 2.90920E-12, 2.83380E-12, 1.44683E-10
230, 2.01620E-10, 1.19046E-10, 6.01839E-11, 4.91400E-11, 7.22032E-12, 2.88307E-12, 2.81685E-12, 1.44534E-10
231, 1.99825E-10, 1.16278E-10, 5.93656E-11, 4.82567E-11, 7.16949E-12, 2.85710E-12, 2.80022E-12, 1.44157E-10
232, 1.97931E-10, 1.13492E-10, 5.84820E-11, 4.73764E-11, 7.11650E-12, 2.83095E-12, 2.78394E-12, 1.42900E-10
233, 1.95955E-10, 1.10700E-10, 5.75374E-11, 4.64991E-11, 7.06252E-12, 2.80519E-12, 2.76806E-12, 1.40233E-10
234, 1.93909E-10, 1.07910E-10, 5.65341E-11, 4.56272E-11, 7.00762E-12, 2.77943E-12, 2.75253E-12, 1.36663E-10
235, 1.91806E-10, 1.05132E-10, 5.54743E-11, 4.47590E-11, 6.95274E-12, 2.75401E-12, 2.73694E-12, 1.35796E-10
236, 1.89657E-10, 1.02371E-10, 5.47249E-11, 4.38932E-11, 6.89571E-12, 2.72921E-12, 2.72096E-12, 1.37571E-10
237, 1.88532E-10, 9.98159E-11, 5.46832E-11, 4.30315E-11, 6.83686E-12, 2.70537E-12, 2.70469E-12, 1.37549E-10
238, 1.90604E-10, 9.75783E-11, 5.45757E-11, 4.21731E-11, 6.77790E-12, 2.68192E-12, 2.68822E-12, 1.38752E-10
239, 1.92479E-10, 9.53208E-11, 5.44019E-11, 4.13190E-11, 6.71882E-12, 2.65874E-12, 2.67203E-12, 1.39070E-10
240, 1.94162E-10, 9.30506E-11, 5.41617E-11, 4.05144E-11, 6.65867E-12, 2.63570E-12, 2.65620E-12, 1.38701E-10
241, 1.95656E-10, 9.07747E-11, 5.38543E-11, 3.97362E-11, 6.59882E-12, 2.61276E-12, 2.64018E-12, 1.36697E-10
242, 1.96969E-10, 8.84988E-11, 5.34793E-11, 3.89630E-11, 6.53939E-12, 2.59060E-12, 2.62384E-12, 1.38598E-10
243, 1.98105E-10, 8.62287E-11, 5.30375E-11, 3.81942E-11, 6.48178E-12, 2.56892E-12, 2.60770E-12, 1.40903E-10
244, 1.99071E-10, 8.39689E-11, 5.25302E-11, 3.74302E-11, 6.42311E-12, 2.54768E-12, 2.59158E-12, 1.42138E-10
245, 1.99873E-10, 8.17238E-11, 5.19578E-11, 3.66694E-11, 6.36477E-12, 2.52643E-12, 2.57520E-12, 1.42552E-10
246, 2.00518E-10, 7.94973E-11, 5.13210E-11, 3.59146E-11, 6.30541E-12, 2.50507E-12, 2.55934E-12, 1.42098E-10
247, 2.01012E-10, 7.72926E-11, 5.06225E-11, 3.51674E-11, 6.24548E-12, 2.48448E-12, 2.54347E-12, 1.40729E-10
248, 2.01361E-10, 7.51130E-11, 4.98635E-11, 3.44289E-11, 6.18621E-12, 2.46455E-12, 2.52749E-12, 1.37866E-10
249, 2.01572E-10, 7.29604E-11, 4.90464E-11, 3.36976E-11, 6.12704E-12, 2.44501E-12, 2.51192E-12, 1.38389E-10
250, 2.01649E-10, 7.08373E-11, 4.81738E-11, 3.29755E-11, 6.06926E-12, 2.42592E-12, 2.49665E-12, 1.39768E-10
