time_step, rel_err_u, rel_err_v, rel_err_w, rel_err_p, rel_err_u_m, rel_err_v_m, rel_err_w_m, rel_err_p_m
0, 0.00000E+00, 0.00000E+00, 0.00000E+00, 0.00000E+00, 0.00000E+00, 0.00000E+00, 0.00000E+00,         NaN
1, 4.83344E-03, 5.10757E-03, 4.47126E-03, 3.68267E-02, 1.18549E-04, 1.12385E-04, 7.39968E-05, 3.83681E+00
2, 4.00085E-03, 5.16006E-03, 5.20915E-03, 4.48233E-03, 1.29764E-04, 1.39608E-04, 9.06058E-05, 3.64801E+00
3, 3.25803E-03, 4.83265E-03, 4.70854E-03, 5.40547E-03, 1.14979E-04, 1.12705E-04, 7.55789E-05, 7.87525E-01
4, 3.41377E-03, 4.59171E-03, 4.46031E-03, 2.52240E-03, 1.14772E-04, 1.11516E-04, 7.52062E-05, 4.23092E-01
5, 3.73100E-03, 4.54106E-03, 4.42396E-03, 2.35169E-03, 1.14793E-04, 1.12329E-04, 7.59918E-05, 9.08974E-02
6, 4.04154E-03, 4.54385E-03, 4.52545E-03, 2.31911E-03, 1.15172E-04, 1.13329E-04, 7.70887E-05, 9.71677E-02
7, 4.32617E-03, 4.52266E-03, 4.59167E-03, 2.34197E-03, 1.15464E-04, 1.13763E-04, 7.78706E-05, 3.36692E-02
8, 4.57731E-03, 4.49772E-03, 4.66819E-03, 2.33044E-03, 1.16058E-04, 1.14497E-04, 7.89047E-05, 2.25836E-02
9, 4.78732E-03, 4.46182E-03, 4.73387E-03, 2.33881E-03, 1.16707E-04, 1.15237E-04, 7.99442E-05, 2.69528E-02
10, 5.02292E-03, 4.41651E-03, 4.79940E-03, 2.35093E-03, 1.17489E-04, 1.16021E-04, 8.10324E-05, 3.40050E-02
11, 5.23396E-03, 4.45078E-03, 4.86022E-03, 2.35364E-03, 1.18361E-04, 1.16864E-04, 8.21093E-05, 3.42732E-02
12, 5.38617E-03, 4.58474E-03, 4.91834E-03, 2.36685E-03, 1.19304E-04, 1.17746E-04, 8.32180E-05, 3.50587E-02
13, 5.47219E-03, 4.70133E-03, 4.97300E-03, 2.40854E-03, 1.20323E-04, 1.18713E-04, 8.43174E-05, 3.69615E-02
14, 5.48646E-03, 4.86543E-03, 5.02463E-03, 2.43936E-03, 1.21365E-04, 1.19737E-04, 8.54036E-05, 3.79440E-02
15, 5.52051E-03, 5.04221E-03, 5.07310E-03, 2.45915E-03, 1.22456E-04, 1.20770E-04, 8.64730E-05, 3.77439E-02
16, 5.51189E-03, 5.19626E-03, 5.11852E-03, 2.46789E-03, 1.23647E-04, 1.21780E-04, 8.75235E-05, 3.67847E-02
17, 5.42032E-03, 5.32643E-03, 5.16086E-03, 2.46581E-03, 1.24876E-04, 1.22786E-04, 8.85473E-05, 3.50924E-02
18, 5.24395E-03, 5.43197E-03, 5.20015E-03, 2.45331E-03, 1.26107E-04, 1.23741E-04, 8.95617E-05, 3.25471E-02
19, 5.13065E-03, 5.51244E-03, 5.23636E-03, 2.43158E-03, 1.27377E-04, 1.24677E-04, 9.05625E-05, 2.91638E-02
20, 4.95770E-03, 5.56777E-03, 5.26946E-03, 2.66939E-03, 1.28641E-04, 1.25627E-04, 9.15499E-05, 2.50338E-02
21, 4.70035E-03, 5.59822E-03, 5.29940E-03, 2.86371E-03, 1.29929E-04, 1.26594E-04, 9.25405E-05, 2.02509E-02
22, 4.77403E-03, 5.73762E-03, 5.32613E-03, 3.00940E-03, 1.31212E-04, 1.27550E-04, 9.35003E-05, 1.97611E-02
23, 4.87626E-03, 5.86187E-03, 5.34958E-03, 3.10252E-03, 1.32425E-04, 1.28527E-04, 9.44274E-05, 2.21868E-02
24, 4.91692E-03, 5.96023E-03, 5.36965E-03, 3.14047E-03, 1.33590E-04, 1.29513E-04, 9.53090E-05, 2.50794E-02
25, 4.88956E-03, 6.03234E-03, 5.38623E-03, 3.12206E-03, 1.34696E-04, 1.30491E-04, 9.61733E-05, 2.77768E-02
26, 4.86017E-03, 6.07820E-03, 5.39923E-03, 3.04760E-03, 1.35698E-04, 1.31472E-04, 9.70184E-05, 3.01721E-02
27, 5.08150E-03, 6.09816E-03, 5.40851E-03, 2.91886E-03, 1.36594E-04, 1.32444E-04, 9.78446E-05, 3.22598E-02
28, 5.26025E-03, 6.09296E-03, 5.41393E-03, 2.73906E-03, 1.37466E-04, 1.33414E-04, 9.86749E-05, 3.46772E-02
29, 5.33323E-03, 6.06366E-03, 5.41535E-03, 2.51273E-03, 1.38361E-04, 1.34391E-04, 9.94782E-05, 3.65618E-02
30, 5.30607E-03, 6.01749E-03, 5.43359E-03, 2.24564E-03, 1.39297E-04, 1.35338E-04, 1.00242E-04, 3.78136E-02
31, 5.18762E-03, 6.07645E-03, 5.46968E-03, 2.36932E-03, 1.40246E-04, 1.36288E-04, 1.00978E-04, 3.83440E-02
32, 4.98918E-03, 6.10301E-03, 5.49291E-03, 2.59986E-03, 1.41160E-04, 1.37248E-04, 1.01707E-04, 3.90481E-02
33, 5.06565E-03, 6.09736E-03, 5.54646E-03, 2.85268E-03, 1.41994E-04, 1.38185E-04, 1.02440E-04, 3.91643E-02
34, 5.20362E-03, 6.06015E-03, 5.62200E-03, 3.08320E-03, 1.42777E-04, 1.39122E-04, 1.03145E-04, 3.84395E-02
35, 5.23406E-03, 5.99242E-03, 5.68271E-03, 3.28671E-03, 1.43585E-04, 1.40024E-04, 1.03803E-04, 3.74738E-02
36, 5.15937E-03, 5.89563E-03, 5.72902E-03, 3.46300E-03, 1.44397E-04, 1.40911E-04, 1.04458E-04, 3.61357E-02
37, 4.98530E-03, 5.93353E-03, 5.76146E-03, 3.64309E-03, 1.45277E-04, 1.41794E-04, 1.05113E-04, 3.38174E-02
38, 4.72038E-03, 5.95762E-03, 5.78065E-03, 3.78120E-03, 1.46143E-04, 1.42670E-04, 1.05752E-04, 3.05830E-02
39, 4.37540E-03, 5.95112E-03, 5.78723E-03, 3.88912E-03, 1.47014E-04, 1.43583E-04, 1.06375E-04, 2.65326E-02
40, 4.07658E-03, 5.91476E-03, 5.78190E-03, 3.99364E-03, 1.47853E-04, 1.44497E-04, 1.06975E-04, 2.25576E-02
41, 4.11876E-03, 5.84971E-03, 5.76538E-03, 4.04748E-03, 1.48685E-04, 1.45390E-04, 1.07527E-04, 1.81050E-02
42, 4.08734E-03, 5.75753E-03, 5.73839E-03, 4.05137E-03, 1.49503E-04, 1.46276E-04, 1.08050E-04, 1.44973E-02
43, 3.98984E-03, 5.64014E-03, 5.70165E-03, 4.06391E-03, 1.50299E-04, 1.47161E-04, 1.08544E-04, 1.23728E-02
44, 3.83493E-03, 5.57347E-03, 5.65588E-03, 4.03672E-03, 1.51135E-04, 1.48070E-04, 1.09000E-04, 1.34862E-02
45, 3.63283E-03, 5.56911E-03, 5.66980E-03, 3.96240E-03, 1.51980E-04, 1.48987E-04, 1.09428E-04, 1.53971E-02
46, 3.39467E-03, 5.52910E-03, 5.74778E-03, 3.84560E-03, 1.52820E-04, 1.49879E-04, 1.09844E-04, 1.77686E-02
47, 3.41257E-03, 5.45397E-03, 5.80914E-03, 3.69195E-03, 1.53647E-04, 1.50766E-04, 1.10234E-04, 1.95748E-02
48, 3.38880E-03, 5.36532E-03, 5.85425E-03, 3.50773E-03, 1.54473E-04, 1.51645E-04, 1.10614E-04, 2.14447E-02
49, 3.31609E-03, 5.27360E-03, 5.88362E-03, 3.31028E-03, 1.55304E-04, 1.52520E-04, 1.10980E-04, 2.28317E-02
50, 3.19700E-03, 5.30321E-03, 5.89788E-03, 3.12086E-03, 1.56165E-04, 1.53399E-04, 1.11307E-04, 2.46892E-02
51, 3.26577E-03, 5.29866E-03, 5.89778E-03, 2.91089E-03, 1.57032E-04, 1.54257E-04, 1.11606E-04, 2.64097E-02
52, 3.32211E-03, 5.26009E-03, 5.88415E-03, 2.68608E-03, 1.57877E-04, 1.55084E-04, 1.11871E-04, 2.79145E-02
53, 3.32281E-03, 5.18810E-03, 5.85792E-03, 2.62416E-03, 1.58734E-04, 1.55880E-04, 1.12122E-04, 2.91157E-02
54, 3.27180E-03, 5.08378E-03, 5.88378E-03, 2.67196E-03, 1.59617E-04, 1.56642E-04, 1.12342E-04, 2.99192E-02
55, 3.17388E-03, 4.94863E-03, 5.91723E-03, 2.71997E-03, 1.60510E-04, 1.57390E-04, 1.12545E-04, 3.02282E-02
56, 3.03451E-03, 4.97673E-03, 5.93586E-03, 3.01896E-03, 1.61412E-04, 1.58146E-04, 1.12747E-04, 2.99496E-02
57, 2.85957E-03, 4.97540E-03, 5.94028E-03, 3.33828E-03, 1.62343E-04, 1.58908E-04, 1.12932E-04, 2.90005E-02
58, 2.76896E-03, 4.97074E-03, 5.93119E-03, 3.64264E-03, 1.63296E-04, 1.59671E-04, 1.13083E-04, 2.73161E-02
59, 2.76333E-03, 4.94686E-03, 5.90939E-03, 3.92333E-03, 1.64236E-04, 1.60432E-04, 1.13249E-04, 2.48579E-02
60, 2.75268E-03, 4.88527E-03, 5.87575E-03, 4.17137E-03, 1.65169E-04, 1.61167E-04, 1.13401E-04, 2.16210E-02
61, 2.73716E-03, 4.78608E-03, 5.83117E-03, 4.37788E-03, 1.66116E-04, 1.61873E-04, 1.13545E-04, 1.77830E-02
62, 2.71694E-03, 4.68253E-03, 5.84551E-03, 4.53462E-03, 1.67140E-04, 1.62536E-04, 1.13660E-04, 1.66174E-02
63, 2.69223E-03, 4.74515E-03, 5.85344E-03, 4.63448E-03, 1.68210E-04, 1.63220E-04, 1.13766E-04, 1.54408E-02
64, 2.66321E-03, 4.77305E-03, 5.84810E-03, 4.67200E-03, 1.69278E-04, 1.63907E-04, 1.13875E-04, 1.42552E-02
65, 2.63010E-03, 4.76515E-03, 5.83016E-03, 4.64388E-03, 1.70356E-04, 1.64553E-04, 1.13986E-04, 1.30568E-02
66, 2.59312E-03, 4.72082E-03, 5.80038E-03, 4.54930E-03, 1.71452E-04, 1.65206E-04, 1.14076E-04, 1.26163E-02
67, 2.55251E-03, 4.64218E-03, 5.75958E-03, 4.39026E-03, 1.72565E-04, 1.65846E-04, 1.14182E-04, 1.46390E-02
68, 2.55041E-03, 4.61594E-03, 5.70860E-03, 4.17164E-03, 1.73652E-04, 1.66425E-04, 1.14321E-04, 1.95316E-02
69, 2.57532E-03, 4.58695E-03, 5.70270E-03, 3.90118E-03, 1.74731E-04, 1.66978E-04, 1.14471E-04, 2.36730E-02
70, 2.59465E-03, 4.67337E-03, 5.70113E-03, 3.58922E-03, 1.75840E-04, 1.67505E-04, 1.14630E-04, 2.68673E-02
71, 2.60855E-03, 4.75855E-03, 5.68710E-03, 3.48639E-03, 1.76977E-04, 1.67981E-04, 1.14779E-04, 2.89623E-02
72, 2.61719E-03, 4.84228E-03, 5.66124E-03, 3.53224E-03, 1.78136E-04, 1.68482E-04, 1.14934E-04, 2.98606E-02
73, 2.62075E-03, 4.92438E-03, 5.62426E-03, 3.57770E-03, 1.79316E-04, 1.68948E-04, 1.15061E-04, 2.95285E-02
74, 2.61941E-03, 5.00462E-03, 5.57691E-03, 3.62275E-03, 1.80478E-04, 1.69389E-04, 1.15202E-04, 2.80008E-02
75, 2.61336E-03, 5.08281E-03, 5.54120E-03, 3.66736E-03, 1.81637E-04, 1.69805E-04, 1.15385E-04, 2.53814E-02
76, 2.60279E-03, 5.15871E-03, 5.53790E-03, 3.71154E-03, 1.82787E-04, 1.70219E-04, 1.15577E-04, 2.18390E-02
77, 2.63241E-03, 5.23210E-03, 5.52541E-03, 3.75527E-03, 1.83946E-04, 1.70614E-04, 1.15768E-04, 1.75985E-02
78, 2.69635E-03, 5.30276E-03, 5.50342E-03, 3.79853E-03, 1.85143E-04, 1.71016E-04, 1.15971E-04, 1.29272E-02
79, 2.76164E-03, 5.37046E-03, 5.47005E-03, 3.84132E-03, 1.86318E-04, 1.71365E-04, 1.16173E-04, 8.11707E-03
80, 2.82823E-03, 5.43496E-03, 5.48289E-03, 3.88363E-03, 1.87509E-04, 1.71730E-04, 1.16363E-04, 7.74818E-03
81, 2.89611E-03, 5.49606E-03, 5.50785E-03, 3.92547E-03, 1.88684E-04, 1.72069E-04, 1.16546E-04, 7.86805E-03
82, 2.96522E-03, 5.55351E-03, 5.51532E-03, 3.96683E-03, 1.89866E-04, 1.72384E-04, 1.16763E-04, 8.18687E-03
83, 3.03553E-03, 5.60710E-03, 5.50564E-03, 4.00771E-03, 1.91032E-04, 1.72704E-04, 1.17003E-04, 8.62009E-03
84, 3.10697E-03, 5.65663E-03, 5.47935E-03, 4.04813E-03, 1.92204E-04, 1.73027E-04, 1.17254E-04, 8.89974E-03
85, 3.17947E-03, 5.70187E-03, 5.43716E-03, 4.08810E-03, 1.93416E-04, 1.73340E-04, 1.17492E-04, 9.61449E-03
86, 3.25298E-03, 5.74264E-03, 5.38766E-03, 4.12765E-03, 1.94627E-04, 1.73635E-04, 1.17709E-04, 9.53080E-03
87, 3.32741E-03, 5.77875E-03, 5.42296E-03, 4.16679E-03, 1.95822E-04, 1.73943E-04, 1.17926E-04, 9.03153E-03
88, 3.40267E-03, 5.81004E-03, 5.44061E-03, 4.20556E-03, 1.97023E-04, 1.74297E-04, 1.18150E-04, 8.81372E-03
89, 3.47867E-03, 5.83634E-03, 5.44071E-03, 4.24398E-03, 1.98225E-04, 1.74639E-04, 1.18370E-04, 8.72306E-03
90, 3.55531E-03, 5.85752E-03, 5.42362E-03, 4.28209E-03, 1.99450E-04, 1.74994E-04, 1.18593E-04, 8.69925E-03
91, 3.63248E-03, 5.87344E-03, 5.38985E-03, 4.31989E-03, 2.00699E-04, 1.75386E-04, 1.18848E-04, 8.43002E-03
92, 3.71007E-03, 5.88402E-03, 5.34011E-03, 4.35741E-03, 2.01922E-04, 1.75769E-04, 1.19096E-04, 8.51613E-03
93, 3.78795E-03, 5.88916E-03, 5.29476E-03, 4.39465E-03, 2.03117E-04, 1.76134E-04, 1.19367E-04, 8.52603E-03
94, 3.86599E-03, 5.88881E-03, 5.32214E-03, 4.43161E-03, 2.04273E-04, 1.76505E-04, 1.19649E-04, 8.29267E-03
95, 3.94407E-03, 5.93461E-03, 5.33179E-03, 4.46826E-03, 2.05426E-04, 1.76911E-04, 1.19923E-04, 8.10754E-03
96, 4.02206E-03, 6.03136E-03, 5.32385E-03, 4.50455E-03, 2.06621E-04, 1.77276E-04, 1.20191E-04, 8.22540E-03
97, 4.09980E-03, 6.12269E-03, 5.29865E-03, 4.54042E-03, 2.07808E-04, 1.77603E-04, 1.20515E-04, 8.10774E-03
98, 4.17717E-03, 6.20838E-03, 5.25674E-03, 4.57580E-03, 2.08974E-04, 1.77928E-04, 1.20827E-04, 7.72224E-03
99, 4.25403E-03, 6.28826E-03, 5.19887E-03, 4.61057E-03, 2.10116E-04, 1.78215E-04, 1.21164E-04, 7.85426E-03
100, 4.33023E-03, 6.36219E-03, 5.16427E-03, 4.64461E-03, 2.11261E-04, 1.78477E-04, 1.21496E-04, 7.87893E-03
101, 4.40564E-03, 6.43003E-03, 5.18313E-03, 4.67778E-03, 2.12398E-04, 1.78668E-04, 1.21836E-04, 7.68960E-03
102, 4.48012E-03, 6.49169E-03, 5.18420E-03, 4.70992E-03, 2.13554E-04, 1.78890E-04, 1.22139E-04, 7.53271E-03
103, 4.55355E-03, 6.54711E-03, 5.16765E-03, 4.74086E-03, 2.14739E-04, 1.79110E-04, 1.22460E-04, 7.58653E-03
104, 4.62580E-03, 6.59624E-03, 5.13386E-03, 4.77042E-03, 2.15896E-04, 1.79320E-04, 1.22795E-04, 7.53186E-03
105, 4.69675E-03, 6.63908E-03, 5.08344E-03, 4.79841E-03, 2.17029E-04, 1.79507E-04, 1.23125E-04, 7.59424E-03
106, 4.76629E-03, 6.67563E-03, 5.01718E-03, 4.82463E-03, 2.18127E-04, 1.79603E-04, 1.23440E-04, 7.72227E-03
107, 4.83432E-03, 6.70594E-03, 5.00105E-03, 4.84891E-03, 2.19232E-04, 1.79680E-04, 1.23770E-04, 7.84330E-03
108, 4.90074E-03, 6.73008E-03, 5.01121E-03, 4.87105E-03, 2.20395E-04, 1.79720E-04, 1.24083E-04, 8.12589E-03
109, 4.96548E-03, 6.74815E-03, 5.00352E-03, 4.89087E-03, 2.21551E-04, 1.79722E-04, 1.24400E-04, 8.34801E-03
110, 5.02846E-03, 6.76027E-03, 4.97823E-03, 4.90822E-03, 2.22668E-04, 1.79715E-04, 1.24764E-04, 8.56518E-03
111, 5.08962E-03, 6.76660E-03, 4.93579E-03, 4.92296E-03, 2.23798E-04, 1.79709E-04, 1.25132E-04, 8.71609E-03
112, 5.14890E-03, 6.76729E-03, 4.87690E-03, 4.93495E-03, 2.24900E-04, 1.79720E-04, 1.25489E-04, 8.78820E-03
113, 5.20627E-03, 6.76255E-03, 4.84320E-03, 4.94409E-03, 2.25996E-04, 1.79696E-04, 1.25844E-04, 8.77775E-03
114, 5.26170E-03, 6.75259E-03, 4.84776E-03, 4.95030E-03, 2.27152E-04, 1.79600E-04, 1.26198E-04, 8.68119E-03
115, 5.31516E-03, 6.73764E-03, 4.83850E-03, 4.95354E-03, 2.28324E-04, 1.79515E-04, 1.26534E-04, 8.49519E-03
116, 5.36666E-03, 6.71795E-03, 4.82567E-03, 4.95377E-03, 2.29465E-04, 1.79410E-04, 1.26857E-04, 8.21656E-03
117, 5.41619E-03, 6.69378E-03, 4.94715E-03, 4.95099E-03, 2.30632E-04, 1.79286E-04, 1.27168E-04, 7.98246E-03
118, 5.46375E-03, 6.66540E-03, 5.06351E-03, 4.94524E-03, 2.31849E-04, 1.79104E-04, 1.27484E-04, 8.32894E-03
119, 5.50938E-03, 6.63311E-03, 5.17462E-03, 4.93658E-03, 2.33077E-04, 1.78924E-04, 1.27828E-04, 8.63768E-03
120, 5.55310E-03, 6.59719E-03, 5.28043E-03, 4.92507E-03, 2.34302E-04, 1.78742E-04, 1.28178E-04, 8.90428E-03
121, 5.60572E-03, 6.56738E-03, 5.38094E-03, 4.91082E-03, 2.35539E-04, 1.78520E-04, 1.28491E-04, 9.12476E-03
122, 5.66799E-03, 6.60964E-03, 5.47614E-03, 4.89397E-03, 2.36749E-04, 1.78296E-04, 1.28769E-04, 9.29945E-03
123, 5.72743E-03, 6.64625E-03, 5.56610E-03, 4.87464E-03, 2.37926E-04, 1.78052E-04, 1.29033E-04, 9.49528E-03
124, 5.78405E-03, 6.67731E-03, 5.65088E-03, 4.85300E-03, 2.39093E-04, 1.77760E-04, 1.29331E-04, 9.63441E-03
125, 5.83787E-03, 6.70294E-03, 5.73057E-03, 4.82922E-03, 2.40302E-04, 1.77472E-04, 1.29619E-04, 9.71407E-03
126, 5.88893E-03, 6.72329E-03, 5.80527E-03, 4.80347E-03, 2.41530E-04, 1.77141E-04, 1.29883E-04, 9.73229E-03
127, 5.93726E-03, 6.73853E-03, 5.87508E-03, 4.77595E-03, 2.42681E-04, 1.76819E-04, 1.30130E-04, 9.77288E-03
128, 5.98289E-03, 6.74884E-03, 5.94012E-03, 4.74683E-03, 2.43822E-04, 1.76472E-04, 1.30370E-04, 1.03018E-02
129, 6.02589E-03, 6.75443E-03, 6.00049E-03, 4.71631E-03, 2.44937E-04, 1.76100E-04, 1.30622E-04, 1.08375E-02
130, 6.06628E-03, 6.75550E-03, 6.05631E-03, 4.68457E-03, 2.46049E-04, 1.75698E-04, 1.30874E-04, 1.15099E-02
131, 6.10413E-03, 6.75229E-03, 6.10767E-03, 4.65178E-03, 2.47123E-04, 1.75284E-04, 1.31108E-04, 1.21820E-02
132, 6.13948E-03, 6.74503E-03, 6.15468E-03, 4.61812E-03, 2.48172E-04, 1.74869E-04, 1.31317E-04, 1.29677E-02
133, 6.17238E-03, 6.73399E-03, 6.19741E-03, 4.58375E-03, 2.49223E-04, 1.74412E-04, 1.31495E-04, 1.37291E-02
134, 6.20288E-03, 6.71940E-03, 6.23597E-03, 4.54880E-03, 2.50258E-04, 1.73966E-04, 1.31673E-04, 1.45562E-02
135, 6.23102E-03, 6.70155E-03, 6.27041E-03, 4.51341E-03, 2.51287E-04, 1.73500E-04, 1.31858E-04, 1.52272E-02
136, 6.25684E-03, 6.68068E-03, 6.30081E-03, 4.48448E-03, 2.52279E-04, 1.73027E-04, 1.32028E-04, 1.58015E-02
137, 6.28038E-03, 6.65708E-03, 6.32724E-03, 4.47922E-03, 2.53252E-04, 1.72516E-04, 1.32168E-04, 1.63307E-02
138, 6.30168E-03, 6.63100E-03, 6.34975E-03, 4.47294E-03, 2.54198E-04, 1.72013E-04, 1.32282E-04, 1.66404E-02
139, 6.32077E-03, 6.60272E-03, 6.36840E-03, 4.46566E-03, 2.55155E-04, 1.71508E-04, 1.32360E-04, 1.67158E-02
140, 6.33768E-03, 6.58469E-03, 6.38324E-03, 4.45743E-03, 2.56124E-04, 1.71008E-04, 1.32429E-04, 1.65467E-02
141, 6.35242E-03, 6.57650E-03, 6.39432E-03, 4.44825E-03, 2.57085E-04, 1.70487E-04, 1.32506E-04, 1.61285E-02
142, 6.36502E-03, 6.56620E-03, 6.40168E-03, 4.43814E-03, 2.58059E-04, 1.69993E-04, 1.32593E-04, 1.54620E-02
143, 6.37548E-03, 6.55391E-03, 6.40536E-03, 4.42710E-03, 2.59050E-04, 1.69506E-04, 1.32665E-04, 1.46560E-02
144, 6.38381E-03, 6.53974E-03, 6.40541E-03, 4.41511E-03, 2.60050E-04, 1.69019E-04, 1.32725E-04, 1.36572E-02
145, 6.39001E-03, 6.52378E-03, 6.40188E-03, 4.40217E-03, 2.61112E-04, 1.68513E-04, 1.32757E-04, 1.24398E-02
146, 6.39406E-03, 6.50613E-03, 6.39480E-03, 4.38824E-03, 2.62218E-04, 1.67993E-04, 1.32794E-04, 1.10276E-02
147, 6.39597E-03, 6.48688E-03, 6.38422E-03, 4.37331E-03, 2.63312E-04, 1.67468E-04, 1.32812E-04, 9.83142E-03
148, 6.39570E-03, 6.46612E-03, 6.37018E-03, 4.35732E-03, 2.64431E-04, 1.66932E-04, 1.32828E-04, 9.67187E-03
149, 6.39323E-03, 6.44391E-03, 6.35272E-03, 4.34025E-03, 2.65518E-04, 1.66390E-04, 1.32827E-04, 1.00643E-02
150, 6.38853E-03, 6.42034E-03, 6.33190E-03, 4.32205E-03, 2.66585E-04, 1.65835E-04, 1.32819E-04, 1.04217E-02
151, 6.38155E-03, 6.39545E-03, 6.30776E-03, 4.30268E-03, 2.67691E-04, 1.65331E-04, 1.32816E-04, 1.07400E-02
152, 6.37224E-03, 6.36931E-03, 6.28034E-03, 4.28209E-03, 2.68762E-04, 1.64823E-04, 1.32798E-04, 1.10153E-02
153, 6.36056E-03, 6.34196E-03, 6.24970E-03, 4.26024E-03, 2.69805E-04, 1.64309E-04, 1.32773E-04, 1.16154E-02
154, 6.34643E-03, 6.31344E-03, 6.21589E-03, 4.23710E-03, 2.70847E-04, 1.63769E-04, 1.32733E-04, 1.27376E-02
155, 6.32979E-03, 6.28380E-03, 6.17895E-03, 4.21263E-03, 2.71882E-04, 1.63217E-04, 1.32689E-04, 1.38276E-02
156, 6.31055E-03, 6.25306E-03, 6.13893E-03, 4.18680E-03, 2.72897E-04, 1.62653E-04, 1.32658E-04, 1.48732E-02
157, 6.28865E-03, 6.22126E-03, 6.09590E-03, 4.15960E-03, 2.73873E-04, 1.62074E-04, 1.32657E-04, 1.58626E-02
158, 6.26397E-03, 6.18840E-03, 6.04990E-03, 4.13100E-03, 2.74813E-04, 1.61504E-04, 1.32647E-04, 1.67839E-02
159, 6.23643E-03, 6.15452E-03, 6.00098E-03, 4.10101E-03, 2.75697E-04, 1.60951E-04, 1.32634E-04, 1.76257E-02
160, 6.20592E-03, 6.11962E-03, 5.94921E-03, 4.06964E-03, 2.76564E-04, 1.60397E-04, 1.32597E-04, 1.83771E-02
161, 6.17233E-03, 6.08372E-03, 5.89464E-03, 4.03689E-03, 2.77404E-04, 1.59835E-04, 1.32567E-04, 1.90280E-02
162, 6.15684E-03, 6.04682E-03, 5.83732E-03, 4.01140E-03, 2.78189E-04, 1.59243E-04, 1.32523E-04, 1.95692E-02
163, 6.13871E-03, 6.00893E-03, 5.77731E-03, 4.00409E-03, 2.78930E-04, 1.58654E-04, 1.32460E-04, 1.99923E-02
164, 6.11779E-03, 5.97007E-03, 5.72802E-03, 3.99459E-03, 2.79628E-04, 1.58076E-04, 1.32371E-04, 2.02902E-02
165, 6.09390E-03, 5.93023E-03, 5.68584E-03, 3.98295E-03, 2.80248E-04, 1.57457E-04, 1.32262E-04, 2.11479E-02
166, 6.06686E-03, 5.88942E-03, 5.64237E-03, 3.96920E-03, 2.80834E-04, 1.56813E-04, 1.32160E-04, 2.23086E-02
167, 6.03650E-03, 5.84765E-03, 5.59764E-03, 3.95338E-03, 2.81381E-04, 1.56132E-04, 1.32058E-04, 2.33117E-02
168, 6.00263E-03, 5.80492E-03, 5.55168E-03, 3.93553E-03, 2.81874E-04, 1.55462E-04, 1.31940E-04, 2.41393E-02
169, 5.96507E-03, 5.76124E-03, 5.50454E-03, 3.91569E-03, 2.82293E-04, 1.54836E-04, 1.31831E-04, 2.47754E-02
170, 5.92364E-03, 5.71663E-03, 5.45623E-03, 3.89389E-03, 2.82660E-04, 1.54258E-04, 1.31741E-04, 2.52065E-02
171, 5.92502E-03, 5.67109E-03, 5.40678E-03, 3.87016E-03, 2.83004E-04, 1.53693E-04, 1.31662E-04, 2.54219E-02
172, 5.92539E-03, 5.62463E-03, 5.35621E-03, 3.84452E-03, 2.83358E-04, 1.53117E-04, 1.31565E-04, 2.54139E-02
173, 6.00926E-03, 5.57728E-03, 5.30454E-03, 3.81699E-03, 2.83680E-04, 1.52554E-04, 1.31457E-04, 2.52777E-02
174, 6.09559E-03, 5.53389E-03, 5.25177E-03, 3.78759E-03, 2.83982E-04, 1.52025E-04, 1.31341E-04, 2.53429E-02
175, 6.17834E-03, 5.51236E-03, 5.19792E-03, 3.75632E-03, 2.84256E-04, 1.51482E-04, 1.31246E-04, 2.51569E-02
176, 6.25698E-03, 5.49078E-03, 5.14299E-03, 3.72320E-03, 2.84510E-04, 1.50931E-04, 1.31141E-04, 2.47179E-02
177, 6.33099E-03, 5.46907E-03, 5.08698E-03, 3.68824E-03, 2.84751E-04, 1.50384E-04, 1.31032E-04, 2.40287E-02
178, 6.39982E-03, 5.44715E-03, 5.02990E-03, 3.65146E-03, 2.84977E-04, 1.49873E-04, 1.30927E-04, 2.30959E-02
179, 6.46284E-03, 5.42493E-03, 4.97174E-03, 3.61287E-03, 2.85206E-04, 1.49388E-04, 1.30867E-04, 2.19309E-02
180, 6.51940E-03, 5.40233E-03, 4.91250E-03, 3.57249E-03, 2.85462E-04, 1.48915E-04, 1.30818E-04, 2.05486E-02
181, 6.56883E-03, 5.37928E-03, 4.85216E-03, 3.53035E-03, 2.85718E-04, 1.48450E-04, 1.30803E-04, 1.89681E-02
182, 6.61040E-03, 5.35570E-03, 4.79072E-03, 3.48650E-03, 2.85961E-04, 1.47998E-04, 1.30810E-04, 1.72114E-02
183, 6.64341E-03, 5.33152E-03, 4.72816E-03, 3.46586E-03, 2.86245E-04, 1.47550E-04, 1.30836E-04, 1.53038E-02
184, 6.66712E-03, 5.30667E-03, 4.66446E-03, 3.44790E-03, 2.86545E-04, 1.47123E-04, 1.30872E-04, 1.32727E-02
185, 6.68082E-03, 5.28112E-03, 4.59960E-03, 3.42759E-03, 2.86836E-04, 1.46692E-04, 1.30894E-04, 1.11479E-02
186, 6.68378E-03, 5.25478E-03, 4.53357E-03, 3.40500E-03, 2.87062E-04, 1.46283E-04, 1.30911E-04, 9.48542E-03
187, 6.67535E-03, 5.22763E-03, 4.46633E-03, 3.38020E-03, 2.87267E-04, 1.45913E-04, 1.30923E-04, 8.75601E-03
188, 6.65489E-03, 5.19962E-03, 4.39786E-03, 3.35325E-03, 2.87498E-04, 1.45574E-04, 1.30935E-04, 8.19112E-03
189, 6.62184E-03, 5.17561E-03, 4.32811E-03, 3.32426E-03, 2.87731E-04, 1.45267E-04, 1.30956E-04, 7.61714E-03
190, 6.57568E-03, 5.16341E-03, 4.30108E-03, 3.29330E-03, 2.87930E-04, 1.44967E-04, 1.30992E-04, 7.35678E-03
191, 6.51599E-03, 5.14890E-03, 4.29581E-03, 3.26046E-03, 2.88105E-04, 1.44698E-04, 1.31019E-04, 9.04402E-03
192, 6.44246E-03, 5.13202E-03, 4.27562E-03, 3.22585E-03, 2.88313E-04, 1.44456E-04, 1.31031E-04, 1.07446E-02
193, 6.35486E-03, 5.11272E-03, 4.25016E-03, 3.18955E-03, 2.88532E-04, 1.44222E-04, 1.31041E-04, 1.22762E-02
194, 6.25308E-03, 5.09095E-03, 4.28288E-03, 3.15165E-03, 2.88723E-04, 1.43986E-04, 1.31015E-04, 1.36187E-02
195, 6.13714E-03, 5.06667E-03, 4.30186E-03, 3.11225E-03, 2.88873E-04, 1.43755E-04, 1.30974E-04, 1.47553E-02
196, 6.00719E-03, 5.03987E-03, 4.30639E-03, 3.07142E-03, 2.89042E-04, 1.43527E-04, 1.30943E-04, 1.58302E-02
197, 5.86351E-03, 5.01052E-03, 4.29611E-03, 3.02924E-03, 2.89147E-04, 1.43300E-04, 1.30914E-04, 1.67453E-02
198, 5.70651E-03, 4.97861E-03, 4.27092E-03, 2.98580E-03, 2.89266E-04, 1.43083E-04, 1.30879E-04, 1.74293E-02
199, 5.53675E-03, 4.94412E-03, 4.23102E-03, 2.94114E-03, 2.89352E-04, 1.42879E-04, 1.30833E-04, 1.78784E-02
200, 5.35851E-03, 4.90706E-03, 4.18999E-03, 2.89535E-03, 2.89414E-04, 1.42686E-04, 1.30779E-04, 1.80937E-02
201, 5.17957E-03, 4.86743E-03, 4.21122E-03, 2.84845E-03, 2.89413E-04, 1.42474E-04, 1.30694E-04, 1.83264E-02
202, 5.10266E-03, 4.82523E-03, 4.21907E-03, 2.80051E-03, 2.89406E-04, 1.42278E-04, 1.30637E-04, 1.84075E-02
203, 5.04229E-03, 4.78047E-03, 4.21315E-03, 2.77527E-03, 2.89381E-04, 1.42074E-04, 1.30568E-04, 1.82668E-02
204, 4.97989E-03, 4.73317E-03, 4.19331E-03, 2.75423E-03, 2.89312E-04, 1.41891E-04, 1.30471E-04, 1.80833E-02
205, 4.94021E-03, 4.68334E-03, 4.15967E-03, 2.73138E-03, 2.89174E-04, 1.41693E-04, 1.30325E-04, 1.78952E-02
206, 4.89293E-03, 4.67846E-03, 4.11259E-03, 2.70673E-03, 2.88945E-04, 1.41507E-04, 1.30172E-04, 1.75079E-02
207, 4.83779E-03, 4.68041E-03, 4.05266E-03, 2.68027E-03, 2.88719E-04, 1.41331E-04, 1.30009E-04, 1.71205E-02
208, 4.77455E-03, 4.67920E-03, 4.02056E-03, 2.65199E-03, 2.88482E-04, 1.41161E-04, 1.29845E-04, 1.67556E-02
209, 4.78003E-03, 4.67478E-03, 4.02622E-03, 2.62189E-03, 2.88170E-04, 1.40987E-04, 1.29670E-04, 1.62172E-02
210, 4.78871E-03, 4.66706E-03, 4.01985E-03, 2.58997E-03, 2.87802E-04, 1.40864E-04, 1.29483E-04, 1.57540E-02
211, 4.79233E-03, 4.65599E-03, 4.00141E-03, 2.56758E-03, 2.87440E-04, 1.40762E-04, 1.29277E-04, 1.52907E-02
212, 4.79039E-03, 4.64151E-03, 3.97102E-03, 2.58479E-03, 2.87074E-04, 1.40656E-04, 1.29040E-04, 1.46776E-02
213, 4.78242E-03, 4.62355E-03, 3.92903E-03, 2.60225E-03, 2.86679E-04, 1.40578E-04, 1.28779E-04, 1.42193E-02
214, 4.76792E-03, 4.60207E-03, 3.87593E-03, 2.62001E-03, 2.86238E-04, 1.40507E-04, 1.28496E-04, 1.37184E-02
215, 4.74642E-03, 4.57701E-03, 3.81238E-03, 2.63811E-03, 2.85806E-04, 1.40431E-04, 1.28236E-04, 1.30865E-02
216, 4.71744E-03, 4.54835E-03, 3.73914E-03, 2.65880E-03, 2.85342E-04, 1.40362E-04, 1.27961E-04, 1.26748E-02
217, 4.68055E-03, 4.51604E-03, 3.72922E-03, 2.68746E-03, 2.84841E-04, 1.40291E-04, 1.27667E-04, 1.23836E-02
218, 4.63531E-03, 4.48005E-03, 3.72056E-03, 2.71702E-03, 2.84345E-04, 1.40228E-04, 1.27365E-04, 1.26520E-02
219, 4.58134E-03, 4.44036E-03, 3.70218E-03, 2.74750E-03, 2.83855E-04, 1.40143E-04, 1.27022E-04, 1.27919E-02
220, 4.51830E-03, 4.39694E-03, 3.67426E-03, 2.77890E-03, 2.83331E-04, 1.40065E-04, 1.26665E-04, 1.31563E-02
221, 4.44588E-03, 4.34981E-03, 3.63710E-03, 2.81121E-03, 2.82799E-04, 1.39975E-04, 1.26286E-04, 1.35406E-02
222, 4.36383E-03, 4.29895E-03, 3.59109E-03, 2.84438E-03, 2.82252E-04, 1.39890E-04, 1.25898E-04, 1.37858E-02
223, 4.27196E-03, 4.26224E-03, 3.53673E-03, 2.87833E-03, 2.81682E-04, 1.39796E-04, 1.25502E-04, 1.39238E-02
224, 4.17015E-03, 4.27038E-03, 3.47456E-03, 2.91297E-03, 2.81110E-04, 1.39688E-04, 1.25106E-04, 1.45732E-02
225, 4.16424E-03, 4.27427E-03, 3.40521E-03, 2.94819E-03, 2.80554E-04, 1.39562E-04, 1.24698E-04, 1.50950E-02
226, 4.19176E-03, 4.27375E-03, 3.33244E-03, 2.98389E-03, 2.79999E-04, 1.39436E-04, 1.24285E-04, 1.54816E-02
227, 4.21930E-03, 4.26870E-03, 3.32276E-03, 3.01995E-03, 2.79415E-04, 1.39309E-04, 1.23870E-04, 1.57275E-02
228, 4.24682E-03, 4.25899E-03, 3.30580E-03, 3.05625E-03, 2.78846E-04, 1.39190E-04, 1.23428E-04, 1.58298E-02
229, 4.27424E-03, 4.24448E-03, 3.28280E-03, 3.09269E-03, 2.78305E-04, 1.39066E-04, 1.22988E-04, 1.57877E-02
230, 4.30151E-03, 4.22509E-03, 3.27164E-03, 3.12920E-03, 2.77760E-04, 1.38939E-04, 1.22532E-04, 1.58575E-02
231, 4.32856E-03, 4.20070E-03, 3.25850E-03, 3.16570E-03, 2.77232E-04, 1.38823E-04, 1.22083E-04, 1.60530E-02
232, 4.35532E-03, 4.17125E-03, 3.24334E-03, 3.20216E-03, 2.76716E-04, 1.38730E-04, 1.21634E-04, 1.61292E-02
233, 4.38172E-03, 4.13668E-03, 3.22611E-03, 3.23855E-03, 2.76266E-04, 1.38626E-04, 1.21185E-04, 1.60872E-02
234, 4.41102E-03, 4.09697E-03, 3.20678E-03, 3.27488E-03, 2.75859E-04, 1.38504E-04, 1.20726E-04, 1.59289E-02
235, 4.44278E-03, 4.05209E-03, 3.18533E-03, 3.31117E-03, 2.75482E-04, 1.38383E-04, 1.20273E-04, 1.56579E-02
236, 4.47433E-03, 4.00208E-03, 3.16173E-03, 3.34746E-03, 2.75104E-04, 1.38255E-04, 1.19794E-04, 1.52786E-02
237, 4.50552E-03, 3.94698E-03, 3.17296E-03, 3.38381E-03, 2.74819E-04, 1.38142E-04, 1.19310E-04, 1.47966E-02
238, 4.53620E-03, 3.91630E-03, 3.18738E-03, 3.42027E-03, 2.74544E-04, 1.38056E-04, 1.18847E-04, 1.44547E-02
239, 4.56622E-03, 3.92620E-03, 3.20088E-03, 3.45691E-03, 2.74253E-04, 1.37964E-04, 1.18420E-04, 1.48370E-02
240, 4.59542E-03, 3.93050E-03, 3.21667E-03, 3.49378E-03, 2.73958E-04, 1.37867E-04, 1.17989E-04, 1.51937E-02
241, 4.62365E-03, 3.92899E-03, 3.23234E-03, 3.53094E-03, 2.73686E-04, 1.37796E-04, 1.17549E-04, 1.54332E-02
242, 4.65076E-03, 3.92149E-03, 3.24654E-03, 3.56841E-03, 2.73513E-04, 1.37715E-04, 1.17112E-04, 1.55413E-02
243, 4.67658E-03, 3.90782E-03, 3.25918E-03, 3.60622E-03, 2.73342E-04, 1.37641E-04, 1.16695E-04, 1.58262E-02
244, 4.70096E-03, 3.88787E-03, 3.27019E-03, 3.64437E-03, 2.73155E-04, 1.37558E-04, 1.16277E-04, 1.63275E-02
245, 4.72375E-03, 3.86153E-03, 3.27949E-03, 3.68282E-03, 2.72966E-04, 1.37466E-04, 1.15875E-04, 1.66637E-02
246, 4.74479E-03, 3.82877E-03, 3.28700E-03, 3.72152E-03, 2.72755E-04, 1.37382E-04, 1.15475E-04, 1.68168E-02
247, 4.76512E-03, 3.78956E-03, 3.29264E-03, 3.76041E-03, 2.72547E-04, 1.37291E-04, 1.15071E-04, 1.67711E-02
248, 4.79297E-03, 3.74395E-03, 3.29636E-03, 3.79939E-03, 2.72345E-04, 1.37203E-04, 1.14668E-04, 1.65614E-02
249, 4.81829E-03, 3.69201E-03, 3.29808E-03, 3.83834E-03, 2.72128E-04, 1.37087E-04, 1.14288E-04, 1.69600E-02
250, 4.84090E-03, 3.63389E-03, 3.29775E-03, 3.87714E-03, 2.71959E-04, 1.36973E-04, 1.13905E-04, 1.71325E-02
