time_step, rel_err_u, rel_err_v, rel_err_w, rel_err_p
0, 0.00000E+00, 0.00000E+00, 0.00000E+00, 0.00000E+00
1, 1.55371E-04, 1.12168E-04, 1.49107E-04, 1.42344E-03
2, 1.66565E-04, 1.18043E-04, 1.39718E-04, 8.40304E-04
3, 1.77036E-04, 1.27324E-04, 1.39178E-04, 5.84523E-04
4, 1.86512E-04, 1.37421E-04, 1.40428E-04, 4.94624E-04
5, 1.93997E-04, 1.46329E-04, 1.41920E-04, 3.90482E-04
6, 1.99213E-04, 1.52807E-04, 1.43190E-04, 3.94223E-04
7, 2.02462E-04, 1.56353E-04, 1.43631E-04, 4.69979E-04
8, 2.04363E-04, 1.58150E-04, 1.43702E-04, 5.49351E-04
9, 2.05594E-04, 1.56518E-04, 1.42453E-04, 5.73187E-04
10, 2.06698E-04, 1.52406E-04, 1.40478E-04, 5.51146E-04
11, 2.08008E-04, 1.46886E-04, 1.38378E-04, 5.01024E-04
12, 2.09651E-04, 1.40932E-04, 1.36550E-04, 4.25676E-04
13, 2.11606E-04, 1.35336E-04, 1.35169E-04, 3.85433E-04
14, 2.13775E-04, 1.30686E-04, 1.34246E-04, 4.25141E-04
15, 2.16046E-04, 1.27383E-04, 1.33700E-04, 4.34092E-04
16, 2.18331E-04, 1.25660E-04, 1.33418E-04, 4.11214E-04
17, 2.20586E-04, 1.25606E-04, 1.33297E-04, 3.63332E-04
18, 2.22812E-04, 1.27175E-04, 1.33261E-04, 3.69582E-04
19, 2.25045E-04, 1.30193E-04, 1.33262E-04, 4.03003E-04
20, 2.27335E-04, 1.34378E-04, 1.33274E-04, 4.10748E-04
21, 2.29729E-04, 1.39361E-04, 1.33275E-04, 3.96930E-04
22, 2.32251E-04, 1.44724E-04, 1.33245E-04, 3.66864E-04
23, 2.34892E-04, 1.50041E-04, 1.33161E-04, 3.26148E-04
24, 2.37609E-04, 1.54919E-04, 1.32992E-04, 2.79937E-04
25, 2.40326E-04, 1.59037E-04, 1.32712E-04, 2.80646E-04
26, 2.42949E-04, 1.62167E-04, 1.32300E-04, 3.28038E-04
27, 2.45382E-04, 1.64188E-04, 1.31752E-04, 3.57203E-04
28, 2.47542E-04, 1.65079E-04, 1.31077E-04, 3.68003E-04
29, 2.49372E-04, 1.64908E-04, 1.30301E-04, 3.61254E-04
30, 2.50850E-04, 1.63811E-04, 1.29460E-04, 3.38636E-04
31, 2.51989E-04, 1.61970E-04, 1.28595E-04, 3.02573E-04
32, 2.52835E-04, 1.59589E-04, 1.27743E-04, 2.56078E-04
33, 2.53461E-04, 1.56880E-04, 1.26935E-04, 2.02555E-04
34, 2.53951E-04, 1.54890E-04, 1.26186E-04, 1.45577E-04
35, 2.54398E-04, 1.53420E-04, 1.25499E-04, 1.37918E-04
36, 2.54887E-04, 1.52021E-04, 1.24863E-04, 1.36776E-04
37, 2.55493E-04, 1.50793E-04, 1.24260E-04, 1.36052E-04
38, 2.56271E-04, 1.49803E-04, 1.23663E-04, 1.61927E-04
39, 2.57260E-04, 1.49089E-04, 1.23047E-04, 1.79352E-04
40, 2.58474E-04, 1.48659E-04, 1.22392E-04, 1.87561E-04
41, 2.60443E-04, 1.48499E-04, 1.21681E-04, 1.86397E-04
42, 2.62663E-04, 1.48575E-04, 1.20907E-04, 1.88089E-04
43, 2.65280E-04, 1.48836E-04, 1.20072E-04, 1.97908E-04
44, 2.69075E-04, 1.49224E-04, 1.19180E-04, 2.04280E-04
45, 2.72925E-04, 1.49675E-04, 1.18245E-04, 2.06837E-04
46, 2.76769E-04, 1.50129E-04, 1.17280E-04, 2.05328E-04
47, 2.80544E-04, 1.50530E-04, 1.16299E-04, 1.99631E-04
48, 2.84194E-04, 1.50831E-04, 1.15316E-04, 1.89769E-04
49, 2.87667E-04, 1.50999E-04, 1.14339E-04, 1.75910E-04
50, 2.90924E-04, 1.51014E-04, 1.13677E-04, 1.58372E-04
51, 2.93937E-04, 1.50873E-04, 1.13153E-04, 1.40240E-04
52, 2.96690E-04, 1.50584E-04, 1.12618E-04, 1.42981E-04
53, 2.99180E-04, 1.50581E-04, 1.12393E-04, 1.40622E-04
54, 3.01416E-04, 1.51324E-04, 1.14727E-04, 1.33508E-04
55, 3.03415E-04, 1.51994E-04, 1.16944E-04, 1.21997E-04
56, 3.05200E-04, 1.52621E-04, 1.19042E-04, 1.23927E-04
57, 3.06801E-04, 1.53234E-04, 1.21020E-04, 1.29908E-04
58, 3.08246E-04, 1.53917E-04, 1.22881E-04, 1.32028E-04
59, 3.09564E-04, 1.55107E-04, 1.24629E-04, 1.29944E-04
60, 3.10780E-04, 1.56324E-04, 1.26270E-04, 1.23560E-04
61, 3.11914E-04, 1.57568E-04, 1.27809E-04, 1.17278E-04
62, 3.12984E-04, 1.58834E-04, 1.29249E-04, 1.12574E-04
63, 3.13998E-04, 1.60109E-04, 1.31173E-04, 1.10317E-04
64, 3.14962E-04, 1.61379E-04, 1.33259E-04, 1.14243E-04
65, 3.15877E-04, 1.62629E-04, 1.35271E-04, 1.15087E-04
66, 3.16744E-04, 1.63841E-04, 1.37199E-04, 1.13223E-04
67, 3.17558E-04, 1.65002E-04, 1.39029E-04, 1.09093E-04
68, 3.18318E-04, 1.66099E-04, 1.40750E-04, 1.03163E-04
69, 3.19023E-04, 1.67126E-04, 1.42351E-04, 9.95663E-05
70, 3.19674E-04, 1.68079E-04, 1.43826E-04, 1.18943E-04
71, 3.20273E-04, 1.68958E-04, 1.45170E-04, 1.46545E-04
72, 3.20829E-04, 1.69770E-04, 1.46386E-04, 1.70094E-04
73, 3.21350E-04, 1.70522E-04, 1.47481E-04, 1.88741E-04
74, 3.21849E-04, 1.71224E-04, 1.48467E-04, 2.01868E-04
75, 3.22337E-04, 1.71889E-04, 1.49360E-04, 2.09106E-04
76, 3.22830E-04, 1.72528E-04, 1.50177E-04, 2.10333E-04
77, 3.23340E-04, 1.73153E-04, 1.50940E-04, 2.05664E-04
78, 3.23880E-04, 1.73775E-04, 1.51669E-04, 1.95422E-04
79, 3.24459E-04, 1.74403E-04, 1.52383E-04, 1.80117E-04
80, 3.25084E-04, 1.75042E-04, 1.53097E-04, 1.60400E-04
81, 3.25758E-04, 1.75696E-04, 1.53825E-04, 1.37033E-04
82, 3.26479E-04, 1.76369E-04, 1.54575E-04, 1.10848E-04
83, 3.27242E-04, 1.77059E-04, 1.55351E-04, 8.27098E-05
84, 3.28039E-04, 1.77766E-04, 1.56150E-04, 5.34837E-05
85, 3.28857E-04, 1.78487E-04, 1.56967E-04, 4.17714E-05
86, 3.29680E-04, 1.79216E-04, 1.57794E-04, 4.87418E-05
87, 3.30489E-04, 1.79951E-04, 1.58617E-04, 5.47992E-05
88, 3.31266E-04, 1.80685E-04, 1.59423E-04, 5.97498E-05
89, 3.31990E-04, 1.81414E-04, 1.60199E-04, 8.17713E-05
90, 3.32641E-04, 1.82134E-04, 1.60929E-04, 1.02269E-04
91, 3.33199E-04, 1.82840E-04, 1.62168E-04, 1.19560E-04
92, 3.33646E-04, 1.83529E-04, 1.63643E-04, 1.33411E-04
93, 3.33965E-04, 1.84196E-04, 1.65052E-04, 1.43686E-04
94, 3.34143E-04, 1.84840E-04, 1.66389E-04, 1.50347E-04
95, 3.34168E-04, 1.85458E-04, 1.67648E-04, 1.53446E-04
96, 3.34031E-04, 1.86049E-04, 1.68827E-04, 1.53118E-04
97, 3.33727E-04, 1.86610E-04, 1.69925E-04, 1.49570E-04
98, 3.33254E-04, 1.87143E-04, 1.70941E-04, 1.43075E-04
99, 3.32708E-04, 1.87645E-04, 1.71878E-04, 1.33957E-04
100, 3.32526E-04, 1.88118E-04, 1.72736E-04, 1.22579E-04
101, 3.32179E-04, 1.88561E-04, 1.73517E-04, 1.09331E-04
102, 3.31674E-04, 1.88975E-04, 1.74222E-04, 9.46199E-05
103, 3.31021E-04, 1.89360E-04, 1.74854E-04, 7.88503E-05
104, 3.30231E-04, 1.89718E-04, 1.75411E-04, 6.76662E-05
105, 3.29318E-04, 1.90049E-04, 1.75897E-04, 5.62923E-05
106, 3.28295E-04, 1.90354E-04, 1.76311E-04, 4.38049E-05
107, 3.27179E-04, 1.90635E-04, 1.76654E-04, 3.17595E-05
108, 3.25984E-04, 1.90894E-04, 1.76927E-04, 2.62372E-05
109, 3.24727E-04, 1.91131E-04, 1.77133E-04, 2.11167E-05
110, 3.23423E-04, 1.91349E-04, 1.77274E-04, 3.15174E-05
111, 3.22088E-04, 1.91549E-04, 1.77351E-04, 4.41144E-05
112, 3.20737E-04, 1.91734E-04, 1.77370E-04, 5.54291E-05
113, 3.19383E-04, 1.91905E-04, 1.77333E-04, 6.53880E-05
114, 3.18038E-04, 1.92064E-04, 1.77245E-04, 7.39421E-05
115, 3.16712E-04, 1.92214E-04, 1.77110E-04, 8.10613E-05
116, 3.15415E-04, 1.92355E-04, 1.76932E-04, 8.67285E-05
117, 3.14154E-04, 1.92490E-04, 1.76714E-04, 9.09348E-05
118, 3.12932E-04, 1.92619E-04, 1.76459E-04, 9.36762E-05
119, 3.11751E-04, 1.92930E-04, 1.76168E-04, 9.49520E-05
120, 3.10613E-04, 1.93237E-04, 1.76136E-04, 9.47641E-05
121, 3.09515E-04, 1.93530E-04, 1.76088E-04, 9.31191E-05
122, 3.08453E-04, 1.93811E-04, 1.76006E-04, 9.00305E-05
123, 3.08611E-04, 1.94080E-04, 1.75886E-04, 8.55228E-05
124, 3.09027E-04, 1.94334E-04, 1.75722E-04, 7.96359E-05
125, 3.09457E-04, 1.94574E-04, 1.75510E-04, 7.24294E-05
126, 3.09890E-04, 1.94799E-04, 1.75542E-04, 6.39868E-05
127, 3.10315E-04, 1.95006E-04, 1.75816E-04, 5.44187E-05
128, 3.10719E-04, 1.95194E-04, 1.76031E-04, 4.59934E-05
129, 3.11091E-04, 1.95363E-04, 1.76179E-04, 4.50295E-05
130, 3.11420E-04, 1.95510E-04, 1.76255E-04, 4.32618E-05
131, 3.11694E-04, 1.95634E-04, 1.76253E-04, 4.06875E-05
132, 3.11903E-04, 1.95734E-04, 1.76170E-04, 3.73218E-05
133, 3.12038E-04, 1.95809E-04, 1.76001E-04, 3.31986E-05
134, 3.12089E-04, 1.95859E-04, 1.75745E-04, 3.44275E-05
135, 3.12051E-04, 1.95883E-04, 1.75401E-04, 4.04735E-05
136, 3.11917E-04, 1.95881E-04, 1.74971E-04, 5.10981E-05
137, 3.11684E-04, 1.95853E-04, 1.74456E-04, 6.06368E-05
138, 3.11347E-04, 1.95800E-04, 1.73860E-04, 6.88909E-05
139, 3.10906E-04, 1.95723E-04, 1.73186E-04, 7.56960E-05
140, 3.10360E-04, 1.95621E-04, 1.72439E-04, 8.09276E-05
141, 3.09711E-04, 1.95497E-04, 1.71625E-04, 8.45051E-05
142, 3.08961E-04, 1.95352E-04, 1.70751E-04, 8.63936E-05
143, 3.08113E-04, 1.95187E-04, 1.69822E-04, 8.66042E-05
144, 3.07172E-04, 1.95003E-04, 1.68845E-04, 8.51925E-05
145, 3.06144E-04, 1.94802E-04, 1.67827E-04, 8.22553E-05
146, 3.05035E-04, 1.94585E-04, 1.66833E-04, 7.79258E-05
147, 3.03851E-04, 1.94353E-04, 1.66026E-04, 7.23679E-05
148, 3.02601E-04, 1.94109E-04, 1.65199E-04, 6.57697E-05
149, 3.01292E-04, 1.93853E-04, 1.64354E-04, 5.83359E-05
150, 2.99932E-04, 1.93587E-04, 1.63497E-04, 5.42263E-05
151, 2.98529E-04, 1.93311E-04, 1.62632E-04, 5.60951E-05
152, 2.97092E-04, 1.93028E-04, 1.61762E-04, 5.73445E-05
153, 2.95628E-04, 1.92739E-04, 1.60889E-04, 5.84255E-05
154, 2.94582E-04, 1.92443E-04, 1.60015E-04, 5.86704E-05
155, 2.93709E-04, 1.92143E-04, 1.59141E-04, 5.80897E-05
156, 2.92825E-04, 1.91838E-04, 1.58267E-04, 5.67132E-05
157, 2.91936E-04, 1.91636E-04, 1.57394E-04, 5.45884E-05
158, 2.91044E-04, 1.91548E-04, 1.56518E-04, 5.17785E-05
159, 2.90154E-04, 1.91447E-04, 1.55639E-04, 4.83607E-05
160, 2.89268E-04, 1.91331E-04, 1.54753E-04, 4.44237E-05
161, 2.88387E-04, 1.91201E-04, 1.53856E-04, 4.40870E-05
162, 2.87511E-04, 1.91418E-04, 1.52946E-04, 4.33822E-05
163, 2.86640E-04, 1.91681E-04, 1.52016E-04, 4.21191E-05
164, 2.85772E-04, 1.91921E-04, 1.51064E-04, 4.06396E-05
165, 2.84905E-04, 1.92137E-04, 1.50083E-04, 4.87074E-05
166, 2.84036E-04, 1.92328E-04, 1.49443E-04, 5.61445E-05
167, 2.83160E-04, 1.92491E-04, 1.48909E-04, 6.28151E-05
168, 2.82274E-04, 1.92626E-04, 1.48328E-04, 6.86000E-05
169, 2.81373E-04, 1.92731E-04, 1.47695E-04, 7.33972E-05
170, 2.80453E-04, 1.92805E-04, 1.47006E-04, 7.71241E-05
171, 2.79509E-04, 1.92846E-04, 1.46258E-04, 7.97186E-05
172, 2.78536E-04, 1.92854E-04, 1.45448E-04, 8.11403E-05
173, 2.77532E-04, 1.92828E-04, 1.44846E-04, 8.13715E-05
174, 2.76491E-04, 1.92767E-04, 1.45378E-04, 8.04173E-05
175, 2.75411E-04, 1.92672E-04, 1.45872E-04, 7.83058E-05
176, 2.74289E-04, 1.92542E-04, 1.46330E-04, 7.50876E-05
177, 2.73122E-04, 1.92378E-04, 1.46751E-04, 7.08350E-05
178, 2.71910E-04, 1.92180E-04, 1.47137E-04, 6.56410E-05
179, 2.70652E-04, 1.91949E-04, 1.47488E-04, 5.96173E-05
180, 2.69347E-04, 1.91686E-04, 1.47803E-04, 5.28921E-05
181, 2.67995E-04, 1.91393E-04, 1.48081E-04, 4.56084E-05
182, 2.66598E-04, 1.91071E-04, 1.48322E-04, 3.94133E-05
183, 2.65157E-04, 1.90722E-04, 1.48524E-04, 3.56306E-05
184, 2.63673E-04, 1.90346E-04, 1.48686E-04, 3.91381E-05
185, 2.62149E-04, 1.89946E-04, 1.48805E-04, 4.27408E-05
186, 2.60587E-04, 1.89524E-04, 1.48881E-04, 4.59771E-05
187, 2.58989E-04, 1.89082E-04, 1.48910E-04, 4.88148E-05
188, 2.57358E-04, 1.88620E-04, 1.48891E-04, 5.12273E-05
189, 2.55696E-04, 1.88141E-04, 1.48820E-04, 5.31941E-05
190, 2.54006E-04, 1.87646E-04, 1.48696E-04, 5.47012E-05
191, 2.52290E-04, 1.87137E-04, 1.48515E-04, 5.57416E-05
192, 2.50550E-04, 1.86614E-04, 1.48277E-04, 5.63151E-05
193, 2.48789E-04, 1.86079E-04, 1.47979E-04, 5.64287E-05
194, 2.47009E-04, 1.85532E-04, 1.47618E-04, 5.60963E-05
195, 2.45210E-04, 1.84974E-04, 1.47194E-04, 5.53381E-05
196, 2.43394E-04, 1.84406E-04, 1.46705E-04, 5.41806E-05
197, 2.41562E-04, 1.83828E-04, 1.46149E-04, 5.26555E-05
198, 2.39715E-04, 1.83240E-04, 1.45525E-04, 5.07996E-05
199, 2.37853E-04, 1.82641E-04, 1.44834E-04, 4.95088E-05
200, 2.35978E-04, 1.82031E-04, 1.44075E-04, 4.76979E-05
201, 2.34088E-04, 1.81582E-04, 1.44413E-04, 4.53885E-05
202, 2.32185E-04, 1.81799E-04, 1.45029E-04, 4.26379E-05
203, 2.30269E-04, 1.81997E-04, 1.45601E-04, 4.01078E-05
204, 2.28338E-04, 1.82177E-04, 1.46127E-04, 3.78049E-05
205, 2.26394E-04, 1.82337E-04, 1.46607E-04, 3.53784E-05
206, 2.24436E-04, 1.82475E-04, 1.47040E-04, 3.88853E-05
207, 2.22465E-04, 1.82591E-04, 1.47427E-04, 4.47779E-05
208, 2.20480E-04, 1.82683E-04, 1.47767E-04, 5.04455E-05
209, 2.18481E-04, 1.82750E-04, 1.48059E-04, 5.57882E-05
210, 2.16470E-04, 1.82791E-04, 1.48304E-04, 6.07146E-05
211, 2.15370E-04, 1.82804E-04, 1.48501E-04, 6.51435E-05
212, 2.14688E-04, 1.82790E-04, 1.48650E-04, 6.90052E-05
213, 2.13986E-04, 1.82747E-04, 1.48750E-04, 7.22695E-05
214, 2.13265E-04, 1.82675E-04, 1.48800E-04, 7.51465E-05
215, 2.12525E-04, 1.82572E-04, 1.48801E-04, 7.72942E-05
216, 2.11768E-04, 1.82439E-04, 1.48751E-04, 7.86951E-05
217, 2.10994E-04, 1.82276E-04, 1.48650E-04, 7.93465E-05
218, 2.10205E-04, 1.82082E-04, 1.48497E-04, 7.92594E-05
219, 2.09401E-04, 1.81857E-04, 1.48292E-04, 7.84587E-05
220, 2.08585E-04, 1.81602E-04, 1.48033E-04, 7.69814E-05
221, 2.07756E-04, 1.81317E-04, 1.47720E-04, 7.48760E-05
222, 2.06917E-04, 1.81002E-04, 1.47352E-04, 7.22009E-05
223, 2.06068E-04, 1.80658E-04, 1.46929E-04, 6.90231E-05
224, 2.05210E-04, 1.80286E-04, 1.46451E-04, 6.54167E-05
225, 2.04345E-04, 1.79886E-04, 1.45915E-04, 6.14608E-05
226, 2.03472E-04, 1.79460E-04, 1.45323E-04, 5.72385E-05
227, 2.02593E-04, 1.79008E-04, 1.45508E-04, 5.28345E-05
228, 2.01707E-04, 1.78532E-04, 1.46376E-04, 4.83341E-05
229, 2.00814E-04, 1.78032E-04, 1.47196E-04, 4.38208E-05
230, 1.99916E-04, 1.77510E-04, 1.47966E-04, 4.30637E-05
231, 1.99010E-04, 1.76966E-04, 1.48685E-04, 4.25777E-05
232, 1.98097E-04, 1.76402E-04, 1.49352E-04, 4.18293E-05
233, 1.97175E-04, 1.75819E-04, 1.49966E-04, 4.08297E-05
234, 1.96244E-04, 1.75218E-04, 1.50525E-04, 3.96680E-05
235, 1.95303E-04, 1.74600E-04, 1.51030E-04, 4.11332E-05
236, 1.94350E-04, 1.73965E-04, 1.51478E-04, 4.23889E-05
237, 1.93383E-04, 1.73315E-04, 1.51871E-04, 4.34143E-05
238, 1.92402E-04, 1.72650E-04, 1.52207E-04, 4.52804E-05
239, 1.91404E-04, 1.71971E-04, 1.52486E-04, 4.74314E-05
240, 1.90388E-04, 1.71279E-04, 1.52708E-04, 4.93240E-05
241, 1.89354E-04, 1.70574E-04, 1.52873E-04, 5.09210E-05
242, 1.88298E-04, 1.69857E-04, 1.52981E-04, 5.21895E-05
243, 1.87220E-04, 1.69128E-04, 1.53031E-04, 5.31012E-05
244, 1.86120E-04, 1.68386E-04, 1.53024E-04, 5.36338E-05
245, 1.84995E-04, 1.67736E-04, 1.52959E-04, 5.37710E-05
246, 1.84004E-04, 1.67374E-04, 1.52836E-04, 5.35032E-05
247, 1.83423E-04, 1.66998E-04, 1.52656E-04, 5.28282E-05
248, 1.82809E-04, 1.66609E-04, 1.52417E-04, 5.17508E-05
249, 1.82164E-04, 1.66826E-04, 1.52121E-04, 5.02837E-05
250, 1.81488E-04, 1.67053E-04, 1.51765E-04, 4.84464E-05
251, 1.80781E-04, 1.67226E-04, 1.51351E-04, 4.62657E-05
252, 1.80044E-04, 1.67346E-04, 1.50877E-04, 4.37749E-05
253, 1.79279E-04, 1.67416E-04, 1.50888E-04, 4.10135E-05
254, 1.78488E-04, 1.67436E-04, 1.51960E-04, 4.08223E-05
255, 1.77671E-04, 1.67409E-04, 1.52987E-04, 4.37497E-05
256, 1.76832E-04, 1.68848E-04, 1.53968E-04, 4.64642E-05
257, 1.75971E-04, 1.70271E-04, 1.54900E-04, 4.89256E-05
258, 1.75092E-04, 1.71631E-04, 1.55780E-04, 5.10994E-05
259, 1.74217E-04, 1.72928E-04, 1.56607E-04, 5.29575E-05
260, 1.73406E-04, 1.74162E-04, 1.57377E-04, 5.44781E-05
261, 1.72584E-04, 1.75332E-04, 1.58089E-04, 5.56461E-05
262, 1.71754E-04, 1.76440E-04, 1.58740E-04, 5.64527E-05
263, 1.70916E-04, 1.77485E-04, 1.59329E-04, 5.70223E-05
264, 1.70074E-04, 1.78466E-04, 1.59852E-04, 5.73765E-05
265, 1.69229E-04, 1.79384E-04, 1.60308E-04, 5.73690E-05
266, 1.68383E-04, 1.80239E-04, 1.60696E-04, 5.70142E-05
267, 1.67537E-04, 1.81029E-04, 1.61014E-04, 5.63310E-05
268, 1.66692E-04, 1.81756E-04, 1.61260E-04, 5.53430E-05
269, 1.65849E-04, 1.82418E-04, 1.61434E-04, 5.40773E-05
270, 1.65008E-04, 1.83015E-04, 1.61535E-04, 5.25637E-05
271, 1.64170E-04, 1.83547E-04, 1.61563E-04, 5.08348E-05
272, 1.63335E-04, 1.84013E-04, 1.61517E-04, 4.89245E-05
273, 1.62503E-04, 1.84413E-04, 1.61398E-04, 4.68677E-05
274, 1.61673E-04, 1.84747E-04, 1.61205E-04, 4.46999E-05
275, 1.60843E-04, 1.85015E-04, 1.60941E-04, 4.24564E-05
276, 1.60014E-04, 1.85215E-04, 1.60604E-04, 4.01716E-05
277, 1.59184E-04, 1.85349E-04, 1.60197E-04, 3.79257E-05
278, 1.58352E-04, 1.85416E-04, 1.59721E-04, 3.57561E-05
279, 1.57515E-04, 1.85416E-04, 1.59178E-04, 3.36418E-05
280, 1.57224E-04, 1.85350E-04, 1.58568E-04, 3.16101E-05
281, 1.57049E-04, 1.85217E-04, 1.57895E-04, 3.16888E-05
282, 1.56858E-04, 1.85018E-04, 1.57160E-04, 3.19917E-05
283, 1.56654E-04, 1.84753E-04, 1.56365E-04, 3.22640E-05
284, 1.56438E-04, 1.84424E-04, 1.55512E-04, 3.39313E-05
285, 1.56211E-04, 1.84031E-04, 1.55092E-04, 3.63080E-05
286, 1.55974E-04, 1.83575E-04, 1.55501E-04, 3.86261E-05
287, 1.55729E-04, 1.83057E-04, 1.55848E-04, 4.06976E-05
288, 1.55477E-04, 1.82479E-04, 1.56133E-04, 4.24552E-05
289, 1.55218E-04, 1.81843E-04, 1.56356E-04, 4.38690E-05
290, 1.54953E-04, 1.81695E-04, 1.56517E-04, 4.49158E-05
291, 1.54683E-04, 1.82305E-04, 1.56615E-04, 4.55796E-05
292, 1.54408E-04, 1.82820E-04, 1.56650E-04, 4.58524E-05
293, 1.54128E-04, 1.83241E-04, 1.56621E-04, 4.57334E-05
294, 1.53843E-04, 1.83568E-04, 1.56527E-04, 4.52297E-05
295, 1.53553E-04, 1.83801E-04, 1.56368E-04, 4.43558E-05
296, 1.53258E-04, 1.83943E-04, 1.56143E-04, 4.31332E-05
297, 1.52957E-04, 1.83994E-04, 1.55851E-04, 4.15902E-05
298, 1.52649E-04, 1.83956E-04, 1.55491E-04, 3.97609E-05
299, 1.52335E-04, 1.83831E-04, 1.55063E-04, 3.76846E-05
300, 1.52013E-04, 1.83620E-04, 1.54565E-04, 3.54052E-05
301, 1.51682E-04, 1.83325E-04, 1.53997E-04, 3.38884E-05
302, 1.51358E-04, 1.82949E-04, 1.53543E-04, 3.38547E-05
303, 1.51557E-04, 1.82538E-04, 1.53235E-04, 3.38180E-05
304, 1.51740E-04, 1.83724E-04, 1.52869E-04, 3.37780E-05
305, 1.51907E-04, 1.84826E-04, 1.52444E-04, 3.37346E-05
306, 1.52057E-04, 1.85846E-04, 1.51961E-04, 3.37622E-05
307, 1.52188E-04, 1.86783E-04, 1.52193E-04, 3.49174E-05
308, 1.52299E-04, 1.87638E-04, 1.52803E-04, 3.59902E-05
309, 1.52390E-04, 1.88409E-04, 1.53343E-04, 3.69634E-05
310, 1.52460E-04, 1.89099E-04, 1.53811E-04, 3.78733E-05
311, 1.52508E-04, 1.89706E-04, 1.54207E-04, 3.87706E-05
312, 1.52534E-04, 1.90232E-04, 1.54529E-04, 3.95440E-05
313, 1.52537E-04, 1.90676E-04, 1.54776E-04, 4.01629E-05
314, 1.52517E-04, 1.91040E-04, 1.54948E-04, 4.06200E-05
315, 1.52475E-04, 1.91323E-04, 1.55045E-04, 4.09104E-05
316, 1.52409E-04, 1.91525E-04, 1.55065E-04, 4.10314E-05
317, 1.52321E-04, 1.91649E-04, 1.55011E-04, 4.09829E-05
318, 1.52211E-04, 1.91693E-04, 1.54881E-04, 4.07674E-05
319, 1.52079E-04, 1.91659E-04, 1.54677E-04, 4.03895E-05
320, 1.51927E-04, 1.91548E-04, 1.54399E-04, 3.99827E-05
321, 1.51754E-04, 1.91360E-04, 1.54049E-04, 3.94383E-05
322, 1.51561E-04, 1.91097E-04, 1.53627E-04, 3.87649E-05
323, 1.51350E-04, 1.90758E-04, 1.53135E-04, 3.79752E-05
324, 1.51122E-04, 1.90346E-04, 1.52574E-04, 3.70840E-05
325, 1.50877E-04, 1.89861E-04, 1.51947E-04, 3.61071E-05
326, 1.50617E-04, 1.89304E-04, 1.51254E-04, 3.51614E-05
327, 1.50342E-04, 1.88676E-04, 1.50498E-04, 3.51292E-05
328, 1.50055E-04, 1.87980E-04, 1.49680E-04, 3.56107E-05
329, 1.49754E-04, 1.87216E-04, 1.48803E-04, 3.61373E-05
330, 1.49443E-04, 1.86386E-04, 1.47868E-04, 3.69071E-05
331, 1.49121E-04, 1.85491E-04, 1.46876E-04, 3.88725E-05
332, 1.48790E-04, 1.84534E-04, 1.45831E-04, 4.06798E-05
333, 1.48449E-04, 1.83517E-04, 1.44734E-04, 4.23053E-05
334, 1.48101E-04, 1.82440E-04, 1.43587E-04, 4.37743E-05
335, 1.47745E-04, 1.81307E-04, 1.42392E-04, 4.50301E-05
336, 1.47381E-04, 1.80120E-04, 1.41150E-04, 4.60805E-05
337, 1.47011E-04, 1.78885E-04, 1.40805E-04, 4.68840E-05
338, 1.46634E-04, 1.78889E-04, 1.40593E-04, 4.74337E-05
339, 1.46251E-04, 1.78798E-04, 1.40316E-04, 4.77320E-05
340, 1.45861E-04, 1.78615E-04, 1.39973E-04, 4.77858E-05
341, 1.45464E-04, 1.78341E-04, 1.39563E-04, 4.76062E-05
342, 1.45061E-04, 1.77977E-04, 1.39087E-04, 4.72082E-05
343, 1.44651E-04, 1.77525E-04, 1.38544E-04, 4.66103E-05
344, 1.44233E-04, 1.76987E-04, 1.37935E-04, 4.58372E-05
345, 1.43808E-04, 1.76366E-04, 1.37259E-04, 4.49443E-05
346, 1.43375E-04, 1.75663E-04, 1.36517E-04, 4.39277E-05
347, 1.42933E-04, 1.74881E-04, 1.35708E-04, 4.30917E-05
348, 1.42482E-04, 1.74024E-04, 1.34834E-04, 4.29561E-05
349, 1.42021E-04, 1.73093E-04, 1.33894E-04, 4.27584E-05
350, 1.41551E-04, 1.72093E-04, 1.32899E-04, 4.25038E-05
351, 1.41070E-04, 1.71025E-04, 1.32267E-04, 4.21982E-05
352, 1.40714E-04, 1.71003E-04, 1.31584E-04, 4.18487E-05
353, 1.40706E-04, 1.71273E-04, 1.30850E-04, 4.14630E-05
354, 1.40683E-04, 1.71461E-04, 1.30381E-04, 4.14811E-05
355, 1.40644E-04, 1.71567E-04, 1.30561E-04, 4.20899E-05
356, 1.40589E-04, 1.71592E-04, 1.30676E-04, 4.26310E-05
357, 1.40518E-04, 1.71536E-04, 1.30725E-04, 4.36993E-05
358, 1.40430E-04, 1.71403E-04, 1.30708E-04, 4.47345E-05
359, 1.40326E-04, 1.71192E-04, 1.30625E-04, 4.56747E-05
360, 1.40204E-04, 1.70905E-04, 1.30477E-04, 4.65083E-05
361, 1.40066E-04, 1.70544E-04, 1.30262E-04, 4.72252E-05
362, 1.39911E-04, 1.70111E-04, 1.29982E-04, 4.78174E-05
363, 1.39740E-04, 1.69607E-04, 1.29638E-04, 4.82788E-05
364, 1.39552E-04, 1.69033E-04, 1.29230E-04, 4.86053E-05
365, 1.39349E-04, 1.68392E-04, 1.28758E-04, 4.87949E-05
366, 1.39129E-04, 1.67686E-04, 1.28225E-04, 4.88481E-05
367, 1.38895E-04, 1.66916E-04, 1.27631E-04, 4.87671E-05
368, 1.38645E-04, 1.66084E-04, 1.26977E-04, 4.85565E-05
369, 1.38382E-04, 1.65193E-04, 1.26266E-04, 4.82225E-05
370, 1.38104E-04, 1.64244E-04, 1.25497E-04, 4.77736E-05
371, 1.37813E-04, 1.63240E-04, 1.24674E-04, 4.73277E-05
372, 1.37510E-04, 1.62183E-04, 1.23798E-04, 4.68020E-05
373, 1.37194E-04, 1.61075E-04, 1.22870E-04, 4.62019E-05
374, 1.36867E-04, 1.59918E-04, 1.21892E-04, 4.55403E-05
375, 1.36529E-04, 1.58715E-04, 1.20867E-04, 4.48304E-05
376, 1.36180E-04, 1.57467E-04, 1.19797E-04, 4.43185E-05
377, 1.35822E-04, 1.56179E-04, 1.18682E-04, 4.50017E-05
378, 1.35454E-04, 1.54851E-04, 1.17526E-04, 4.59859E-05
379, 1.35077E-04, 1.53487E-04, 1.16331E-04, 4.69656E-05
380, 1.34691E-04, 1.52832E-04, 1.15098E-04, 4.78673E-05
381, 1.34297E-04, 1.53821E-04, 1.14533E-04, 4.86726E-05
382, 1.33896E-04, 1.54768E-04, 1.14179E-04, 4.93727E-05
383, 1.33486E-04, 1.55671E-04, 1.13833E-04, 4.99814E-05
384, 1.33070E-04, 1.56531E-04, 1.13479E-04, 5.04761E-05
385, 1.32647E-04, 1.57345E-04, 1.13118E-04, 5.08462E-05
386, 1.32216E-04, 1.58178E-04, 1.12749E-04, 5.10898E-05
387, 1.31779E-04, 1.59405E-04, 1.12374E-04, 5.12070E-05
388, 1.31336E-04, 1.60589E-04, 1.11991E-04, 5.11993E-05
389, 1.30885E-04, 1.61730E-04, 1.11600E-04, 5.10702E-05
390, 1.30429E-04, 1.62826E-04, 1.11203E-04, 5.08245E-05
391, 1.29965E-04, 1.63876E-04, 1.10797E-04, 5.04683E-05
392, 1.29495E-04, 1.64880E-04, 1.10384E-04, 5.00093E-05
393, 1.29019E-04, 1.65838E-04, 1.09963E-04, 4.94560E-05
394, 1.28535E-04, 1.66748E-04, 1.09534E-04, 4.88182E-05
395, 1.28045E-04, 1.67610E-04, 1.09097E-04, 4.81063E-05
396, 1.27548E-04, 1.68423E-04, 1.08652E-04, 4.73314E-05
397, 1.27043E-04, 1.69187E-04, 1.08198E-04, 4.65051E-05
398, 1.26532E-04, 1.69902E-04, 1.07735E-04, 4.56394E-05
399, 1.26013E-04, 1.70566E-04, 1.07263E-04, 4.48648E-05
400, 1.25486E-04, 1.71181E-04, 1.06783E-04, 4.42656E-05
401, 1.24952E-04, 1.71744E-04, 1.06293E-04, 4.36521E-05
402, 1.24410E-04, 1.72257E-04, 1.05794E-04, 4.33123E-05
403, 1.23860E-04, 1.72718E-04, 1.05285E-04, 4.34561E-05
404, 1.23302E-04, 1.73127E-04, 1.04768E-04, 4.36806E-05
405, 1.22737E-04, 1.73712E-04, 1.04240E-04, 4.39855E-05
406, 1.22163E-04, 1.74663E-04, 1.03703E-04, 4.44040E-05
407, 1.21581E-04, 1.75565E-04, 1.03157E-04, 4.48420E-05
408, 1.20990E-04, 1.76418E-04, 1.02601E-04, 4.52210E-05
409, 1.20392E-04, 1.77221E-04, 1.02035E-04, 4.54956E-05
410, 1.19786E-04, 1.77973E-04, 1.01508E-04, 4.56588E-05
411, 1.19171E-04, 1.78673E-04, 1.01522E-04, 4.57245E-05
412, 1.18549E-04, 1.79321E-04, 1.02555E-04, 4.56797E-05
413, 1.17919E-04, 1.79917E-04, 1.03572E-04, 4.55123E-05
414, 1.17281E-04, 1.80459E-04, 1.04573E-04, 4.52241E-05
415, 1.16635E-04, 1.80947E-04, 1.05556E-04, 4.48191E-05
416, 1.15983E-04, 1.81380E-04, 1.06521E-04, 4.43028E-05
417, 1.15323E-04, 1.81758E-04, 1.07468E-04, 4.36826E-05
418, 1.14656E-04, 1.82079E-04, 1.08485E-04, 4.29675E-05
419, 1.13982E-04, 1.82344E-04, 1.09750E-04, 4.21678E-05
420, 1.13303E-04, 1.82552E-04, 1.10999E-04, 4.12951E-05
421, 1.12617E-04, 1.82702E-04, 1.12234E-04, 4.03617E-05
422, 1.11939E-04, 1.82793E-04, 1.13453E-04, 3.93808E-05
423, 1.11652E-04, 1.83602E-04, 1.14655E-04, 3.87933E-05
424, 1.11356E-04, 1.84373E-04, 1.15841E-04, 3.82117E-05
425, 1.11052E-04, 1.85087E-04, 1.17011E-04, 3.78512E-05
426, 1.10739E-04, 1.85745E-04, 1.18162E-04, 3.75986E-05
427, 1.10419E-04, 1.86344E-04, 1.19296E-04, 3.76033E-05
428, 1.10091E-04, 1.86884E-04, 1.20412E-04, 3.78907E-05
429, 1.09756E-04, 1.87365E-04, 1.21509E-04, 3.81445E-05
430, 1.09414E-04, 1.87785E-04, 1.22587E-04, 3.83536E-05
431, 1.09065E-04, 1.88143E-04, 1.23645E-04, 3.85096E-05
432, 1.08710E-04, 1.88439E-04, 1.24683E-04, 3.86046E-05
433, 1.08349E-04, 1.88672E-04, 1.25701E-04, 3.86318E-05
434, 1.07983E-04, 1.88842E-04, 1.26698E-04, 3.85852E-05
435, 1.07610E-04, 1.88948E-04, 1.27672E-04, 3.84602E-05
436, 1.07232E-04, 1.88989E-04, 1.28625E-04, 3.82532E-05
437, 1.06849E-04, 1.88966E-04, 1.29682E-04, 3.79618E-05
438, 1.06461E-04, 1.88877E-04, 1.31049E-04, 3.75851E-05
439, 1.06068E-04, 1.88723E-04, 1.32404E-04, 3.71233E-05
440, 1.05671E-04, 1.89129E-04, 1.33746E-04, 3.65781E-05
441, 1.05268E-04, 1.89798E-04, 1.35074E-04, 3.59524E-05
442, 1.04861E-04, 1.90405E-04, 1.36388E-04, 3.52502E-05
443, 1.04448E-04, 1.90949E-04, 1.37687E-04, 3.44768E-05
444, 1.04032E-04, 1.91431E-04, 1.38969E-04, 3.36387E-05
445, 1.03770E-04, 1.91849E-04, 1.40233E-04, 3.27432E-05
446, 1.04325E-04, 1.92203E-04, 1.41479E-04, 3.17985E-05
447, 1.04858E-04, 1.92492E-04, 1.42706E-04, 3.08135E-05
448, 1.05542E-04, 1.92716E-04, 1.43912E-04, 2.97978E-05
449, 1.06286E-04, 1.92875E-04, 1.45096E-04, 2.89097E-05
450, 1.07006E-04, 1.93172E-04, 1.46258E-04, 2.83132E-05
451, 1.07701E-04, 1.93810E-04, 1.47396E-04, 2.78919E-05
452, 1.08371E-04, 1.94376E-04, 1.48509E-04, 2.80194E-05
453, 1.09016E-04, 1.95033E-04, 1.49596E-04, 2.81155E-05
454, 1.09635E-04, 1.96419E-04, 1.50656E-04, 2.81592E-05
455, 1.10228E-04, 1.97733E-04, 1.51689E-04, 2.81441E-05
456, 1.10795E-04, 1.98974E-04, 1.52937E-04, 2.80652E-05
457, 1.11335E-04, 2.00141E-04, 1.54428E-04, 2.79184E-05
458, 1.11848E-04, 2.01233E-04, 1.55898E-04, 2.77012E-05
459, 1.12335E-04, 2.02250E-04, 1.57346E-04, 2.74143E-05
460, 1.12794E-04, 2.03190E-04, 1.58770E-04, 2.70653E-05
461, 1.13226E-04, 2.04052E-04, 1.60169E-04, 2.66424E-05
462, 1.13630E-04, 2.04836E-04, 1.61543E-04, 2.61477E-05
463, 1.14007E-04, 2.05542E-04, 1.62891E-04, 2.55847E-05
464, 1.14356E-04, 2.06168E-04, 1.64210E-04, 2.49584E-05
465, 1.15002E-04, 2.06714E-04, 1.65501E-04, 2.42799E-05
466, 1.15620E-04, 2.07180E-04, 1.66762E-04, 2.35507E-05
467, 1.16208E-04, 2.07564E-04, 1.67993E-04, 2.27774E-05
468, 1.16766E-04, 2.07867E-04, 1.69192E-04, 2.19673E-05
469, 1.17294E-04, 2.08088E-04, 1.70359E-04, 2.11857E-05
470, 1.17793E-04, 2.08227E-04, 1.71492E-04, 2.06056E-05
471, 1.18261E-04, 2.08982E-04, 1.72592E-04, 2.00136E-05
472, 1.18700E-04, 2.10122E-04, 1.73656E-04, 1.95453E-05
473, 1.19109E-04, 2.11180E-04, 1.74685E-04, 1.93541E-05
474, 1.19487E-04, 2.12156E-04, 1.75677E-04, 1.91827E-05
475, 1.19836E-04, 2.13049E-04, 1.76633E-04, 1.90186E-05
476, 1.20154E-04, 2.13857E-04, 1.77550E-04, 1.88500E-05
477, 1.20443E-04, 2.14579E-04, 1.78428E-04, 1.86742E-05
478, 1.20702E-04, 2.15216E-04, 1.79744E-04, 1.84885E-05
479, 1.20931E-04, 2.15765E-04, 1.81261E-04, 1.82906E-05
480, 1.21144E-04, 2.16227E-04, 1.82749E-04, 1.80786E-05
481, 1.21721E-04, 2.16601E-04, 1.84206E-04, 1.78660E-05
482, 1.22267E-04, 2.16885E-04, 1.85633E-04, 1.76424E-05
483, 1.22780E-04, 2.17081E-04, 1.87026E-04, 1.73995E-05
484, 1.23261E-04, 2.17188E-04, 1.88386E-04, 1.71365E-05
485, 1.23710E-04, 2.17204E-04, 1.89712E-04, 1.68530E-05
486, 1.24126E-04, 2.17131E-04, 1.91001E-04, 1.65488E-05
487, 1.24510E-04, 2.16968E-04, 1.92253E-04, 1.62316E-05
488, 1.24860E-04, 2.16772E-04, 1.93467E-04, 1.58967E-05
489, 1.25178E-04, 2.17798E-04, 1.94642E-04, 1.55420E-05
490, 1.25463E-04, 2.18737E-04, 1.95776E-04, 1.51689E-05
491, 1.25716E-04, 2.19587E-04, 1.96868E-04, 1.47788E-05
492, 1.25935E-04, 2.20347E-04, 1.97917E-04, 1.43733E-05
493, 1.26121E-04, 2.21017E-04, 1.98921E-04, 1.39546E-05
494, 1.26274E-04, 2.21595E-04, 1.99880E-04, 1.35247E-05
495, 1.26395E-04, 2.22082E-04, 2.00792E-04, 1.30860E-05
496, 1.26482E-04, 2.22476E-04, 2.01655E-04, 1.26408E-05
497, 1.26856E-04, 2.22778E-04, 2.02470E-04, 1.21917E-05
498, 1.27379E-04, 2.22986E-04, 2.03233E-04, 1.17412E-05
499, 1.27867E-04, 2.23101E-04, 2.03945E-04, 1.12918E-05
500, 1.28318E-04, 2.23122E-04, 2.05413E-04, 1.08459E-05
501, 1.28732E-04, 2.23049E-04, 2.06969E-04, 1.04059E-05
502, 1.29109E-04, 2.22882E-04, 2.08484E-04, 9.97401E-06
503, 1.29450E-04, 2.22621E-04, 2.09956E-04, 9.55238E-06
504, 1.29753E-04, 2.22266E-04, 2.11383E-04, 9.14287E-06
505, 1.30020E-04, 2.21817E-04, 2.12764E-04, 8.74716E-06
506, 1.30249E-04, 2.21275E-04, 2.14098E-04, 8.36668E-06
507, 1.30441E-04, 2.22151E-04, 2.15382E-04, 8.00262E-06
508, 1.30596E-04, 2.22991E-04, 2.16617E-04, 7.65589E-06
509, 1.30747E-04, 2.23739E-04, 2.17799E-04, 7.35012E-06
510, 1.31112E-04, 2.24395E-04, 2.18928E-04, 7.11105E-06
511, 1.31439E-04, 2.24957E-04, 2.20003E-04, 6.85959E-06
512, 1.31727E-04, 2.25425E-04, 2.21021E-04, 6.59611E-06
513, 1.31978E-04, 2.25798E-04, 2.21983E-04, 6.32129E-06
514, 1.32190E-04, 2.26075E-04, 2.22887E-04, 6.04015E-06
515, 1.32802E-04, 2.26257E-04, 2.23732E-04, 5.76765E-06
516, 1.33470E-04, 2.26342E-04, 2.24516E-04, 5.52234E-06
517, 1.34097E-04, 2.26330E-04, 2.25239E-04, 5.32669E-06
518, 1.34683E-04, 2.26221E-04, 2.25899E-04, 5.14268E-06
519, 1.35228E-04, 2.26015E-04, 2.26497E-04, 4.96856E-06
520, 1.35732E-04, 2.25711E-04, 2.27030E-04, 4.80250E-06
521, 1.36194E-04, 2.25310E-04, 2.27498E-04, 4.64253E-06
522, 1.36615E-04, 2.24812E-04, 2.28680E-04, 4.48669E-06
523, 1.36994E-04, 2.24216E-04, 2.30222E-04, 4.33296E-06
524, 1.37332E-04, 2.23524E-04, 2.31714E-04, 4.17935E-06
525, 1.37628E-04, 2.22854E-04, 2.33152E-04, 4.02393E-06
526, 1.37882E-04, 2.23710E-04, 2.34535E-04, 3.86483E-06
527, 1.38095E-04, 2.24473E-04, 2.35863E-04, 3.70031E-06
528, 1.38266E-04, 2.25143E-04, 2.37133E-04, 3.52875E-06
529, 1.38396E-04, 2.25716E-04, 2.38345E-04, 3.61192E-06
530, 1.38484E-04, 2.26194E-04, 2.39497E-04, 3.81011E-06
531, 1.38812E-04, 2.26575E-04, 2.40587E-04, 4.00129E-06
532, 1.39465E-04, 2.26859E-04, 2.41614E-04, 4.18525E-06
533, 1.40075E-04, 2.27044E-04, 2.42577E-04, 4.36181E-06
534, 1.40639E-04, 2.27132E-04, 2.43474E-04, 4.53083E-06
535, 1.41158E-04, 2.27120E-04, 2.44305E-04, 4.69220E-06
536, 1.41632E-04, 2.27009E-04, 2.45067E-04, 4.84587E-06
537, 1.42060E-04, 2.26798E-04, 2.45760E-04, 4.99181E-06
538, 1.42443E-04, 2.26488E-04, 2.46382E-04, 5.13002E-06
539, 1.42780E-04, 2.26079E-04, 2.46933E-04, 5.26057E-06
540, 1.43072E-04, 2.25570E-04, 2.47410E-04, 5.38354E-06
541, 1.43317E-04, 2.24962E-04, 2.47813E-04, 5.49907E-06
542, 1.43517E-04, 2.24255E-04, 2.48141E-04, 5.60731E-06
543, 1.43671E-04, 2.23449E-04, 2.48392E-04, 5.70847E-06
544, 1.43779E-04, 2.22546E-04, 2.48567E-04, 5.80277E-06
545, 1.43842E-04, 2.21971E-04, 2.49946E-04, 5.89047E-06
546, 1.43859E-04, 2.22758E-04, 2.51452E-04, 5.97183E-06
547, 1.43830E-04, 2.23453E-04, 2.52896E-04, 6.07128E-06
548, 1.43757E-04, 2.24053E-04, 2.54276E-04, 6.19103E-06
549, 1.44347E-04, 2.24558E-04, 2.55588E-04, 6.30592E-06
550, 1.44957E-04, 2.24968E-04, 2.56832E-04, 6.41614E-06
551, 1.45518E-04, 2.25281E-04, 2.58006E-04, 6.52187E-06
552, 1.46028E-04, 2.25497E-04, 2.59109E-04, 6.68663E-06
553, 1.46489E-04, 2.25615E-04, 2.60138E-04, 6.97461E-06
554, 1.46899E-04, 2.25636E-04, 2.61092E-04, 7.23262E-06
555, 1.47259E-04, 2.25557E-04, 2.61970E-04, 7.45905E-06
556, 1.47569E-04, 2.25380E-04, 2.62770E-04, 7.65283E-06
557, 1.47829E-04, 2.25105E-04, 2.63491E-04, 7.81342E-06
558, 1.48038E-04, 2.24730E-04, 2.64131E-04, 7.94082E-06
559, 1.48197E-04, 2.24256E-04, 2.64689E-04, 8.03553E-06
560, 1.48477E-04, 2.23684E-04, 2.65164E-04, 8.09857E-06
561, 1.49207E-04, 2.23013E-04, 2.65556E-04, 8.13140E-06
562, 1.49907E-04, 2.22244E-04, 2.65862E-04, 8.13594E-06
563, 1.50576E-04, 2.21377E-04, 2.66082E-04, 8.11447E-06
564, 1.51216E-04, 2.20412E-04, 2.66215E-04, 8.06963E-06
565, 1.51825E-04, 2.19351E-04, 2.66261E-04, 8.02218E-06
566, 1.52404E-04, 2.18965E-04, 2.66218E-04, 7.98543E-06
567, 1.52952E-04, 2.19698E-04, 2.66086E-04, 7.94159E-06
568, 1.53470E-04, 2.20340E-04, 2.66588E-04, 7.88903E-06
569, 1.53958E-04, 2.20889E-04, 2.68044E-04, 7.87846E-06
570, 1.54415E-04, 2.21345E-04, 2.69428E-04, 7.95965E-06
571, 1.55215E-04, 2.21706E-04, 2.70738E-04, 8.05194E-06
572, 1.56128E-04, 2.21972E-04, 2.71973E-04, 8.14360E-06
573, 1.57010E-04, 2.22143E-04, 2.73130E-04, 8.23460E-06
574, 1.57861E-04, 2.22218E-04, 2.74210E-04, 8.32491E-06
575, 1.58681E-04, 2.22196E-04, 2.75209E-04, 8.41447E-06
576, 1.59470E-04, 2.22078E-04, 2.76126E-04, 8.50319E-06
577, 1.60227E-04, 2.21862E-04, 2.76961E-04, 8.59097E-06
578, 1.60952E-04, 2.21549E-04, 2.77711E-04, 8.67770E-06
579, 1.61646E-04, 2.21138E-04, 2.78375E-04, 8.76324E-06
580, 1.62309E-04, 2.20629E-04, 2.78952E-04, 8.84744E-06
581, 1.62939E-04, 2.20024E-04, 2.79441E-04, 8.93016E-06
582, 1.63538E-04, 2.19321E-04, 2.79840E-04, 9.01122E-06
583, 1.64105E-04, 2.18522E-04, 2.80148E-04, 9.09046E-06
584, 1.64639E-04, 2.17626E-04, 2.80365E-04, 9.16772E-06
585, 1.65143E-04, 2.16676E-04, 2.80488E-04, 9.24282E-06
586, 1.65614E-04, 2.16104E-04, 2.80518E-04, 9.31560E-06
587, 1.66054E-04, 2.15434E-04, 2.80454E-04, 9.38590E-06
588, 1.66462E-04, 2.14667E-04, 2.80294E-04, 9.45356E-06
589, 1.66838E-04, 2.14910E-04, 2.80038E-04, 9.51846E-06
590, 1.67184E-04, 2.15493E-04, 2.79685E-04, 9.58045E-06
591, 1.67497E-04, 2.15987E-04, 2.79235E-04, 9.63942E-06
592, 1.67957E-04, 2.16390E-04, 2.79072E-04, 9.69527E-06
593, 1.68763E-04, 2.16701E-04, 2.80461E-04, 9.74791E-06
594, 1.69536E-04, 2.16921E-04, 2.81771E-04, 9.86289E-06
595, 1.70277E-04, 2.17048E-04, 2.83000E-04, 1.00082E-05
596, 1.70985E-04, 2.17083E-04, 2.84146E-04, 1.01512E-05
597, 1.71660E-04, 2.17023E-04, 2.85208E-04, 1.02908E-05
598, 1.72301E-04, 2.16871E-04, 2.86183E-04, 1.04260E-05
599, 1.72911E-04, 2.16624E-04, 2.87069E-04, 1.05559E-05
600, 1.73487E-04, 2.16283E-04, 2.87866E-04, 1.06796E-05
601, 1.74030E-04, 2.15869E-04, 2.88572E-04, 1.07961E-05
602, 1.74541E-04, 2.15621E-04, 2.89185E-04, 1.09049E-05
603, 1.75019E-04, 2.15273E-04, 2.89703E-04, 1.10072E-05
604, 1.75464E-04, 2.14826E-04, 2.90127E-04, 1.11037E-05
605, 1.75876E-04, 2.14281E-04, 2.90454E-04, 1.11904E-05
606, 1.76257E-04, 2.13638E-04, 2.90683E-04, 1.12682E-05
607, 1.76605E-04, 2.12899E-04, 2.90814E-04, 1.13422E-05
608, 1.76920E-04, 2.12065E-04, 2.90845E-04, 1.14064E-05
609, 1.77204E-04, 2.11137E-04, 2.90775E-04, 1.14610E-05
610, 1.77456E-04, 2.10116E-04, 2.90604E-04, 1.15061E-05
611, 1.77675E-04, 2.09004E-04, 2.90332E-04, 1.15422E-05
612, 1.78007E-04, 2.09172E-04, 2.89958E-04, 1.15697E-05
613, 1.78343E-04, 2.09850E-04, 2.89480E-04, 1.15891E-05
614, 1.78646E-04, 2.10429E-04, 2.88900E-04, 1.16012E-05
615, 1.79245E-04, 2.10908E-04, 2.88216E-04, 1.16067E-05
616, 1.79896E-04, 2.11288E-04, 2.87430E-04, 1.16063E-05
617, 1.80514E-04, 2.11568E-04, 2.86835E-04, 1.16009E-05
618, 1.81157E-04, 2.11748E-04, 2.88112E-04, 1.15989E-05
619, 1.81863E-04, 2.11830E-04, 2.89304E-04, 1.16862E-05
620, 1.82533E-04, 2.11812E-04, 2.90410E-04, 1.17722E-05
621, 1.83169E-04, 2.11695E-04, 2.91428E-04, 1.18571E-05
622, 1.83770E-04, 2.11481E-04, 2.92356E-04, 1.19408E-05
623, 1.84338E-04, 2.11169E-04, 2.93193E-04, 1.20232E-05
624, 1.84871E-04, 2.10760E-04, 2.93936E-04, 1.21044E-05
625, 1.85370E-04, 2.10254E-04, 2.94586E-04, 1.21842E-05
626, 1.85835E-04, 2.09654E-04, 2.95140E-04, 1.22625E-05
627, 1.86267E-04, 2.08960E-04, 2.95598E-04, 1.23394E-05
628, 1.86666E-04, 2.08172E-04, 2.95958E-04, 1.24145E-05
629, 1.87032E-04, 2.07292E-04, 2.96218E-04, 1.24879E-05
630, 1.87365E-04, 2.06322E-04, 2.96379E-04, 1.25593E-05
631, 1.87665E-04, 2.05263E-04, 2.96439E-04, 1.26285E-05
632, 1.87933E-04, 2.04115E-04, 2.96398E-04, 1.26955E-05
633, 1.88169E-04, 2.03026E-04, 2.96253E-04, 1.27599E-05
634, 1.88374E-04, 2.03692E-04, 2.96006E-04, 1.28215E-05
635, 1.88547E-04, 2.04262E-04, 2.95656E-04, 1.28803E-05
636, 1.88690E-04, 2.04737E-04, 2.95201E-04, 1.29358E-05
637, 1.88801E-04, 2.05117E-04, 2.94641E-04, 1.29880E-05
638, 1.88882E-04, 2.05401E-04, 2.93977E-04, 1.30366E-05
639, 1.89107E-04, 2.05589E-04, 2.93209E-04, 1.30813E-05
640, 1.89724E-04, 2.05683E-04, 2.92335E-04, 1.31219E-05
641, 1.90307E-04, 2.05681E-04, 2.91356E-04, 1.31583E-05
642, 1.90856E-04, 2.05585E-04, 2.90273E-04, 1.31902E-05
643, 1.91373E-04, 2.05395E-04, 2.89522E-04, 1.32748E-05
644, 1.91857E-04, 2.05111E-04, 2.90681E-04, 1.33571E-05
645, 1.92308E-04, 2.04734E-04, 2.91753E-04, 1.34356E-05
646, 1.92726E-04, 2.04265E-04, 2.92735E-04, 1.35100E-05
647, 1.93112E-04, 2.03705E-04, 2.93625E-04, 1.35800E-05
648, 1.93466E-04, 2.03054E-04, 2.94424E-04, 1.36454E-05
649, 1.93789E-04, 2.02314E-04, 2.95127E-04, 1.37060E-05
650, 1.94079E-04, 2.01486E-04, 2.95736E-04, 1.37617E-05
651, 1.94339E-04, 2.00571E-04, 2.96247E-04, 1.38123E-05
652, 1.94568E-04, 1.99570E-04, 2.96661E-04, 1.38577E-05
653, 1.94765E-04, 1.98485E-04, 2.96975E-04, 1.38978E-05
654, 1.94933E-04, 1.97317E-04, 2.97190E-04, 1.39325E-05
655, 1.95070E-04, 1.96068E-04, 2.97303E-04, 1.39618E-05
656, 1.95177E-04, 1.96091E-04, 2.97314E-04, 1.39856E-05
657, 1.95255E-04, 1.96624E-04, 2.97223E-04, 1.40041E-05
658, 1.95304E-04, 1.97067E-04, 2.97029E-04, 1.40172E-05
659, 1.95324E-04, 1.97421E-04, 2.96730E-04, 1.40251E-05
660, 1.95316E-04, 1.97684E-04, 2.96328E-04, 1.40277E-05
661, 1.95280E-04, 1.97858E-04, 2.95821E-04, 1.40253E-05
662, 1.95215E-04, 1.97942E-04, 2.95210E-04, 1.40178E-05
663, 1.95255E-04, 1.97936E-04, 2.94494E-04, 1.40056E-05
664, 1.95756E-04, 1.97841E-04, 2.93674E-04, 1.39888E-05
665, 1.96225E-04, 1.97657E-04, 2.92749E-04, 1.39674E-05
666, 1.96663E-04, 1.97386E-04, 2.91720E-04, 1.39417E-05
667, 1.97070E-04, 1.97026E-04, 2.90587E-04, 1.39119E-05
668, 1.97445E-04, 1.96580E-04, 2.89351E-04, 1.39295E-05
669, 1.97789E-04, 1.96048E-04, 2.88012E-04, 1.39465E-05
670, 1.98103E-04, 1.95431E-04, 2.87333E-04, 1.39612E-05
671, 1.98386E-04, 1.94730E-04, 2.88350E-04, 1.39736E-05
672, 1.98639E-04, 1.93946E-04, 2.89279E-04, 1.39838E-05
673, 1.98861E-04, 1.93080E-04, 2.90118E-04, 1.39919E-05
674, 1.99054E-04, 1.92133E-04, 2.90866E-04, 1.39981E-05
675, 1.99218E-04, 1.91107E-04, 2.91521E-04, 1.40023E-05
676, 1.99352E-04, 1.90002E-04, 2.92083E-04, 1.40047E-05
677, 1.99458E-04, 1.88821E-04, 2.92550E-04, 1.40051E-05
678, 1.99535E-04, 1.87565E-04, 2.92922E-04, 1.40037E-05
679, 1.99583E-04, 1.87401E-04, 2.93196E-04, 1.40004E-05
680, 1.99604E-04, 1.87868E-04, 2.93373E-04, 1.39951E-05
681, 1.99597E-04, 1.88250E-04, 2.93452E-04, 1.39878E-05
682, 1.99563E-04, 1.88549E-04, 2.93432E-04, 1.39784E-05
683, 1.99502E-04, 1.88765E-04, 2.93311E-04, 1.39668E-05
684, 1.99414E-04, 1.88896E-04, 2.93091E-04, 1.39528E-05
685, 1.99301E-04, 1.88945E-04, 2.92770E-04, 1.39364E-05
686, 1.99161E-04, 1.88910E-04, 2.92349E-04, 1.39173E-05
687, 1.98996E-04, 1.88792E-04, 2.91826E-04, 1.38955E-05
688, 1.99428E-04, 1.88592E-04, 2.91202E-04, 1.38708E-05
689, 2.00551E-04, 1.88311E-04, 2.90477E-04, 1.38430E-05
690, 2.01651E-04, 1.87948E-04, 2.89651E-04, 1.38119E-05
691, 2.02728E-04, 1.87504E-04, 2.88723E-04, 1.37775E-05
692, 2.03782E-04, 1.86981E-04, 2.87695E-04, 1.37396E-05
693, 2.04812E-04, 1.86380E-04, 2.86567E-04, 1.37259E-05
694, 2.05817E-04, 1.85700E-04, 2.85340E-04, 1.37376E-05
695, 2.06798E-04, 1.84943E-04, 2.84013E-04, 1.37465E-05
696, 2.07754E-04, 1.84111E-04, 2.82588E-04, 1.37523E-05
697, 2.08684E-04, 1.83204E-04, 2.81066E-04, 1.37548E-05
698, 2.09589E-04, 1.82224E-04, 2.80723E-04, 1.37541E-05
699, 2.10468E-04, 1.81171E-04, 2.81594E-04, 1.37498E-05
700, 2.11320E-04, 1.80048E-04, 2.82378E-04, 1.37421E-05
701, 2.12146E-04, 1.78855E-04, 2.83074E-04, 1.37307E-05
702, 2.12944E-04, 1.77595E-04, 2.83680E-04, 1.37157E-05
703, 2.13716E-04, 1.77843E-04, 2.84195E-04, 1.36971E-05
704, 2.14461E-04, 1.78215E-04, 2.84619E-04, 1.36749E-05
705, 2.15178E-04, 1.78510E-04, 2.84950E-04, 1.36492E-05
706, 2.15868E-04, 1.78728E-04, 2.85188E-04, 1.36200E-05
707, 2.16530E-04, 1.78870E-04, 2.85332E-04, 1.35875E-05
708, 2.17164E-04, 1.78934E-04, 2.85381E-04, 1.35518E-05
709, 2.17770E-04, 1.78923E-04, 2.85335E-04, 1.35130E-05
710, 2.18354E-04, 1.78835E-04, 2.85193E-04, 1.34714E-05
711, 2.18978E-04, 1.78671E-04, 2.84956E-04, 1.34270E-05
712, 2.19572E-04, 1.78432E-04, 2.84622E-04, 1.33802E-05
713, 2.20134E-04, 1.78118E-04, 2.84192E-04, 1.33311E-05
714, 2.20666E-04, 1.77730E-04, 2.83665E-04, 1.32799E-05
715, 2.21168E-04, 1.77268E-04, 2.83043E-04, 1.32268E-05
716, 2.21639E-04, 1.76734E-04, 2.82324E-04, 1.31721E-05
717, 2.22079E-04, 1.76128E-04, 2.81509E-04, 1.31160E-05
718, 2.22489E-04, 1.75451E-04, 2.80599E-04, 1.30587E-05
719, 2.22869E-04, 1.74704E-04, 2.79593E-04, 1.30373E-05
720, 2.23218E-04, 1.73888E-04, 2.78493E-04, 1.30291E-05
721, 2.23537E-04, 1.73005E-04, 2.77300E-04, 1.30213E-05
722, 2.23826E-04, 1.72054E-04, 2.76013E-04, 1.30140E-05
723, 2.24085E-04, 1.71038E-04, 2.74634E-04, 1.30073E-05
724, 2.24314E-04, 1.69958E-04, 2.73163E-04, 1.30012E-05
725, 2.24513E-04, 1.68815E-04, 2.71602E-04, 1.29958E-05
726, 2.24683E-04, 1.67610E-04, 2.69953E-04, 1.29911E-05
727, 2.24824E-04, 1.67266E-04, 2.70238E-04, 1.29871E-05
728, 2.24935E-04, 1.67594E-04, 2.70944E-04, 1.29838E-05
729, 2.25018E-04, 1.67852E-04, 2.71567E-04, 1.29810E-05
730, 2.25071E-04, 1.68040E-04, 2.72106E-04, 1.29788E-05
731, 2.25096E-04, 1.68158E-04, 2.72559E-04, 1.29770E-05
732, 2.25092E-04, 1.68206E-04, 2.72925E-04, 1.29754E-05
733, 2.25060E-04, 1.68185E-04, 2.73206E-04, 1.29741E-05
734, 2.24999E-04, 1.68094E-04, 2.73398E-04, 1.29728E-05
735, 2.24911E-04, 1.67935E-04, 2.73503E-04, 1.29713E-05
736, 2.24795E-04, 1.67706E-04, 2.73518E-04, 1.29696E-05
737, 2.24651E-04, 1.67410E-04, 2.73445E-04, 1.29674E-05
738, 2.24480E-04, 1.67047E-04, 2.73283E-04, 1.29646E-05
739, 2.24282E-04, 1.66616E-04, 2.73031E-04, 1.29610E-05
740, 2.24057E-04, 1.66119E-04, 2.72689E-04, 1.29564E-05
741, 2.23806E-04, 1.65557E-04, 2.72258E-04, 1.29508E-05
742, 2.23528E-04, 1.64930E-04, 2.71737E-04, 1.29439E-05
743, 2.23224E-04, 1.64239E-04, 2.71126E-04, 1.29357E-05
744, 2.22894E-04, 1.63485E-04, 2.70426E-04, 1.29287E-05
745, 2.22538E-04, 1.62670E-04, 2.69636E-04, 1.29659E-05
746, 2.22157E-04, 1.61794E-04, 2.68758E-04, 1.30021E-05
747, 2.21751E-04, 1.60858E-04, 2.67792E-04, 1.30374E-05
748, 2.21320E-04, 1.59863E-04, 2.66738E-04, 1.30716E-05
749, 2.20865E-04, 1.58811E-04, 2.65597E-04, 1.31047E-05
750, 2.20385E-04, 1.57703E-04, 2.64369E-04, 1.31364E-05
751, 2.19882E-04, 1.56541E-04, 2.63057E-04, 1.31670E-05
752, 2.19478E-04, 1.56242E-04, 2.61660E-04, 1.31962E-05
753, 2.19112E-04, 1.56500E-04, 2.60179E-04, 1.32241E-05
754, 2.18721E-04, 1.56694E-04, 2.58616E-04, 1.32507E-05
755, 2.18304E-04, 1.56826E-04, 2.56972E-04, 1.32762E-05
756, 2.17863E-04, 1.56894E-04, 2.56010E-04, 1.33005E-05
757, 2.17398E-04, 1.56900E-04, 2.56612E-04, 1.33237E-05
758, 2.16909E-04, 1.56842E-04, 2.57135E-04, 1.33459E-05
759, 2.16396E-04, 1.56723E-04, 2.57580E-04, 1.33673E-05
760, 2.15860E-04, 1.56541E-04, 2.57945E-04, 1.33879E-05
761, 2.15301E-04, 1.56298E-04, 2.58230E-04, 1.34078E-05
762, 2.14720E-04, 1.55993E-04, 2.58434E-04, 1.34273E-05
763, 2.14117E-04, 1.55627E-04, 2.58557E-04, 1.34464E-05
764, 2.13492E-04, 1.55202E-04, 2.58599E-04, 1.34652E-05
765, 2.12846E-04, 1.54716E-04, 2.58558E-04, 1.34839E-05
766, 2.12179E-04, 1.54172E-04, 2.58435E-04, 1.35026E-05
767, 2.11492E-04, 1.53570E-04, 2.58230E-04, 1.35214E-05
768, 2.10784E-04, 1.52910E-04, 2.57943E-04, 1.35405E-05
769, 2.10057E-04, 1.52194E-04, 2.57573E-04, 1.35599E-05
770, 2.09311E-04, 1.51422E-04, 2.57122E-04, 1.35848E-05
771, 2.08546E-04, 1.50596E-04, 2.56588E-04, 1.36469E-05
772, 2.07763E-04, 1.49716E-04, 2.55972E-04, 1.37105E-05
773, 2.06961E-04, 1.48784E-04, 2.55275E-04, 1.37754E-05
774, 2.06142E-04, 1.47800E-04, 2.54497E-04, 1.38417E-05
775, 2.05816E-04, 1.46765E-04, 2.53638E-04, 1.39093E-05
776, 2.06279E-04, 1.45682E-04, 2.52699E-04, 1.39781E-05
777, 2.06705E-04, 1.44645E-04, 2.51680E-04, 1.40481E-05
778, 2.07094E-04, 1.44873E-04, 2.50583E-04, 1.41191E-05
779, 2.07446E-04, 1.45044E-04, 2.49408E-04, 1.41911E-05
780, 2.07761E-04, 1.45159E-04, 2.48156E-04, 1.42638E-05
781, 2.08038E-04, 1.45218E-04, 2.46827E-04, 1.43372E-05
782, 2.08279E-04, 1.45220E-04, 2.45424E-04, 1.44111E-05
783, 2.08483E-04, 1.45167E-04, 2.43946E-04, 1.44852E-05
784, 2.08650E-04, 1.45057E-04, 2.42396E-04, 1.45596E-05
785, 2.08781E-04, 1.44892E-04, 2.40774E-04, 1.46338E-05
786, 2.08875E-04, 1.44671E-04, 2.39385E-04, 1.47079E-05
787, 2.08934E-04, 1.44395E-04, 2.39850E-04, 1.47816E-05
788, 2.08956E-04, 1.44065E-04, 2.40244E-04, 1.48546E-05
789, 2.08942E-04, 1.43681E-04, 2.40564E-04, 1.49270E-05
790, 2.08893E-04, 1.43243E-04, 2.40812E-04, 1.49984E-05
791, 2.08809E-04, 1.42752E-04, 2.40987E-04, 1.50687E-05
792, 2.08689E-04, 1.42209E-04, 2.41087E-04, 1.51378E-05
793, 2.08535E-04, 1.41614E-04, 2.41114E-04, 1.52056E-05
794, 2.08346E-04, 1.40968E-04, 2.41066E-04, 1.52719E-05
795, 2.08123E-04, 1.40272E-04, 2.40943E-04, 1.53366E-05
796, 2.07866E-04, 1.39526E-04, 2.40746E-04, 1.54272E-05
797, 2.07576E-04, 1.38732E-04, 2.40475E-04, 1.55259E-05
798, 2.07252E-04, 1.37891E-04, 2.40129E-04, 1.56234E-05
799, 2.06895E-04, 1.37003E-04, 2.39709E-04, 1.57196E-05
800, 2.06506E-04, 1.36069E-04, 2.39214E-04, 1.58146E-05
801, 2.06085E-04, 1.35091E-04, 2.38645E-04, 1.59082E-05
802, 2.05631E-04, 1.34069E-04, 2.38003E-04, 1.60005E-05
803, 2.05147E-04, 1.33005E-04, 2.37288E-04, 1.60914E-05
804, 2.05399E-04, 1.33004E-04, 2.36500E-04, 1.61809E-05
805, 2.05825E-04, 1.33130E-04, 2.35639E-04, 1.62691E-05
806, 2.06213E-04, 1.33207E-04, 2.34708E-04, 1.63559E-05
807, 2.06562E-04, 1.33234E-04, 2.33705E-04, 1.64415E-05
808, 2.06873E-04, 1.33210E-04, 2.32632E-04, 1.65259E-05
809, 2.07145E-04, 1.33138E-04, 2.31490E-04, 1.66092E-05
810, 2.07378E-04, 1.33015E-04, 2.30279E-04, 1.66914E-05
811, 2.07573E-04, 1.32843E-04, 2.29001E-04, 1.67726E-05
812, 2.07730E-04, 1.32622E-04, 2.27656E-04, 1.68529E-05
813, 2.07847E-04, 1.32353E-04, 2.26246E-04, 1.69324E-05
814, 2.07927E-04, 1.32035E-04, 2.24771E-04, 1.70111E-05
815, 2.07968E-04, 1.31669E-04, 2.23234E-04, 1.70892E-05
816, 2.07971E-04, 1.31255E-04, 2.21634E-04, 1.71667E-05
817, 2.07935E-04, 1.30795E-04, 2.20772E-04, 1.72437E-05
818, 2.07862E-04, 1.30288E-04, 2.21064E-04, 1.73202E-05
819, 2.07751E-04, 1.29735E-04, 2.21291E-04, 1.73964E-05
820, 2.07602E-04, 1.29136E-04, 2.21453E-04, 1.74722E-05
821, 2.07416E-04, 1.28493E-04, 2.21548E-04, 1.75602E-05
822, 2.07193E-04, 1.27807E-04, 2.21578E-04, 1.76657E-05
823, 2.06933E-04, 1.27077E-04, 2.21541E-04, 1.77717E-05
824, 2.06636E-04, 1.26305E-04, 2.21438E-04, 1.78781E-05
825, 2.06303E-04, 1.25491E-04, 2.21269E-04, 1.79850E-05
826, 2.05934E-04, 1.24637E-04, 2.21034E-04, 1.80923E-05
827, 2.05530E-04, 1.23743E-04, 2.20732E-04, 1.81999E-05
828, 2.05090E-04, 1.22811E-04, 2.20364E-04, 1.83077E-05
829, 2.04615E-04, 1.21841E-04, 2.19930E-04, 1.84158E-05
830, 2.04106E-04, 1.20877E-04, 2.19430E-04, 1.85240E-05
831, 2.03562E-04, 1.20990E-04, 2.18865E-04, 1.86323E-05
832, 2.02984E-04, 1.21060E-04, 2.18235E-04, 1.87405E-05
833, 2.02374E-04, 1.21087E-04, 2.17541E-04, 1.88485E-05
834, 2.01730E-04, 1.21070E-04, 2.16782E-04, 1.89564E-05
835, 2.01514E-04, 1.21009E-04, 2.15960E-04, 1.90638E-05
836, 2.01884E-04, 1.20906E-04, 2.15075E-04, 1.91709E-05
837, 2.02214E-04, 1.21105E-04, 2.14127E-04, 1.92774E-05
838, 2.02504E-04, 1.21592E-04, 2.13118E-04, 1.93832E-05
839, 2.02754E-04, 1.22063E-04, 2.12048E-04, 1.94884E-05
840, 2.02963E-04, 1.22520E-04, 2.10918E-04, 1.95927E-05
841, 2.03133E-04, 1.22962E-04, 2.09728E-04, 1.96962E-05
842, 2.03262E-04, 1.23389E-04, 2.08481E-04, 1.97987E-05
843, 2.03351E-04, 1.23801E-04, 2.07176E-04, 1.99003E-05
844, 2.03399E-04, 1.24198E-04, 2.05815E-04, 2.00008E-05
845, 2.03407E-04, 1.24581E-04, 2.04398E-04, 2.01042E-05
846, 2.03376E-04, 1.24949E-04, 2.02927E-04, 2.02258E-05
847, 2.03304E-04, 1.25303E-04, 2.01404E-04, 2.03467E-05
848, 2.03192E-04, 1.25642E-04, 1.99986E-04, 2.04671E-05
849, 2.03040E-04, 1.25967E-04, 2.00141E-04, 2.05869E-05
850, 2.02849E-04, 1.26277E-04, 2.00238E-04, 2.07061E-05
851, 2.02618E-04, 1.26573E-04, 2.00277E-04, 2.08247E-05
852, 2.02348E-04, 1.26855E-04, 2.00258E-04, 2.09427E-05
853, 2.02039E-04, 1.27122E-04, 2.00181E-04, 2.10603E-05
854, 2.01691E-04, 1.27376E-04, 2.00045E-04, 2.11774E-05
855, 2.01305E-04, 1.27615E-04, 1.99851E-04, 2.12941E-05
856, 2.00880E-04, 1.27841E-04, 1.99599E-04, 2.14105E-05
857, 2.00418E-04, 1.28053E-04, 1.99289E-04, 2.15266E-05
858, 1.99918E-04, 1.28251E-04, 1.98920E-04, 2.16426E-05
859, 1.99380E-04, 1.28436E-04, 1.98495E-04, 2.17584E-05
860, 1.98806E-04, 1.28607E-04, 1.98011E-04, 2.18743E-05
861, 1.98195E-04, 1.28765E-04, 1.97471E-04, 2.19902E-05
862, 1.97549E-04, 1.28909E-04, 1.96874E-04, 2.21346E-05
863, 1.96867E-04, 1.29041E-04, 1.96221E-04, 2.22814E-05
864, 1.96149E-04, 1.29159E-04, 1.95512E-04, 2.24280E-05
865, 1.95397E-04, 1.29265E-04, 1.94748E-04, 2.25744E-05
866, 1.94611E-04, 1.29358E-04, 1.93928E-04, 2.27208E-05
867, 1.93791E-04, 1.29438E-04, 1.93055E-04, 2.28672E-05
868, 1.93092E-04, 1.29506E-04, 1.92129E-04, 2.30139E-05
869, 1.93375E-04, 1.29561E-04, 1.91149E-04, 2.31608E-05
870, 1.93617E-04, 1.29605E-04, 1.90118E-04, 2.33082E-05
871, 1.93818E-04, 1.29636E-04, 1.89035E-04, 2.34560E-05
872, 1.93979E-04, 1.29656E-04, 1.87902E-04, 2.36044E-05
873, 1.94098E-04, 1.29663E-04, 1.86719E-04, 2.37535E-05
874, 1.94177E-04, 1.29660E-04, 1.85487E-04, 2.39031E-05
875, 1.94214E-04, 1.29644E-04, 1.84208E-04, 2.40535E-05
876, 1.94210E-04, 1.29618E-04, 1.82882E-04, 2.42045E-05
877, 1.94165E-04, 1.29580E-04, 1.81511E-04, 2.43562E-05
878, 1.94078E-04, 1.29531E-04, 1.80094E-04, 2.45085E-05
879, 1.93951E-04, 1.29472E-04, 1.78634E-04, 2.46615E-05
880, 1.93783E-04, 1.29402E-04, 1.77362E-04, 2.48188E-05
881, 1.93574E-04, 1.29321E-04, 1.77359E-04, 2.49822E-05
882, 1.93324E-04, 1.29230E-04, 1.77307E-04, 2.51462E-05
883, 1.93034E-04, 1.29129E-04, 1.77205E-04, 2.53108E-05
884, 1.92704E-04, 1.29017E-04, 1.77053E-04, 2.54759E-05
885, 1.92333E-04, 1.28896E-04, 1.76851E-04, 2.56413E-05
886, 1.91923E-04, 1.28765E-04, 1.76599E-04, 2.58070E-05
887, 1.91473E-04, 1.28625E-04, 1.76297E-04, 2.59730E-05
888, 1.90984E-04, 1.28475E-04, 1.75945E-04, 2.61390E-05
889, 1.90456E-04, 1.28316E-04, 1.75545E-04, 2.63050E-05
890, 1.89889E-04, 1.28147E-04, 1.75095E-04, 2.64708E-05
891, 1.89284E-04, 1.27970E-04, 1.74596E-04, 2.66366E-05
892, 1.88641E-04, 1.27784E-04, 1.74049E-04, 2.68020E-05
893, 1.87961E-04, 1.27631E-04, 1.73773E-04, 2.69672E-05
894, 1.87244E-04, 1.27595E-04, 1.74034E-04, 2.71320E-05
895, 1.86490E-04, 1.27548E-04, 1.74268E-04, 2.72964E-05
896, 1.85700E-04, 1.27492E-04, 1.74476E-04, 2.74641E-05
897, 1.84874E-04, 1.27427E-04, 1.74658E-04, 2.76459E-05
898, 1.84014E-04, 1.27352E-04, 1.74813E-04, 2.78274E-05
899, 1.83118E-04, 1.27268E-04, 1.74942E-04, 2.80085E-05
900, 1.82189E-04, 1.27174E-04, 1.75045E-04, 2.81892E-05
901, 1.81363E-04, 1.27072E-04, 1.75122E-04, 2.83697E-05
902, 1.82483E-04, 1.26960E-04, 1.75173E-04, 2.85498E-05
903, 1.83587E-04, 1.26840E-04, 1.75197E-04, 2.87297E-05
904, 1.84672E-04, 1.26711E-04, 1.75196E-04, 2.89094E-05
905, 1.85740E-04, 1.26574E-04, 1.75170E-04, 2.90890E-05
906, 1.86788E-04, 1.26428E-04, 1.75117E-04, 2.92686E-05
907, 1.87817E-04, 1.26274E-04, 1.75039E-04, 2.94482E-05
908, 1.88826E-04, 1.26112E-04, 1.74936E-04, 2.96279E-05
909, 1.89814E-04, 1.25943E-04, 1.74808E-04, 2.98079E-05
910, 1.90781E-04, 1.25765E-04, 1.74655E-04, 2.99881E-05
911, 1.91725E-04, 1.25579E-04, 1.74477E-04, 3.01687E-05
912, 1.92646E-04, 1.25395E-04, 1.74274E-04, 3.03497E-05
913, 1.93544E-04, 1.25210E-04, 1.74278E-04, 3.05313E-05
914, 1.94418E-04, 1.25018E-04, 1.74451E-04, 3.07190E-05
915, 1.95266E-04, 1.24817E-04, 1.74604E-04, 3.09161E-05
916, 1.96089E-04, 1.24609E-04, 1.74737E-04, 3.11196E-05
917, 1.96885E-04, 1.24579E-04, 1.74849E-04, 3.13239E-05
918, 1.97654E-04, 1.24768E-04, 1.74942E-04, 3.15289E-05
919, 1.98395E-04, 1.24955E-04, 1.75284E-04, 3.17347E-05
920, 1.99107E-04, 1.25139E-04, 1.75622E-04, 3.19412E-05
921, 1.99790E-04, 1.25320E-04, 1.75933E-04, 3.21485E-05
922, 2.00442E-04, 1.25499E-04, 1.76215E-04, 3.23564E-05
923, 2.01063E-04, 1.25675E-04, 1.76469E-04, 3.25649E-05
924, 2.01653E-04, 1.25849E-04, 1.76696E-04, 3.27740E-05
925, 2.02210E-04, 1.26020E-04, 1.76894E-04, 3.29837E-05
926, 2.02733E-04, 1.26188E-04, 1.77064E-04, 3.31937E-05
927, 2.03222E-04, 1.26354E-04, 1.77207E-04, 3.34041E-05
928, 2.03676E-04, 1.26517E-04, 1.77322E-04, 3.36147E-05
929, 2.04095E-04, 1.26678E-04, 1.77409E-04, 3.38254E-05
930, 2.04477E-04, 1.26836E-04, 1.77469E-04, 3.40360E-05
931, 2.04822E-04, 1.26991E-04, 1.77501E-04, 3.42465E-05
932, 2.05129E-04, 1.27144E-04, 1.77506E-04, 3.44567E-05
933, 2.05397E-04, 1.27295E-04, 1.77484E-04, 3.46664E-05
934, 2.05626E-04, 1.27442E-04, 1.77435E-04, 3.48756E-05
935, 2.05814E-04, 1.27587E-04, 1.77359E-04, 3.50840E-05
936, 2.05962E-04, 1.27729E-04, 1.77256E-04, 3.52925E-05
937, 2.06068E-04, 1.27869E-04, 1.77127E-04, 3.55129E-05
938, 2.06132E-04, 1.28006E-04, 1.76972E-04, 3.57322E-05
939, 2.06694E-04, 1.28140E-04, 1.76790E-04, 3.59502E-05
940, 2.07587E-04, 1.28271E-04, 1.76777E-04, 3.61688E-05
941, 2.08441E-04, 1.28400E-04, 1.77063E-04, 3.63915E-05
942, 2.09255E-04, 1.28526E-04, 1.77328E-04, 3.66126E-05
943, 2.10027E-04, 1.28649E-04, 1.77570E-04, 3.68319E-05
944, 2.10756E-04, 1.28768E-04, 1.77791E-04, 3.70493E-05
945, 2.11441E-04, 1.28885E-04, 1.77990E-04, 3.72646E-05
946, 2.12082E-04, 1.28999E-04, 1.78167E-04, 3.74779E-05
947, 2.12677E-04, 1.29110E-04, 1.78323E-04, 3.76890E-05
948, 2.13225E-04, 1.29217E-04, 1.78458E-04, 3.78977E-05
949, 2.13725E-04, 1.29321E-04, 1.78572E-04, 3.81041E-05
950, 2.15028E-04, 1.29422E-04, 1.78666E-04, 3.83080E-05
951, 2.16409E-04, 1.29520E-04, 1.78738E-04, 3.85095E-05
952, 2.17781E-04, 1.29614E-04, 1.78790E-04, 3.87084E-05
953, 2.19143E-04, 1.29704E-04, 1.78822E-04, 3.89046E-05
954, 2.20494E-04, 1.29790E-04, 1.78834E-04, 3.90982E-05
955, 2.21835E-04, 1.29873E-04, 1.78826E-04, 3.92892E-05
956, 2.23164E-04, 1.29952E-04, 1.78798E-04, 3.94774E-05
957, 2.24483E-04, 1.30026E-04, 1.78750E-04, 3.96629E-05
958, 2.25790E-04, 1.30097E-04, 1.78683E-04, 3.98457E-05
959, 2.27086E-04, 1.30163E-04, 1.78598E-04, 4.00311E-05
960, 2.28370E-04, 1.30224E-04, 1.78493E-04, 4.02256E-05
961, 2.29642E-04, 1.30281E-04, 1.78369E-04, 4.04174E-05
962, 2.30902E-04, 1.30332E-04, 1.78226E-04, 4.06067E-05
963, 2.32149E-04, 1.30379E-04, 1.78066E-04, 4.07933E-05
964, 2.33383E-04, 1.30420E-04, 1.77887E-04, 4.09781E-05
965, 2.34605E-04, 1.30456E-04, 1.77690E-04, 4.11676E-05
966, 2.35813E-04, 1.30487E-04, 1.77475E-04, 4.13543E-05
967, 2.37007E-04, 1.30511E-04, 1.77242E-04, 4.15382E-05
968, 2.38188E-04, 1.30530E-04, 1.76992E-04, 4.17192E-05
969, 2.39354E-04, 1.30542E-04, 1.76725E-04, 4.18973E-05
970, 2.40507E-04, 1.30547E-04, 1.76440E-04, 4.20723E-05
971, 2.41644E-04, 1.30546E-04, 1.76139E-04, 4.22443E-05
972, 2.42767E-04, 1.30537E-04, 1.76137E-04, 4.24132E-05
973, 2.43875E-04, 1.30521E-04, 1.76459E-04, 4.25788E-05
974, 2.44968E-04, 1.30498E-04, 1.76759E-04, 4.27411E-05
975, 2.46044E-04, 1.30466E-04, 1.77036E-04, 4.28999E-05
976, 2.47105E-04, 1.30426E-04, 1.77291E-04, 4.30553E-05
977, 2.48150E-04, 1.30378E-04, 1.77523E-04, 4.32070E-05
978, 2.49179E-04, 1.30320E-04, 1.77734E-04, 4.33550E-05
979, 2.50190E-04, 1.30254E-04, 1.77923E-04, 4.34992E-05
980, 2.51185E-04, 1.30178E-04, 1.78090E-04, 4.36394E-05
981, 2.52163E-04, 1.30092E-04, 1.78236E-04, 4.37894E-05
982, 2.53123E-04, 1.29995E-04, 1.78360E-04, 4.39408E-05
983, 2.54065E-04, 1.29888E-04, 1.78463E-04, 4.40881E-05
984, 2.54990E-04, 1.29770E-04, 1.78544E-04, 4.42315E-05
985, 2.55896E-04, 1.29641E-04, 1.78605E-04, 4.43707E-05
986, 2.56783E-04, 1.29593E-04, 1.78645E-04, 4.45056E-05
987, 2.57652E-04, 1.29580E-04, 1.78664E-04, 4.46389E-05
988, 2.58501E-04, 1.29560E-04, 1.78663E-04, 4.47745E-05
989, 2.59332E-04, 1.29534E-04, 1.78641E-04, 4.49056E-05
990, 2.60142E-04, 1.29502E-04, 1.78600E-04, 4.50321E-05
991, 2.60933E-04, 1.29463E-04, 1.78538E-04, 4.51538E-05
992, 2.61703E-04, 1.29416E-04, 1.78457E-04, 4.52708E-05
993, 2.62453E-04, 1.29362E-04, 1.78356E-04, 4.53828E-05
994, 2.63182E-04, 1.29301E-04, 1.78235E-04, 4.54898E-05
995, 2.63891E-04, 1.29231E-04, 1.78095E-04, 4.55918E-05
996, 2.64577E-04, 1.29153E-04, 1.77936E-04, 4.56887E-05
997, 2.65243E-04, 1.29066E-04, 1.77758E-04, 4.57805E-05
998, 2.65886E-04, 1.28970E-04, 1.77562E-04, 4.58670E-05
999, 2.66507E-04, 1.28865E-04, 1.77347E-04, 4.59483E-05
1000, 2.67106E-04, 1.28778E-04, 1.77113E-04, 4.60243E-05
