time_step, rel_err_u, rel_err_v, rel_err_w, rel_err_p, rel_err_u_m, rel_err_v_m, rel_err_w_m, rel_err_p_m
0, 0.00000E+00, 0.00000E+00, 0.00000E+00, 0.00000E+00, 0.00000E+00, 0.00000E+00, 0.00000E+00,         NaN
1, 6.24059E-04, 4.48725E-04, 5.97038E-04, 4.01695E-03, 7.53451E-06, 8.08551E-06, 6.11817E-06, 4.01695E-03
2, 6.72829E-04, 4.58411E-04, 5.85150E-04, 2.96236E-03, 8.76403E-06, 9.42361E-06, 7.25299E-06, 2.96236E-03
3, 7.07511E-04, 4.70208E-04, 5.77913E-04, 2.36829E-03, 9.79125E-06, 1.05636E-05, 8.20571E-06, 2.36829E-03
4, 7.39365E-04, 4.80327E-04, 5.75047E-04, 2.12657E-03, 1.06563E-05, 1.15458E-05, 9.01470E-06, 2.12657E-03
5, 7.68823E-04, 4.88559E-04, 5.74046E-04, 1.91441E-03, 1.13977E-05, 1.24102E-05, 9.71061E-06, 1.91441E-03
6, 7.96228E-04, 4.94915E-04, 5.73663E-04, 1.72359E-03, 1.20392E-05, 1.31807E-05, 1.03216E-05, 1.72359E-03
7, 8.21841E-04, 4.99512E-04, 5.73285E-04, 1.55295E-03, 1.26014E-05, 1.38780E-05, 1.08621E-05, 1.55295E-03
8, 8.45851E-04, 5.09667E-04, 5.72613E-04, 1.42812E-03, 1.31021E-05, 1.45169E-05, 1.13437E-05, 1.42812E-03
9, 8.68397E-04, 5.22962E-04, 5.71509E-04, 1.36641E-03, 1.35513E-05, 1.51069E-05, 1.17754E-05, 1.36641E-03
10, 8.89577E-04, 5.34453E-04, 5.69920E-04, 1.33508E-03, 1.39581E-05, 1.56574E-05, 1.21692E-05, 1.33508E-03
11, 9.09460E-04, 5.44290E-04, 5.67832E-04, 1.30577E-03, 1.43306E-05, 1.61737E-05, 1.25303E-05, 1.30577E-03
12, 9.28097E-04, 5.52605E-04, 5.65255E-04, 1.28468E-03, 1.46734E-05, 1.66607E-05, 1.28647E-05, 1.28468E-03
13, 9.45523E-04, 5.59516E-04, 5.62206E-04, 1.26988E-03, 1.49919E-05, 1.71248E-05, 1.31758E-05, 1.26988E-03
14, 9.61761E-04, 5.65127E-04, 5.58710E-04, 1.25423E-03, 1.52888E-05, 1.75692E-05, 1.34673E-05, 1.25423E-03
15, 9.76828E-04, 5.69527E-04, 5.54790E-04, 1.24177E-03, 1.55670E-05, 1.79942E-05, 1.37389E-05, 1.24177E-03
16, 9.90737E-04, 5.72797E-04, 5.50469E-04, 1.23394E-03, 1.58309E-05, 1.84013E-05, 1.39941E-05, 1.23394E-03
17, 1.00350E-03, 5.75008E-04, 5.45770E-04, 1.22461E-03, 1.60809E-05, 1.87927E-05, 1.42344E-05, 1.22461E-03
18, 1.01511E-03, 5.81673E-04, 5.40713E-04, 1.21378E-03, 1.63179E-05, 1.91723E-05, 1.44598E-05, 1.21378E-03
19, 1.02559E-03, 5.88750E-04, 5.35317E-04, 1.20146E-03, 1.65418E-05, 1.95422E-05, 1.46732E-05, 1.20146E-03
20, 1.03494E-03, 5.94776E-04, 5.29601E-04, 1.18762E-03, 1.67550E-05, 1.98998E-05, 1.48748E-05, 1.18762E-03
21, 1.04541E-03, 5.99765E-04, 5.23582E-04, 1.17223E-03, 1.69592E-05, 2.02461E-05, 1.50657E-05, 1.17223E-03
22, 1.05719E-03, 6.03732E-04, 5.17274E-04, 1.15524E-03, 1.71564E-05, 2.05835E-05, 1.52489E-05, 1.15524E-03
23, 1.06780E-03, 6.06691E-04, 5.13734E-04, 1.14177E-03, 1.73481E-05, 2.09110E-05, 1.54231E-05, 1.14177E-03
24, 1.07725E-03, 6.08658E-04, 5.11206E-04, 1.12712E-03, 1.75319E-05, 2.12276E-05, 1.55886E-05, 1.12712E-03
25, 1.09105E-03, 6.09647E-04, 5.08264E-04, 1.11118E-03, 1.77088E-05, 2.15344E-05, 1.57465E-05, 1.11118E-03
26, 1.10918E-03, 6.09677E-04, 5.04915E-04, 1.09392E-03, 1.78810E-05, 2.18303E-05, 1.58960E-05, 1.09392E-03
27, 1.12637E-03, 6.08763E-04, 5.01167E-04, 1.07534E-03, 1.80470E-05, 2.21160E-05, 1.60384E-05, 1.07534E-03
28, 1.14259E-03, 6.06927E-04, 4.97026E-04, 1.05541E-03, 1.82081E-05, 2.23916E-05, 1.61727E-05, 1.05541E-03
29, 1.15783E-03, 6.04188E-04, 4.92500E-04, 1.03413E-03, 1.83645E-05, 2.26587E-05, 1.62980E-05, 1.03413E-03
30, 1.17210E-03, 6.00568E-04, 4.87596E-04, 1.01786E-03, 1.85170E-05, 2.29167E-05, 1.64152E-05, 1.01786E-03
31, 1.18538E-03, 5.96091E-04, 4.82323E-04, 1.00192E-03, 1.86633E-05, 2.31665E-05, 1.65260E-05, 1.00192E-03
32, 1.19768E-03, 5.90783E-04, 4.76689E-04, 9.85023E-04, 1.88060E-05, 2.34057E-05, 1.66308E-05, 9.85023E-04
33, 1.20898E-03, 5.87992E-04, 4.70703E-04, 9.67170E-04, 1.89433E-05, 2.36349E-05, 1.67302E-05, 9.67170E-04
34, 1.21930E-03, 5.95590E-04, 4.64375E-04, 9.48371E-04, 1.90799E-05, 2.38541E-05, 1.68223E-05, 9.48371E-04
35, 1.22862E-03, 6.02921E-04, 4.57715E-04, 9.28640E-04, 1.92147E-05, 2.40643E-05, 1.69084E-05, 9.28640E-04
36, 1.23695E-03, 6.09987E-04, 4.50734E-04, 9.07997E-04, 1.93481E-05, 2.42667E-05, 1.69879E-05, 9.07997E-04
37, 1.24431E-03, 6.16789E-04, 4.43443E-04, 9.01287E-04, 1.94801E-05, 2.44618E-05, 1.70611E-05, 9.01287E-04
38, 1.25068E-03, 6.23326E-04, 4.42727E-04, 9.09400E-04, 1.96081E-05, 2.46498E-05, 1.71287E-05, 9.09400E-04
39, 1.25608E-03, 6.29600E-04, 4.57884E-04, 9.13483E-04, 1.97323E-05, 2.48291E-05, 1.71910E-05, 9.13483E-04
40, 1.26052E-03, 6.35611E-04, 4.72327E-04, 9.29405E-04, 1.98555E-05, 2.50015E-05, 1.72470E-05, 9.29405E-04
41, 1.26400E-03, 6.41362E-04, 4.85996E-04, 9.41956E-04, 1.99767E-05, 2.51644E-05, 1.72984E-05, 9.41956E-04
42, 1.26654E-03, 6.46853E-04, 4.98837E-04, 9.50221E-04, 2.00966E-05, 2.53184E-05, 1.73460E-05, 9.50221E-04
43, 1.26814E-03, 6.52084E-04, 5.10795E-04, 9.54235E-04, 2.02160E-05, 2.54641E-05, 1.73896E-05, 9.54235E-04
44, 1.26882E-03, 6.57059E-04, 5.21824E-04, 9.71112E-04, 2.03329E-05, 2.56057E-05, 1.74284E-05, 9.71112E-04
45, 1.26859E-03, 6.61776E-04, 5.31879E-04, 9.83415E-04, 2.04498E-05, 2.57390E-05, 1.74631E-05, 9.83415E-04
46, 1.26747E-03, 6.66240E-04, 5.40921E-04, 9.90995E-04, 2.05653E-05, 2.58649E-05, 1.74936E-05, 9.90995E-04
47, 1.26546E-03, 6.70449E-04, 5.48916E-04, 9.95044E-04, 2.06780E-05, 2.59854E-05, 1.75205E-05, 9.95044E-04
48, 1.26260E-03, 6.74407E-04, 5.58408E-04, 1.01086E-03, 2.07871E-05, 2.61006E-05, 1.75439E-05, 1.01086E-03
49, 1.25888E-03, 6.78114E-04, 5.67027E-04, 1.02161E-03, 2.08940E-05, 2.62119E-05, 1.75646E-05, 1.02161E-03
50, 1.25474E-03, 6.81572E-04, 5.74592E-04, 1.02713E-03, 2.10001E-05, 2.63195E-05, 1.75831E-05, 1.02713E-03
51, 1.25439E-03, 6.84783E-04, 5.85716E-04, 1.02936E-03, 2.11023E-05, 2.64247E-05, 1.75991E-05, 1.02936E-03
52, 1.25316E-03, 6.87748E-04, 5.97296E-04, 1.04229E-03, 2.12016E-05, 2.65238E-05, 1.76111E-05, 1.04229E-03
53, 1.25106E-03, 6.90469E-04, 6.07921E-04, 1.04961E-03, 2.12979E-05, 2.66185E-05, 1.76217E-05, 1.04961E-03
54, 1.24810E-03, 6.92948E-04, 6.17553E-04, 1.05118E-03, 2.13910E-05, 2.67134E-05, 1.76307E-05, 1.05118E-03
55, 1.24430E-03, 6.95187E-04, 6.26160E-04, 1.04836E-03, 2.14816E-05, 2.68041E-05, 1.76380E-05, 1.04836E-03
56, 1.23967E-03, 6.97188E-04, 6.33713E-04, 1.05611E-03, 2.15713E-05, 2.68945E-05, 1.76431E-05, 1.05611E-03
57, 1.23423E-03, 6.98952E-04, 6.40188E-04, 1.05775E-03, 2.16601E-05, 2.69832E-05, 1.76479E-05, 1.05775E-03
58, 1.22799E-03, 7.00483E-04, 6.45568E-04, 1.05317E-03, 2.17480E-05, 2.70734E-05, 1.76493E-05, 1.05317E-03
59, 1.22097E-03, 7.01783E-04, 6.49840E-04, 1.05110E-03, 2.18323E-05, 2.71679E-05, 1.76500E-05, 1.05110E-03
60, 1.21318E-03, 7.02853E-04, 6.52997E-04, 1.04860E-03, 2.19131E-05, 2.72673E-05, 1.76496E-05, 1.04860E-03
61, 1.20465E-03, 7.03697E-04, 6.57474E-04, 1.05049E-03, 2.19908E-05, 2.73716E-05, 1.76472E-05, 1.05049E-03
62, 1.19539E-03, 7.04317E-04, 6.60951E-04, 1.04576E-03, 2.20654E-05, 2.74778E-05, 1.76437E-05, 1.04576E-03
63, 1.18542E-03, 7.04717E-04, 6.63355E-04, 1.03438E-03, 2.21364E-05, 2.75849E-05, 1.76402E-05, 1.03438E-03
64, 1.17714E-03, 7.04899E-04, 6.64689E-04, 1.01637E-03, 2.22057E-05, 2.76935E-05, 1.76387E-05, 1.01637E-03
65, 1.17743E-03, 7.04867E-04, 6.68749E-04, 1.00623E-03, 2.22731E-05, 2.78041E-05, 1.76383E-05, 1.00623E-03
66, 1.17704E-03, 7.04624E-04, 6.74151E-04, 9.90107E-04, 2.23387E-05, 2.79156E-05, 1.76380E-05, 9.90107E-04
67, 1.17598E-03, 7.04174E-04, 6.78558E-04, 9.67223E-04, 2.24047E-05, 2.80309E-05, 1.76392E-05, 9.67223E-04
68, 1.17425E-03, 7.03520E-04, 6.81962E-04, 9.37684E-04, 2.24704E-05, 2.81490E-05, 1.76413E-05, 9.37684E-04
69, 1.17186E-03, 7.02668E-04, 6.84360E-04, 9.01655E-04, 2.25361E-05, 2.82646E-05, 1.76432E-05, 9.01655E-04
70, 1.16883E-03, 7.01621E-04, 6.85750E-04, 8.72122E-04, 2.25980E-05, 2.83741E-05, 1.76438E-05, 8.72122E-04
71, 1.16516E-03, 7.00385E-04, 6.86140E-04, 8.38138E-04, 2.26577E-05, 2.84828E-05, 1.76452E-05, 8.38138E-04
72, 1.16086E-03, 6.98963E-04, 6.85537E-04, 7.98012E-04, 2.27145E-05, 2.85909E-05, 1.76474E-05, 7.98012E-04
73, 1.15594E-03, 6.97379E-04, 6.83958E-04, 7.52011E-04, 2.27698E-05, 2.86944E-05, 1.76487E-05, 7.52011E-04
74, 1.15042E-03, 6.96327E-04, 6.82784E-04, 7.00464E-04, 2.28269E-05, 2.87933E-05, 1.76494E-05, 7.00464E-04
75, 1.14431E-03, 6.97490E-04, 6.81530E-04, 6.52726E-04, 2.28836E-05, 2.88906E-05, 1.76502E-05, 6.52726E-04
76, 1.13763E-03, 6.98304E-04, 6.79374E-04, 6.13997E-04, 2.29404E-05, 2.89840E-05, 1.76502E-05, 6.13997E-04
77, 1.13037E-03, 6.98770E-04, 6.76334E-04, 6.23154E-04, 2.29975E-05, 2.90753E-05, 1.76500E-05, 6.23154E-04
78, 1.12694E-03, 6.98890E-04, 6.72436E-04, 6.35720E-04, 2.30559E-05, 2.91647E-05, 1.76495E-05, 6.35720E-04
79, 1.12353E-03, 6.98667E-04, 6.67706E-04, 6.44548E-04, 2.31164E-05, 2.92518E-05, 1.76484E-05, 6.44548E-04
80, 1.11952E-03, 6.98103E-04, 6.62175E-04, 6.52992E-04, 2.31781E-05, 2.93348E-05, 1.76478E-05, 6.52992E-04
81, 1.11491E-03, 6.97202E-04, 6.60022E-04, 6.67759E-04, 2.32416E-05, 2.94142E-05, 1.76469E-05, 6.67759E-04
82, 1.10971E-03, 6.95966E-04, 6.58406E-04, 6.78566E-04, 2.33059E-05, 2.94872E-05, 1.76455E-05, 6.78566E-04
83, 1.10394E-03, 6.94400E-04, 6.56010E-04, 6.88753E-04, 2.33725E-05, 2.95554E-05, 1.76461E-05, 6.88753E-04
84, 1.09760E-03, 6.92509E-04, 6.52855E-04, 7.06828E-04, 2.34418E-05, 2.96215E-05, 1.76473E-05, 7.06828E-04
85, 1.09071E-03, 6.90297E-04, 6.48960E-04, 7.25103E-04, 2.35129E-05, 2.96822E-05, 1.76491E-05, 7.25103E-04
86, 1.08327E-03, 6.87840E-04, 6.44352E-04, 7.41130E-04, 2.35849E-05, 2.97381E-05, 1.76504E-05, 7.41130E-04
87, 1.07530E-03, 6.88040E-04, 6.39056E-04, 7.65284E-04, 2.36593E-05, 2.97903E-05, 1.76534E-05, 7.65284E-04
88, 1.06681E-03, 6.87891E-04, 6.34555E-04, 7.84863E-04, 2.37354E-05, 2.98401E-05, 1.76567E-05, 7.84863E-04
89, 1.05782E-03, 6.87398E-04, 6.29782E-04, 8.08540E-04, 2.38119E-05, 2.98866E-05, 1.76601E-05, 8.08540E-04
90, 1.04833E-03, 6.86562E-04, 6.24402E-04, 8.32950E-04, 2.38903E-05, 2.99319E-05, 1.76657E-05, 8.32950E-04
91, 1.03837E-03, 6.85387E-04, 6.18441E-04, 8.52436E-04, 2.39710E-05, 2.99752E-05, 1.76711E-05, 8.52436E-04
92, 1.02794E-03, 6.83879E-04, 6.11931E-04, 8.79814E-04, 2.40527E-05, 3.00201E-05, 1.76752E-05, 8.79814E-04
93, 1.01707E-03, 6.82040E-04, 6.10670E-04, 9.02690E-04, 2.41337E-05, 3.00652E-05, 1.76800E-05, 9.02690E-04
94, 1.00576E-03, 6.79877E-04, 6.13506E-04, 9.20293E-04, 2.42163E-05, 3.01074E-05, 1.76859E-05, 9.20293E-04
95, 9.94039E-04, 6.77394E-04, 6.15347E-04, 9.43457E-04, 2.42987E-05, 3.01482E-05, 1.76927E-05, 9.43457E-04
96, 9.81917E-04, 6.74597E-04, 6.16158E-04, 9.62793E-04, 2.43810E-05, 3.01919E-05, 1.77001E-05, 9.62793E-04
97, 9.69411E-04, 6.71493E-04, 6.15904E-04, 9.76569E-04, 2.44634E-05, 3.02365E-05, 1.77072E-05, 9.76569E-04
98, 9.56538E-04, 6.68087E-04, 6.14555E-04, 9.84845E-04, 2.45440E-05, 3.02829E-05, 1.77146E-05, 9.84845E-04
99, 9.43315E-04, 6.64386E-04, 6.12083E-04, 9.98751E-04, 2.46244E-05, 3.03317E-05, 1.77216E-05, 9.98751E-04
100, 9.29759E-04, 6.61958E-04, 6.08467E-04, 1.00701E-03, 2.47047E-05, 3.03835E-05, 1.77288E-05, 1.00701E-03
101, 9.15886E-04, 6.61065E-04, 6.07941E-04, 1.00965E-03, 2.47859E-05, 3.04397E-05, 1.77372E-05, 1.00965E-03
102, 9.01716E-04, 6.59818E-04, 6.13590E-04, 1.01212E-03, 2.48668E-05, 3.05046E-05, 1.77432E-05, 1.01212E-03
103, 8.87264E-04, 6.58223E-04, 6.18430E-04, 1.00934E-03, 2.49487E-05, 3.05788E-05, 1.77482E-05, 1.00934E-03
104, 8.72548E-04, 6.56284E-04, 6.22426E-04, 1.00122E-03, 2.50306E-05, 3.06584E-05, 1.77525E-05, 1.00122E-03
105, 8.57585E-04, 6.54889E-04, 6.25546E-04, 9.87956E-04, 2.51103E-05, 3.07451E-05, 1.77560E-05, 9.87956E-04
106, 8.42393E-04, 6.55542E-04, 6.27757E-04, 9.71487E-04, 2.51876E-05, 3.08352E-05, 1.77601E-05, 9.71487E-04
107, 8.35377E-04, 6.55846E-04, 6.29032E-04, 9.52421E-04, 2.52638E-05, 3.09280E-05, 1.77634E-05, 9.52421E-04
108, 8.31018E-04, 6.55806E-04, 6.29346E-04, 9.28746E-04, 2.53385E-05, 3.10210E-05, 1.77672E-05, 9.28746E-04
109, 8.26324E-04, 6.55422E-04, 6.28677E-04, 9.00750E-04, 2.54128E-05, 3.11168E-05, 1.77718E-05, 9.00750E-04
110, 8.21300E-04, 6.54699E-04, 6.27008E-04, 8.71714E-04, 2.54871E-05, 3.12107E-05, 1.77779E-05, 8.71714E-04
111, 8.15954E-04, 6.53639E-04, 6.24326E-04, 8.43878E-04, 2.55601E-05, 3.13056E-05, 1.77837E-05, 8.43878E-04
112, 8.10292E-04, 6.52247E-04, 6.20622E-04, 8.12310E-04, 2.56325E-05, 3.14007E-05, 1.77896E-05, 8.12310E-04
113, 8.04321E-04, 6.50526E-04, 6.15894E-04, 8.01412E-04, 2.57022E-05, 3.14930E-05, 1.77956E-05, 8.01412E-04
114, 7.98048E-04, 6.48482E-04, 6.10142E-04, 8.17159E-04, 2.57701E-05, 3.15829E-05, 1.78018E-05, 8.17159E-04
115, 7.91481E-04, 6.46119E-04, 6.03375E-04, 8.30328E-04, 2.58357E-05, 3.16726E-05, 1.78073E-05, 8.30328E-04
116, 7.84628E-04, 6.43442E-04, 6.08453E-04, 8.40910E-04, 2.59001E-05, 3.17609E-05, 1.78134E-05, 8.40910E-04
117, 7.77497E-04, 6.49025E-04, 6.12956E-04, 8.52644E-04, 2.59644E-05, 3.18481E-05, 1.78195E-05, 8.52644E-04
118, 7.70095E-04, 6.54713E-04, 6.16576E-04, 8.73100E-04, 2.60274E-05, 3.19361E-05, 1.78257E-05, 8.73100E-04
119, 7.62433E-04, 6.59577E-04, 6.19269E-04, 8.90416E-04, 2.60888E-05, 3.20213E-05, 1.78331E-05, 8.90416E-04
120, 7.54517E-04, 6.63617E-04, 6.20998E-04, 9.04576E-04, 2.61478E-05, 3.21054E-05, 1.78429E-05, 9.04576E-04
121, 7.46358E-04, 6.66835E-04, 6.21728E-04, 9.15587E-04, 2.62044E-05, 3.21861E-05, 1.78541E-05, 9.15587E-04
122, 7.37963E-04, 6.69235E-04, 6.21426E-04, 9.23485E-04, 2.62596E-05, 3.22650E-05, 1.78651E-05, 9.23485E-04
123, 7.29343E-04, 6.70827E-04, 6.20067E-04, 9.28327E-04, 2.63121E-05, 3.23428E-05, 1.78761E-05, 9.28327E-04
124, 7.23292E-04, 6.71622E-04, 6.17629E-04, 9.30194E-04, 2.63610E-05, 3.24178E-05, 1.78883E-05, 9.30194E-04
125, 7.18488E-04, 6.71634E-04, 6.14093E-04, 9.29189E-04, 2.64082E-05, 3.24888E-05, 1.79011E-05, 9.29189E-04
126, 7.15747E-04, 6.70881E-04, 6.09450E-04, 9.30031E-04, 2.64541E-05, 3.25547E-05, 1.79127E-05, 9.30031E-04
127, 7.16702E-04, 6.69384E-04, 6.07692E-04, 9.39699E-04, 2.64996E-05, 3.26208E-05, 1.79253E-05, 9.39699E-04
128, 7.17396E-04, 6.71213E-04, 6.14239E-04, 9.46023E-04, 2.65424E-05, 3.26853E-05, 1.79395E-05, 9.46023E-04
129, 7.17833E-04, 6.80116E-04, 6.19958E-04, 9.49103E-04, 2.65844E-05, 3.27491E-05, 1.79531E-05, 9.49103E-04
130, 7.18014E-04, 6.87977E-04, 6.24812E-04, 9.49068E-04, 2.66257E-05, 3.28117E-05, 1.79681E-05, 9.49068E-04
131, 7.17944E-04, 6.94783E-04, 6.28764E-04, 9.46064E-04, 2.66660E-05, 3.28736E-05, 1.79857E-05, 9.46064E-04
132, 7.17626E-04, 7.00525E-04, 6.31783E-04, 9.40256E-04, 2.67065E-05, 3.29403E-05, 1.80039E-05, 9.40256E-04
133, 7.17062E-04, 7.05198E-04, 6.33840E-04, 9.31825E-04, 2.67456E-05, 3.30071E-05, 1.80226E-05, 9.31825E-04
134, 7.16257E-04, 7.08805E-04, 6.34911E-04, 9.20962E-04, 2.67828E-05, 3.30708E-05, 1.80417E-05, 9.20962E-04
135, 7.15215E-04, 7.11350E-04, 6.34976E-04, 9.10018E-04, 2.68181E-05, 3.31318E-05, 1.80631E-05, 9.10018E-04
136, 7.13939E-04, 7.12844E-04, 6.34021E-04, 9.11954E-04, 2.68535E-05, 3.31922E-05, 1.80857E-05, 9.11954E-04
137, 7.12434E-04, 7.13301E-04, 6.32039E-04, 9.11062E-04, 2.68884E-05, 3.32505E-05, 1.81093E-05, 9.11062E-04
138, 7.10702E-04, 7.12742E-04, 6.29025E-04, 9.07517E-04, 2.69221E-05, 3.33038E-05, 1.81330E-05, 9.07517E-04
139, 7.08750E-04, 7.11192E-04, 6.24983E-04, 9.01505E-04, 2.69554E-05, 3.33580E-05, 1.81573E-05, 9.01505E-04
140, 7.06581E-04, 7.08681E-04, 6.19922E-04, 8.93220E-04, 2.69883E-05, 3.34157E-05, 1.81838E-05, 8.93220E-04
141, 7.05280E-04, 7.05245E-04, 6.13858E-04, 8.82863E-04, 2.70207E-05, 3.34749E-05, 1.82133E-05, 8.82863E-04
142, 7.04961E-04, 7.00922E-04, 6.06813E-04, 8.70636E-04, 2.70543E-05, 3.35345E-05, 1.82455E-05, 8.70636E-04
143, 7.04402E-04, 6.95759E-04, 6.01658E-04, 8.56743E-04, 2.70891E-05, 3.35907E-05, 1.82793E-05, 8.56743E-04
144, 7.03608E-04, 6.98033E-04, 6.04309E-04, 8.41383E-04, 2.71228E-05, 3.36484E-05, 1.83138E-05, 8.41383E-04
145, 7.02581E-04, 7.00810E-04, 6.05888E-04, 8.41913E-04, 2.71575E-05, 3.37162E-05, 1.83474E-05, 8.41913E-04
146, 7.01324E-04, 7.02576E-04, 6.06366E-04, 8.41120E-04, 2.71917E-05, 3.37872E-05, 1.83802E-05, 8.41120E-04
147, 6.99842E-04, 7.03340E-04, 6.05721E-04, 8.38361E-04, 2.72259E-05, 3.38572E-05, 1.84155E-05, 8.38361E-04
148, 6.98138E-04, 7.03115E-04, 6.03935E-04, 8.33792E-04, 2.72617E-05, 3.39290E-05, 1.84511E-05, 8.33792E-04
149, 6.96215E-04, 7.01921E-04, 6.01184E-04, 8.27570E-04, 2.72954E-05, 3.40023E-05, 1.84868E-05, 8.27570E-04
150, 6.94079E-04, 6.99778E-04, 5.99530E-04, 8.19849E-04, 2.73302E-05, 3.40734E-05, 1.85237E-05, 8.19849E-04
151, 6.91732E-04, 6.96716E-04, 5.96969E-04, 8.10777E-04, 2.73652E-05, 3.41444E-05, 1.85623E-05, 8.10777E-04
152, 6.89179E-04, 6.96480E-04, 5.93514E-04, 8.00500E-04, 2.74002E-05, 3.42142E-05, 1.86012E-05, 8.00500E-04
153, 6.86424E-04, 7.04172E-04, 5.89184E-04, 7.89775E-04, 2.74356E-05, 3.42824E-05, 1.86408E-05, 7.89775E-04
154, 6.83471E-04, 7.10613E-04, 5.89202E-04, 7.94919E-04, 2.74696E-05, 3.43521E-05, 1.86801E-05, 7.94919E-04
155, 6.80326E-04, 7.15791E-04, 5.93124E-04, 7.98207E-04, 2.75046E-05, 3.44177E-05, 1.87212E-05, 7.98207E-04
156, 6.76992E-04, 7.19702E-04, 5.96032E-04, 7.99741E-04, 2.75384E-05, 3.44787E-05, 1.87647E-05, 7.99741E-04
157, 6.73475E-04, 7.22347E-04, 5.97903E-04, 7.99622E-04, 2.75711E-05, 3.45384E-05, 1.88087E-05, 7.99622E-04
158, 6.69778E-04, 7.23735E-04, 5.98718E-04, 7.97951E-04, 2.76021E-05, 3.46006E-05, 1.88529E-05, 7.97951E-04
159, 6.65907E-04, 7.23881E-04, 5.98468E-04, 7.94830E-04, 2.76341E-05, 3.46606E-05, 1.88979E-05, 7.94830E-04
160, 6.61866E-04, 7.22807E-04, 5.97145E-04, 7.90358E-04, 2.76696E-05, 3.47199E-05, 1.89434E-05, 7.90358E-04
161, 6.59417E-04, 7.20544E-04, 5.94751E-04, 7.84631E-04, 2.77069E-05, 3.47752E-05, 1.89887E-05, 7.84631E-04
162, 6.59410E-04, 7.17128E-04, 5.91294E-04, 7.77745E-04, 2.77470E-05, 3.48265E-05, 1.90343E-05, 7.77745E-04
163, 6.59176E-04, 7.12602E-04, 5.86789E-04, 7.78993E-04, 2.77879E-05, 3.48736E-05, 1.90812E-05, 7.78993E-04
164, 6.58718E-04, 7.07016E-04, 5.81258E-04, 7.82392E-04, 2.78298E-05, 3.49181E-05, 1.91298E-05, 7.82392E-04
165, 6.58040E-04, 7.00428E-04, 5.74729E-04, 7.84106E-04, 2.78742E-05, 3.49601E-05, 1.91801E-05, 7.84106E-04
166, 6.57144E-04, 6.92898E-04, 5.67238E-04, 7.87588E-04, 2.79206E-05, 3.50015E-05, 1.92290E-05, 7.87588E-04
167, 6.56034E-04, 6.84494E-04, 5.58827E-04, 7.89540E-04, 2.79694E-05, 3.50397E-05, 1.92786E-05, 7.89540E-04
168, 6.54714E-04, 6.75290E-04, 5.49824E-04, 7.89295E-04, 2.80198E-05, 3.50724E-05, 1.93294E-05, 7.89295E-04
169, 6.53186E-04, 6.69674E-04, 5.48917E-04, 7.86969E-04, 2.80733E-05, 3.51032E-05, 1.93794E-05, 7.86969E-04
170, 6.51456E-04, 6.68953E-04, 5.46864E-04, 7.88497E-04, 2.81305E-05, 3.51295E-05, 1.94292E-05, 7.88497E-04
171, 6.49525E-04, 6.66909E-04, 5.43664E-04, 7.88189E-04, 2.81893E-05, 3.51559E-05, 1.94793E-05, 7.88189E-04
172, 6.47398E-04, 6.63587E-04, 5.39325E-04, 7.85508E-04, 2.82501E-05, 3.51816E-05, 1.95299E-05, 7.85508E-04
173, 6.45080E-04, 6.59042E-04, 5.33860E-04, 7.84397E-04, 2.83137E-05, 3.52056E-05, 1.95809E-05, 7.84397E-04
174, 6.42574E-04, 6.53335E-04, 5.28202E-04, 7.84188E-04, 2.83817E-05, 3.52258E-05, 1.96325E-05, 7.84188E-04
175, 6.39883E-04, 6.46537E-04, 5.23914E-04, 7.81512E-04, 2.84551E-05, 3.52425E-05, 1.96826E-05, 7.81512E-04
176, 6.37013E-04, 6.48848E-04, 5.18803E-04, 7.77592E-04, 2.85305E-05, 3.52554E-05, 1.97310E-05, 7.77592E-04
177, 6.33968E-04, 6.50948E-04, 5.12903E-04, 7.79335E-04, 2.86049E-05, 3.52667E-05, 1.97773E-05, 7.79335E-04
178, 6.30751E-04, 6.51746E-04, 5.13156E-04, 7.78347E-04, 2.86822E-05, 3.52767E-05, 1.98248E-05, 7.78347E-04
179, 6.27368E-04, 6.51262E-04, 5.13474E-04, 7.74693E-04, 2.87642E-05, 3.52850E-05, 1.98724E-05, 7.74693E-04
180, 6.23821E-04, 6.49523E-04, 5.12777E-04, 7.68468E-04, 2.88482E-05, 3.52925E-05, 1.99205E-05, 7.68468E-04
181, 6.20117E-04, 6.46565E-04, 5.11066E-04, 7.59795E-04, 2.89351E-05, 3.52990E-05, 1.99679E-05, 7.59795E-04
182, 6.16259E-04, 6.42431E-04, 5.08350E-04, 7.56950E-04, 2.90242E-05, 3.53000E-05, 2.00148E-05, 7.56950E-04
183, 6.12252E-04, 6.37174E-04, 5.04644E-04, 7.53873E-04, 2.91143E-05, 3.52955E-05, 2.00608E-05, 7.53873E-04
184, 6.08100E-04, 6.30852E-04, 4.99972E-04, 7.48093E-04, 2.92083E-05, 3.52916E-05, 2.01067E-05, 7.48093E-04
185, 6.03807E-04, 6.23530E-04, 4.94363E-04, 7.39687E-04, 2.93051E-05, 3.52879E-05, 2.01516E-05, 7.39687E-04
186, 5.99379E-04, 6.15282E-04, 4.87853E-04, 7.28766E-04, 2.94059E-05, 3.52853E-05, 2.01958E-05, 7.28766E-04
187, 5.97035E-04, 6.06186E-04, 4.80486E-04, 7.18971E-04, 2.95066E-05, 3.52832E-05, 2.02389E-05, 7.18971E-04
188, 5.96074E-04, 5.96323E-04, 4.72311E-04, 7.14749E-04, 2.96102E-05, 3.52750E-05, 2.02827E-05, 7.14749E-04
189, 5.94924E-04, 5.85782E-04, 4.63383E-04, 7.07877E-04, 2.97191E-05, 3.52628E-05, 2.03268E-05, 7.07877E-04
190, 5.93589E-04, 5.80498E-04, 4.53764E-04, 6.98405E-04, 2.98326E-05, 3.52497E-05, 2.03719E-05, 6.98405E-04
191, 5.92072E-04, 5.88718E-04, 4.47555E-04, 6.86419E-04, 2.99455E-05, 3.52359E-05, 2.04164E-05, 6.86419E-04
192, 5.90376E-04, 5.96308E-04, 4.43543E-04, 6.72035E-04, 3.00595E-05, 3.52216E-05, 2.04581E-05, 6.72035E-04
193, 5.88506E-04, 6.05602E-04, 4.40838E-04, 6.63885E-04, 3.01742E-05, 3.52062E-05, 2.04965E-05, 6.63885E-04
194, 5.86463E-04, 6.15666E-04, 4.37947E-04, 6.56743E-04, 3.02905E-05, 3.51892E-05, 2.05346E-05, 6.56743E-04
195, 5.84252E-04, 6.25094E-04, 4.34874E-04, 6.47121E-04, 3.04086E-05, 3.51684E-05, 2.05737E-05, 6.47121E-04
196, 5.81877E-04, 6.33862E-04, 4.31624E-04, 6.35070E-04, 3.05290E-05, 3.51438E-05, 2.06129E-05, 6.35070E-04
197, 5.79340E-04, 6.41943E-04, 4.28201E-04, 6.20678E-04, 3.06510E-05, 3.51172E-05, 2.06509E-05, 6.20678E-04
198, 5.76647E-04, 6.49315E-04, 4.24613E-04, 6.04066E-04, 3.07741E-05, 3.50897E-05, 2.06863E-05, 6.04066E-04
199, 5.73800E-04, 6.55954E-04, 4.20862E-04, 5.97097E-04, 3.08980E-05, 3.50657E-05, 2.07231E-05, 5.97097E-04
200, 5.70803E-04, 6.61840E-04, 4.16956E-04, 5.88032E-04, 3.10264E-05, 3.50402E-05, 2.07586E-05, 5.88032E-04
201, 5.67661E-04, 6.66953E-04, 4.12900E-04, 5.76720E-04, 3.11577E-05, 3.50150E-05, 2.07919E-05, 5.76720E-04
202, 5.64377E-04, 6.71276E-04, 4.08699E-04, 5.63210E-04, 3.12926E-05, 3.49876E-05, 2.08251E-05, 5.63210E-04
203, 5.60954E-04, 6.79340E-04, 4.04358E-04, 5.47585E-04, 3.14310E-05, 3.49617E-05, 2.08580E-05, 5.47585E-04
204, 5.57398E-04, 6.86948E-04, 3.99883E-04, 5.31312E-04, 3.15694E-05, 3.49363E-05, 2.08895E-05, 5.31312E-04
205, 5.53711E-04, 6.93766E-04, 3.95279E-04, 5.23259E-04, 3.17070E-05, 3.49114E-05, 2.09231E-05, 5.23259E-04
206, 5.49898E-04, 6.99770E-04, 3.90552E-04, 5.13224E-04, 3.18471E-05, 3.48842E-05, 2.09557E-05, 5.13224E-04
207, 5.45962E-04, 7.04938E-04, 3.85708E-04, 5.01224E-04, 3.19870E-05, 3.48547E-05, 2.09858E-05, 5.01224E-04
208, 5.41909E-04, 7.09249E-04, 3.80751E-04, 4.87301E-04, 3.21285E-05, 3.48243E-05, 2.10148E-05, 4.87301E-04
209, 5.37740E-04, 7.12687E-04, 3.76510E-04, 4.71527E-04, 3.22731E-05, 3.47929E-05, 2.10433E-05, 4.71527E-04
210, 5.33462E-04, 7.15234E-04, 3.72587E-04, 4.55148E-04, 3.24210E-05, 3.47630E-05, 2.10734E-05, 4.55148E-04
211, 5.29076E-04, 7.17040E-04, 3.68560E-04, 4.46619E-04, 3.25710E-05, 3.47316E-05, 2.11045E-05, 4.46619E-04
212, 5.24588E-04, 7.23820E-04, 3.67150E-04, 4.36427E-04, 3.27235E-05, 3.46970E-05, 2.11342E-05, 4.36427E-04
213, 5.20002E-04, 7.29729E-04, 3.75419E-04, 4.24581E-04, 3.28787E-05, 3.46607E-05, 2.11625E-05, 4.24581E-04
214, 5.15320E-04, 7.34743E-04, 3.83465E-04, 4.11115E-04, 3.30359E-05, 3.46258E-05, 2.11896E-05, 4.11115E-04
215, 5.10548E-04, 7.38840E-04, 3.91270E-04, 3.96086E-04, 3.31937E-05, 3.45896E-05, 2.12153E-05, 3.96086E-04
216, 5.05688E-04, 7.42000E-04, 3.98817E-04, 3.79573E-04, 3.33514E-05, 3.45556E-05, 2.12409E-05, 3.79573E-04
217, 5.00745E-04, 7.44205E-04, 4.06087E-04, 3.74753E-04, 3.35104E-05, 3.45215E-05, 2.12676E-05, 3.74753E-04
218, 4.95723E-04, 7.45440E-04, 4.13063E-04, 3.80813E-04, 3.36725E-05, 3.44828E-05, 2.12930E-05, 3.80813E-04
219, 4.90625E-04, 7.45693E-04, 4.19725E-04, 3.86628E-04, 3.38364E-05, 3.44435E-05, 2.13172E-05, 3.86628E-04
220, 4.85454E-04, 7.46485E-04, 4.26058E-04, 3.92164E-04, 3.40031E-05, 3.44030E-05, 2.13403E-05, 3.92164E-04
221, 4.80216E-04, 7.52049E-04, 4.32042E-04, 3.97389E-04, 3.41729E-05, 3.43602E-05, 2.13615E-05, 3.97389E-04
222, 4.77405E-04, 7.56664E-04, 4.37661E-04, 4.02269E-04, 3.43422E-05, 3.43159E-05, 2.13811E-05, 4.02269E-04
223, 4.74920E-04, 7.65315E-04, 4.45146E-04, 4.06774E-04, 3.45138E-05, 3.42748E-05, 2.13995E-05, 4.06774E-04
224, 4.72316E-04, 7.73629E-04, 4.53879E-04, 4.10870E-04, 3.46879E-05, 3.42362E-05, 2.14187E-05, 4.10870E-04
225, 4.69595E-04, 7.80817E-04, 4.62269E-04, 4.14529E-04, 3.48645E-05, 3.41969E-05, 2.14385E-05, 4.14529E-04
226, 4.66760E-04, 7.86860E-04, 4.70737E-04, 4.17721E-04, 3.50426E-05, 3.41590E-05, 2.14564E-05, 4.17721E-04
227, 4.63814E-04, 7.91740E-04, 4.79199E-04, 4.20417E-04, 3.52200E-05, 3.41213E-05, 2.14716E-05, 4.20417E-04
228, 4.60759E-04, 8.02738E-04, 4.87333E-04, 4.22590E-04, 3.53958E-05, 3.40843E-05, 2.14856E-05, 4.22590E-04
229, 4.57599E-04, 8.12884E-04, 4.95113E-04, 4.24215E-04, 3.55755E-05, 3.40479E-05, 2.14979E-05, 4.24215E-04
230, 4.54337E-04, 8.21840E-04, 5.02513E-04, 4.25267E-04, 3.57573E-05, 3.40101E-05, 2.15080E-05, 4.25267E-04
231, 4.50975E-04, 8.29575E-04, 5.10203E-04, 4.25725E-04, 3.59384E-05, 3.39718E-05, 2.15185E-05, 4.25725E-04
232, 4.47517E-04, 8.36066E-04, 5.20877E-04, 4.25568E-04, 3.61193E-05, 3.39329E-05, 2.15288E-05, 4.25568E-04
233, 4.43965E-04, 8.41291E-04, 5.31240E-04, 4.24777E-04, 3.62997E-05, 3.38983E-05, 2.15364E-05, 4.24777E-04
234, 4.40322E-04, 8.45233E-04, 5.41260E-04, 4.24725E-04, 3.64807E-05, 3.38634E-05, 2.15417E-05, 4.24725E-04
235, 4.36592E-04, 8.47878E-04, 5.50907E-04, 4.30294E-04, 3.66626E-05, 3.38264E-05, 2.15449E-05, 4.30294E-04
236, 4.35638E-04, 8.50213E-04, 5.60149E-04, 4.35344E-04, 3.68443E-05, 3.37882E-05, 2.15456E-05, 4.35344E-04
237, 4.38257E-04, 8.59419E-04, 5.68956E-04, 4.39861E-04, 3.70273E-05, 3.37518E-05, 2.15444E-05, 4.39861E-04
238, 4.40409E-04, 8.67319E-04, 5.77298E-04, 4.43832E-04, 3.72099E-05, 3.37129E-05, 2.15432E-05, 4.43832E-04
239, 4.44415E-04, 8.73885E-04, 5.85143E-04, 4.48012E-04, 3.73908E-05, 3.36713E-05, 2.15435E-05, 4.48012E-04
240, 4.48782E-04, 8.79092E-04, 5.92463E-04, 4.54825E-04, 3.75727E-05, 3.36283E-05, 2.15428E-05, 4.54825E-04
241, 4.52635E-04, 8.82921E-04, 5.99229E-04, 4.61086E-04, 3.77550E-05, 3.35842E-05, 2.15416E-05, 4.61086E-04
242, 4.55970E-04, 8.85356E-04, 6.08928E-04, 4.66775E-04, 3.79380E-05, 3.35394E-05, 2.15391E-05, 4.66775E-04
243, 4.58784E-04, 8.86385E-04, 6.20138E-04, 4.71871E-04, 3.81190E-05, 3.34952E-05, 2.15352E-05, 4.71871E-04
244, 4.61076E-04, 8.86003E-04, 6.30874E-04, 4.76358E-04, 3.82972E-05, 3.34515E-05, 2.15296E-05, 4.76358E-04
245, 4.62846E-04, 8.87234E-04, 6.41098E-04, 4.80219E-04, 3.84746E-05, 3.34083E-05, 2.15228E-05, 4.80219E-04
246, 4.64095E-04, 8.94832E-04, 6.50775E-04, 4.83442E-04, 3.86518E-05, 3.33624E-05, 2.15150E-05, 4.83442E-04
247, 4.66289E-04, 9.01017E-04, 6.59868E-04, 4.86013E-04, 3.88289E-05, 3.33154E-05, 2.15050E-05, 4.86013E-04
248, 4.70443E-04, 9.05763E-04, 6.68343E-04, 4.90946E-04, 3.90054E-05, 3.32678E-05, 2.14928E-05, 4.90946E-04
249, 4.74023E-04, 9.09049E-04, 6.76165E-04, 4.96821E-04, 3.91811E-05, 3.32189E-05, 2.14785E-05, 4.96821E-04
250, 4.77026E-04, 9.10859E-04, 6.83301E-04, 5.02035E-04, 3.93545E-05, 3.31692E-05, 2.14631E-05, 5.02035E-04
251, 4.79451E-04, 9.11180E-04, 6.89719E-04, 5.06568E-04, 3.95279E-05, 3.31193E-05, 2.14463E-05, 5.06568E-04
252, 4.81299E-04, 9.10007E-04, 6.95389E-04, 5.10402E-04, 3.96988E-05, 3.30663E-05, 2.14295E-05, 5.10402E-04
253, 4.82571E-04, 9.07338E-04, 7.07387E-04, 5.13520E-04, 3.98660E-05, 3.30113E-05, 2.14137E-05, 5.13520E-04
254, 4.83271E-04, 9.05827E-04, 7.18896E-04, 5.15909E-04, 4.00305E-05, 3.29540E-05, 2.13969E-05, 5.15909E-04
255, 4.83404E-04, 9.12567E-04, 7.29750E-04, 5.17556E-04, 4.01935E-05, 3.28941E-05, 2.13797E-05, 5.17556E-04
256, 4.85619E-04, 9.17830E-04, 7.39907E-04, 5.18523E-04, 4.03561E-05, 3.28336E-05, 2.13635E-05, 5.18523E-04
257, 4.89413E-04, 9.21588E-04, 7.49325E-04, 5.24017E-04, 4.05157E-05, 3.27757E-05, 2.13471E-05, 5.24017E-04
258, 4.92576E-04, 9.23823E-04, 7.57966E-04, 5.28770E-04, 4.06748E-05, 3.27168E-05, 2.13293E-05, 5.28770E-04
259, 4.95108E-04, 9.24517E-04, 7.65789E-04, 5.32762E-04, 4.08304E-05, 3.26589E-05, 2.13108E-05, 5.32762E-04
260, 4.97010E-04, 9.23661E-04, 7.72759E-04, 5.35973E-04, 4.09817E-05, 3.26004E-05, 2.12919E-05, 5.35973E-04
261, 4.98283E-04, 9.21251E-04, 7.78841E-04, 5.38386E-04, 4.11306E-05, 3.25406E-05, 2.12716E-05, 5.38386E-04
262, 4.98934E-04, 9.17288E-04, 7.84002E-04, 5.39989E-04, 4.12797E-05, 3.24768E-05, 2.12502E-05, 5.39989E-04
263, 4.99050E-04, 9.11779E-04, 7.88972E-04, 5.40771E-04, 4.14233E-05, 3.24109E-05, 2.12269E-05, 5.40771E-04
264, 5.00609E-04, 9.15388E-04, 8.01407E-04, 5.40722E-04, 4.15632E-05, 3.23436E-05, 2.12034E-05, 5.40722E-04
265, 5.02267E-04, 9.20641E-04, 8.13051E-04, 5.41427E-04, 4.16996E-05, 3.22745E-05, 2.11798E-05, 5.41427E-04
266, 5.07451E-04, 9.24366E-04, 8.23854E-04, 5.45875E-04, 4.18339E-05, 3.22036E-05, 2.11544E-05, 5.45875E-04
267, 5.11951E-04, 9.26542E-04, 8.33772E-04, 5.49495E-04, 4.19646E-05, 3.21309E-05, 2.11284E-05, 5.49495E-04
268, 5.15761E-04, 9.27149E-04, 8.42757E-04, 5.52268E-04, 4.20925E-05, 3.20580E-05, 2.11017E-05, 5.52268E-04
269, 5.18878E-04, 9.26177E-04, 8.50768E-04, 5.54176E-04, 4.22213E-05, 3.19845E-05, 2.10751E-05, 5.54176E-04
270, 5.21301E-04, 9.23619E-04, 8.57762E-04, 5.55206E-04, 4.23462E-05, 3.19098E-05, 2.10497E-05, 5.55206E-04
271, 5.23029E-04, 9.19476E-04, 8.63703E-04, 5.55348E-04, 4.24675E-05, 3.18349E-05, 2.10232E-05, 5.55348E-04
272, 5.24067E-04, 9.13754E-04, 8.68554E-04, 5.54594E-04, 4.25846E-05, 3.17584E-05, 2.09985E-05, 5.54594E-04
273, 5.24418E-04, 9.12332E-04, 8.72283E-04, 5.52940E-04, 4.27017E-05, 3.16820E-05, 2.09753E-05, 5.52940E-04
274, 5.26286E-04, 9.12078E-04, 8.74861E-04, 5.52683E-04, 4.28181E-05, 3.16058E-05, 2.09539E-05, 5.52683E-04
275, 5.31154E-04, 9.15524E-04, 8.86251E-04, 5.56252E-04, 4.29323E-05, 3.15286E-05, 2.09334E-05, 5.56252E-04
276, 5.35264E-04, 9.18612E-04, 8.97999E-04, 5.58928E-04, 4.30430E-05, 3.14519E-05, 2.09128E-05, 5.58928E-04
277, 5.38615E-04, 9.20144E-04, 9.08736E-04, 5.60691E-04, 4.31513E-05, 3.13746E-05, 2.08918E-05, 5.60691E-04
278, 5.41204E-04, 9.20103E-04, 9.18410E-04, 5.61527E-04, 4.32584E-05, 3.12974E-05, 2.08695E-05, 5.61527E-04
279, 5.43032E-04, 9.18977E-04, 9.26973E-04, 5.61426E-04, 4.33652E-05, 3.12204E-05, 2.08473E-05, 5.61426E-04
280, 5.44103E-04, 9.22679E-04, 9.34380E-04, 5.60379E-04, 4.34684E-05, 3.11425E-05, 2.08259E-05, 5.60379E-04
281, 5.44423E-04, 9.24685E-04, 9.40588E-04, 5.58384E-04, 4.35672E-05, 3.10634E-05, 2.08043E-05, 5.58384E-04
282, 5.44000E-04, 9.25002E-04, 9.45558E-04, 5.55441E-04, 4.36646E-05, 3.09846E-05, 2.07833E-05, 5.55441E-04
283, 5.50379E-04, 9.23641E-04, 9.49254E-04, 5.52573E-04, 4.37607E-05, 3.09063E-05, 2.07631E-05, 5.52573E-04
284, 5.57627E-04, 9.20620E-04, 9.51646E-04, 5.55618E-04, 4.38523E-05, 3.08280E-05, 2.07452E-05, 5.55618E-04
285, 5.64438E-04, 9.15964E-04, 9.52705E-04, 5.57729E-04, 4.39425E-05, 3.07495E-05, 2.07265E-05, 5.57729E-04
286, 5.70807E-04, 9.09705E-04, 9.56944E-04, 5.58888E-04, 4.40307E-05, 3.06722E-05, 2.07080E-05, 5.58888E-04
287, 5.76733E-04, 9.13343E-04, 9.68937E-04, 5.59081E-04, 4.41167E-05, 3.05949E-05, 2.06908E-05, 5.59081E-04
288, 5.82213E-04, 9.18785E-04, 9.79779E-04, 5.58300E-04, 4.41982E-05, 3.05175E-05, 2.06736E-05, 5.58300E-04
289, 5.87247E-04, 9.22514E-04, 9.89416E-04, 5.56540E-04, 4.42785E-05, 3.04406E-05, 2.06577E-05, 5.56540E-04
290, 5.91834E-04, 9.24527E-04, 9.97796E-04, 5.53799E-04, 4.43591E-05, 3.03643E-05, 2.06432E-05, 5.53799E-04
291, 5.98222E-04, 9.24829E-04, 1.00487E-03, 5.50081E-04, 4.44377E-05, 3.02869E-05, 2.06300E-05, 5.50081E-04
292, 6.05623E-04, 9.23430E-04, 1.01060E-03, 5.45395E-04, 4.45142E-05, 3.02101E-05, 2.06188E-05, 5.45395E-04
293, 6.12561E-04, 9.20348E-04, 1.01494E-03, 5.44701E-04, 4.45892E-05, 3.01352E-05, 2.06095E-05, 5.44701E-04
294, 6.19574E-04, 9.15610E-04, 1.01785E-03, 5.46773E-04, 4.46599E-05, 3.00603E-05, 2.06019E-05, 5.46773E-04
295, 6.27793E-04, 9.09245E-04, 1.01931E-03, 5.47881E-04, 4.47276E-05, 2.99865E-05, 2.05943E-05, 5.47881E-04
296, 6.35464E-04, 9.01293E-04, 1.01929E-03, 5.48012E-04, 4.47924E-05, 2.99140E-05, 2.05866E-05, 5.48012E-04
297, 6.42588E-04, 9.04372E-04, 1.01777E-03, 5.47155E-04, 4.48531E-05, 2.98408E-05, 2.05785E-05, 5.47155E-04
298, 6.49166E-04, 9.09057E-04, 1.02113E-03, 5.45307E-04, 4.49128E-05, 2.97674E-05, 2.05704E-05, 5.45307E-04
299, 6.55202E-04, 9.12042E-04, 1.03242E-03, 5.42466E-04, 4.49701E-05, 2.96937E-05, 2.05634E-05, 5.42466E-04
300, 6.60699E-04, 9.13326E-04, 1.04242E-03, 5.38637E-04, 4.50251E-05, 2.96201E-05, 2.05557E-05, 5.38637E-04
301, 6.65661E-04, 9.12917E-04, 1.05107E-03, 5.33830E-04, 4.50780E-05, 2.95481E-05, 2.05481E-05, 5.33830E-04
302, 6.73877E-04, 9.10827E-04, 1.05832E-03, 5.28057E-04, 4.51321E-05, 2.94765E-05, 2.05408E-05, 5.28057E-04
303, 6.81932E-04, 9.07078E-04, 1.06411E-03, 5.26714E-04, 4.51839E-05, 2.94049E-05, 2.05338E-05, 5.26714E-04
304, 6.89426E-04, 9.01697E-04, 1.06842E-03, 5.28393E-04, 4.52312E-05, 2.93335E-05, 2.05270E-05, 5.28393E-04
305, 6.96359E-04, 8.94717E-04, 1.07120E-03, 5.29109E-04, 4.52779E-05, 2.92619E-05, 2.05197E-05, 5.29109E-04
306, 7.02735E-04, 8.86179E-04, 1.07242E-03, 5.28852E-04, 4.53236E-05, 2.91928E-05, 2.05144E-05, 5.28852E-04
307, 7.08556E-04, 8.82800E-04, 1.07206E-03, 5.27612E-04, 4.53654E-05, 2.91249E-05, 2.05081E-05, 5.27612E-04
308, 7.13827E-04, 8.87550E-04, 1.07009E-03, 5.25389E-04, 4.54042E-05, 2.90594E-05, 2.05039E-05, 5.25389E-04
309, 7.18551E-04, 8.90649E-04, 1.06651E-03, 5.22183E-04, 4.54393E-05, 2.89928E-05, 2.05009E-05, 5.22183E-04
310, 7.22736E-04, 8.92094E-04, 1.06239E-03, 5.18002E-04, 4.54732E-05, 2.89267E-05, 2.04982E-05, 5.18002E-04
311, 7.26389E-04, 8.91891E-04, 1.07327E-03, 5.12856E-04, 4.55058E-05, 2.88608E-05, 2.04979E-05, 5.12856E-04
312, 7.29515E-04, 8.90054E-04, 1.08277E-03, 5.06764E-04, 4.55359E-05, 2.87961E-05, 2.04973E-05, 5.06764E-04
313, 7.35973E-04, 8.86600E-04, 1.09082E-03, 5.00622E-04, 4.55647E-05, 2.87308E-05, 2.04969E-05, 5.00622E-04
314, 7.42455E-04, 8.81556E-04, 1.09740E-03, 5.02534E-04, 4.55943E-05, 2.86661E-05, 2.04963E-05, 5.02534E-04
315, 7.48376E-04, 8.74953E-04, 1.10244E-03, 5.03514E-04, 4.56224E-05, 2.86020E-05, 2.04981E-05, 5.03514E-04
316, 7.53739E-04, 8.66831E-04, 1.10591E-03, 5.03550E-04, 4.56470E-05, 2.85377E-05, 2.05015E-05, 5.03550E-04
317, 7.58550E-04, 8.57234E-04, 1.10778E-03, 5.02633E-04, 4.56700E-05, 2.84737E-05, 2.05032E-05, 5.02633E-04
318, 7.62814E-04, 8.56264E-04, 1.10801E-03, 5.00758E-04, 4.56911E-05, 2.84094E-05, 2.05033E-05, 5.00758E-04
319, 7.66537E-04, 8.60171E-04, 1.10659E-03, 4.97929E-04, 4.57150E-05, 2.83456E-05, 2.05026E-05, 4.97929E-04
320, 7.69727E-04, 8.62499E-04, 1.10350E-03, 4.94150E-04, 4.57390E-05, 2.82823E-05, 2.05023E-05, 4.94150E-04
321, 7.72392E-04, 8.63251E-04, 1.09873E-03, 4.89433E-04, 4.57614E-05, 2.82197E-05, 2.05009E-05, 4.89433E-04
322, 7.74540E-04, 8.62434E-04, 1.09229E-03, 4.83793E-04, 4.57811E-05, 2.81570E-05, 2.05000E-05, 4.83793E-04
323, 7.76181E-04, 8.60063E-04, 1.08930E-03, 4.77252E-04, 4.57991E-05, 2.80958E-05, 2.05004E-05, 4.77252E-04
324, 7.81195E-04, 8.56159E-04, 1.09881E-03, 4.70666E-04, 4.58154E-05, 2.80351E-05, 2.05019E-05, 4.70666E-04
325, 7.86488E-04, 8.50749E-04, 1.10687E-03, 4.72496E-04, 4.58309E-05, 2.79732E-05, 2.05041E-05, 4.72496E-04
326, 7.91228E-04, 8.43866E-04, 1.11343E-03, 4.73434E-04, 4.58446E-05, 2.79108E-05, 2.05063E-05, 4.73434E-04
327, 7.95419E-04, 8.35548E-04, 1.11844E-03, 4.73469E-04, 4.58580E-05, 2.78480E-05, 2.05080E-05, 4.73469E-04
328, 7.99069E-04, 8.25842E-04, 1.12186E-03, 4.72592E-04, 4.58720E-05, 2.77844E-05, 2.05098E-05, 4.72592E-04
329, 8.02185E-04, 8.21550E-04, 1.12367E-03, 4.70802E-04, 4.58877E-05, 2.77214E-05, 2.05104E-05, 4.70802E-04
330, 8.04774E-04, 8.25261E-04, 1.12384E-03, 4.68100E-04, 4.59035E-05, 2.76608E-05, 2.05108E-05, 4.68100E-04
331, 8.06845E-04, 8.27489E-04, 1.12233E-03, 4.64494E-04, 4.59165E-05, 2.76010E-05, 2.05125E-05, 4.64494E-04
332, 8.08406E-04, 8.28237E-04, 1.11915E-03, 4.59994E-04, 4.59290E-05, 2.75400E-05, 2.05161E-05, 4.59994E-04
333, 8.09469E-04, 8.27510E-04, 1.11429E-03, 4.54619E-04, 4.59399E-05, 2.74786E-05, 2.05201E-05, 4.54619E-04
334, 8.10043E-04, 8.25324E-04, 1.10774E-03, 4.48388E-04, 4.59487E-05, 2.74185E-05, 2.05248E-05, 4.48388E-04
335, 8.12673E-04, 8.21697E-04, 1.09951E-03, 4.41327E-04, 4.59566E-05, 2.73586E-05, 2.05306E-05, 4.41327E-04
336, 8.17246E-04, 8.16655E-04, 1.08965E-03, 4.39041E-04, 4.59689E-05, 2.72989E-05, 2.05347E-05, 4.39041E-04
337, 8.21274E-04, 8.10230E-04, 1.09834E-03, 4.40490E-04, 4.59792E-05, 2.72393E-05, 2.05380E-05, 4.40490E-04
338, 8.24764E-04, 8.02457E-04, 1.10558E-03, 4.41093E-04, 4.59872E-05, 2.71786E-05, 2.05397E-05, 4.41093E-04
339, 8.27721E-04, 7.93378E-04, 1.11132E-03, 4.40841E-04, 4.59945E-05, 2.71168E-05, 2.05416E-05, 4.40841E-04
340, 8.30154E-04, 7.83039E-04, 1.11553E-03, 4.39729E-04, 4.60022E-05, 2.70563E-05, 2.05439E-05, 4.39729E-04
341, 8.32070E-04, 7.84794E-04, 1.11816E-03, 4.37759E-04, 4.60095E-05, 2.69976E-05, 2.05470E-05, 4.37759E-04
342, 8.33480E-04, 7.87412E-04, 1.11920E-03, 4.34934E-04, 4.60153E-05, 2.69392E-05, 2.05497E-05, 4.34934E-04
343, 8.34392E-04, 7.88655E-04, 1.11862E-03, 4.31264E-04, 4.60217E-05, 2.68833E-05, 2.05523E-05, 4.31264E-04
344, 8.34818E-04, 7.88529E-04, 1.11640E-03, 4.26764E-04, 4.60265E-05, 2.68288E-05, 2.05559E-05, 4.26764E-04
345, 8.34767E-04, 7.87044E-04, 1.11253E-03, 4.21451E-04, 4.60334E-05, 2.67744E-05, 2.05599E-05, 4.21451E-04
346, 8.34251E-04, 7.84216E-04, 1.10702E-03, 4.15348E-04, 4.60412E-05, 2.67217E-05, 2.05641E-05, 4.15348E-04
347, 8.36720E-04, 7.80068E-04, 1.09987E-03, 4.08482E-04, 4.60493E-05, 2.66708E-05, 2.05680E-05, 4.08482E-04
348, 8.40547E-04, 7.74625E-04, 1.09109E-03, 4.05980E-04, 4.60569E-05, 2.66209E-05, 2.05717E-05, 4.05980E-04
349, 8.43839E-04, 7.67919E-04, 1.08070E-03, 4.07543E-04, 4.60626E-05, 2.65707E-05, 2.05758E-05, 4.07543E-04
350, 8.46604E-04, 7.59987E-04, 1.07401E-03, 4.08320E-04, 4.60666E-05, 2.65196E-05, 2.05810E-05, 4.08320E-04
351, 8.48849E-04, 7.50870E-04, 1.08111E-03, 4.08301E-04, 4.60683E-05, 2.64692E-05, 2.05849E-05, 4.08301E-04
352, 8.50581E-04, 7.40613E-04, 1.08677E-03, 4.07483E-04, 4.60682E-05, 2.64202E-05, 2.05880E-05, 4.07483E-04
353, 8.51811E-04, 7.43205E-04, 1.09097E-03, 4.05866E-04, 4.60666E-05, 2.63724E-05, 2.05918E-05, 4.05866E-04
354, 8.52546E-04, 7.45263E-04, 1.09366E-03, 4.03456E-04, 4.60610E-05, 2.63245E-05, 2.05962E-05, 4.03456E-04
355, 8.52797E-04, 7.46061E-04, 1.09483E-03, 4.00261E-04, 4.60537E-05, 2.62763E-05, 2.05995E-05, 4.00261E-04
356, 8.52575E-04, 7.45607E-04, 1.09445E-03, 3.96294E-04, 4.60442E-05, 2.62303E-05, 2.06005E-05, 3.96294E-04
357, 8.51891E-04, 7.43910E-04, 1.09251E-03, 3.91573E-04, 4.60343E-05, 2.61856E-05, 2.06018E-05, 3.91573E-04
358, 8.50755E-04, 7.40987E-04, 1.08901E-03, 3.86119E-04, 4.60244E-05, 2.61421E-05, 2.06033E-05, 3.86119E-04
359, 8.49214E-04, 7.36859E-04, 1.08394E-03, 3.79957E-04, 4.60156E-05, 2.60990E-05, 2.06062E-05, 3.79957E-04
360, 8.52835E-04, 7.31551E-04, 1.07730E-03, 3.73320E-04, 4.60034E-05, 2.60588E-05, 2.06098E-05, 3.73320E-04
361, 8.55929E-04, 7.25095E-04, 1.06912E-03, 3.75331E-04, 4.59904E-05, 2.60207E-05, 2.06128E-05, 3.75331E-04
362, 8.58502E-04, 7.17523E-04, 1.05940E-03, 3.76622E-04, 4.59766E-05, 2.59854E-05, 2.06148E-05, 3.76622E-04
363, 8.60560E-04, 7.08874E-04, 1.04818E-03, 3.77184E-04, 4.59636E-05, 2.59523E-05, 2.06159E-05, 3.77184E-04
364, 8.62112E-04, 6.99191E-04, 1.03644E-03, 3.77011E-04, 4.59498E-05, 2.59213E-05, 2.06170E-05, 3.77011E-04
365, 8.64401E-04, 6.98572E-04, 1.04264E-03, 3.76102E-04, 4.59355E-05, 2.58917E-05, 2.06181E-05, 3.76102E-04
366, 8.67146E-04, 7.00468E-04, 1.04747E-03, 3.74459E-04, 4.59192E-05, 2.58646E-05, 2.06185E-05, 3.74459E-04
367, 8.69252E-04, 7.01221E-04, 1.05092E-03, 3.72089E-04, 4.59003E-05, 2.58371E-05, 2.06182E-05, 3.72089E-04
368, 8.70730E-04, 7.00835E-04, 1.05295E-03, 3.69003E-04, 4.58801E-05, 2.58099E-05, 2.06180E-05, 3.69003E-04
369, 8.71591E-04, 6.99320E-04, 1.05354E-03, 3.65213E-04, 4.58576E-05, 2.57845E-05, 2.06179E-05, 3.65213E-04
370, 8.71850E-04, 6.96689E-04, 1.05269E-03, 3.60740E-04, 4.58335E-05, 2.57596E-05, 2.06194E-05, 3.60740E-04
371, 8.71520E-04, 6.92962E-04, 1.05037E-03, 3.55603E-04, 4.58064E-05, 2.57363E-05, 2.06225E-05, 3.55603E-04
372, 8.70613E-04, 6.88162E-04, 1.04659E-03, 3.49828E-04, 4.57755E-05, 2.57142E-05, 2.06249E-05, 3.49828E-04
373, 8.69145E-04, 6.82315E-04, 1.04135E-03, 3.44815E-04, 4.57436E-05, 2.56930E-05, 2.06270E-05, 3.44815E-04
374, 8.72622E-04, 6.75452E-04, 1.03466E-03, 3.46803E-04, 4.57137E-05, 2.56717E-05, 2.06295E-05, 3.46803E-04
375, 8.76862E-04, 6.67607E-04, 1.02654E-03, 3.48131E-04, 4.56800E-05, 2.56511E-05, 2.06312E-05, 3.48131E-04
376, 8.80428E-04, 6.58819E-04, 1.01700E-03, 3.48791E-04, 4.56478E-05, 2.56321E-05, 2.06323E-05, 3.48791E-04
377, 8.83328E-04, 6.51844E-04, 1.00608E-03, 3.48778E-04, 4.56147E-05, 2.56132E-05, 2.06324E-05, 3.48778E-04
378, 8.85570E-04, 6.53866E-04, 9.93799E-04, 3.48093E-04, 4.55786E-05, 2.55954E-05, 2.06310E-05, 3.48093E-04
379, 8.87161E-04, 6.54857E-04, 9.88288E-04, 3.46737E-04, 4.55397E-05, 2.55785E-05, 2.06287E-05, 3.46737E-04
380, 8.88111E-04, 6.54821E-04, 9.92900E-04, 3.44717E-04, 4.55018E-05, 2.55619E-05, 2.06270E-05, 3.44717E-04
381, 8.88430E-04, 6.53764E-04, 9.96231E-04, 3.42043E-04, 4.54641E-05, 2.55455E-05, 2.06273E-05, 3.42043E-04
382, 8.88129E-04, 6.51696E-04, 9.98257E-04, 3.38727E-04, 4.54227E-05, 2.55303E-05, 2.06278E-05, 3.38727E-04
383, 8.87220E-04, 6.48632E-04, 9.98962E-04, 3.34787E-04, 4.53770E-05, 2.55171E-05, 2.06286E-05, 3.34787E-04
384, 8.85715E-04, 6.44592E-04, 9.98334E-04, 3.30241E-04, 4.53289E-05, 2.55044E-05, 2.06297E-05, 3.30241E-04
385, 8.83626E-04, 6.39597E-04, 9.96367E-04, 3.25114E-04, 4.52795E-05, 2.54919E-05, 2.06304E-05, 3.25114E-04
386, 8.80968E-04, 6.33675E-04, 9.93059E-04, 3.19546E-04, 4.52313E-05, 2.54818E-05, 2.06310E-05, 3.19546E-04
387, 8.81311E-04, 6.26854E-04, 9.88414E-04, 3.21699E-04, 4.51848E-05, 2.54722E-05, 2.06308E-05, 3.21699E-04
388, 8.85090E-04, 6.19167E-04, 9.82440E-04, 3.23254E-04, 4.51360E-05, 2.54626E-05, 2.06301E-05, 3.23254E-04
389, 8.88189E-04, 6.10650E-04, 9.75152E-04, 3.24204E-04, 4.50863E-05, 2.54525E-05, 2.06308E-05, 3.24204E-04
390, 8.90612E-04, 6.06091E-04, 9.66571E-04, 3.24542E-04, 4.50359E-05, 2.54414E-05, 2.06331E-05, 3.24542E-04
391, 8.92362E-04, 6.07523E-04, 9.56719E-04, 3.24268E-04, 4.49828E-05, 2.54293E-05, 2.06363E-05, 3.24268E-04
392, 8.93446E-04, 6.08036E-04, 9.45629E-04, 3.23384E-04, 4.49292E-05, 2.54174E-05, 2.06402E-05, 3.23384E-04
393, 8.93870E-04, 6.07631E-04, 9.33334E-04, 3.21893E-04, 4.48725E-05, 2.54056E-05, 2.06454E-05, 3.21893E-04
394, 8.93641E-04, 6.06315E-04, 9.27687E-04, 3.19803E-04, 4.48113E-05, 2.53936E-05, 2.06500E-05, 3.19803E-04
395, 8.92770E-04, 6.04099E-04, 9.31281E-04, 3.17126E-04, 4.47489E-05, 2.53829E-05, 2.06553E-05, 3.17126E-04
396, 8.91264E-04, 6.00997E-04, 9.33696E-04, 3.13876E-04, 4.46893E-05, 2.53720E-05, 2.06592E-05, 3.13876E-04
397, 8.89136E-04, 5.97025E-04, 9.34914E-04, 3.10069E-04, 4.46322E-05, 2.53618E-05, 2.06612E-05, 3.10069E-04
398, 8.86397E-04, 5.92206E-04, 9.34926E-04, 3.05726E-04, 4.45741E-05, 2.53523E-05, 2.06623E-05, 3.05726E-04
399, 8.83059E-04, 5.86562E-04, 9.33725E-04, 3.00868E-04, 4.45167E-05, 2.53431E-05, 2.06653E-05, 3.00868E-04
400, 8.79137E-04, 5.80121E-04, 9.31309E-04, 3.01199E-04, 4.44601E-05, 2.53336E-05, 2.06708E-05, 3.01199E-04
401, 8.76644E-04, 5.72912E-04, 9.27680E-04, 3.03094E-04, 4.44038E-05, 2.53247E-05, 2.06768E-05, 3.03094E-04
402, 8.79967E-04, 5.64968E-04, 9.22845E-04, 3.04444E-04, 4.43463E-05, 2.53166E-05, 2.06825E-05, 3.04444E-04
403, 8.82598E-04, 5.59348E-04, 9.16817E-04, 3.05242E-04, 4.42863E-05, 2.53082E-05, 2.06876E-05, 3.05242E-04
404, 8.84537E-04, 5.60535E-04, 9.09612E-04, 3.05486E-04, 4.42264E-05, 2.52989E-05, 2.06933E-05, 3.05486E-04
405, 8.85787E-04, 5.60909E-04, 9.01250E-04, 3.05175E-04, 4.41669E-05, 2.52889E-05, 2.06979E-05, 3.05175E-04
406, 8.86349E-04, 5.60471E-04, 8.91757E-04, 3.04312E-04, 4.41084E-05, 2.52780E-05, 2.07033E-05, 3.04312E-04
407, 8.86229E-04, 5.59226E-04, 8.81162E-04, 3.02901E-04, 4.40491E-05, 2.52670E-05, 2.07085E-05, 3.02901E-04
408, 8.85431E-04, 5.57182E-04, 8.69500E-04, 3.00951E-04, 4.39915E-05, 2.52551E-05, 2.07144E-05, 3.00951E-04
409, 8.83963E-04, 5.54351E-04, 8.59621E-04, 2.98473E-04, 4.39314E-05, 2.52437E-05, 2.07204E-05, 2.98473E-04
410, 8.81833E-04, 5.50748E-04, 8.62539E-04, 2.95480E-04, 4.38697E-05, 2.52320E-05, 2.07260E-05, 2.95480E-04
411, 8.79050E-04, 5.46391E-04, 8.64389E-04, 2.91988E-04, 4.38100E-05, 2.52207E-05, 2.07312E-05, 2.91988E-04
412, 8.75626E-04, 5.41299E-04, 8.65159E-04, 2.88016E-04, 4.37491E-05, 2.52087E-05, 2.07358E-05, 2.88016E-04
413, 8.71572E-04, 5.35497E-04, 8.64842E-04, 2.86776E-04, 4.36873E-05, 2.51970E-05, 2.07400E-05, 2.86776E-04
414, 8.66902E-04, 5.29010E-04, 8.63435E-04, 2.89076E-04, 4.36258E-05, 2.51842E-05, 2.07455E-05, 2.89076E-04
415, 8.61629E-04, 5.21866E-04, 8.60938E-04, 2.90889E-04, 4.35650E-05, 2.51699E-05, 2.07519E-05, 2.90889E-04
416, 8.55903E-04, 5.14096E-04, 8.57356E-04, 2.92207E-04, 4.35043E-05, 2.51559E-05, 2.07586E-05, 2.92207E-04
417, 8.58691E-04, 5.14079E-04, 8.52696E-04, 2.93025E-04, 4.34442E-05, 2.51418E-05, 2.07670E-05, 2.93025E-04
418, 8.60777E-04, 5.14586E-04, 8.46972E-04, 2.93340E-04, 4.33845E-05, 2.51275E-05, 2.07754E-05, 2.93340E-04
419, 8.62158E-04, 5.14380E-04, 8.40201E-04, 2.93153E-04, 4.33285E-05, 2.51115E-05, 2.07823E-05, 2.93153E-04
420, 8.62833E-04, 5.13465E-04, 8.32401E-04, 2.92465E-04, 4.32728E-05, 2.50954E-05, 2.07895E-05, 2.92465E-04
421, 8.62805E-04, 5.11845E-04, 8.23598E-04, 2.91282E-04, 4.32152E-05, 2.50789E-05, 2.07974E-05, 2.91282E-04
422, 8.62074E-04, 5.09530E-04, 8.13818E-04, 2.89611E-04, 4.31569E-05, 2.50614E-05, 2.08067E-05, 2.89611E-04
423, 8.60646E-04, 5.06530E-04, 8.03093E-04, 2.87461E-04, 4.31008E-05, 2.50430E-05, 2.08169E-05, 2.87461E-04
424, 8.58525E-04, 5.02860E-04, 7.91456E-04, 2.84845E-04, 4.30438E-05, 2.50236E-05, 2.08260E-05, 2.84845E-04
425, 8.55719E-04, 4.98535E-04, 7.89244E-04, 2.81777E-04, 4.29882E-05, 2.50043E-05, 2.08334E-05, 2.81777E-04
426, 8.52238E-04, 4.93575E-04, 7.90676E-04, 2.80190E-04, 4.29333E-05, 2.49844E-05, 2.08399E-05, 2.80190E-04
427, 8.48090E-04, 4.88000E-04, 7.91145E-04, 2.82912E-04, 4.28806E-05, 2.49639E-05, 2.08460E-05, 2.82912E-04
428, 8.43288E-04, 4.81835E-04, 7.90647E-04, 2.85198E-04, 4.28309E-05, 2.49425E-05, 2.08516E-05, 2.85198E-04
429, 8.37845E-04, 4.75103E-04, 7.89179E-04, 2.87041E-04, 4.27825E-05, 2.49205E-05, 2.08578E-05, 2.87041E-04
430, 8.31775E-04, 4.67865E-04, 7.86744E-04, 2.88433E-04, 4.27336E-05, 2.48977E-05, 2.08655E-05, 2.88433E-04
431, 8.25095E-04, 4.68672E-04, 7.83347E-04, 2.89371E-04, 4.26840E-05, 2.48744E-05, 2.08747E-05, 2.89371E-04
432, 8.17821E-04, 4.68862E-04, 7.78996E-04, 2.89851E-04, 4.26334E-05, 2.48502E-05, 2.08832E-05, 2.89851E-04
433, 8.17444E-04, 4.68433E-04, 7.73704E-04, 2.89872E-04, 4.25839E-05, 2.48251E-05, 2.08925E-05, 2.89872E-04
434, 8.18828E-04, 4.67390E-04, 7.67486E-04, 2.89438E-04, 4.25337E-05, 2.47992E-05, 2.09023E-05, 2.89438E-04
435, 8.19507E-04, 4.65737E-04, 7.60359E-04, 2.88551E-04, 4.24825E-05, 2.47736E-05, 2.09129E-05, 2.88551E-04
436, 8.19480E-04, 4.63481E-04, 7.52347E-04, 2.87219E-04, 4.24323E-05, 2.47475E-05, 2.09243E-05, 2.87219E-04
437, 8.18746E-04, 4.60632E-04, 7.43474E-04, 2.85448E-04, 4.23821E-05, 2.47206E-05, 2.09369E-05, 2.85448E-04
438, 8.17309E-04, 4.57202E-04, 7.33766E-04, 2.83249E-04, 4.23309E-05, 2.46923E-05, 2.09482E-05, 2.83249E-04
439, 8.15169E-04, 4.53205E-04, 7.23254E-04, 2.83069E-04, 4.22769E-05, 2.46637E-05, 2.09573E-05, 2.83069E-04
440, 8.12334E-04, 4.48656E-04, 7.12029E-04, 2.86138E-04, 4.22251E-05, 2.46339E-05, 2.09652E-05, 2.86138E-04
441, 8.08808E-04, 4.43574E-04, 7.13061E-04, 2.88819E-04, 4.21745E-05, 2.46029E-05, 2.09737E-05, 2.88819E-04
442, 8.04602E-04, 4.37979E-04, 7.13247E-04, 2.91101E-04, 4.21234E-05, 2.45714E-05, 2.09818E-05, 2.91101E-04
443, 7.99725E-04, 4.37583E-04, 7.12586E-04, 2.92976E-04, 4.20716E-05, 2.45389E-05, 2.09894E-05, 2.92976E-04
444, 7.94189E-04, 4.37450E-04, 7.11075E-04, 2.94438E-04, 4.20165E-05, 2.45058E-05, 2.09976E-05, 2.94438E-04
445, 7.88006E-04, 4.37172E-04, 7.08718E-04, 2.95482E-04, 4.19598E-05, 2.44717E-05, 2.10060E-05, 2.95482E-04
446, 7.81192E-04, 4.36753E-04, 7.05520E-04, 2.96107E-04, 4.19056E-05, 2.44365E-05, 2.10145E-05, 2.96107E-04
447, 7.73763E-04, 4.36195E-04, 7.01489E-04, 2.96312E-04, 4.18499E-05, 2.44006E-05, 2.10219E-05, 2.96312E-04
448, 7.65735E-04, 4.35503E-04, 6.96635E-04, 2.96097E-04, 4.17948E-05, 2.43651E-05, 2.10289E-05, 2.96097E-04
449, 7.57128E-04, 4.34680E-04, 6.90973E-04, 2.95465E-04, 4.17374E-05, 2.43300E-05, 2.10361E-05, 2.95465E-04
450, 7.50708E-04, 4.33730E-04, 6.84519E-04, 2.94421E-04, 4.16772E-05, 2.42949E-05, 2.10431E-05, 2.94421E-04
451, 7.51200E-04, 4.32657E-04, 6.77291E-04, 2.92972E-04, 4.16180E-05, 2.42602E-05, 2.10515E-05, 2.92972E-04
452, 7.51018E-04, 4.31599E-04, 6.69311E-04, 2.96510E-04, 4.15602E-05, 2.42260E-05, 2.10614E-05, 2.96510E-04
453, 7.50158E-04, 4.30421E-04, 6.60602E-04, 2.99714E-04, 4.15022E-05, 2.41912E-05, 2.10707E-05, 2.99714E-04
454, 7.48620E-04, 4.29123E-04, 6.57877E-04, 3.02566E-04, 4.14442E-05, 2.41554E-05, 2.10798E-05, 3.02566E-04
455, 7.46406E-04, 4.27709E-04, 6.56703E-04, 3.05057E-04, 4.13854E-05, 2.41192E-05, 2.10883E-05, 3.05057E-04
456, 7.43520E-04, 4.26183E-04, 6.55116E-04, 3.07178E-04, 4.13275E-05, 2.40831E-05, 2.10966E-05, 3.07178E-04
457, 7.39965E-04, 4.24549E-04, 6.53122E-04, 3.08923E-04, 4.12702E-05, 2.40466E-05, 2.11044E-05, 3.08923E-04
458, 7.35748E-04, 4.25063E-04, 6.56090E-04, 3.10285E-04, 4.12099E-05, 2.40088E-05, 2.11134E-05, 3.10285E-04
459, 7.30879E-04, 4.26587E-04, 6.59393E-04, 3.13775E-04, 4.11465E-05, 2.39705E-05, 2.11236E-05, 3.13775E-04
460, 7.26253E-04, 4.28192E-04, 6.62233E-04, 3.18353E-04, 4.10828E-05, 2.39324E-05, 2.11330E-05, 3.18353E-04
461, 7.33068E-04, 4.29777E-04, 6.64609E-04, 3.22803E-04, 4.10204E-05, 2.38942E-05, 2.11425E-05, 3.22803E-04
462, 7.39446E-04, 4.31346E-04, 6.66523E-04, 3.27116E-04, 4.09553E-05, 2.38563E-05, 2.11509E-05, 3.27116E-04
463, 7.45362E-04, 4.32897E-04, 6.67974E-04, 3.31287E-04, 4.08883E-05, 2.38181E-05, 2.11593E-05, 3.31287E-04
464, 7.50792E-04, 4.34433E-04, 6.68965E-04, 3.35977E-04, 4.08211E-05, 2.37795E-05, 2.11661E-05, 3.35977E-04
465, 7.55712E-04, 4.35954E-04, 6.69499E-04, 3.40626E-04, 4.07538E-05, 2.37421E-05, 2.11744E-05, 3.40626E-04
466, 7.60097E-04, 4.37461E-04, 6.69579E-04, 3.45102E-04, 4.06900E-05, 2.37049E-05, 2.11842E-05, 3.45102E-04
467, 7.63925E-04, 4.38954E-04, 6.69210E-04, 3.49396E-04, 4.06253E-05, 2.36672E-05, 2.11934E-05, 3.49396E-04
468, 7.67172E-04, 4.40434E-04, 6.68395E-04, 3.53500E-04, 4.05600E-05, 2.36291E-05, 2.12018E-05, 3.53500E-04
469, 7.69814E-04, 4.41900E-04, 6.67142E-04, 3.57403E-04, 4.04909E-05, 2.35910E-05, 2.12114E-05, 3.57403E-04
470, 7.71831E-04, 4.43353E-04, 6.65456E-04, 3.61099E-04, 4.04194E-05, 2.35535E-05, 2.12220E-05, 3.61099E-04
471, 7.73201E-04, 4.44791E-04, 6.63639E-04, 3.64577E-04, 4.03461E-05, 2.35160E-05, 2.12334E-05, 3.64577E-04
472, 7.75185E-04, 4.46215E-04, 6.65411E-04, 3.67829E-04, 4.02720E-05, 2.34787E-05, 2.12463E-05, 3.67829E-04
473, 7.82124E-04, 4.47624E-04, 6.66812E-04, 3.70847E-04, 4.01957E-05, 2.34415E-05, 2.12582E-05, 3.70847E-04
474, 7.88410E-04, 4.49015E-04, 6.67847E-04, 3.73624E-04, 4.01192E-05, 2.34044E-05, 2.12691E-05, 3.73624E-04
475, 7.94011E-04, 4.50387E-04, 6.68522E-04, 3.76150E-04, 4.00417E-05, 2.33680E-05, 2.12793E-05, 3.76150E-04
476, 7.98897E-04, 4.51738E-04, 6.68842E-04, 3.78418E-04, 3.99622E-05, 2.33333E-05, 2.12880E-05, 3.78418E-04
477, 8.03036E-04, 4.53065E-04, 6.68814E-04, 3.80508E-04, 3.98813E-05, 2.32992E-05, 2.12965E-05, 3.80508E-04
478, 8.06402E-04, 4.54364E-04, 6.68445E-04, 3.84701E-04, 3.98006E-05, 2.32652E-05, 2.13046E-05, 3.84701E-04
479, 8.08966E-04, 4.55632E-04, 6.67741E-04, 3.88632E-04, 3.97197E-05, 2.32313E-05, 2.13126E-05, 3.88632E-04
480, 8.10703E-04, 4.56865E-04, 6.66709E-04, 3.92288E-04, 3.96373E-05, 2.31967E-05, 2.13218E-05, 3.92288E-04
481, 8.11589E-04, 4.58056E-04, 6.66792E-04, 3.95653E-04, 3.95538E-05, 2.31625E-05, 2.13320E-05, 3.95653E-04
482, 8.11600E-04, 4.59201E-04, 6.66476E-04, 3.98713E-04, 3.94720E-05, 2.31283E-05, 2.13423E-05, 3.98713E-04
483, 8.12978E-04, 4.60294E-04, 6.65714E-04, 4.01455E-04, 3.93915E-05, 2.30948E-05, 2.13519E-05, 4.01455E-04
484, 8.13755E-04, 4.61326E-04, 6.64512E-04, 4.03864E-04, 3.93091E-05, 2.30620E-05, 2.13619E-05, 4.03864E-04
485, 8.13796E-04, 4.62291E-04, 6.62878E-04, 4.05929E-04, 3.92247E-05, 2.30298E-05, 2.13725E-05, 4.05929E-04
486, 8.13079E-04, 4.63180E-04, 6.61470E-04, 4.07637E-04, 3.91387E-05, 2.29986E-05, 2.13838E-05, 4.07637E-04
487, 8.14909E-04, 4.63984E-04, 6.63946E-04, 4.08976E-04, 3.90518E-05, 2.29674E-05, 2.13950E-05, 4.08976E-04
488, 8.24095E-04, 4.64693E-04, 6.66046E-04, 4.09936E-04, 3.89658E-05, 2.29363E-05, 2.14054E-05, 4.09936E-04
489, 8.33123E-04, 4.65297E-04, 6.67772E-04, 4.10506E-04, 3.88779E-05, 2.29054E-05, 2.14152E-05, 4.10506E-04
490, 8.41984E-04, 4.65784E-04, 6.69131E-04, 4.10677E-04, 3.87873E-05, 2.28743E-05, 2.14253E-05, 4.10677E-04
491, 8.50671E-04, 4.66144E-04, 6.70126E-04, 4.10442E-04, 3.86963E-05, 2.28423E-05, 2.14350E-05, 4.10442E-04
492, 8.59173E-04, 4.66363E-04, 6.70765E-04, 4.09793E-04, 3.86035E-05, 2.28101E-05, 2.14450E-05, 4.09793E-04
493, 8.67484E-04, 4.67104E-04, 6.71052E-04, 4.08724E-04, 3.85109E-05, 2.27789E-05, 2.14542E-05, 4.08724E-04
494, 8.75593E-04, 4.67659E-04, 6.70994E-04, 4.07230E-04, 3.84185E-05, 2.27476E-05, 2.14620E-05, 4.07230E-04
495, 8.83493E-04, 4.67943E-04, 6.70596E-04, 4.05308E-04, 3.83250E-05, 2.27160E-05, 2.14693E-05, 4.05308E-04
496, 8.91173E-04, 4.67937E-04, 6.69867E-04, 4.02955E-04, 3.82281E-05, 2.26845E-05, 2.14772E-05, 4.02955E-04
497, 8.98625E-04, 4.67623E-04, 6.68812E-04, 4.00169E-04, 3.81314E-05, 2.26535E-05, 2.14858E-05, 4.00169E-04
498, 9.05838E-04, 4.66983E-04, 6.67438E-04, 3.96952E-04, 3.80383E-05, 2.26235E-05, 2.14946E-05, 3.96952E-04
499, 9.12805E-04, 4.66000E-04, 6.65752E-04, 3.93304E-04, 3.79466E-05, 2.25943E-05, 2.15019E-05, 3.93304E-04
500, 9.19515E-04, 4.64656E-04, 6.63763E-04, 3.89227E-04, 3.78544E-05, 2.25667E-05, 2.15081E-05, 3.89227E-04
