time_step, rms_u, rms_v, rms_w, rms_p
0, 4.54215E-01, 4.82347E-01, 6.21786E-01, 1.95063E-01
1, 4.53705E-01, 4.81782E-01, 6.21842E-01, 1.95452E-01
2, 4.53192E-01, 4.81223E-01, 6.21897E-01, 1.95843E-01
3, 4.52676E-01, 4.80670E-01, 6.21953E-01, 1.96238E-01
4, 4.52157E-01, 4.80121E-01, 6.22008E-01, 1.96634E-01
5, 4.51635E-01, 4.79578E-01, 6.22063E-01, 1.97033E-01
6, 4.51111E-01, 4.79039E-01, 6.22117E-01, 1.97434E-01
7, 4.50585E-01, 4.78507E-01, 6.22172E-01, 1.97836E-01
8, 4.50055E-01, 4.77979E-01, 6.22226E-01, 1.98241E-01
9, 4.49524E-01, 4.77457E-01, 6.22279E-01, 1.98647E-01
10, 4.48990E-01, 4.76940E-01, 6.22333E-01, 1.99055E-01
11, 4.48455E-01, 4.76428E-01, 6.22386E-01, 1.99465E-01
12, 4.47917E-01, 4.75922E-01, 6.22438E-01, 1.99876E-01
13, 4.47378E-01, 4.75421E-01, 6.22490E-01, 2.00288E-01
14, 4.46836E-01, 4.74926E-01, 6.22542E-01, 2.00701E-01
15, 4.46293E-01, 4.74436E-01, 6.22593E-01, 2.01116E-01
16, 4.45749E-01, 4.73951E-01, 6.22643E-01, 2.01532E-01
17, 4.45203E-01, 4.73472E-01, 6.22693E-01, 2.01949E-01
18, 4.44656E-01, 4.72998E-01, 6.22743E-01, 2.02366E-01
19, 4.44107E-01, 4.72529E-01, 6.22792E-01, 2.02785E-01
20, 4.43557E-01, 4.72066E-01, 6.22840E-01, 2.03204E-01
21, 4.43007E-01, 4.71608E-01, 6.22887E-01, 2.03624E-01
22, 4.42455E-01, 4.71155E-01, 6.22934E-01, 2.04045E-01
23, 4.41902E-01, 4.70708E-01, 6.22981E-01, 2.04467E-01
24, 4.41349E-01, 4.70266E-01, 6.23026E-01, 2.04889E-01
25, 4.40794E-01, 4.69830E-01, 6.23071E-01, 2.05312E-01
26, 4.40240E-01, 4.69398E-01, 6.23115E-01, 2.05736E-01
27, 4.39684E-01, 4.68973E-01, 6.23159E-01, 2.06160E-01
28, 4.39128E-01, 4.68552E-01, 6.23202E-01, 2.06585E-01
29, 4.38572E-01, 4.68137E-01, 6.23243E-01, 2.07010E-01
30, 4.38015E-01, 4.67726E-01, 6.23285E-01, 2.07436E-01
31, 4.37458E-01, 4.67322E-01, 6.23325E-01, 2.07863E-01
32, 4.36901E-01, 4.66922E-01, 6.23365E-01, 2.08290E-01
33, 4.36343E-01, 4.66528E-01, 6.23403E-01, 2.08717E-01
34, 4.35786E-01, 4.66138E-01, 6.23441E-01, 2.09146E-01
35, 4.35228E-01, 4.65755E-01, 6.23478E-01, 2.09575E-01
36, 4.34670E-01, 4.65376E-01, 6.23514E-01, 2.10004E-01
37, 4.34113E-01, 4.65002E-01, 6.23549E-01, 2.10434E-01
38, 4.33555E-01, 4.64634E-01, 6.23584E-01, 2.10865E-01
39, 4.32998E-01, 4.64271E-01, 6.23617E-01, 2.11297E-01
40, 4.32440E-01, 4.63913E-01, 6.23650E-01, 2.11729E-01
41, 4.31883E-01, 4.63560E-01, 6.23681E-01, 2.12162E-01
42, 4.31326E-01, 4.63212E-01, 6.23712E-01, 2.12595E-01
43, 4.30769E-01, 4.62870E-01, 6.23742E-01, 2.13030E-01
44, 4.30213E-01, 4.62532E-01, 6.23770E-01, 2.13465E-01
45, 4.29656E-01, 4.62200E-01, 6.23798E-01, 2.13901E-01
46, 4.29100E-01, 4.61873E-01, 6.23825E-01, 2.14338E-01
47, 4.28544E-01, 4.61551E-01, 6.23850E-01, 2.14776E-01
48, 4.27988E-01, 4.61234E-01, 6.23875E-01, 2.15215E-01
49, 4.27433E-01, 4.60923E-01, 6.23898E-01, 2.15655E-01
50, 4.26878E-01, 4.60616E-01, 6.23921E-01, 2.16096E-01
51, 4.26323E-01, 4.60315E-01, 6.23942E-01, 2.16537E-01
52, 4.25769E-01, 4.60019E-01, 6.23962E-01, 2.16980E-01
53, 4.25214E-01, 4.59728E-01, 6.23981E-01, 2.17424E-01
54, 4.24660E-01, 4.59442E-01, 6.23999E-01, 2.17869E-01
55, 4.24106E-01, 4.59162E-01, 6.24016E-01, 2.18315E-01
56, 4.23553E-01, 4.58887E-01, 6.24032E-01, 2.18762E-01
57, 4.22999E-01, 4.58617E-01, 6.24047E-01, 2.19210E-01
58, 4.22446E-01, 4.58352E-01, 6.24060E-01, 2.19659E-01
59, 4.21893E-01, 4.58092E-01, 6.24072E-01, 2.20110E-01
60, 4.21340E-01, 4.57838E-01, 6.24083E-01, 2.20562E-01
61, 4.20787E-01, 4.57589E-01, 6.24093E-01, 2.21015E-01
62, 4.20234E-01, 4.57345E-01, 6.24101E-01, 2.21469E-01
63, 4.19681E-01, 4.57107E-01, 6.24109E-01, 2.21924E-01
64, 4.19128E-01, 4.56874E-01, 6.24115E-01, 2.22381E-01
65, 4.18576E-01, 4.56646E-01, 6.24119E-01, 2.22839E-01
66, 4.18023E-01, 4.56424E-01, 6.24123E-01, 2.23298E-01
67, 4.17470E-01, 4.56207E-01, 6.24125E-01, 2.23758E-01
68, 4.16917E-01, 4.55995E-01, 6.24126E-01, 2.24220E-01
69, 4.16364E-01, 4.55789E-01, 6.24126E-01, 2.24683E-01
70, 4.15810E-01, 4.55588E-01, 6.24125E-01, 2.25147E-01
71, 4.15257E-01, 4.55393E-01, 6.24122E-01, 2.25613E-01
72, 4.14703E-01, 4.55203E-01, 6.24118E-01, 2.26080E-01
73, 4.14149E-01, 4.55019E-01, 6.24113E-01, 2.26548E-01
74, 4.13594E-01, 4.54840E-01, 6.24106E-01, 2.27018E-01
75, 4.13040E-01, 4.54666E-01, 6.24099E-01, 2.27489E-01
76, 4.12485E-01, 4.54498E-01, 6.24090E-01, 2.27961E-01
77, 4.11929E-01, 4.54336E-01, 6.24079E-01, 2.28435E-01
78, 4.11374E-01, 4.54179E-01, 6.24068E-01, 2.28910E-01
79, 4.10818E-01, 4.54028E-01, 6.24055E-01, 2.29386E-01
80, 4.10261E-01, 4.53882E-01, 6.24041E-01, 2.29864E-01
81, 4.09704E-01, 4.53742E-01, 6.24026E-01, 2.30344E-01
82, 4.09146E-01, 4.53607E-01, 6.24010E-01, 2.30824E-01
83, 4.08589E-01, 4.53478E-01, 6.23993E-01, 2.31306E-01
84, 4.08030E-01, 4.53354E-01, 6.23974E-01, 2.31790E-01
85, 4.07471E-01, 4.53236E-01, 6.23954E-01, 2.32275E-01
86, 4.06912E-01, 4.53123E-01, 6.23933E-01, 2.32761E-01
87, 4.06352E-01, 4.53016E-01, 6.23911E-01, 2.33249E-01
88, 4.05791E-01, 4.52914E-01, 6.23888E-01, 2.33739E-01
89, 4.05230E-01, 4.52818E-01, 6.23864E-01, 2.34230E-01
90, 4.04669E-01, 4.52728E-01, 6.23839E-01, 2.34722E-01
91, 4.04106E-01, 4.52643E-01, 6.23812E-01, 2.35216E-01
92, 4.03544E-01, 4.52563E-01, 6.23785E-01, 2.35712E-01
93, 4.02981E-01, 4.52489E-01, 6.23756E-01, 2.36209E-01
94, 4.02417E-01, 4.52421E-01, 6.23727E-01, 2.36708E-01
95, 4.01852E-01, 4.52357E-01, 6.23696E-01, 2.37209E-01
96, 4.01288E-01, 4.52300E-01, 6.23664E-01, 2.37711E-01
97, 4.00722E-01, 4.52247E-01, 6.23632E-01, 2.38215E-01
98, 4.00156E-01, 4.52200E-01, 6.23598E-01, 2.38721E-01
99, 3.99590E-01, 4.52159E-01, 6.23564E-01, 2.39229E-01
100, 3.99023E-01, 4.52123E-01, 6.23528E-01, 2.39738E-01
101, 3.98455E-01, 4.52092E-01, 6.23492E-01, 2.40249E-01
102, 3.97887E-01, 4.52066E-01, 6.23454E-01, 2.40763E-01
103, 3.97318E-01, 4.52045E-01, 6.23416E-01, 2.41278E-01
104, 3.96749E-01, 4.52030E-01, 6.23377E-01, 2.41795E-01
105, 3.96180E-01, 4.52020E-01, 6.23337E-01, 2.42314E-01
106, 3.95610E-01, 4.52015E-01, 6.23296E-01, 2.42836E-01
107, 3.95039E-01, 4.52016E-01, 6.23254E-01, 2.43359E-01
108, 3.94468E-01, 4.52021E-01, 6.23211E-01, 2.43885E-01
109, 3.93897E-01, 4.52032E-01, 6.23168E-01, 2.44413E-01
110, 3.93325E-01, 4.52047E-01, 6.23123E-01, 2.44944E-01
111, 3.92753E-01, 4.52068E-01, 6.23078E-01, 2.45476E-01
112, 3.92180E-01, 4.52093E-01, 6.23032E-01, 2.46011E-01
113, 3.91607E-01, 4.52124E-01, 6.22985E-01, 2.46549E-01
114, 3.91034E-01, 4.52159E-01, 6.22937E-01, 2.47089E-01
115, 3.90460E-01, 4.52199E-01, 6.22888E-01, 2.47632E-01
116, 3.89886E-01, 4.52245E-01, 6.22839E-01, 2.48178E-01
117, 3.89311E-01, 4.52295E-01, 6.22788E-01, 2.48726E-01
118, 3.88736E-01, 4.52349E-01, 6.22737E-01, 2.49277E-01
119, 3.88161E-01, 4.52409E-01, 6.22686E-01, 2.49831E-01
120, 3.87586E-01, 4.52473E-01, 6.22633E-01, 2.50388E-01
121, 3.87010E-01, 4.52542E-01, 6.22579E-01, 2.50947E-01
122, 3.86434E-01, 4.52615E-01, 6.22525E-01, 2.51510E-01
123, 3.85857E-01, 4.52693E-01, 6.22470E-01, 2.52076E-01
124, 3.85281E-01, 4.52776E-01, 6.22414E-01, 2.52645E-01
125, 3.84704E-01, 4.52864E-01, 6.22358E-01, 2.53217E-01
126, 3.84127E-01, 4.52955E-01, 6.22300E-01, 2.53793E-01
127, 3.83550E-01, 4.53052E-01, 6.22242E-01, 2.54372E-01
128, 3.82972E-01, 4.53152E-01, 6.22183E-01, 2.54954E-01
129, 3.82395E-01, 4.53258E-01, 6.22123E-01, 2.55540E-01
130, 3.81817E-01, 4.53367E-01, 6.22063E-01, 2.56129E-01
131, 3.81239E-01, 4.53481E-01, 6.22001E-01, 2.56721E-01
132, 3.80661E-01, 4.53600E-01, 6.21939E-01, 2.57318E-01
133, 3.80083E-01, 4.53722E-01, 6.21876E-01, 2.57917E-01
134, 3.79504E-01, 4.53849E-01, 6.21813E-01, 2.58521E-01
135, 3.78926E-01, 4.53981E-01, 6.21748E-01, 2.59128E-01
136, 3.78347E-01, 4.54116E-01, 6.21683E-01, 2.59738E-01
137, 3.77769E-01, 4.54256E-01, 6.21617E-01, 2.60353E-01
138, 3.77190E-01, 4.54400E-01, 6.21550E-01, 2.60971E-01
139, 3.76611E-01, 4.54548E-01, 6.21482E-01, 2.61593E-01
140, 3.76032E-01, 4.54701E-01, 6.21414E-01, 2.62219E-01
141, 3.75454E-01, 4.54857E-01, 6.21344E-01, 2.62848E-01
142, 3.74875E-01, 4.55018E-01, 6.21274E-01, 2.63481E-01
143, 3.74296E-01, 4.55183E-01, 6.21203E-01, 2.64118E-01
144, 3.73717E-01, 4.55352E-01, 6.21131E-01, 2.64759E-01
145, 3.73138E-01, 4.55525E-01, 6.21058E-01, 2.65404E-01
146, 3.72559E-01, 4.55702E-01, 6.20985E-01, 2.66052E-01
147, 3.71981E-01, 4.55883E-01, 6.20910E-01, 2.66704E-01
148, 3.71402E-01, 4.56069E-01, 6.20835E-01, 2.67360E-01
149, 3.70823E-01, 4.56258E-01, 6.20758E-01, 2.68020E-01
150, 3.70245E-01, 4.56451E-01, 6.20681E-01, 2.68683E-01
151, 3.69666E-01, 4.56649E-01, 6.20603E-01, 2.69350E-01
152, 3.69088E-01, 4.56850E-01, 6.20523E-01, 2.70021E-01
153, 3.68510E-01, 4.57056E-01, 6.20443E-01, 2.70696E-01
154, 3.67932E-01, 4.57265E-01, 6.20362E-01, 2.71374E-01
155, 3.67354E-01, 4.57479E-01, 6.20280E-01, 2.72055E-01
156, 3.66776E-01, 4.57697E-01, 6.20197E-01, 2.72740E-01
157, 3.66199E-01, 4.57918E-01, 6.20113E-01, 2.73429E-01
158, 3.65622E-01, 4.58144E-01, 6.20027E-01, 2.74121E-01
159, 3.65045E-01, 4.58373E-01, 6.19941E-01, 2.74816E-01
160, 3.64468E-01, 4.58607E-01, 6.19853E-01, 2.75515E-01
161, 3.63891E-01, 4.58844E-01, 6.19765E-01, 2.76216E-01
162, 3.63315E-01, 4.59086E-01, 6.19675E-01, 2.76922E-01
163, 3.62739E-01, 4.59332E-01, 6.19584E-01, 2.77630E-01
164, 3.62163E-01, 4.59581E-01, 6.19492E-01, 2.78341E-01
165, 3.61588E-01, 4.59835E-01, 6.19399E-01, 2.79056E-01
166, 3.61013E-01, 4.60092E-01, 6.19304E-01, 2.79773E-01
167, 3.60438E-01, 4.60354E-01, 6.19208E-01, 2.80493E-01
168, 3.59864E-01, 4.60619E-01, 6.19111E-01, 2.81217E-01
169, 3.59290E-01, 4.60888E-01, 6.19013E-01, 2.81943E-01
170, 3.58717E-01, 4.61162E-01, 6.18913E-01, 2.82671E-01
171, 3.58144E-01, 4.61439E-01, 6.18812E-01, 2.83403E-01
172, 3.57571E-01, 4.61720E-01, 6.18709E-01, 2.84137E-01
173, 3.56999E-01, 4.62006E-01, 6.18605E-01, 2.84873E-01
174, 3.56427E-01, 4.62295E-01, 6.18500E-01, 2.85613E-01
175, 3.55856E-01, 4.62588E-01, 6.18393E-01, 2.86354E-01
176, 3.55285E-01, 4.62885E-01, 6.18285E-01, 2.87098E-01
177, 3.54714E-01, 4.63186E-01, 6.18175E-01, 2.87844E-01
178, 3.54145E-01, 4.63491E-01, 6.18063E-01, 2.88593E-01
179, 3.53575E-01, 4.63799E-01, 6.17950E-01, 2.89343E-01
180, 3.53007E-01, 4.64112E-01, 6.17836E-01, 2.90096E-01
181, 3.52438E-01, 4.64428E-01, 6.17720E-01, 2.90851E-01
182, 3.51871E-01, 4.64749E-01, 6.17602E-01, 2.91608E-01
183, 3.51304E-01, 4.65073E-01, 6.17482E-01, 2.92367E-01
184, 3.50737E-01, 4.65401E-01, 6.17361E-01, 2.93128E-01
185, 3.50172E-01, 4.65733E-01, 6.17238E-01, 2.93891E-01
186, 3.49606E-01, 4.66069E-01, 6.17114E-01, 2.94656E-01
187, 3.49042E-01, 4.66408E-01, 6.16988E-01, 2.95423E-01
188, 3.48478E-01, 4.66751E-01, 6.16859E-01, 2.96192E-01
189, 3.47915E-01, 4.67098E-01, 6.16730E-01, 2.96962E-01
190, 3.47352E-01, 4.67449E-01, 6.16598E-01, 2.97734E-01
191, 3.46791E-01, 4.67804E-01, 6.16464E-01, 2.98508E-01
192, 3.46230E-01, 4.68162E-01, 6.16329E-01, 2.99283E-01
193, 3.45669E-01, 4.68524E-01, 6.16191E-01, 3.00061E-01
194, 3.45110E-01, 4.68889E-01, 6.16052E-01, 3.00840E-01
195, 3.44551E-01, 4.69259E-01, 6.15911E-01, 3.01620E-01
196, 3.43993E-01, 4.69632E-01, 6.15768E-01, 3.02402E-01
197, 3.43436E-01, 4.70008E-01, 6.15623E-01, 3.03186E-01
198, 3.42880E-01, 4.70388E-01, 6.15476E-01, 3.03971E-01
199, 3.42325E-01, 4.70772E-01, 6.15327E-01, 3.04758E-01
200, 3.41770E-01, 4.71159E-01, 6.15176E-01, 3.05547E-01
201, 3.41216E-01, 4.71549E-01, 6.15022E-01, 3.06337E-01
202, 3.40664E-01, 4.71943E-01, 6.14867E-01, 3.07128E-01
203, 3.40112E-01, 4.72341E-01, 6.14710E-01, 3.07921E-01
204, 3.39561E-01, 4.72742E-01, 6.14551E-01, 3.08716E-01
205, 3.39012E-01, 4.73146E-01, 6.14389E-01, 3.09512E-01
206, 3.38463E-01, 4.73554E-01, 6.14225E-01, 3.10310E-01
207, 3.37915E-01, 4.73965E-01, 6.14059E-01, 3.11108E-01
208, 3.37369E-01, 4.74379E-01, 6.13891E-01, 3.11909E-01
209, 3.36824E-01, 4.74797E-01, 6.13721E-01, 3.12710E-01
210, 3.36279E-01, 4.75218E-01, 6.13549E-01, 3.13514E-01
211, 3.35736E-01, 4.75642E-01, 6.13374E-01, 3.14318E-01
212, 3.35194E-01, 4.76069E-01, 6.13197E-01, 3.15124E-01
213, 3.34653E-01, 4.76500E-01, 6.13018E-01, 3.15930E-01
214, 3.34114E-01, 4.76933E-01, 6.12837E-01, 3.16738E-01
215, 3.33576E-01, 4.77369E-01, 6.12653E-01, 3.17548E-01
216, 3.33039E-01, 4.77809E-01, 6.12467E-01, 3.18358E-01
217, 3.32503E-01, 4.78252E-01, 6.12278E-01, 3.19169E-01
218, 3.31969E-01, 4.78697E-01, 6.12088E-01, 3.19981E-01
219, 3.31436E-01, 4.79145E-01, 6.11895E-01, 3.20794E-01
220, 3.30905E-01, 4.79597E-01, 6.11699E-01, 3.21608E-01
221, 3.30375E-01, 4.80051E-01, 6.11502E-01, 3.22422E-01
222, 3.29847E-01, 4.80508E-01, 6.11301E-01, 3.23237E-01
223, 3.29320E-01, 4.80967E-01, 6.11099E-01, 3.24053E-01
224, 3.28794E-01, 4.81429E-01, 6.10894E-01, 3.24869E-01
225, 3.28271E-01, 4.81894E-01, 6.10686E-01, 3.25684E-01
226, 3.27749E-01, 4.82362E-01, 6.10476E-01, 3.26500E-01
227, 3.27228E-01, 4.82832E-01, 6.10264E-01, 3.27316E-01
228, 3.26710E-01, 4.83305E-01, 6.10049E-01, 3.28132E-01
229, 3.26193E-01, 4.83780E-01, 6.09832E-01, 3.28947E-01
230, 3.25678E-01, 4.84258E-01, 6.09613E-01, 3.29762E-01
231, 3.25165E-01, 4.84738E-01, 6.09391E-01, 3.30576E-01
232, 3.24653E-01, 4.85220E-01, 6.09166E-01, 3.31389E-01
233, 3.24144E-01, 4.85705E-01, 6.08939E-01, 3.32200E-01
234, 3.23636E-01, 4.86192E-01, 6.08709E-01, 3.33011E-01
235, 3.23131E-01, 4.86681E-01, 6.08477E-01, 3.33820E-01
236, 3.22627E-01, 4.87173E-01, 6.08243E-01, 3.34627E-01
237, 3.22126E-01, 4.87666E-01, 6.08006E-01, 3.35432E-01
238, 3.21627E-01, 4.88162E-01, 6.07767E-01, 3.36235E-01
239, 3.21129E-01, 4.88660E-01, 6.07525E-01, 3.37036E-01
240, 3.20634E-01, 4.89159E-01, 6.07280E-01, 3.37834E-01
241, 3.20142E-01, 4.89661E-01, 6.07034E-01, 3.38629E-01
242, 3.19651E-01, 4.90164E-01, 6.06784E-01, 3.39421E-01
243, 3.19163E-01, 4.90670E-01, 6.06532E-01, 3.40210E-01
244, 3.18677E-01, 4.91177E-01, 6.06278E-01, 3.40995E-01
245, 3.18194E-01, 4.91685E-01, 6.06022E-01, 3.41776E-01
246, 3.17712E-01, 4.92196E-01, 6.05763E-01, 3.42553E-01
247, 3.17234E-01, 4.92708E-01, 6.05501E-01, 3.43327E-01
248, 3.16758E-01, 4.93222E-01, 6.05237E-01, 3.44095E-01
249, 3.16284E-01, 4.93737E-01, 6.04971E-01, 3.44859E-01
250, 3.15813E-01, 4.94253E-01, 6.04703E-01, 3.45619E-01
251, 3.15345E-01, 4.94772E-01, 6.04432E-01, 3.46373E-01
252, 3.14879E-01, 4.95291E-01, 6.04158E-01, 3.47122E-01
253, 3.14416E-01, 4.95812E-01, 6.03883E-01, 3.47865E-01
254, 3.13955E-01, 4.96334E-01, 6.03605E-01, 3.48603E-01
255, 3.13498E-01, 4.96857E-01, 6.03325E-01, 3.49335E-01
256, 3.13043E-01, 4.97382E-01, 6.03042E-01, 3.50062E-01
257, 3.12591E-01, 4.97907E-01, 6.02757E-01, 3.50782E-01
258, 3.12142E-01, 4.98434E-01, 6.02471E-01, 3.51496E-01
259, 3.11695E-01, 4.98961E-01, 6.02182E-01, 3.52204E-01
260, 3.11252E-01, 4.99490E-01, 6.01890E-01, 3.52906E-01
261, 3.10812E-01, 5.00020E-01, 6.01597E-01, 3.53601E-01
262, 3.10374E-01, 5.00550E-01, 6.01302E-01, 3.54290E-01
263, 3.09939E-01, 5.01081E-01, 6.01004E-01, 3.54972E-01
264, 3.09508E-01, 5.01613E-01, 6.00705E-01, 3.55648E-01
265, 3.09079E-01, 5.02145E-01, 6.00403E-01, 3.56317E-01
266, 3.08654E-01, 5.02679E-01, 6.00100E-01, 3.56980E-01
267, 3.08232E-01, 5.03213E-01, 5.99794E-01, 3.57636E-01
268, 3.07812E-01, 5.03747E-01, 5.99487E-01, 3.58285E-01
269, 3.07396E-01, 5.04282E-01, 5.99178E-01, 3.58928E-01
270, 3.06983E-01, 5.04817E-01, 5.98867E-01, 3.59564E-01
271, 3.06574E-01, 5.05353E-01, 5.98554E-01, 3.60194E-01
272, 3.06167E-01, 5.05889E-01, 5.98240E-01, 3.60817E-01
273, 3.05764E-01, 5.06425E-01, 5.97924E-01, 3.61434E-01
274, 3.05364E-01, 5.06961E-01, 5.97606E-01, 3.62045E-01
275, 3.04967E-01, 5.07498E-01, 5.97287E-01, 3.62650E-01
276, 3.04573E-01, 5.08034E-01, 5.96966E-01, 3.63248E-01
277, 3.04183E-01, 5.08571E-01, 5.96643E-01, 3.63841E-01
278, 3.03796E-01, 5.09108E-01, 5.96319E-01, 3.64428E-01
279, 3.03412E-01, 5.09645E-01, 5.95994E-01, 3.65009E-01
280, 3.03032E-01, 5.10181E-01, 5.95667E-01, 3.65584E-01
281, 3.02655E-01, 5.10718E-01, 5.95339E-01, 3.66155E-01
282, 3.02281E-01, 5.11254E-01, 5.95010E-01, 3.66719E-01
283, 3.01911E-01, 5.11790E-01, 5.94679E-01, 3.67279E-01
284, 3.01544E-01, 5.12326E-01, 5.94347E-01, 3.67834E-01
285, 3.01181E-01, 5.12861E-01, 5.94014E-01, 3.68384E-01
286, 3.00821E-01, 5.13396E-01, 5.93680E-01, 3.68929E-01
287, 3.00464E-01, 5.13930E-01, 5.93345E-01, 3.69469E-01
288, 3.00110E-01, 5.14464E-01, 5.93009E-01, 3.70005E-01
289, 2.99761E-01, 5.14997E-01, 5.92672E-01, 3.70537E-01
290, 2.99414E-01, 5.15530E-01, 5.92334E-01, 3.71065E-01
291, 2.99071E-01, 5.16062E-01, 5.91995E-01, 3.71589E-01
292, 2.98731E-01, 5.16593E-01, 5.91656E-01, 3.72109E-01
293, 2.98395E-01, 5.17124E-01, 5.91315E-01, 3.72626E-01
294, 2.98062E-01, 5.17654E-01, 5.90974E-01, 3.73139E-01
295, 2.97733E-01, 5.18182E-01, 5.90633E-01, 3.73648E-01
296, 2.97407E-01, 5.18710E-01, 5.90291E-01, 3.74155E-01
297, 2.97085E-01, 5.19237E-01, 5.89948E-01, 3.74658E-01
298, 2.96766E-01, 5.19763E-01, 5.89605E-01, 3.75158E-01
299, 2.96451E-01, 5.20288E-01, 5.89261E-01, 3.75656E-01
300, 2.96139E-01, 5.20812E-01, 5.88917E-01, 3.76151E-01
301, 2.95830E-01, 5.21334E-01, 5.88573E-01, 3.76643E-01
302, 2.95525E-01, 5.21856E-01, 5.88228E-01, 3.77133E-01
303, 2.95224E-01, 5.22376E-01, 5.87883E-01, 3.77621E-01
304, 2.94926E-01, 5.22894E-01, 5.87538E-01, 3.78106E-01
305, 2.94631E-01, 5.23412E-01, 5.87193E-01, 3.78590E-01
306, 2.94340E-01, 5.23928E-01, 5.86848E-01, 3.79071E-01
307, 2.94053E-01, 5.24442E-01, 5.86503E-01, 3.79551E-01
308, 2.93769E-01, 5.24955E-01, 5.86158E-01, 3.80029E-01
309, 2.93488E-01, 5.25467E-01, 5.85813E-01, 3.80505E-01
310, 2.93211E-01, 5.25977E-01, 5.85468E-01, 3.80980E-01
311, 2.92938E-01, 5.26485E-01, 5.85124E-01, 3.81453E-01
312, 2.92668E-01, 5.26992E-01, 5.84779E-01, 3.81925E-01
313, 2.92401E-01, 5.27497E-01, 5.84435E-01, 3.82396E-01
314, 2.92138E-01, 5.28000E-01, 5.84091E-01, 3.82865E-01
315, 2.91879E-01, 5.28501E-01, 5.83748E-01, 3.83334E-01
316, 2.91623E-01, 5.29001E-01, 5.83405E-01, 3.83801E-01
317, 2.91370E-01, 5.29498E-01, 5.83063E-01, 3.84267E-01
318, 2.91121E-01, 5.29994E-01, 5.82721E-01, 3.84733E-01
319, 2.90876E-01, 5.30488E-01, 5.82380E-01, 3.85198E-01
320, 2.90634E-01, 5.30979E-01, 5.82040E-01, 3.85662E-01
321, 2.90395E-01, 5.31469E-01, 5.81700E-01, 3.86125E-01
322, 2.90160E-01, 5.31956E-01, 5.81361E-01, 3.86588E-01
323, 2.89928E-01, 5.32442E-01, 5.81023E-01, 3.87050E-01
324, 2.89700E-01, 5.32925E-01, 5.80686E-01, 3.87512E-01
325, 2.89476E-01, 5.33406E-01, 5.80349E-01, 3.87973E-01
326, 2.89255E-01, 5.33885E-01, 5.80014E-01, 3.88434E-01
327, 2.89037E-01, 5.34362E-01, 5.79679E-01, 3.88894E-01
328, 2.88823E-01, 5.34836E-01, 5.79346E-01, 3.89354E-01
329, 2.88612E-01, 5.35308E-01, 5.79014E-01, 3.89814E-01
330, 2.88405E-01, 5.35778E-01, 5.78683E-01, 3.90274E-01
331, 2.88201E-01, 5.36245E-01, 5.78353E-01, 3.90734E-01
332, 2.88001E-01, 5.36709E-01, 5.78024E-01, 3.91193E-01
333, 2.87805E-01, 5.37172E-01, 5.77697E-01, 3.91653E-01
334, 2.87611E-01, 5.37631E-01, 5.77371E-01, 3.92112E-01
335, 2.87421E-01, 5.38089E-01, 5.77046E-01, 3.92571E-01
336, 2.87235E-01, 5.38543E-01, 5.76723E-01, 3.93031E-01
337, 2.87052E-01, 5.38995E-01, 5.76401E-01, 3.93490E-01
338, 2.86873E-01, 5.39445E-01, 5.76081E-01, 3.93950E-01
339, 2.86697E-01, 5.39892E-01, 5.75762E-01, 3.94410E-01
340, 2.86524E-01, 5.40336E-01, 5.75445E-01, 3.94870E-01
341, 2.86355E-01, 5.40777E-01, 5.75130E-01, 3.95330E-01
342, 2.86190E-01, 5.41216E-01, 5.74816E-01, 3.95790E-01
343, 2.86028E-01, 5.41652E-01, 5.74504E-01, 3.96251E-01
344, 2.85869E-01, 5.42085E-01, 5.74194E-01, 3.96712E-01
345, 2.85714E-01, 5.42515E-01, 5.73885E-01, 3.97173E-01
346, 2.85563E-01, 5.42942E-01, 5.73578E-01, 3.97635E-01
347, 2.85414E-01, 5.43367E-01, 5.73273E-01, 3.98097E-01
348, 2.85270E-01, 5.43789E-01, 5.72970E-01, 3.98559E-01
349, 2.85129E-01, 5.44208E-01, 5.72669E-01, 3.99021E-01
350, 2.84991E-01, 5.44623E-01, 5.72370E-01, 3.99484E-01
351, 2.84857E-01, 5.45036E-01, 5.72073E-01, 3.99947E-01
352, 2.84726E-01, 5.45446E-01, 5.71778E-01, 4.00411E-01
353, 2.84599E-01, 5.45853E-01, 5.71485E-01, 4.00875E-01
354, 2.84475E-01, 5.46257E-01, 5.71194E-01, 4.01339E-01
355, 2.84355E-01, 5.46658E-01, 5.70905E-01, 4.01804E-01
356, 2.84238E-01, 5.47056E-01, 5.70618E-01, 4.02269E-01
357, 2.84125E-01, 5.47451E-01, 5.70334E-01, 4.02734E-01
358, 2.84015E-01, 5.47843E-01, 5.70052E-01, 4.03199E-01
359, 2.83909E-01, 5.48232E-01, 5.69772E-01, 4.03665E-01
360, 2.83807E-01, 5.48617E-01, 5.69494E-01, 4.04131E-01
361, 2.83708E-01, 5.49000E-01, 5.69219E-01, 4.04597E-01
362, 2.83613E-01, 5.49379E-01, 5.68945E-01, 4.05063E-01
363, 2.83521E-01, 5.49756E-01, 5.68675E-01, 4.05530E-01
364, 2.83433E-01, 5.50129E-01, 5.68406E-01, 4.05996E-01
365, 2.83348E-01, 5.50499E-01, 5.68141E-01, 4.06463E-01
366, 2.83267E-01, 5.50865E-01, 5.67877E-01, 4.06929E-01
367, 2.83189E-01, 5.51229E-01, 5.67616E-01, 4.07396E-01
368, 2.83115E-01, 5.51589E-01, 5.67358E-01, 4.07862E-01
369, 2.83045E-01, 5.51946E-01, 5.67102E-01, 4.08329E-01
370, 2.82978E-01, 5.52300E-01, 5.66848E-01, 4.08795E-01
371, 2.82915E-01, 5.52651E-01, 5.66597E-01, 4.09260E-01
372, 2.82856E-01, 5.52998E-01, 5.66349E-01, 4.09726E-01
373, 2.82800E-01, 5.53342E-01, 5.66103E-01, 4.10191E-01
374, 2.82748E-01, 5.53683E-01, 5.65860E-01, 4.10655E-01
375, 2.82699E-01, 5.54021E-01, 5.65620E-01, 4.11119E-01
376, 2.82654E-01, 5.54355E-01, 5.65382E-01, 4.11583E-01
377, 2.82613E-01, 5.54686E-01, 5.65147E-01, 4.12046E-01
378, 2.82576E-01, 5.55014E-01, 5.64915E-01, 4.12508E-01
379, 2.82542E-01, 5.55338E-01, 5.64685E-01, 4.12969E-01
380, 2.82511E-01, 5.55659E-01, 5.64459E-01, 4.13429E-01
381, 2.82484E-01, 5.55977E-01, 5.64235E-01, 4.13888E-01
382, 2.82461E-01, 5.56291E-01, 5.64013E-01, 4.14346E-01
383, 2.82442E-01, 5.56602E-01, 5.63795E-01, 4.14803E-01
384, 2.82426E-01, 5.56909E-01, 5.63579E-01, 4.15259E-01
385, 2.82414E-01, 5.57214E-01, 5.63367E-01, 4.15714E-01
386, 2.82405E-01, 5.57514E-01, 5.63157E-01, 4.16167E-01
387, 2.82400E-01, 5.57812E-01, 5.62950E-01, 4.16618E-01
388, 2.82398E-01, 5.58106E-01, 5.62746E-01, 4.17068E-01
389, 2.82401E-01, 5.58396E-01, 5.62545E-01, 4.17517E-01
390, 2.82406E-01, 5.58684E-01, 5.62347E-01, 4.17963E-01
391, 2.82416E-01, 5.58967E-01, 5.62151E-01, 4.18408E-01
392, 2.82429E-01, 5.59248E-01, 5.61959E-01, 4.18851E-01
393, 2.82445E-01, 5.59525E-01, 5.61770E-01, 4.19292E-01
394, 2.82465E-01, 5.59798E-01, 5.61583E-01, 4.19731E-01
395, 2.82489E-01, 5.60068E-01, 5.61400E-01, 4.20168E-01
396, 2.82516E-01, 5.60335E-01, 5.61220E-01, 4.20602E-01
397, 2.82547E-01, 5.60598E-01, 5.61042E-01, 4.21035E-01
398, 2.82581E-01, 5.60857E-01, 5.60868E-01, 4.21465E-01
399, 2.82619E-01, 5.61113E-01, 5.60697E-01, 4.21892E-01
400, 2.82660E-01, 5.61366E-01, 5.60528E-01, 4.22317E-01
401, 2.82705E-01, 5.61615E-01, 5.60363E-01, 4.22739E-01
402, 2.82753E-01, 5.61861E-01, 5.60201E-01, 4.23159E-01
403, 2.82804E-01, 5.62103E-01, 5.60042E-01, 4.23575E-01
404, 2.82859E-01, 5.62341E-01, 5.59886E-01, 4.23989E-01
405, 2.82918E-01, 5.62576E-01, 5.59733E-01, 4.24400E-01
406, 2.82980E-01, 5.62808E-01, 5.59583E-01, 4.24809E-01
407, 2.83045E-01, 5.63036E-01, 5.59436E-01, 4.25214E-01
408, 2.83113E-01, 5.63260E-01, 5.59293E-01, 4.25616E-01
409, 2.83185E-01, 5.63481E-01, 5.59152E-01, 4.26014E-01
410, 2.83261E-01, 5.63698E-01, 5.59014E-01, 4.26410E-01
411, 2.83339E-01, 5.63911E-01, 5.58880E-01, 4.26802E-01
412, 2.83421E-01, 5.64121E-01, 5.58749E-01, 4.27191E-01
413, 2.83506E-01, 5.64328E-01, 5.58620E-01, 4.27576E-01
414, 2.83594E-01, 5.64530E-01, 5.58495E-01, 4.27958E-01
415, 2.83686E-01, 5.64730E-01, 5.58373E-01, 4.28337E-01
416, 2.83781E-01, 5.64925E-01, 5.58254E-01, 4.28712E-01
417, 2.83879E-01, 5.65117E-01, 5.58138E-01, 4.29083E-01
418, 2.83980E-01, 5.65305E-01, 5.58025E-01, 4.29450E-01
419, 2.84084E-01, 5.65490E-01, 5.57915E-01, 4.29814E-01
420, 2.84191E-01, 5.65671E-01, 5.57808E-01, 4.30174E-01
421, 2.84301E-01, 5.65848E-01, 5.57704E-01, 4.30530E-01
422, 2.84415E-01, 5.66022E-01, 5.57603E-01, 4.30882E-01
423, 2.84531E-01, 5.66192E-01, 5.57506E-01, 4.31230E-01
424, 2.84651E-01, 5.66358E-01, 5.57411E-01, 4.31575E-01
425, 2.84773E-01, 5.66521E-01, 5.57319E-01, 4.31915E-01
426, 2.84898E-01, 5.66679E-01, 5.57231E-01, 4.32251E-01
427, 2.85027E-01, 5.66835E-01, 5.57145E-01, 4.32583E-01
428, 2.85158E-01, 5.66986E-01, 5.57062E-01, 4.32911E-01
429, 2.85292E-01, 5.67134E-01, 5.56983E-01, 4.33234E-01
430, 2.85428E-01, 5.67278E-01, 5.56906E-01, 4.33554E-01
431, 2.85568E-01, 5.67419E-01, 5.56832E-01, 4.33869E-01
432, 2.85710E-01, 5.67555E-01, 5.56762E-01, 4.34180E-01
433, 2.85855E-01, 5.67689E-01, 5.56694E-01, 4.34486E-01
434, 2.86003E-01, 5.67818E-01, 5.56629E-01, 4.34788E-01
435, 2.86153E-01, 5.67944E-01, 5.56567E-01, 4.35086E-01
436, 2.86306E-01, 5.68065E-01, 5.56508E-01, 4.35380E-01
437, 2.86462E-01, 5.68184E-01, 5.56452E-01, 4.35668E-01
438, 2.86620E-01, 5.68298E-01, 5.56398E-01, 4.35953E-01
439, 2.86781E-01, 5.68409E-01, 5.56348E-01, 4.36233E-01
440, 2.86945E-01, 5.68516E-01, 5.56301E-01, 4.36509E-01
441, 2.87110E-01, 5.68620E-01, 5.56256E-01, 4.36780E-01
442, 2.87279E-01, 5.68719E-01, 5.56214E-01, 4.37046E-01
443, 2.87449E-01, 5.68815E-01, 5.56175E-01, 4.37308E-01
444, 2.87623E-01, 5.68908E-01, 5.56139E-01, 4.37565E-01
445, 2.87798E-01, 5.68996E-01, 5.56106E-01, 4.37818E-01
446, 2.87976E-01, 5.69081E-01, 5.56075E-01, 4.38067E-01
447, 2.88156E-01, 5.69163E-01, 5.56047E-01, 4.38310E-01
448, 2.88339E-01, 5.69240E-01, 5.56022E-01, 4.38549E-01
449, 2.88524E-01, 5.69314E-01, 5.56000E-01, 4.38784E-01
450, 2.88711E-01, 5.69385E-01, 5.55980E-01, 4.39014E-01
451, 2.88900E-01, 5.69451E-01, 5.55963E-01, 4.39239E-01
452, 2.89092E-01, 5.69514E-01, 5.55949E-01, 4.39460E-01
453, 2.89285E-01, 5.69573E-01, 5.55938E-01, 4.39676E-01
454, 2.89481E-01, 5.69629E-01, 5.55929E-01, 4.39888E-01
455, 2.89680E-01, 5.69681E-01, 5.55923E-01, 4.40095E-01
456, 2.89880E-01, 5.69729E-01, 5.55919E-01, 4.40297E-01
457, 2.90082E-01, 5.69774E-01, 5.55918E-01, 4.40495E-01
458, 2.90287E-01, 5.69815E-01, 5.55920E-01, 4.40689E-01
459, 2.90494E-01, 5.69853E-01, 5.55924E-01, 4.40877E-01
460, 2.90702E-01, 5.69887E-01, 5.55931E-01, 4.41062E-01
461, 2.90913E-01, 5.69917E-01, 5.55941E-01, 4.41242E-01
462, 2.91126E-01, 5.69944E-01, 5.55953E-01, 4.41417E-01
463, 2.91341E-01, 5.69967E-01, 5.55967E-01, 4.41588E-01
464, 2.91558E-01, 5.69987E-01, 5.55984E-01, 4.41754E-01
465, 2.91777E-01, 5.70003E-01, 5.56004E-01, 4.41916E-01
466, 2.91998E-01, 5.70015E-01, 5.56026E-01, 4.42074E-01
467, 2.92222E-01, 5.70024E-01, 5.56050E-01, 4.42227E-01
468, 2.92447E-01, 5.70029E-01, 5.56077E-01, 4.42377E-01
469, 2.92674E-01, 5.70031E-01, 5.56106E-01, 4.42521E-01
470, 2.92903E-01, 5.70029E-01, 5.56138E-01, 4.42662E-01
471, 2.93134E-01, 5.70024E-01, 5.56172E-01, 4.42798E-01
472, 2.93368E-01, 5.70015E-01, 5.56209E-01, 4.42930E-01
473, 2.93603E-01, 5.70003E-01, 5.56248E-01, 4.43058E-01
474, 2.93840E-01, 5.69987E-01, 5.56289E-01, 4.43182E-01
475, 2.94079E-01, 5.69968E-01, 5.56332E-01, 4.43302E-01
476, 2.94321E-01, 5.69945E-01, 5.56378E-01, 4.43417E-01
477, 2.94564E-01, 5.69918E-01, 5.56426E-01, 4.43529E-01
478, 2.94809E-01, 5.69889E-01, 5.56476E-01, 4.43637E-01
479, 2.95056E-01, 5.69855E-01, 5.56529E-01, 4.43741E-01
480, 2.95305E-01, 5.69819E-01, 5.56584E-01, 4.43841E-01
481, 2.95556E-01, 5.69779E-01, 5.56641E-01, 4.43937E-01
482, 2.95809E-01, 5.69735E-01, 5.56700E-01, 4.44029E-01
483, 2.96064E-01, 5.69688E-01, 5.56761E-01, 4.44118E-01
484, 2.96321E-01, 5.69637E-01, 5.56825E-01, 4.44203E-01
485, 2.96580E-01, 5.69584E-01, 5.56890E-01, 4.44285E-01
486, 2.96841E-01, 5.69526E-01, 5.56958E-01, 4.44363E-01
487, 2.97104E-01, 5.69466E-01, 5.57027E-01, 4.44437E-01
488, 2.97369E-01, 5.69402E-01, 5.57099E-01, 4.44508E-01
489, 2.97635E-01, 5.69334E-01, 5.57173E-01, 4.44575E-01
490, 2.97904E-01, 5.69263E-01, 5.57249E-01, 4.44640E-01
491, 2.98175E-01, 5.69189E-01, 5.57326E-01, 4.44701E-01
492, 2.98447E-01, 5.69112E-01, 5.57406E-01, 4.44758E-01
493, 2.98721E-01, 5.69031E-01, 5.57488E-01, 4.44813E-01
494, 2.98997E-01, 5.68946E-01, 5.57571E-01, 4.44864E-01
495, 2.99276E-01, 5.68859E-01, 5.57657E-01, 4.44912E-01
496, 2.99555E-01, 5.68768E-01, 5.57744E-01, 4.44957E-01
497, 2.99837E-01, 5.68674E-01, 5.57833E-01, 4.45000E-01
498, 3.00121E-01, 5.68576E-01, 5.57924E-01, 4.45039E-01
499, 3.00406E-01, 5.68476E-01, 5.58017E-01, 4.45075E-01
500, 3.00694E-01, 5.68372E-01, 5.58111E-01, 4.45109E-01
