time_step, rms_u, rms_v, rms_w, rms_p
0, 4.54285E-01, 4.82392E-01, 6.21745E-01, 1.95152E-01
1, 4.54030E-01, 4.82110E-01, 6.21773E-01, 1.95346E-01
2, 4.53775E-01, 4.81828E-01, 6.21801E-01, 1.95541E-01
3, 4.53519E-01, 4.81548E-01, 6.21829E-01, 1.95737E-01
4, 4.53262E-01, 4.81268E-01, 6.21857E-01, 1.95933E-01
5, 4.53005E-01, 4.80991E-01, 6.21884E-01, 1.96130E-01
6, 4.52747E-01, 4.80714E-01, 6.21912E-01, 1.96327E-01
7, 4.52488E-01, 4.80439E-01, 6.21940E-01, 1.96525E-01
8, 4.52228E-01, 4.80165E-01, 6.21967E-01, 1.96724E-01
9, 4.51968E-01, 4.79892E-01, 6.21995E-01, 1.96923E-01
10, 4.51707E-01, 4.79621E-01, 6.22022E-01, 1.97122E-01
11, 4.51445E-01, 4.79351E-01, 6.22050E-01, 1.97322E-01
12, 4.51183E-01, 4.79083E-01, 6.22077E-01, 1.97523E-01
13, 4.50920E-01, 4.78815E-01, 6.22104E-01, 1.97724E-01
14, 4.50656E-01, 4.78549E-01, 6.22132E-01, 1.97926E-01
15, 4.50392E-01, 4.78285E-01, 6.22159E-01, 1.98128E-01
16, 4.50127E-01, 4.78021E-01, 6.22186E-01, 1.98331E-01
17, 4.49862E-01, 4.77759E-01, 6.22213E-01, 1.98534E-01
18, 4.49596E-01, 4.77498E-01, 6.22240E-01, 1.98737E-01
19, 4.49330E-01, 4.77239E-01, 6.22266E-01, 1.98941E-01
20, 4.49063E-01, 4.76981E-01, 6.22293E-01, 1.99145E-01
21, 4.48795E-01, 4.76724E-01, 6.22320E-01, 1.99350E-01
22, 4.48527E-01, 4.76469E-01, 6.22346E-01, 1.99555E-01
23, 4.48259E-01, 4.76215E-01, 6.22373E-01, 1.99760E-01
24, 4.47990E-01, 4.75962E-01, 6.22399E-01, 1.99965E-01
25, 4.47720E-01, 4.75711E-01, 6.22425E-01, 2.00171E-01
26, 4.47450E-01, 4.75461E-01, 6.22451E-01, 2.00378E-01
27, 4.47180E-01, 4.75212E-01, 6.22477E-01, 2.00584E-01
28, 4.46909E-01, 4.74965E-01, 6.22503E-01, 2.00791E-01
29, 4.46637E-01, 4.74719E-01, 6.22528E-01, 2.00999E-01
30, 4.46366E-01, 4.74475E-01, 6.22554E-01, 2.01206E-01
31, 4.46094E-01, 4.74231E-01, 6.22579E-01, 2.01414E-01
32, 4.45821E-01, 4.73989E-01, 6.22605E-01, 2.01622E-01
33, 4.45548E-01, 4.73749E-01, 6.22630E-01, 2.01830E-01
34, 4.45275E-01, 4.73510E-01, 6.22655E-01, 2.02039E-01
35, 4.45002E-01, 4.73272E-01, 6.22680E-01, 2.02248E-01
36, 4.44728E-01, 4.73035E-01, 6.22705E-01, 2.02457E-01
37, 4.44454E-01, 4.72800E-01, 6.22729E-01, 2.02666E-01
38, 4.44179E-01, 4.72566E-01, 6.22754E-01, 2.02875E-01
39, 4.43904E-01, 4.72334E-01, 6.22778E-01, 2.03085E-01
40, 4.43629E-01, 4.72102E-01, 6.22802E-01, 2.03295E-01
41, 4.43354E-01, 4.71872E-01, 6.22826E-01, 2.03505E-01
42, 4.43078E-01, 4.71644E-01, 6.22850E-01, 2.03715E-01
43, 4.42802E-01, 4.71417E-01, 6.22873E-01, 2.03926E-01
44, 4.42526E-01, 4.71191E-01, 6.22897E-01, 2.04136E-01
45, 4.42250E-01, 4.70967E-01, 6.22920E-01, 2.04347E-01
46, 4.41973E-01, 4.70743E-01, 6.22943E-01, 2.04558E-01
47, 4.41697E-01, 4.70522E-01, 6.22966E-01, 2.04769E-01
48, 4.41420E-01, 4.70301E-01, 6.22989E-01, 2.04981E-01
49, 4.41143E-01, 4.70082E-01, 6.23012E-01, 2.05192E-01
50, 4.40865E-01, 4.69864E-01, 6.23034E-01, 2.05404E-01
51, 4.40588E-01, 4.69648E-01, 6.23057E-01, 2.05616E-01
52, 4.40310E-01, 4.69433E-01, 6.23079E-01, 2.05828E-01
53, 4.40032E-01, 4.69219E-01, 6.23101E-01, 2.06040E-01
54, 4.39754E-01, 4.69006E-01, 6.23122E-01, 2.06252E-01
55, 4.39476E-01, 4.68795E-01, 6.23144E-01, 2.06465E-01
56, 4.39198E-01, 4.68585E-01, 6.23165E-01, 2.06677E-01
57, 4.38920E-01, 4.68377E-01, 6.23186E-01, 2.06890E-01
58, 4.38641E-01, 4.68169E-01, 6.23207E-01, 2.07103E-01
59, 4.38363E-01, 4.67964E-01, 6.23228E-01, 2.07316E-01
60, 4.38084E-01, 4.67759E-01, 6.23249E-01, 2.07529E-01
61, 4.37806E-01, 4.67556E-01, 6.23269E-01, 2.07743E-01
62, 4.37527E-01, 4.67354E-01, 6.23289E-01, 2.07956E-01
63, 4.37248E-01, 4.67153E-01, 6.23309E-01, 2.08170E-01
64, 4.36969E-01, 4.66954E-01, 6.23329E-01, 2.08384E-01
65, 4.36690E-01, 4.66756E-01, 6.23349E-01, 2.08598E-01
66, 4.36411E-01, 4.66559E-01, 6.23368E-01, 2.08812E-01
67, 4.36132E-01, 4.66364E-01, 6.23387E-01, 2.09026E-01
68, 4.35853E-01, 4.66170E-01, 6.23406E-01, 2.09240E-01
69, 4.35574E-01, 4.65977E-01, 6.23425E-01, 2.09455E-01
70, 4.35295E-01, 4.65785E-01, 6.23443E-01, 2.09670E-01
71, 4.35016E-01, 4.65595E-01, 6.23461E-01, 2.09885E-01
72, 4.34737E-01, 4.65406E-01, 6.23479E-01, 2.10100E-01
73, 4.34458E-01, 4.65219E-01, 6.23497E-01, 2.10315E-01
74, 4.34179E-01, 4.65033E-01, 6.23515E-01, 2.10530E-01
75, 4.33900E-01, 4.64848E-01, 6.23532E-01, 2.10746E-01
76, 4.33621E-01, 4.64664E-01, 6.23549E-01, 2.10962E-01
77, 4.33342E-01, 4.64481E-01, 6.23566E-01, 2.11178E-01
78, 4.33063E-01, 4.64300E-01, 6.23583E-01, 2.11394E-01
79, 4.32784E-01, 4.64121E-01, 6.23600E-01, 2.11610E-01
80, 4.32505E-01, 4.63942E-01, 6.23616E-01, 2.11827E-01
81, 4.32227E-01, 4.63765E-01, 6.23632E-01, 2.12043E-01
82, 4.31948E-01, 4.63589E-01, 6.23648E-01, 2.12260E-01
83, 4.31669E-01, 4.63414E-01, 6.23663E-01, 2.12477E-01
84, 4.31390E-01, 4.63241E-01, 6.23678E-01, 2.12694E-01
85, 4.31112E-01, 4.63069E-01, 6.23693E-01, 2.12912E-01
86, 4.30833E-01, 4.62898E-01, 6.23708E-01, 2.13130E-01
87, 4.30555E-01, 4.62729E-01, 6.23723E-01, 2.13347E-01
88, 4.30276E-01, 4.62561E-01, 6.23737E-01, 2.13566E-01
89, 4.29998E-01, 4.62394E-01, 6.23751E-01, 2.13784E-01
90, 4.29719E-01, 4.62228E-01, 6.23765E-01, 2.14002E-01
91, 4.29441E-01, 4.62064E-01, 6.23778E-01, 2.14221E-01
92, 4.29163E-01, 4.61901E-01, 6.23792E-01, 2.14440E-01
93, 4.28884E-01, 4.61739E-01, 6.23805E-01, 2.14659E-01
94, 4.28606E-01, 4.61579E-01, 6.23817E-01, 2.14879E-01
95, 4.28328E-01, 4.61420E-01, 6.23830E-01, 2.15098E-01
96, 4.28050E-01, 4.61262E-01, 6.23842E-01, 2.15318E-01
97, 4.27772E-01, 4.61105E-01, 6.23854E-01, 2.15538E-01
98, 4.27495E-01, 4.60950E-01, 6.23866E-01, 2.15759E-01
99, 4.27217E-01, 4.60796E-01, 6.23877E-01, 2.15979E-01
100, 4.26939E-01, 4.60643E-01, 6.23888E-01, 2.16200E-01
101, 4.26661E-01, 4.60492E-01, 6.23899E-01, 2.16421E-01
102, 4.26384E-01, 4.60342E-01, 6.23910E-01, 2.16643E-01
103, 4.26106E-01, 4.60193E-01, 6.23920E-01, 2.16864E-01
104, 4.25829E-01, 4.60046E-01, 6.23930E-01, 2.17086E-01
105, 4.25551E-01, 4.59900E-01, 6.23940E-01, 2.17308E-01
106, 4.25274E-01, 4.59755E-01, 6.23950E-01, 2.17531E-01
107, 4.24997E-01, 4.59611E-01, 6.23959E-01, 2.17754E-01
108, 4.24720E-01, 4.59469E-01, 6.23968E-01, 2.17977E-01
109, 4.24442E-01, 4.59328E-01, 6.23976E-01, 2.18200E-01
110, 4.24165E-01, 4.59188E-01, 6.23985E-01, 2.18423E-01
111, 4.23888E-01, 4.59050E-01, 6.23993E-01, 2.18647E-01
112, 4.23611E-01, 4.58913E-01, 6.24001E-01, 2.18871E-01
113, 4.23334E-01, 4.58777E-01, 6.24008E-01, 2.19096E-01
114, 4.23058E-01, 4.58642E-01, 6.24015E-01, 2.19320E-01
115, 4.22781E-01, 4.58509E-01, 6.24022E-01, 2.19545E-01
116, 4.22504E-01, 4.58377E-01, 6.24029E-01, 2.19771E-01
117, 4.22227E-01, 4.58247E-01, 6.24035E-01, 2.19996E-01
118, 4.21950E-01, 4.58118E-01, 6.24041E-01, 2.20222E-01
119, 4.21674E-01, 4.57990E-01, 6.24047E-01, 2.20448E-01
120, 4.21397E-01, 4.57863E-01, 6.24052E-01, 2.20674E-01
121, 4.21120E-01, 4.57738E-01, 6.24057E-01, 2.20901E-01
122, 4.20844E-01, 4.57614E-01, 6.24062E-01, 2.21128E-01
123, 4.20567E-01, 4.57491E-01, 6.24067E-01, 2.21356E-01
124, 4.20290E-01, 4.57370E-01, 6.24071E-01, 2.21583E-01
125, 4.20014E-01, 4.57250E-01, 6.24075E-01, 2.21811E-01
126, 4.19737E-01, 4.57132E-01, 6.24078E-01, 2.22040E-01
127, 4.19461E-01, 4.57014E-01, 6.24081E-01, 2.22268E-01
128, 4.19184E-01, 4.56898E-01, 6.24084E-01, 2.22497E-01
129, 4.18908E-01, 4.56784E-01, 6.24087E-01, 2.22726E-01
130, 4.18631E-01, 4.56671E-01, 6.24089E-01, 2.22956E-01
131, 4.18354E-01, 4.56559E-01, 6.24091E-01, 2.23186E-01
132, 4.18078E-01, 4.56448E-01, 6.24093E-01, 2.23416E-01
133, 4.17801E-01, 4.56339E-01, 6.24094E-01, 2.23646E-01
134, 4.17524E-01, 4.56231E-01, 6.24095E-01, 2.23877E-01
135, 4.17248E-01, 4.56124E-01, 6.24096E-01, 2.24108E-01
136, 4.16971E-01, 4.56019E-01, 6.24097E-01, 2.24340E-01
137, 4.16694E-01, 4.55915E-01, 6.24097E-01, 2.24572E-01
138, 4.16418E-01, 4.55813E-01, 6.24097E-01, 2.24804E-01
139, 4.16141E-01, 4.55712E-01, 6.24096E-01, 2.25036E-01
140, 4.15864E-01, 4.55612E-01, 6.24095E-01, 2.25269E-01
141, 4.15587E-01, 4.55513E-01, 6.24094E-01, 2.25502E-01
142, 4.15310E-01, 4.55416E-01, 6.24093E-01, 2.25735E-01
143, 4.15033E-01, 4.55321E-01, 6.24091E-01, 2.25969E-01
144, 4.14756E-01, 4.55226E-01, 6.24089E-01, 2.26203E-01
145, 4.14479E-01, 4.55133E-01, 6.24086E-01, 2.26438E-01
146, 4.14201E-01, 4.55042E-01, 6.24084E-01, 2.26672E-01
147, 4.13924E-01, 4.54951E-01, 6.24081E-01, 2.26907E-01
148, 4.13647E-01, 4.54863E-01, 6.24077E-01, 2.27143E-01
149, 4.13369E-01, 4.54775E-01, 6.24074E-01, 2.27379E-01
150, 4.13092E-01, 4.54689E-01, 6.24070E-01, 2.27615E-01
151, 4.12814E-01, 4.54604E-01, 6.24065E-01, 2.27851E-01
152, 4.12537E-01, 4.54521E-01, 6.24061E-01, 2.28088E-01
153, 4.12259E-01, 4.54439E-01, 6.24056E-01, 2.28325E-01
154, 4.11981E-01, 4.54358E-01, 6.24051E-01, 2.28562E-01
155, 4.11703E-01, 4.54279E-01, 6.24045E-01, 2.28800E-01
156, 4.11425E-01, 4.54201E-01, 6.24039E-01, 2.29038E-01
157, 4.11147E-01, 4.54125E-01, 6.24033E-01, 2.29277E-01
158, 4.10869E-01, 4.54050E-01, 6.24027E-01, 2.29516E-01
159, 4.10590E-01, 4.53976E-01, 6.24020E-01, 2.29755E-01
160, 4.10312E-01, 4.53903E-01, 6.24013E-01, 2.29994E-01
161, 4.10033E-01, 4.53833E-01, 6.24006E-01, 2.30234E-01
162, 4.09754E-01, 4.53763E-01, 6.23998E-01, 2.30474E-01
163, 4.09476E-01, 4.53695E-01, 6.23990E-01, 2.30715E-01
164, 4.09197E-01, 4.53628E-01, 6.23982E-01, 2.30956E-01
165, 4.08918E-01, 4.53563E-01, 6.23973E-01, 2.31197E-01
166, 4.08638E-01, 4.53499E-01, 6.23964E-01, 2.31439E-01
167, 4.08359E-01, 4.53436E-01, 6.23955E-01, 2.31681E-01
168, 4.08080E-01, 4.53375E-01, 6.23946E-01, 2.31923E-01
169, 4.07800E-01, 4.53315E-01, 6.23936E-01, 2.32166E-01
170, 4.07521E-01, 4.53256E-01, 6.23926E-01, 2.32409E-01
171, 4.07241E-01, 4.53199E-01, 6.23916E-01, 2.32652E-01
172, 4.06961E-01, 4.53143E-01, 6.23905E-01, 2.32896E-01
173, 4.06681E-01, 4.53089E-01, 6.23894E-01, 2.33140E-01
174, 4.06401E-01, 4.53036E-01, 6.23883E-01, 2.33385E-01
175, 4.06120E-01, 4.52985E-01, 6.23872E-01, 2.33630E-01
176, 4.05840E-01, 4.52934E-01, 6.23860E-01, 2.33875E-01
177, 4.05559E-01, 4.52886E-01, 6.23848E-01, 2.34121E-01
178, 4.05278E-01, 4.52838E-01, 6.23836E-01, 2.34367E-01
179, 4.04998E-01, 4.52792E-01, 6.23823E-01, 2.34613E-01
180, 4.04717E-01, 4.52747E-01, 6.23810E-01, 2.34860E-01
181, 4.04435E-01, 4.52704E-01, 6.23797E-01, 2.35107E-01
182, 4.04154E-01, 4.52662E-01, 6.23784E-01, 2.35355E-01
183, 4.03873E-01, 4.52622E-01, 6.23770E-01, 2.35603E-01
184, 4.03591E-01, 4.52582E-01, 6.23756E-01, 2.35851E-01
185, 4.03310E-01, 4.52544E-01, 6.23742E-01, 2.36100E-01
186, 4.03028E-01, 4.52508E-01, 6.23728E-01, 2.36349E-01
187, 4.02746E-01, 4.52473E-01, 6.23713E-01, 2.36599E-01
188, 4.02464E-01, 4.52439E-01, 6.23698E-01, 2.36849E-01
189, 4.02181E-01, 4.52407E-01, 6.23683E-01, 2.37099E-01
190, 4.01899E-01, 4.52376E-01, 6.23668E-01, 2.37350E-01
191, 4.01617E-01, 4.52346E-01, 6.23652E-01, 2.37601E-01
192, 4.01334E-01, 4.52318E-01, 6.23636E-01, 2.37853E-01
193, 4.01051E-01, 4.52291E-01, 6.23620E-01, 2.38105E-01
194, 4.00768E-01, 4.52265E-01, 6.23603E-01, 2.38358E-01
195, 4.00485E-01, 4.52241E-01, 6.23587E-01, 2.38611E-01
196, 4.00202E-01, 4.52218E-01, 6.23570E-01, 2.38864E-01
197, 3.99919E-01, 4.52196E-01, 6.23553E-01, 2.39118E-01
198, 3.99635E-01, 4.52176E-01, 6.23535E-01, 2.39372E-01
199, 3.99352E-01, 4.52157E-01, 6.23518E-01, 2.39627E-01
200, 3.99068E-01, 4.52140E-01, 6.23500E-01, 2.39882E-01
201, 3.98784E-01, 4.52123E-01, 6.23481E-01, 2.40138E-01
202, 3.98500E-01, 4.52108E-01, 6.23463E-01, 2.40394E-01
203, 3.98216E-01, 4.52095E-01, 6.23444E-01, 2.40651E-01
204, 3.97932E-01, 4.52083E-01, 6.23426E-01, 2.40908E-01
205, 3.97647E-01, 4.52072E-01, 6.23407E-01, 2.41166E-01
206, 3.97363E-01, 4.52062E-01, 6.23387E-01, 2.41424E-01
207, 3.97078E-01, 4.52053E-01, 6.23368E-01, 2.41682E-01
208, 3.96794E-01, 4.52046E-01, 6.23348E-01, 2.41942E-01
209, 3.96509E-01, 4.52041E-01, 6.23328E-01, 2.42201E-01
210, 3.96224E-01, 4.52036E-01, 6.23308E-01, 2.42461E-01
211, 3.95939E-01, 4.52033E-01, 6.23287E-01, 2.42722E-01
212, 3.95653E-01, 4.52031E-01, 6.23267E-01, 2.42983E-01
213, 3.95368E-01, 4.52031E-01, 6.23246E-01, 2.43245E-01
214, 3.95083E-01, 4.52031E-01, 6.23225E-01, 2.43507E-01
215, 3.94797E-01, 4.52033E-01, 6.23203E-01, 2.43770E-01
216, 3.94512E-01, 4.52036E-01, 6.23182E-01, 2.44034E-01
217, 3.94226E-01, 4.52041E-01, 6.23160E-01, 2.44298E-01
218, 3.93940E-01, 4.52047E-01, 6.23138E-01, 2.44562E-01
219, 3.93654E-01, 4.52054E-01, 6.23116E-01, 2.44827E-01
220, 3.93368E-01, 4.52062E-01, 6.23093E-01, 2.45093E-01
221, 3.93082E-01, 4.52072E-01, 6.23071E-01, 2.45359E-01
222, 3.92795E-01, 4.52082E-01, 6.23048E-01, 2.45626E-01
223, 3.92509E-01, 4.52094E-01, 6.23025E-01, 2.45894E-01
224, 3.92222E-01, 4.52108E-01, 6.23002E-01, 2.46162E-01
225, 3.91936E-01, 4.52122E-01, 6.22978E-01, 2.46431E-01
226, 3.91649E-01, 4.52138E-01, 6.22954E-01, 2.46700E-01
227, 3.91362E-01, 4.52155E-01, 6.22931E-01, 2.46970E-01
228, 3.91076E-01, 4.52173E-01, 6.22906E-01, 2.47241E-01
229, 3.90789E-01, 4.52193E-01, 6.22882E-01, 2.47512E-01
230, 3.90501E-01, 4.52213E-01, 6.22858E-01, 2.47784E-01
231, 3.90214E-01, 4.52235E-01, 6.22833E-01, 2.48057E-01
232, 3.89927E-01, 4.52258E-01, 6.22808E-01, 2.48330E-01
233, 3.89640E-01, 4.52282E-01, 6.22783E-01, 2.48604E-01
234, 3.89352E-01, 4.52308E-01, 6.22758E-01, 2.48879E-01
235, 3.89065E-01, 4.52335E-01, 6.22732E-01, 2.49154E-01
236, 3.88777E-01, 4.52363E-01, 6.22706E-01, 2.49430E-01
237, 3.88490E-01, 4.52392E-01, 6.22680E-01, 2.49707E-01
238, 3.88202E-01, 4.52422E-01, 6.22654E-01, 2.49985E-01
239, 3.87914E-01, 4.52453E-01, 6.22628E-01, 2.50263E-01
240, 3.87626E-01, 4.52486E-01, 6.22601E-01, 2.50542E-01
241, 3.87338E-01, 4.52520E-01, 6.22575E-01, 2.50821E-01
242, 3.87050E-01, 4.52555E-01, 6.22548E-01, 2.51102E-01
243, 3.86762E-01, 4.52591E-01, 6.22521E-01, 2.51383E-01
244, 3.86474E-01, 4.52628E-01, 6.22493E-01, 2.51665E-01
245, 3.86186E-01, 4.52666E-01, 6.22466E-01, 2.51948E-01
246, 3.85898E-01, 4.52706E-01, 6.22438E-01, 2.52232E-01
247, 3.85609E-01, 4.52747E-01, 6.22410E-01, 2.52516E-01
248, 3.85321E-01, 4.52788E-01, 6.22382E-01, 2.52801E-01
249, 3.85033E-01, 4.52831E-01, 6.22354E-01, 2.53087E-01
250, 3.84744E-01, 4.52876E-01, 6.22325E-01, 2.53374E-01
251, 3.84456E-01, 4.52921E-01, 6.22296E-01, 2.53661E-01
252, 3.84167E-01, 4.52967E-01, 6.22267E-01, 2.53950E-01
253, 3.83878E-01, 4.53015E-01, 6.22238E-01, 2.54239E-01
254, 3.83590E-01, 4.53063E-01, 6.22209E-01, 2.54529E-01
255, 3.83301E-01, 4.53113E-01, 6.22179E-01, 2.54820E-01
256, 3.83012E-01, 4.53164E-01, 6.22150E-01, 2.55111E-01
257, 3.82723E-01, 4.53216E-01, 6.22120E-01, 2.55404E-01
258, 3.82434E-01, 4.53269E-01, 6.22090E-01, 2.55697E-01
259, 3.82145E-01, 4.53323E-01, 6.22059E-01, 2.55992E-01
260, 3.81856E-01, 4.53378E-01, 6.22029E-01, 2.56287E-01
261, 3.81567E-01, 4.53435E-01, 6.21998E-01, 2.56583E-01
262, 3.81278E-01, 4.53492E-01, 6.21967E-01, 2.56880E-01
263, 3.80989E-01, 4.53551E-01, 6.21936E-01, 2.57178E-01
264, 3.80700E-01, 4.53611E-01, 6.21905E-01, 2.57476E-01
265, 3.80411E-01, 4.53671E-01, 6.21873E-01, 2.57776E-01
266, 3.80122E-01, 4.53733E-01, 6.21842E-01, 2.58077E-01
267, 3.79833E-01, 4.53796E-01, 6.21810E-01, 2.58378E-01
268, 3.79543E-01, 4.53860E-01, 6.21778E-01, 2.58680E-01
269, 3.79254E-01, 4.53925E-01, 6.21746E-01, 2.58984E-01
270, 3.78965E-01, 4.53991E-01, 6.21713E-01, 2.59288E-01
271, 3.78676E-01, 4.54058E-01, 6.21680E-01, 2.59593E-01
272, 3.78386E-01, 4.54127E-01, 6.21648E-01, 2.59899E-01
273, 3.78097E-01, 4.54196E-01, 6.21614E-01, 2.60206E-01
274, 3.77808E-01, 4.54266E-01, 6.21581E-01, 2.60513E-01
275, 3.77518E-01, 4.54338E-01, 6.21548E-01, 2.60822E-01
276, 3.77229E-01, 4.54410E-01, 6.21514E-01, 2.61132E-01
277, 3.76939E-01, 4.54484E-01, 6.21480E-01, 2.61443E-01
278, 3.76650E-01, 4.54558E-01, 6.21446E-01, 2.61754E-01
279, 3.76361E-01, 4.54634E-01, 6.21412E-01, 2.62067E-01
280, 3.76071E-01, 4.54711E-01, 6.21377E-01, 2.62380E-01
281, 3.75782E-01, 4.54788E-01, 6.21343E-01, 2.62695E-01
282, 3.75492E-01, 4.54867E-01, 6.21308E-01, 2.63010E-01
283, 3.75203E-01, 4.54947E-01, 6.21272E-01, 2.63326E-01
284, 3.74913E-01, 4.55028E-01, 6.21237E-01, 2.63643E-01
285, 3.74624E-01, 4.55109E-01, 6.21202E-01, 2.63962E-01
286, 3.74334E-01, 4.55192E-01, 6.21166E-01, 2.64281E-01
287, 3.74045E-01, 4.55276E-01, 6.21130E-01, 2.64601E-01
288, 3.73755E-01, 4.55361E-01, 6.21094E-01, 2.64922E-01
289, 3.73466E-01, 4.55447E-01, 6.21057E-01, 2.65244E-01
290, 3.73177E-01, 4.55534E-01, 6.21021E-01, 2.65567E-01
291, 3.72887E-01, 4.55622E-01, 6.20984E-01, 2.65891E-01
292, 3.72598E-01, 4.55711E-01, 6.20947E-01, 2.66216E-01
293, 3.72308E-01, 4.55801E-01, 6.20909E-01, 2.66541E-01
294, 3.72019E-01, 4.55892E-01, 6.20872E-01, 2.66868E-01
295, 3.71730E-01, 4.55984E-01, 6.20834E-01, 2.67196E-01
296, 3.71440E-01, 4.56077E-01, 6.20796E-01, 2.67524E-01
297, 3.71151E-01, 4.56172E-01, 6.20758E-01, 2.67854E-01
298, 3.70862E-01, 4.56267E-01, 6.20720E-01, 2.68184E-01
299, 3.70572E-01, 4.56363E-01, 6.20681E-01, 2.68516E-01
300, 3.70283E-01, 4.56460E-01, 6.20642E-01, 2.68848E-01
301, 3.69994E-01, 4.56558E-01, 6.20603E-01, 2.69181E-01
302, 3.69705E-01, 4.56657E-01, 6.20563E-01, 2.69515E-01
303, 3.69415E-01, 4.56758E-01, 6.20524E-01, 2.69850E-01
304, 3.69126E-01, 4.56859E-01, 6.20484E-01, 2.70186E-01
305, 3.68837E-01, 4.56961E-01, 6.20444E-01, 2.70523E-01
306, 3.68548E-01, 4.57064E-01, 6.20404E-01, 2.70861E-01
307, 3.68259E-01, 4.57168E-01, 6.20363E-01, 2.71199E-01
308, 3.67970E-01, 4.57274E-01, 6.20322E-01, 2.71539E-01
309, 3.67681E-01, 4.57380E-01, 6.20281E-01, 2.71879E-01
310, 3.67392E-01, 4.57487E-01, 6.20240E-01, 2.72221E-01
311, 3.67103E-01, 4.57595E-01, 6.20198E-01, 2.72563E-01
312, 3.66815E-01, 4.57705E-01, 6.20156E-01, 2.72906E-01
313, 3.66526E-01, 4.57815E-01, 6.20114E-01, 2.73250E-01
314, 3.66237E-01, 4.57926E-01, 6.20072E-01, 2.73595E-01
315, 3.65949E-01, 4.58038E-01, 6.20029E-01, 2.73941E-01
316, 3.65660E-01, 4.58152E-01, 6.19986E-01, 2.74287E-01
317, 3.65371E-01, 4.58266E-01, 6.19943E-01, 2.74634E-01
318, 3.65083E-01, 4.58381E-01, 6.19900E-01, 2.74983E-01
319, 3.64795E-01, 4.58497E-01, 6.19856E-01, 2.75332E-01
320, 3.64506E-01, 4.58614E-01, 6.19812E-01, 2.75681E-01
321, 3.64218E-01, 4.58733E-01, 6.19768E-01, 2.76032E-01
322, 3.63930E-01, 4.58852E-01, 6.19723E-01, 2.76384E-01
323, 3.63642E-01, 4.58972E-01, 6.19678E-01, 2.76736E-01
324, 3.63353E-01, 4.59093E-01, 6.19633E-01, 2.77089E-01
325, 3.63065E-01, 4.59216E-01, 6.19588E-01, 2.77443E-01
326, 3.62777E-01, 4.59339E-01, 6.19542E-01, 2.77798E-01
327, 3.62490E-01, 4.59463E-01, 6.19496E-01, 2.78153E-01
328, 3.62202E-01, 4.59588E-01, 6.19450E-01, 2.78509E-01
329, 3.61914E-01, 4.59714E-01, 6.19403E-01, 2.78866E-01
330, 3.61627E-01, 4.59842E-01, 6.19356E-01, 2.79224E-01
331, 3.61339E-01, 4.59970E-01, 6.19309E-01, 2.79582E-01
332, 3.61052E-01, 4.60099E-01, 6.19261E-01, 2.79941E-01
333, 3.60764E-01, 4.60229E-01, 6.19214E-01, 2.80301E-01
334, 3.60477E-01, 4.60360E-01, 6.19165E-01, 2.80662E-01
335, 3.60190E-01, 4.60492E-01, 6.19117E-01, 2.81023E-01
336, 3.59903E-01, 4.60626E-01, 6.19068E-01, 2.81386E-01
337, 3.59616E-01, 4.60760E-01, 6.19019E-01, 2.81748E-01
338, 3.59329E-01, 4.60895E-01, 6.18969E-01, 2.82112E-01
339, 3.59042E-01, 4.61031E-01, 6.18919E-01, 2.82476E-01
340, 3.58755E-01, 4.61168E-01, 6.18869E-01, 2.82841E-01
341, 3.58469E-01, 4.61306E-01, 6.18819E-01, 2.83206E-01
342, 3.58182E-01, 4.61445E-01, 6.18768E-01, 2.83572E-01
343, 3.57896E-01, 4.61585E-01, 6.18717E-01, 2.83939E-01
344, 3.57610E-01, 4.61726E-01, 6.18665E-01, 2.84307E-01
345, 3.57324E-01, 4.61868E-01, 6.18613E-01, 2.84675E-01
346, 3.57037E-01, 4.62011E-01, 6.18561E-01, 2.85043E-01
347, 3.56752E-01, 4.62155E-01, 6.18508E-01, 2.85413E-01
348, 3.56466E-01, 4.62300E-01, 6.18455E-01, 2.85783E-01
349, 3.56180E-01, 4.62446E-01, 6.18402E-01, 2.86153E-01
350, 3.55894E-01, 4.62593E-01, 6.18348E-01, 2.86525E-01
351, 3.55609E-01, 4.62741E-01, 6.18294E-01, 2.86896E-01
352, 3.55324E-01, 4.62890E-01, 6.18240E-01, 2.87269E-01
353, 3.55039E-01, 4.63040E-01, 6.18185E-01, 2.87642E-01
354, 3.54753E-01, 4.63191E-01, 6.18130E-01, 2.88015E-01
355, 3.54468E-01, 4.63343E-01, 6.18074E-01, 2.88389E-01
356, 3.54184E-01, 4.63496E-01, 6.18018E-01, 2.88764E-01
357, 3.53899E-01, 4.63650E-01, 6.17962E-01, 2.89139E-01
358, 3.53614E-01, 4.63804E-01, 6.17905E-01, 2.89515E-01
359, 3.53330E-01, 4.63960E-01, 6.17848E-01, 2.89891E-01
360, 3.53046E-01, 4.64117E-01, 6.17790E-01, 2.90268E-01
361, 3.52762E-01, 4.64275E-01, 6.17732E-01, 2.90645E-01
362, 3.52478E-01, 4.64433E-01, 6.17674E-01, 2.91023E-01
363, 3.52194E-01, 4.64593E-01, 6.17615E-01, 2.91402E-01
364, 3.51910E-01, 4.64753E-01, 6.17556E-01, 2.91781E-01
365, 3.51627E-01, 4.64915E-01, 6.17496E-01, 2.92160E-01
366, 3.51343E-01, 4.65077E-01, 6.17436E-01, 2.92540E-01
367, 3.51060E-01, 4.65241E-01, 6.17376E-01, 2.92920E-01
368, 3.50777E-01, 4.65405E-01, 6.17315E-01, 2.93301E-01
369, 3.50494E-01, 4.65571E-01, 6.17254E-01, 2.93682E-01
370, 3.50211E-01, 4.65737E-01, 6.17192E-01, 2.94064E-01
371, 3.49928E-01, 4.65904E-01, 6.17130E-01, 2.94447E-01
372, 3.49646E-01, 4.66073E-01, 6.17067E-01, 2.94829E-01
373, 3.49364E-01, 4.66242E-01, 6.17004E-01, 2.95213E-01
374, 3.49082E-01, 4.66412E-01, 6.16941E-01, 2.95596E-01
375, 3.48800E-01, 4.66583E-01, 6.16877E-01, 2.95981E-01
376, 3.48518E-01, 4.66755E-01, 6.16812E-01, 2.96365E-01
377, 3.48236E-01, 4.66928E-01, 6.16747E-01, 2.96750E-01
378, 3.47955E-01, 4.67102E-01, 6.16682E-01, 2.97136E-01
379, 3.47673E-01, 4.67277E-01, 6.16616E-01, 2.97522E-01
380, 3.47392E-01, 4.67453E-01, 6.16550E-01, 2.97908E-01
381, 3.47111E-01, 4.67630E-01, 6.16483E-01, 2.98295E-01
382, 3.46831E-01, 4.67807E-01, 6.16416E-01, 2.98682E-01
383, 3.46550E-01, 4.67986E-01, 6.16349E-01, 2.99070E-01
384, 3.46270E-01, 4.68165E-01, 6.16281E-01, 2.99458E-01
385, 3.45990E-01, 4.68346E-01, 6.16212E-01, 2.99847E-01
386, 3.45710E-01, 4.68527E-01, 6.16143E-01, 3.00236E-01
387, 3.45430E-01, 4.68709E-01, 6.16074E-01, 3.00625E-01
388, 3.45150E-01, 4.68893E-01, 6.16004E-01, 3.01015E-01
389, 3.44871E-01, 4.69077E-01, 6.15933E-01, 3.01405E-01
390, 3.44592E-01, 4.69262E-01, 6.15862E-01, 3.01796E-01
391, 3.44313E-01, 4.69448E-01, 6.15791E-01, 3.02187E-01
392, 3.44034E-01, 4.69634E-01, 6.15719E-01, 3.02578E-01
393, 3.43755E-01, 4.69822E-01, 6.15647E-01, 3.02970E-01
394, 3.43477E-01, 4.70011E-01, 6.15574E-01, 3.03362E-01
395, 3.43199E-01, 4.70200E-01, 6.15500E-01, 3.03755E-01
396, 3.42921E-01, 4.70391E-01, 6.15426E-01, 3.04148E-01
397, 3.42643E-01, 4.70582E-01, 6.15352E-01, 3.04541E-01
398, 3.42365E-01, 4.70774E-01, 6.15277E-01, 3.04935E-01
399, 3.42088E-01, 4.70967E-01, 6.15202E-01, 3.05329E-01
400, 3.41811E-01, 4.71161E-01, 6.15126E-01, 3.05724E-01
401, 3.41534E-01, 4.71356E-01, 6.15049E-01, 3.06119E-01
402, 3.41258E-01, 4.71552E-01, 6.14972E-01, 3.06514E-01
403, 3.40981E-01, 4.71748E-01, 6.14895E-01, 3.06910E-01
404, 3.40705E-01, 4.71946E-01, 6.14817E-01, 3.07306E-01
405, 3.40429E-01, 4.72144E-01, 6.14739E-01, 3.07702E-01
406, 3.40153E-01, 4.72343E-01, 6.14660E-01, 3.08099E-01
407, 3.39878E-01, 4.72543E-01, 6.14580E-01, 3.08496E-01
408, 3.39603E-01, 4.72744E-01, 6.14500E-01, 3.08894E-01
409, 3.39328E-01, 4.72946E-01, 6.14419E-01, 3.09292E-01
410, 3.39053E-01, 4.73149E-01, 6.14338E-01, 3.09690E-01
411, 3.38779E-01, 4.73352E-01, 6.14256E-01, 3.10089E-01
412, 3.38505E-01, 4.73556E-01, 6.14174E-01, 3.10488E-01
413, 3.38231E-01, 4.73761E-01, 6.14091E-01, 3.10887E-01
414, 3.37957E-01, 4.73967E-01, 6.14008E-01, 3.11287E-01
415, 3.37684E-01, 4.74174E-01, 6.13924E-01, 3.11687E-01
416, 3.37411E-01, 4.74381E-01, 6.13840E-01, 3.12088E-01
417, 3.37138E-01, 4.74590E-01, 6.13755E-01, 3.12489E-01
418, 3.36865E-01, 4.74799E-01, 6.13670E-01, 3.12890E-01
419, 3.36593E-01, 4.75009E-01, 6.13584E-01, 3.13291E-01
420, 3.36321E-01, 4.75220E-01, 6.13497E-01, 3.13693E-01
421, 3.36050E-01, 4.75431E-01, 6.13410E-01, 3.14095E-01
422, 3.35778E-01, 4.75644E-01, 6.13322E-01, 3.14497E-01
423, 3.35507E-01, 4.75857E-01, 6.13234E-01, 3.14900E-01
424, 3.35236E-01, 4.76071E-01, 6.13145E-01, 3.15303E-01
425, 3.34966E-01, 4.76286E-01, 6.13056E-01, 3.15707E-01
426, 3.34696E-01, 4.76501E-01, 6.12966E-01, 3.16110E-01
427, 3.34426E-01, 4.76718E-01, 6.12875E-01, 3.16514E-01
428, 3.34156E-01, 4.76935E-01, 6.12784E-01, 3.16919E-01
429, 3.33887E-01, 4.77153E-01, 6.12692E-01, 3.17323E-01
430, 3.33618E-01, 4.77371E-01, 6.12600E-01, 3.17728E-01
431, 3.33350E-01, 4.77591E-01, 6.12507E-01, 3.18133E-01
432, 3.33081E-01, 4.77811E-01, 6.12414E-01, 3.18538E-01
433, 3.32813E-01, 4.78032E-01, 6.12320E-01, 3.18944E-01
434, 3.32546E-01, 4.78253E-01, 6.12225E-01, 3.19350E-01
435, 3.32279E-01, 4.78476E-01, 6.12130E-01, 3.19756E-01
436, 3.32012E-01, 4.78699E-01, 6.12034E-01, 3.20162E-01
437, 3.31745E-01, 4.78923E-01, 6.11938E-01, 3.20568E-01
438, 3.31479E-01, 4.79147E-01, 6.11841E-01, 3.20975E-01
439, 3.31213E-01, 4.79372E-01, 6.11743E-01, 3.21382E-01
440, 3.30948E-01, 4.79598E-01, 6.11645E-01, 3.21789E-01
441, 3.30682E-01, 4.79825E-01, 6.11547E-01, 3.22196E-01
442, 3.30418E-01, 4.80053E-01, 6.11447E-01, 3.22603E-01
443, 3.30153E-01, 4.80281E-01, 6.11347E-01, 3.23010E-01
444, 3.29889E-01, 4.80509E-01, 6.11247E-01, 3.23418E-01
445, 3.29626E-01, 4.80739E-01, 6.11146E-01, 3.23826E-01
446, 3.29363E-01, 4.80969E-01, 6.11044E-01, 3.24233E-01
447, 3.29100E-01, 4.81200E-01, 6.10942E-01, 3.24641E-01
448, 3.28837E-01, 4.81431E-01, 6.10839E-01, 3.25049E-01
449, 3.28575E-01, 4.81664E-01, 6.10735E-01, 3.25457E-01
450, 3.28314E-01, 4.81897E-01, 6.10631E-01, 3.25865E-01
451, 3.28052E-01, 4.82130E-01, 6.10527E-01, 3.26273E-01
452, 3.27792E-01, 4.82364E-01, 6.10421E-01, 3.26681E-01
453, 3.27531E-01, 4.82599E-01, 6.10315E-01, 3.27088E-01
454, 3.27271E-01, 4.82834E-01, 6.10209E-01, 3.27496E-01
455, 3.27012E-01, 4.83071E-01, 6.10102E-01, 3.27904E-01
456, 3.26753E-01, 4.83307E-01, 6.09994E-01, 3.28312E-01
457, 3.26494E-01, 4.83545E-01, 6.09886E-01, 3.28719E-01
458, 3.26236E-01, 4.83783E-01, 6.09777E-01, 3.29127E-01
459, 3.25978E-01, 4.84021E-01, 6.09667E-01, 3.29534E-01
460, 3.25721E-01, 4.84260E-01, 6.09557E-01, 3.29941E-01
461, 3.25464E-01, 4.84500E-01, 6.09446E-01, 3.30348E-01
462, 3.25207E-01, 4.84741E-01, 6.09334E-01, 3.30755E-01
463, 3.24951E-01, 4.84981E-01, 6.09222E-01, 3.31161E-01
464, 3.24696E-01, 4.85223E-01, 6.09110E-01, 3.31567E-01
465, 3.24441E-01, 4.85465E-01, 6.08996E-01, 3.31973E-01
466, 3.24186E-01, 4.85708E-01, 6.08882E-01, 3.32379E-01
467, 3.23932E-01, 4.85951E-01, 6.08768E-01, 3.32784E-01
468, 3.23679E-01, 4.86195E-01, 6.08653E-01, 3.33189E-01
469, 3.23426E-01, 4.86439E-01, 6.08537E-01, 3.33593E-01
470, 3.23173E-01, 4.86684E-01, 6.08421E-01, 3.33997E-01
471, 3.22921E-01, 4.86930E-01, 6.08304E-01, 3.34401E-01
472, 3.22670E-01, 4.87176E-01, 6.08186E-01, 3.34804E-01
473, 3.22418E-01, 4.87422E-01, 6.08068E-01, 3.35206E-01
474, 3.22168E-01, 4.87670E-01, 6.07949E-01, 3.35609E-01
475, 3.21918E-01, 4.87917E-01, 6.07829E-01, 3.36010E-01
476, 3.21669E-01, 4.88165E-01, 6.07709E-01, 3.36411E-01
477, 3.21420E-01, 4.88414E-01, 6.07588E-01, 3.36811E-01
478, 3.21171E-01, 4.88663E-01, 6.07467E-01, 3.37211E-01
479, 3.20923E-01, 4.88913E-01, 6.07345E-01, 3.37610E-01
480, 3.20676E-01, 4.89163E-01, 6.07223E-01, 3.38008E-01
481, 3.20429E-01, 4.89413E-01, 6.07099E-01, 3.38406E-01
482, 3.20183E-01, 4.89664E-01, 6.06976E-01, 3.38803E-01
483, 3.19937E-01, 4.89916E-01, 6.06851E-01, 3.39199E-01
484, 3.19692E-01, 4.90168E-01, 6.06726E-01, 3.39594E-01
485, 3.19448E-01, 4.90421E-01, 6.06601E-01, 3.39989E-01
486, 3.19204E-01, 4.90673E-01, 6.06474E-01, 3.40382E-01
487, 3.18961E-01, 4.90927E-01, 6.06347E-01, 3.40775E-01
488, 3.18718E-01, 4.91181E-01, 6.06220E-01, 3.41167E-01
489, 3.18476E-01, 4.91435E-01, 6.06092E-01, 3.41557E-01
490, 3.18234E-01, 4.91690E-01, 6.05963E-01, 3.41947E-01
491, 3.17993E-01, 4.91945E-01, 6.05834E-01, 3.42336E-01
492, 3.17753E-01, 4.92200E-01, 6.05704E-01, 3.42724E-01
493, 3.17513E-01, 4.92456E-01, 6.05573E-01, 3.43110E-01
494, 3.17274E-01, 4.92713E-01, 6.05442E-01, 3.43496E-01
495, 3.17036E-01, 4.92969E-01, 6.05311E-01, 3.43881E-01
496, 3.16798E-01, 4.93226E-01, 6.05178E-01, 3.44264E-01
497, 3.16561E-01, 4.93484E-01, 6.05045E-01, 3.44646E-01
498, 3.16324E-01, 4.93742E-01, 6.04912E-01, 3.45027E-01
499, 3.16088E-01, 4.94000E-01, 6.04778E-01, 3.45407E-01
500, 3.15853E-01, 4.94259E-01, 6.04643E-01, 3.45785E-01
501, 3.15618E-01, 4.94518E-01, 6.04508E-01, 3.46163E-01
502, 3.15384E-01, 4.94777E-01, 6.04372E-01, 3.46539E-01
503, 3.15151E-01, 4.95037E-01, 6.04236E-01, 3.46913E-01
504, 3.14918E-01, 4.95297E-01, 6.04099E-01, 3.47287E-01
505, 3.14686E-01, 4.95557E-01, 6.03961E-01, 3.47659E-01
506, 3.14454E-01, 4.95818E-01, 6.03823E-01, 3.48029E-01
507, 3.14224E-01, 4.96079E-01, 6.03684E-01, 3.48398E-01
508, 3.13994E-01, 4.96340E-01, 6.03545E-01, 3.48766E-01
509, 3.13764E-01, 4.96601E-01, 6.03405E-01, 3.49132E-01
510, 3.13536E-01, 4.96863E-01, 6.03265E-01, 3.49497E-01
511, 3.13308E-01, 4.97126E-01, 6.03124E-01, 3.49861E-01
512, 3.13081E-01, 4.97388E-01, 6.02982E-01, 3.50223E-01
513, 3.12854E-01, 4.97651E-01, 6.02840E-01, 3.50583E-01
514, 3.12628E-01, 4.97914E-01, 6.02697E-01, 3.50942E-01
515, 3.12403E-01, 4.98177E-01, 6.02554E-01, 3.51299E-01
516, 3.12179E-01, 4.98441E-01, 6.02410E-01, 3.51655E-01
517, 3.11955E-01, 4.98704E-01, 6.02266E-01, 3.52009E-01
518, 3.11732E-01, 4.98969E-01, 6.02121E-01, 3.52362E-01
519, 3.11510E-01, 4.99233E-01, 6.01976E-01, 3.52713E-01
520, 3.11288E-01, 4.99497E-01, 6.01830E-01, 3.53062E-01
521, 3.11067E-01, 4.99762E-01, 6.01683E-01, 3.53410E-01
522, 3.10847E-01, 5.00027E-01, 6.01536E-01, 3.53756E-01
523, 3.10628E-01, 5.00292E-01, 6.01389E-01, 3.54101E-01
524, 3.10409E-01, 5.00558E-01, 6.01241E-01, 3.54444E-01
525, 3.10191E-01, 5.00823E-01, 6.01092E-01, 3.54785E-01
526, 3.09974E-01, 5.01089E-01, 6.00943E-01, 3.55125E-01
527, 3.09758E-01, 5.01355E-01, 6.00793E-01, 3.55463E-01
528, 3.09542E-01, 5.01621E-01, 6.00643E-01, 3.55800E-01
529, 3.09327E-01, 5.01888E-01, 6.00493E-01, 3.56134E-01
530, 3.09113E-01, 5.02154E-01, 6.00342E-01, 3.56468E-01
531, 3.08900E-01, 5.02421E-01, 6.00190E-01, 3.56799E-01
532, 3.08687E-01, 5.02688E-01, 6.00038E-01, 3.57129E-01
533, 3.08476E-01, 5.02955E-01, 5.99886E-01, 3.57457E-01
534, 3.08265E-01, 5.03222E-01, 5.99733E-01, 3.57784E-01
535, 3.08054E-01, 5.03489E-01, 5.99579E-01, 3.58108E-01
536, 3.07845E-01, 5.03756E-01, 5.99425E-01, 3.58432E-01
537, 3.07636E-01, 5.04024E-01, 5.99271E-01, 3.58753E-01
538, 3.07428E-01, 5.04291E-01, 5.99116E-01, 3.59073E-01
539, 3.07221E-01, 5.04559E-01, 5.98961E-01, 3.59391E-01
540, 3.07015E-01, 5.04827E-01, 5.98805E-01, 3.59708E-01
541, 3.06809E-01, 5.05095E-01, 5.98649E-01, 3.60023E-01
542, 3.06605E-01, 5.05363E-01, 5.98492E-01, 3.60337E-01
543, 3.06401E-01, 5.05631E-01, 5.98335E-01, 3.60648E-01
544, 3.06198E-01, 5.05899E-01, 5.98178E-01, 3.60959E-01
545, 3.05995E-01, 5.06167E-01, 5.98020E-01, 3.61267E-01
546, 3.05794E-01, 5.06436E-01, 5.97861E-01, 3.61574E-01
547, 3.05593E-01, 5.06704E-01, 5.97703E-01, 3.61880E-01
548, 3.05393E-01, 5.06972E-01, 5.97544E-01, 3.62184E-01
549, 3.05194E-01, 5.07241E-01, 5.97384E-01, 3.62486E-01
550, 3.04996E-01, 5.07509E-01, 5.97224E-01, 3.62787E-01
551, 3.04798E-01, 5.07778E-01, 5.97064E-01, 3.63087E-01
552, 3.04602E-01, 5.08046E-01, 5.96903E-01, 3.63385E-01
553, 3.04406E-01, 5.08315E-01, 5.96742E-01, 3.63681E-01
554, 3.04211E-01, 5.08583E-01, 5.96580E-01, 3.63976E-01
555, 3.04017E-01, 5.08852E-01, 5.96419E-01, 3.64270E-01
556, 3.03823E-01, 5.09120E-01, 5.96256E-01, 3.64562E-01
557, 3.03631E-01, 5.09389E-01, 5.96094E-01, 3.64852E-01
558, 3.03439E-01, 5.09657E-01, 5.95931E-01, 3.65141E-01
559, 3.03248E-01, 5.09926E-01, 5.95768E-01, 3.65429E-01
560, 3.03058E-01, 5.10194E-01, 5.95604E-01, 3.65716E-01
561, 3.02869E-01, 5.10463E-01, 5.95440E-01, 3.66001E-01
562, 3.02680E-01, 5.10731E-01, 5.95276E-01, 3.66285E-01
563, 3.02493E-01, 5.10999E-01, 5.95111E-01, 3.66567E-01
564, 3.02306E-01, 5.11268E-01, 5.94946E-01, 3.66848E-01
565, 3.02120E-01, 5.11536E-01, 5.94781E-01, 3.67128E-01
566, 3.01935E-01, 5.11804E-01, 5.94616E-01, 3.67406E-01
567, 3.01751E-01, 5.12072E-01, 5.94450E-01, 3.67684E-01
568, 3.01568E-01, 5.12340E-01, 5.94284E-01, 3.67960E-01
569, 3.01385E-01, 5.12608E-01, 5.94117E-01, 3.68235E-01
570, 3.01204E-01, 5.12875E-01, 5.93951E-01, 3.68508E-01
571, 3.01023E-01, 5.13143E-01, 5.93784E-01, 3.68781E-01
572, 3.00843E-01, 5.13411E-01, 5.93617E-01, 3.69052E-01
573, 3.00664E-01, 5.13678E-01, 5.93449E-01, 3.69322E-01
574, 3.00485E-01, 5.13945E-01, 5.93281E-01, 3.69591E-01
575, 3.00308E-01, 5.14213E-01, 5.93114E-01, 3.69859E-01
576, 3.00131E-01, 5.14480E-01, 5.92945E-01, 3.70126E-01
577, 2.99956E-01, 5.14747E-01, 5.92777E-01, 3.70392E-01
578, 2.99781E-01, 5.15013E-01, 5.92608E-01, 3.70657E-01
579, 2.99607E-01, 5.15280E-01, 5.92439E-01, 3.70921E-01
580, 2.99434E-01, 5.15546E-01, 5.92270E-01, 3.71183E-01
581, 2.99261E-01, 5.15813E-01, 5.92101E-01, 3.71445E-01
582, 2.99090E-01, 5.16079E-01, 5.91931E-01, 3.71706E-01
583, 2.98919E-01, 5.16345E-01, 5.91762E-01, 3.71966E-01
584, 2.98750E-01, 5.16610E-01, 5.91592E-01, 3.72225E-01
585, 2.98581E-01, 5.16876E-01, 5.91422E-01, 3.72483E-01
586, 2.98413E-01, 5.17141E-01, 5.91251E-01, 3.72740E-01
587, 2.98246E-01, 5.17406E-01, 5.91081E-01, 3.72996E-01
588, 2.98079E-01, 5.17671E-01, 5.90910E-01, 3.73252E-01
589, 2.97914E-01, 5.17936E-01, 5.90740E-01, 3.73506E-01
590, 2.97750E-01, 5.18200E-01, 5.90569E-01, 3.73760E-01
591, 2.97586E-01, 5.18465E-01, 5.90398E-01, 3.74013E-01
592, 2.97423E-01, 5.18729E-01, 5.90227E-01, 3.74265E-01
593, 2.97261E-01, 5.18992E-01, 5.90055E-01, 3.74517E-01
594, 2.97100E-01, 5.19256E-01, 5.89884E-01, 3.74767E-01
595, 2.96940E-01, 5.19519E-01, 5.89712E-01, 3.75017E-01
596, 2.96780E-01, 5.19782E-01, 5.89541E-01, 3.75267E-01
597, 2.96622E-01, 5.20045E-01, 5.89369E-01, 3.75515E-01
598, 2.96464E-01, 5.20307E-01, 5.89197E-01, 3.75763E-01
599, 2.96308E-01, 5.20570E-01, 5.89025E-01, 3.76010E-01
600, 2.96152E-01, 5.20832E-01, 5.88853E-01, 3.76257E-01
601, 2.95997E-01, 5.21093E-01, 5.88681E-01, 3.76503E-01
602, 2.95843E-01, 5.21354E-01, 5.88508E-01, 3.76748E-01
603, 2.95689E-01, 5.21615E-01, 5.88336E-01, 3.76993E-01
604, 2.95537E-01, 5.21876E-01, 5.88164E-01, 3.77237E-01
605, 2.95385E-01, 5.22136E-01, 5.87991E-01, 3.77480E-01
606, 2.95235E-01, 5.22397E-01, 5.87819E-01, 3.77723E-01
607, 2.95085E-01, 5.22656E-01, 5.87647E-01, 3.77966E-01
608, 2.94936E-01, 5.22916E-01, 5.87474E-01, 3.78208E-01
609, 2.94788E-01, 5.23175E-01, 5.87301E-01, 3.78449E-01
610, 2.94641E-01, 5.23433E-01, 5.87129E-01, 3.78690E-01
611, 2.94495E-01, 5.23692E-01, 5.86956E-01, 3.78930E-01
612, 2.94349E-01, 5.23950E-01, 5.86784E-01, 3.79170E-01
613, 2.94205E-01, 5.24207E-01, 5.86611E-01, 3.79410E-01
614, 2.94061E-01, 5.24465E-01, 5.86439E-01, 3.79649E-01
615, 2.93918E-01, 5.24722E-01, 5.86266E-01, 3.79888E-01
616, 2.93776E-01, 5.24978E-01, 5.86094E-01, 3.80126E-01
617, 2.93635E-01, 5.25234E-01, 5.85921E-01, 3.80364E-01
618, 2.93495E-01, 5.25490E-01, 5.85749E-01, 3.80601E-01
619, 2.93356E-01, 5.25745E-01, 5.85576E-01, 3.80838E-01
620, 2.93217E-01, 5.26000E-01, 5.85404E-01, 3.81075E-01
621, 2.93080E-01, 5.26255E-01, 5.85231E-01, 3.81311E-01
622, 2.92943E-01, 5.26509E-01, 5.85059E-01, 3.81547E-01
623, 2.92807E-01, 5.26763E-01, 5.84887E-01, 3.81783E-01
624, 2.92672E-01, 5.27016E-01, 5.84715E-01, 3.82018E-01
625, 2.92538E-01, 5.27269E-01, 5.84543E-01, 3.82253E-01
626, 2.92405E-01, 5.27521E-01, 5.84371E-01, 3.82488E-01
627, 2.92273E-01, 5.27773E-01, 5.84199E-01, 3.82722E-01
628, 2.92142E-01, 5.28025E-01, 5.84027E-01, 3.82956E-01
629, 2.92011E-01, 5.28276E-01, 5.83855E-01, 3.83190E-01
630, 2.91881E-01, 5.28526E-01, 5.83684E-01, 3.83424E-01
631, 2.91753E-01, 5.28776E-01, 5.83512E-01, 3.83657E-01
632, 2.91625E-01, 5.29026E-01, 5.83341E-01, 3.83890E-01
633, 2.91498E-01, 5.29275E-01, 5.83170E-01, 3.84123E-01
634, 2.91371E-01, 5.29524E-01, 5.82999E-01, 3.84356E-01
635, 2.91246E-01, 5.29772E-01, 5.82828E-01, 3.84588E-01
636, 2.91122E-01, 5.30020E-01, 5.82657E-01, 3.84821E-01
637, 2.90998E-01, 5.30267E-01, 5.82486E-01, 3.85053E-01
638, 2.90876E-01, 5.30514E-01, 5.82316E-01, 3.85285E-01
639, 2.90754E-01, 5.30761E-01, 5.82145E-01, 3.85516E-01
640, 2.90633E-01, 5.31006E-01, 5.81975E-01, 3.85748E-01
641, 2.90513E-01, 5.31252E-01, 5.81805E-01, 3.85979E-01
642, 2.90394E-01, 5.31496E-01, 5.81636E-01, 3.86210E-01
643, 2.90275E-01, 5.31741E-01, 5.81466E-01, 3.86441E-01
644, 2.90158E-01, 5.31984E-01, 5.81297E-01, 3.86672E-01
645, 2.90041E-01, 5.32227E-01, 5.81128E-01, 3.86903E-01
646, 2.89926E-01, 5.32470E-01, 5.80959E-01, 3.87134E-01
647, 2.89811E-01, 5.32712E-01, 5.80790E-01, 3.87364E-01
648, 2.89697E-01, 5.32954E-01, 5.80621E-01, 3.87595E-01
649, 2.89584E-01, 5.33195E-01, 5.80453E-01, 3.87825E-01
650, 2.89472E-01, 5.33435E-01, 5.80285E-01, 3.88055E-01
651, 2.89360E-01, 5.33675E-01, 5.80117E-01, 3.88285E-01
652, 2.89250E-01, 5.33914E-01, 5.79950E-01, 3.88515E-01
653, 2.89140E-01, 5.34153E-01, 5.79782E-01, 3.88745E-01
654, 2.89032E-01, 5.34391E-01, 5.79615E-01, 3.88975E-01
655, 2.88924E-01, 5.34629E-01, 5.79449E-01, 3.89205E-01
656, 2.88817E-01, 5.34866E-01, 5.79282E-01, 3.89434E-01
657, 2.88711E-01, 5.35102E-01, 5.79116E-01, 3.89664E-01
658, 2.88606E-01, 5.35338E-01, 5.78950E-01, 3.89894E-01
659, 2.88501E-01, 5.35574E-01, 5.78784E-01, 3.90123E-01
660, 2.88398E-01, 5.35808E-01, 5.78619E-01, 3.90353E-01
661, 2.88295E-01, 5.36042E-01, 5.78454E-01, 3.90582E-01
662, 2.88193E-01, 5.36276E-01, 5.78289E-01, 3.90812E-01
663, 2.88093E-01, 5.36509E-01, 5.78125E-01, 3.91041E-01
664, 2.87993E-01, 5.36741E-01, 5.77961E-01, 3.91271E-01
665, 2.87893E-01, 5.36972E-01, 5.77797E-01, 3.91500E-01
666, 2.87795E-01, 5.37203E-01, 5.77633E-01, 3.91729E-01
667, 2.87698E-01, 5.37434E-01, 5.77470E-01, 3.91959E-01
668, 2.87601E-01, 5.37663E-01, 5.77307E-01, 3.92188E-01
669, 2.87506E-01, 5.37892E-01, 5.77145E-01, 3.92418E-01
670, 2.87411E-01, 5.38121E-01, 5.76983E-01, 3.92647E-01
671, 2.87317E-01, 5.38349E-01, 5.76821E-01, 3.92876E-01
672, 2.87224E-01, 5.38576E-01, 5.76660E-01, 3.93106E-01
673, 2.87132E-01, 5.38802E-01, 5.76499E-01, 3.93335E-01
674, 2.87040E-01, 5.39028E-01, 5.76338E-01, 3.93565E-01
675, 2.86950E-01, 5.39253E-01, 5.76178E-01, 3.93794E-01
676, 2.86860E-01, 5.39478E-01, 5.76018E-01, 3.94024E-01
677, 2.86772E-01, 5.39702E-01, 5.75858E-01, 3.94254E-01
678, 2.86684E-01, 5.39925E-01, 5.75699E-01, 3.94483E-01
679, 2.86597E-01, 5.40148E-01, 5.75541E-01, 3.94713E-01
680, 2.86511E-01, 5.40370E-01, 5.75382E-01, 3.94943E-01
681, 2.86425E-01, 5.40591E-01, 5.75224E-01, 3.95172E-01
682, 2.86341E-01, 5.40811E-01, 5.75067E-01, 3.95402E-01
683, 2.86258E-01, 5.41031E-01, 5.74910E-01, 3.95632E-01
684, 2.86175E-01, 5.41250E-01, 5.74753E-01, 3.95862E-01
685, 2.86093E-01, 5.41469E-01, 5.74597E-01, 3.96092E-01
686, 2.86012E-01, 5.41686E-01, 5.74441E-01, 3.96322E-01
687, 2.85932E-01, 5.41903E-01, 5.74286E-01, 3.96552E-01
688, 2.85853E-01, 5.42120E-01, 5.74131E-01, 3.96782E-01
689, 2.85775E-01, 5.42335E-01, 5.73976E-01, 3.97013E-01
690, 2.85697E-01, 5.42550E-01, 5.73822E-01, 3.97243E-01
691, 2.85621E-01, 5.42765E-01, 5.73669E-01, 3.97473E-01
692, 2.85545E-01, 5.42978E-01, 5.73516E-01, 3.97704E-01
693, 2.85470E-01, 5.43191E-01, 5.73363E-01, 3.97935E-01
694, 2.85396E-01, 5.43403E-01, 5.73211E-01, 3.98165E-01
695, 2.85323E-01, 5.43614E-01, 5.73059E-01, 3.98396E-01
696, 2.85251E-01, 5.43825E-01, 5.72908E-01, 3.98627E-01
697, 2.85180E-01, 5.44035E-01, 5.72758E-01, 3.98858E-01
698, 2.85109E-01, 5.44244E-01, 5.72607E-01, 3.99089E-01
699, 2.85040E-01, 5.44453E-01, 5.72458E-01, 3.99320E-01
700, 2.84971E-01, 5.44660E-01, 5.72308E-01, 3.99551E-01
701, 2.84903E-01, 5.44867E-01, 5.72160E-01, 3.99782E-01
702, 2.84836E-01, 5.45074E-01, 5.72011E-01, 4.00014E-01
703, 2.84770E-01, 5.45279E-01, 5.71864E-01, 4.00245E-01
704, 2.84705E-01, 5.45484E-01, 5.71716E-01, 4.00477E-01
705, 2.84641E-01, 5.45688E-01, 5.71570E-01, 4.00708E-01
706, 2.84577E-01, 5.45891E-01, 5.71424E-01, 4.00940E-01
707, 2.84515E-01, 5.46094E-01, 5.71278E-01, 4.01172E-01
708, 2.84453E-01, 5.46295E-01, 5.71133E-01, 4.01403E-01
709, 2.84392E-01, 5.46496E-01, 5.70988E-01, 4.01635E-01
710, 2.84332E-01, 5.46697E-01, 5.70844E-01, 4.01867E-01
711, 2.84273E-01, 5.46896E-01, 5.70701E-01, 4.02099E-01
712, 2.84215E-01, 5.47095E-01, 5.70558E-01, 4.02332E-01
713, 2.84158E-01, 5.47293E-01, 5.70415E-01, 4.02564E-01
714, 2.84101E-01, 5.47490E-01, 5.70273E-01, 4.02796E-01
715, 2.84046E-01, 5.47686E-01, 5.70132E-01, 4.03029E-01
716, 2.83991E-01, 5.47882E-01, 5.69991E-01, 4.03261E-01
717, 2.83937E-01, 5.48077E-01, 5.69851E-01, 4.03493E-01
718, 2.83884E-01, 5.48271E-01, 5.69712E-01, 4.03726E-01
719, 2.83832E-01, 5.48464E-01, 5.69573E-01, 4.03959E-01
720, 2.83781E-01, 5.48657E-01, 5.69434E-01, 4.04191E-01
721, 2.83731E-01, 5.48849E-01, 5.69296E-01, 4.04424E-01
722, 2.83682E-01, 5.49040E-01, 5.69159E-01, 4.04657E-01
723, 2.83633E-01, 5.49230E-01, 5.69022E-01, 4.04890E-01
724, 2.83586E-01, 5.49419E-01, 5.68886E-01, 4.05122E-01
725, 2.83539E-01, 5.49608E-01, 5.68751E-01, 4.05355E-01
726, 2.83494E-01, 5.49796E-01, 5.68616E-01, 4.05588E-01
727, 2.83449E-01, 5.49983E-01, 5.68481E-01, 4.05821E-01
728, 2.83405E-01, 5.50169E-01, 5.68347E-01, 4.06054E-01
729, 2.83362E-01, 5.50355E-01, 5.68214E-01, 4.06287E-01
730, 2.83319E-01, 5.50539E-01, 5.68082E-01, 4.06520E-01
731, 2.83278E-01, 5.50723E-01, 5.67950E-01, 4.06753E-01
732, 2.83238E-01, 5.50906E-01, 5.67819E-01, 4.06986E-01
733, 2.83198E-01, 5.51089E-01, 5.67688E-01, 4.07219E-01
734, 2.83160E-01, 5.51270E-01, 5.67558E-01, 4.07452E-01
735, 2.83122E-01, 5.51451E-01, 5.67428E-01, 4.07684E-01
736, 2.83085E-01, 5.51631E-01, 5.67300E-01, 4.07917E-01
737, 2.83049E-01, 5.51810E-01, 5.67171E-01, 4.08150E-01
738, 2.83015E-01, 5.51988E-01, 5.67044E-01, 4.08383E-01
739, 2.82980E-01, 5.52166E-01, 5.66917E-01, 4.08616E-01
740, 2.82947E-01, 5.52342E-01, 5.66791E-01, 4.08848E-01
741, 2.82915E-01, 5.52518E-01, 5.66665E-01, 4.09081E-01
742, 2.82884E-01, 5.52693E-01, 5.66540E-01, 4.09313E-01
743, 2.82853E-01, 5.52867E-01, 5.66416E-01, 4.09546E-01
744, 2.82824E-01, 5.53041E-01, 5.66292E-01, 4.09778E-01
745, 2.82795E-01, 5.53213E-01, 5.66169E-01, 4.10010E-01
746, 2.82767E-01, 5.53385E-01, 5.66047E-01, 4.10242E-01
747, 2.82740E-01, 5.53556E-01, 5.65925E-01, 4.10474E-01
748, 2.82715E-01, 5.53726E-01, 5.65804E-01, 4.10706E-01
749, 2.82690E-01, 5.53895E-01, 5.65683E-01, 4.10938E-01
750, 2.82665E-01, 5.54064E-01, 5.65564E-01, 4.11169E-01
751, 2.82642E-01, 5.54231E-01, 5.65445E-01, 4.11401E-01
752, 2.82620E-01, 5.54398E-01, 5.65326E-01, 4.11632E-01
753, 2.82599E-01, 5.54564E-01, 5.65209E-01, 4.11863E-01
754, 2.82578E-01, 5.54729E-01, 5.65092E-01, 4.12094E-01
755, 2.82559E-01, 5.54894E-01, 5.64975E-01, 4.12325E-01
756, 2.82540E-01, 5.55057E-01, 5.64860E-01, 4.12555E-01
757, 2.82522E-01, 5.55220E-01, 5.64745E-01, 4.12785E-01
758, 2.82505E-01, 5.55382E-01, 5.64630E-01, 4.13015E-01
759, 2.82489E-01, 5.55543E-01, 5.64517E-01, 4.13245E-01
760, 2.82474E-01, 5.55703E-01, 5.64404E-01, 4.13475E-01
761, 2.82460E-01, 5.55862E-01, 5.64292E-01, 4.13704E-01
762, 2.82447E-01, 5.56021E-01, 5.64180E-01, 4.13933E-01
763, 2.82435E-01, 5.56178E-01, 5.64069E-01, 4.14162E-01
764, 2.82423E-01, 5.56335E-01, 5.63959E-01, 4.14391E-01
765, 2.82413E-01, 5.56491E-01, 5.63850E-01, 4.14619E-01
766, 2.82403E-01, 5.56646E-01, 5.63741E-01, 4.14847E-01
767, 2.82395E-01, 5.56801E-01, 5.63633E-01, 4.15075E-01
768, 2.82387E-01, 5.56954E-01, 5.63526E-01, 4.15302E-01
769, 2.82380E-01, 5.57107E-01, 5.63419E-01, 4.15529E-01
770, 2.82374E-01, 5.57259E-01, 5.63313E-01, 4.15755E-01
771, 2.82369E-01, 5.57410E-01, 5.63208E-01, 4.15982E-01
772, 2.82365E-01, 5.57560E-01, 5.63104E-01, 4.16208E-01
773, 2.82362E-01, 5.57709E-01, 5.63000E-01, 4.16433E-01
774, 2.82359E-01, 5.57857E-01, 5.62897E-01, 4.16658E-01
775, 2.82358E-01, 5.58005E-01, 5.62795E-01, 4.16883E-01
776, 2.82358E-01, 5.58151E-01, 5.62693E-01, 4.17108E-01
777, 2.82358E-01, 5.58297E-01, 5.62593E-01, 4.17331E-01
778, 2.82359E-01, 5.58442E-01, 5.62493E-01, 4.17555E-01
779, 2.82361E-01, 5.58586E-01, 5.62393E-01, 4.17778E-01
780, 2.82364E-01, 5.58730E-01, 5.62295E-01, 4.18001E-01
781, 2.82368E-01, 5.58872E-01, 5.62197E-01, 4.18223E-01
782, 2.82373E-01, 5.59014E-01, 5.62100E-01, 4.18445E-01
783, 2.82379E-01, 5.59154E-01, 5.62003E-01, 4.18666E-01
784, 2.82386E-01, 5.59294E-01, 5.61908E-01, 4.18887E-01
785, 2.82393E-01, 5.59433E-01, 5.61813E-01, 4.19107E-01
786, 2.82402E-01, 5.59571E-01, 5.61719E-01, 4.19327E-01
787, 2.82411E-01, 5.59709E-01, 5.61625E-01, 4.19546E-01
788, 2.82421E-01, 5.59845E-01, 5.61533E-01, 4.19765E-01
789, 2.82432E-01, 5.59981E-01, 5.61441E-01, 4.19983E-01
790, 2.82444E-01, 5.60115E-01, 5.61350E-01, 4.20200E-01
791, 2.82457E-01, 5.60249E-01, 5.61259E-01, 4.20418E-01
792, 2.82471E-01, 5.60382E-01, 5.61170E-01, 4.20634E-01
793, 2.82486E-01, 5.60514E-01, 5.61081E-01, 4.20850E-01
794, 2.82501E-01, 5.60645E-01, 5.60992E-01, 4.21065E-01
795, 2.82518E-01, 5.60775E-01, 5.60905E-01, 4.21280E-01
796, 2.82535E-01, 5.60905E-01, 5.60818E-01, 4.21494E-01
797, 2.82553E-01, 5.61034E-01, 5.60733E-01, 4.21708E-01
798, 2.82572E-01, 5.61161E-01, 5.60647E-01, 4.21921E-01
799, 2.82592E-01, 5.61288E-01, 5.60563E-01, 4.22133E-01
800, 2.82613E-01, 5.61414E-01, 5.60479E-01, 4.22344E-01
801, 2.82635E-01, 5.61539E-01, 5.60397E-01, 4.22555E-01
802, 2.82657E-01, 5.61663E-01, 5.60315E-01, 4.22766E-01
803, 2.82681E-01, 5.61787E-01, 5.60233E-01, 4.22975E-01
804, 2.82705E-01, 5.61909E-01, 5.60153E-01, 4.23184E-01
805, 2.82730E-01, 5.62031E-01, 5.60073E-01, 4.23392E-01
806, 2.82756E-01, 5.62151E-01, 5.59994E-01, 4.23600E-01
807, 2.82783E-01, 5.62271E-01, 5.59916E-01, 4.23807E-01
808, 2.82811E-01, 5.62390E-01, 5.59838E-01, 4.24013E-01
809, 2.82839E-01, 5.62508E-01, 5.59761E-01, 4.24218E-01
810, 2.82869E-01, 5.62625E-01, 5.59686E-01, 4.24423E-01
811, 2.82899E-01, 5.62741E-01, 5.59610E-01, 4.24627E-01
812, 2.82930E-01, 5.62857E-01, 5.59536E-01, 4.24830E-01
813, 2.82962E-01, 5.62971E-01, 5.59462E-01, 4.25032E-01
814, 2.82995E-01, 5.63085E-01, 5.59389E-01, 4.25234E-01
815, 2.83028E-01, 5.63198E-01, 5.59317E-01, 4.25435E-01
816, 2.83063E-01, 5.63309E-01, 5.59246E-01, 4.25635E-01
817, 2.83098E-01, 5.63420E-01, 5.59175E-01, 4.25834E-01
818, 2.83134E-01, 5.63530E-01, 5.59106E-01, 4.26032E-01
819, 2.83171E-01, 5.63639E-01, 5.59037E-01, 4.26230E-01
820, 2.83209E-01, 5.63748E-01, 5.58968E-01, 4.26427E-01
821, 2.83248E-01, 5.63855E-01, 5.58901E-01, 4.26623E-01
822, 2.83287E-01, 5.63961E-01, 5.58834E-01, 4.26818E-01
823, 2.83328E-01, 5.64067E-01, 5.58768E-01, 4.27012E-01
824, 2.83369E-01, 5.64172E-01, 5.58703E-01, 4.27206E-01
825, 2.83411E-01, 5.64275E-01, 5.58639E-01, 4.27398E-01
826, 2.83453E-01, 5.64378E-01, 5.58575E-01, 4.27590E-01
827, 2.83497E-01, 5.64480E-01, 5.58512E-01, 4.27781E-01
828, 2.83541E-01, 5.64581E-01, 5.58450E-01, 4.27971E-01
829, 2.83586E-01, 5.64681E-01, 5.58389E-01, 4.28160E-01
830, 2.83632E-01, 5.64780E-01, 5.58328E-01, 4.28348E-01
831, 2.83679E-01, 5.64879E-01, 5.58268E-01, 4.28535E-01
832, 2.83727E-01, 5.64976E-01, 5.58209E-01, 4.28722E-01
833, 2.83775E-01, 5.65073E-01, 5.58151E-01, 4.28907E-01
834, 2.83824E-01, 5.65168E-01, 5.58094E-01, 4.29092E-01
835, 2.83874E-01, 5.65263E-01, 5.58037E-01, 4.29275E-01
836, 2.83925E-01, 5.65357E-01, 5.57981E-01, 4.29458E-01
837, 2.83977E-01, 5.65450E-01, 5.57926E-01, 4.29640E-01
838, 2.84029E-01, 5.65541E-01, 5.57871E-01, 4.29820E-01
839, 2.84082E-01, 5.65633E-01, 5.57818E-01, 4.30000E-01
840, 2.84136E-01, 5.65723E-01, 5.57765E-01, 4.30179E-01
841, 2.84190E-01, 5.65812E-01, 5.57713E-01, 4.30357E-01
842, 2.84246E-01, 5.65900E-01, 5.57661E-01, 4.30534E-01
843, 2.84302E-01, 5.65988E-01, 5.57611E-01, 4.30710E-01
844, 2.84359E-01, 5.66074E-01, 5.57561E-01, 4.30885E-01
845, 2.84416E-01, 5.66160E-01, 5.57512E-01, 4.31059E-01
846, 2.84475E-01, 5.66244E-01, 5.57463E-01, 4.31232E-01
847, 2.84534E-01, 5.66328E-01, 5.57416E-01, 4.31404E-01
848, 2.84594E-01, 5.66411E-01, 5.57369E-01, 4.31575E-01
849, 2.84655E-01, 5.66493E-01, 5.57323E-01, 4.31745E-01
850, 2.84716E-01, 5.66573E-01, 5.57277E-01, 4.31914E-01
851, 2.84778E-01, 5.66653E-01, 5.57233E-01, 4.32082E-01
852, 2.84841E-01, 5.66733E-01, 5.57189E-01, 4.32249E-01
853, 2.84905E-01, 5.66811E-01, 5.57146E-01, 4.32415E-01
854, 2.84969E-01, 5.66888E-01, 5.57104E-01, 4.32579E-01
855, 2.85034E-01, 5.66964E-01, 5.57062E-01, 4.32743E-01
856, 2.85100E-01, 5.67040E-01, 5.57021E-01, 4.32906E-01
857, 2.85166E-01, 5.67114E-01, 5.56981E-01, 4.33068E-01
858, 2.85233E-01, 5.67188E-01, 5.56942E-01, 4.33228E-01
859, 2.85301E-01, 5.67261E-01, 5.56903E-01, 4.33388E-01
860, 2.85370E-01, 5.67332E-01, 5.56865E-01, 4.33547E-01
861, 2.85439E-01, 5.67403E-01, 5.56828E-01, 4.33704E-01
862, 2.85509E-01, 5.67473E-01, 5.56792E-01, 4.33860E-01
863, 2.85580E-01, 5.67542E-01, 5.56756E-01, 4.34016E-01
864, 2.85651E-01, 5.67610E-01, 5.56721E-01, 4.34170E-01
865, 2.85723E-01, 5.67677E-01, 5.56687E-01, 4.34323E-01
866, 2.85796E-01, 5.67743E-01, 5.56654E-01, 4.34475E-01
867, 2.85869E-01, 5.67808E-01, 5.56621E-01, 4.34626E-01
868, 2.85943E-01, 5.67873E-01, 5.56589E-01, 4.34776E-01
869, 2.86018E-01, 5.67936E-01, 5.56558E-01, 4.34925E-01
870, 2.86093E-01, 5.67999E-01, 5.56528E-01, 4.35073E-01
871, 2.86170E-01, 5.68060E-01, 5.56498E-01, 4.35219E-01
872, 2.86246E-01, 5.68121E-01, 5.56469E-01, 4.35365E-01
873, 2.86324E-01, 5.68180E-01, 5.56441E-01, 4.35509E-01
874, 2.86402E-01, 5.68239E-01, 5.56413E-01, 4.35653E-01
875, 2.86480E-01, 5.68297E-01, 5.56386E-01, 4.35795E-01
876, 2.86560E-01, 5.68354E-01, 5.56360E-01, 4.35936E-01
877, 2.86640E-01, 5.68410E-01, 5.56335E-01, 4.36076E-01
878, 2.86720E-01, 5.68465E-01, 5.56310E-01, 4.36215E-01
879, 2.86801E-01, 5.68519E-01, 5.56286E-01, 4.36353E-01
880, 2.86883E-01, 5.68572E-01, 5.56263E-01, 4.36489E-01
881, 2.86966E-01, 5.68625E-01, 5.56240E-01, 4.36625E-01
882, 2.87049E-01, 5.68676E-01, 5.56218E-01, 4.36759E-01
883, 2.87133E-01, 5.68726E-01, 5.56197E-01, 4.36892E-01
884, 2.87217E-01, 5.68776E-01, 5.56177E-01, 4.37024E-01
885, 2.87302E-01, 5.68825E-01, 5.56157E-01, 4.37155E-01
886, 2.87388E-01, 5.68872E-01, 5.56138E-01, 4.37285E-01
887, 2.87474E-01, 5.68919E-01, 5.56120E-01, 4.37414E-01
888, 2.87560E-01, 5.68965E-01, 5.56102E-01, 4.37541E-01
889, 2.87648E-01, 5.69010E-01, 5.56085E-01, 4.37668E-01
890, 2.87736E-01, 5.69054E-01, 5.56069E-01, 4.37793E-01
891, 2.87824E-01, 5.69097E-01, 5.56053E-01, 4.37917E-01
892, 2.87913E-01, 5.69139E-01, 5.56038E-01, 4.38040E-01
893, 2.88003E-01, 5.69180E-01, 5.56024E-01, 4.38162E-01
894, 2.88093E-01, 5.69220E-01, 5.56011E-01, 4.38283E-01
895, 2.88184E-01, 5.69260E-01, 5.55998E-01, 4.38402E-01
896, 2.88276E-01, 5.69298E-01, 5.55986E-01, 4.38521E-01
897, 2.88368E-01, 5.69336E-01, 5.55975E-01, 4.38638E-01
898, 2.88461E-01, 5.69372E-01, 5.55964E-01, 4.38754E-01
899, 2.88554E-01, 5.69408E-01, 5.55954E-01, 4.38869E-01
900, 2.88647E-01, 5.69443E-01, 5.55945E-01, 4.38983E-01
901, 2.88742E-01, 5.69477E-01, 5.55936E-01, 4.39096E-01
902, 2.88837E-01, 5.69510E-01, 5.55928E-01, 4.39207E-01
903, 2.88932E-01, 5.69542E-01, 5.55921E-01, 4.39318E-01
904, 2.89028E-01, 5.69573E-01, 5.55914E-01, 4.39427E-01
905, 2.89125E-01, 5.69603E-01, 5.55908E-01, 4.39535E-01
906, 2.89222E-01, 5.69632E-01, 5.55903E-01, 4.39642E-01
907, 2.89319E-01, 5.69661E-01, 5.55898E-01, 4.39748E-01
908, 2.89417E-01, 5.69688E-01, 5.55894E-01, 4.39853E-01
909, 2.89516E-01, 5.69715E-01, 5.55891E-01, 4.39956E-01
910, 2.89615E-01, 5.69741E-01, 5.55888E-01, 4.40059E-01
911, 2.89715E-01, 5.69765E-01, 5.55886E-01, 4.40160E-01
912, 2.89816E-01, 5.69789E-01, 5.55885E-01, 4.40260E-01
913, 2.89916E-01, 5.69812E-01, 5.55884E-01, 4.40359E-01
914, 2.90018E-01, 5.69834E-01, 5.55884E-01, 4.40457E-01
915, 2.90120E-01, 5.69855E-01, 5.55885E-01, 4.40554E-01
916, 2.90222E-01, 5.69875E-01, 5.55886E-01, 4.40649E-01
917, 2.90325E-01, 5.69895E-01, 5.55888E-01, 4.40744E-01
918, 2.90429E-01, 5.69913E-01, 5.55891E-01, 4.40837E-01
919, 2.90533E-01, 5.69931E-01, 5.55894E-01, 4.40930E-01
920, 2.90637E-01, 5.69947E-01, 5.55898E-01, 4.41021E-01
921, 2.90742E-01, 5.69963E-01, 5.55902E-01, 4.41111E-01
922, 2.90848E-01, 5.69978E-01, 5.55908E-01, 4.41200E-01
923, 2.90954E-01, 5.69992E-01, 5.55913E-01, 4.41287E-01
924, 2.91061E-01, 5.70005E-01, 5.55920E-01, 4.41374E-01
925, 2.91168E-01, 5.70017E-01, 5.55927E-01, 4.41460E-01
926, 2.91276E-01, 5.70028E-01, 5.55934E-01, 4.41544E-01
927, 2.91384E-01, 5.70039E-01, 5.55943E-01, 4.41628E-01
928, 2.91492E-01, 5.70048E-01, 5.55952E-01, 4.41710E-01
929, 2.91602E-01, 5.70057E-01, 5.55961E-01, 4.41791E-01
930, 2.91711E-01, 5.70064E-01, 5.55971E-01, 4.41871E-01
931, 2.91822E-01, 5.70071E-01, 5.55982E-01, 4.41950E-01
932, 2.91932E-01, 5.70077E-01, 5.55994E-01, 4.42028E-01
933, 2.92044E-01, 5.70082E-01, 5.56006E-01, 4.42105E-01
934, 2.92155E-01, 5.70086E-01, 5.56018E-01, 4.42181E-01
935, 2.92268E-01, 5.70089E-01, 5.56031E-01, 4.42255E-01
936, 2.92380E-01, 5.70092E-01, 5.56045E-01, 4.42329E-01
937, 2.92494E-01, 5.70093E-01, 5.56060E-01, 4.42401E-01
938, 2.92607E-01, 5.70094E-01, 5.56075E-01, 4.42473E-01
939, 2.92722E-01, 5.70093E-01, 5.56090E-01, 4.42543E-01
940, 2.92836E-01, 5.70092E-01, 5.56107E-01, 4.42613E-01
941, 2.92952E-01, 5.70090E-01, 5.56124E-01, 4.42681E-01
942, 2.93068E-01, 5.70087E-01, 5.56141E-01, 4.42748E-01
943, 2.93184E-01, 5.70083E-01, 5.56159E-01, 4.42815E-01
944, 2.93301E-01, 5.70078E-01, 5.56178E-01, 4.42880E-01
945, 2.93418E-01, 5.70073E-01, 5.56197E-01, 4.42944E-01
946, 2.93536E-01, 5.70066E-01, 5.56217E-01, 4.43007E-01
947, 2.93654E-01, 5.70059E-01, 5.56237E-01, 4.43069E-01
948, 2.93773E-01, 5.70051E-01, 5.56258E-01, 4.43130E-01
949, 2.93892E-01, 5.70042E-01, 5.56280E-01, 4.43190E-01
950, 2.94012E-01, 5.70032E-01, 5.56302E-01, 4.43249E-01
951, 2.94132E-01, 5.70021E-01, 5.56324E-01, 4.43308E-01
952, 2.94253E-01, 5.70009E-01, 5.56348E-01, 4.43365E-01
953, 2.94374E-01, 5.69996E-01, 5.56371E-01, 4.43421E-01
954, 2.94496E-01, 5.69983E-01, 5.56396E-01, 4.43476E-01
955, 2.94618E-01, 5.69969E-01, 5.56421E-01, 4.43530E-01
956, 2.94741E-01, 5.69953E-01, 5.56446E-01, 4.43583E-01
957, 2.94864E-01, 5.69937E-01, 5.56472E-01, 4.43635E-01
958, 2.94988E-01, 5.69920E-01, 5.56499E-01, 4.43686E-01
959, 2.95112E-01, 5.69903E-01, 5.56526E-01, 4.43737E-01
960, 2.95237E-01, 5.69884E-01, 5.56554E-01, 4.43786E-01
961, 2.95362E-01, 5.69864E-01, 5.56582E-01, 4.43834E-01
962, 2.95488E-01, 5.69844E-01, 5.56611E-01, 4.43882E-01
963, 2.95614E-01, 5.69823E-01, 5.56640E-01, 4.43928E-01
964, 2.95740E-01, 5.69801E-01, 5.56670E-01, 4.43974E-01
965, 2.95868E-01, 5.69778E-01, 5.56701E-01, 4.44019E-01
966, 2.95995E-01, 5.69754E-01, 5.56732E-01, 4.44062E-01
967, 2.96123E-01, 5.69729E-01, 5.56763E-01, 4.44105E-01
968, 2.96252E-01, 5.69704E-01, 5.56795E-01, 4.44147E-01
969, 2.96381E-01, 5.69677E-01, 5.56828E-01, 4.44188E-01
970, 2.96511E-01, 5.69650E-01, 5.56861E-01, 4.44228E-01
971, 2.96641E-01, 5.69622E-01, 5.56894E-01, 4.44267E-01
972, 2.96771E-01, 5.69593E-01, 5.56929E-01, 4.44306E-01
973, 2.96902E-01, 5.69563E-01, 5.56963E-01, 4.44343E-01
974, 2.97034E-01, 5.69533E-01, 5.56998E-01, 4.44380E-01
975, 2.97166E-01, 5.69501E-01, 5.57034E-01, 4.44416E-01
976, 2.97299E-01, 5.69469E-01, 5.57070E-01, 4.44451E-01
977, 2.97432E-01, 5.69436E-01, 5.57107E-01, 4.44485E-01
978, 2.97565E-01, 5.69402E-01, 5.57144E-01, 4.44518E-01
979, 2.97699E-01, 5.69367E-01, 5.57182E-01, 4.44550E-01
980, 2.97833E-01, 5.69331E-01, 5.57220E-01, 4.44582E-01
981, 2.97968E-01, 5.69295E-01, 5.57259E-01, 4.44613E-01
982, 2.98104E-01, 5.69257E-01, 5.57298E-01, 4.44643E-01
983, 2.98240E-01, 5.69219E-01, 5.57337E-01, 4.44672E-01
984, 2.98376E-01, 5.69180E-01, 5.57378E-01, 4.44700E-01
985, 2.98513E-01, 5.69140E-01, 5.57418E-01, 4.44728E-01
986, 2.98650E-01, 5.69099E-01, 5.57459E-01, 4.44754E-01
987, 2.98788E-01, 5.69058E-01, 5.57501E-01, 4.44780E-01
988, 2.98926E-01, 5.69016E-01, 5.57543E-01, 4.44806E-01
989, 2.99065E-01, 5.68972E-01, 5.57585E-01, 4.44830E-01
990, 2.99204E-01, 5.68928E-01, 5.57628E-01, 4.44854E-01
991, 2.99344E-01, 5.68883E-01, 5.57672E-01, 4.44877E-01
992, 2.99484E-01, 5.68838E-01, 5.57716E-01, 4.44899E-01
993, 2.99624E-01, 5.68791E-01, 5.57760E-01, 4.44920E-01
994, 2.99765E-01, 5.68744E-01, 5.57805E-01, 4.44941E-01
995, 2.99907E-01, 5.68696E-01, 5.57850E-01, 4.44961E-01
996, 3.00049E-01, 5.68647E-01, 5.57896E-01, 4.44980E-01
997, 3.00191E-01, 5.68597E-01, 5.57942E-01, 4.44999E-01
998, 3.00334E-01, 5.68546E-01, 5.57989E-01, 4.45017E-01
999, 3.00477E-01, 5.68495E-01, 5.58036E-01, 4.45034E-01
1000, 3.00621E-01, 5.68443E-01, 5.58083E-01, 4.45051E-01
