time_step, rms_u, rms_v, rms_w, rms_p
0, 3.56018E-01, 9.07009E-01, 7.11459E-01, 2.31962E-01
1, 3.57689E-01, 9.06759E-01, 7.09402E-01, 2.32933E-01
2, 3.59310E-01, 9.06419E-01, 7.07324E-01, 2.36097E-01
3, 3.60952E-01, 9.06055E-01, 7.05275E-01, 2.38618E-01
4, 3.62616E-01, 9.05667E-01, 7.03258E-01, 2.41445E-01
5, 3.64300E-01, 9.05254E-01, 7.01274E-01, 2.44591E-01
6, 3.66005E-01, 9.04816E-01, 6.99324E-01, 2.48054E-01
7, 3.67728E-01, 9.04351E-01, 6.97410E-01, 2.51829E-01
8, 3.69469E-01, 9.03859E-01, 6.95532E-01, 2.55903E-01
9, 3.71227E-01, 9.03339E-01, 6.93691E-01, 2.60258E-01
10, 3.72999E-01, 9.02790E-01, 6.91888E-01, 2.64874E-01
11, 3.74784E-01, 9.02211E-01, 6.90124E-01, 2.69723E-01
12, 3.76582E-01, 9.01603E-01, 6.88399E-01, 2.74779E-01
13, 3.78390E-01, 9.00964E-01, 6.86715E-01, 2.80011E-01
14, 3.80208E-01, 9.00293E-01, 6.85072E-01, 2.85387E-01
15, 3.82034E-01, 8.99590E-01, 6.83470E-01, 2.90874E-01
16, 3.83866E-01, 8.98854E-01, 6.81910E-01, 2.96442E-01
17, 3.85703E-01, 8.98086E-01, 6.80391E-01, 3.02060E-01
18, 3.87544E-01, 8.97284E-01, 6.78915E-01, 3.07701E-01
19, 3.89386E-01, 8.96447E-01, 6.77482E-01, 3.13337E-01
20, 3.91230E-01, 8.95576E-01, 6.76091E-01, 3.18947E-01
21, 3.93074E-01, 8.94671E-01, 6.74744E-01, 3.24509E-01
22, 3.94915E-01, 8.93730E-01, 6.73440E-01, 3.30007E-01
23, 3.96753E-01, 8.92755E-01, 6.72179E-01, 3.35426E-01
24, 3.98587E-01, 8.91743E-01, 6.70963E-01, 3.40755E-01
25, 4.00415E-01, 8.90697E-01, 6.69790E-01, 3.45985E-01
26, 4.02236E-01, 8.89614E-01, 6.68661E-01, 3.51110E-01
27, 4.04048E-01, 8.88496E-01, 6.67576E-01, 3.56127E-01
28, 4.05851E-01, 8.87342E-01, 6.66536E-01, 3.61032E-01
29, 4.07642E-01, 8.86153E-01, 6.65541E-01, 3.65826E-01
30, 4.09422E-01, 8.84928E-01, 6.64590E-01, 3.70510E-01
31, 4.11189E-01, 8.83668E-01, 6.63685E-01, 3.75086E-01
32, 4.12941E-01, 8.82373E-01, 6.62825E-01, 3.79555E-01
33, 4.14678E-01, 8.81042E-01, 6.62011E-01, 3.83923E-01
34, 4.16398E-01, 8.79677E-01, 6.61242E-01, 3.88190E-01
35, 4.18101E-01, 8.78277E-01, 6.60519E-01, 3.92361E-01
36, 4.19785E-01, 8.76842E-01, 6.59842E-01, 3.96439E-01
37, 4.21450E-01, 8.75373E-01, 6.59211E-01, 4.00424E-01
38, 4.23095E-01, 8.73871E-01, 6.58626E-01, 4.04320E-01
39, 4.24718E-01, 8.72335E-01, 6.58087E-01, 4.08126E-01
40, 4.26319E-01, 8.70766E-01, 6.57594E-01, 4.11841E-01
41, 4.27897E-01, 8.69164E-01, 6.57146E-01, 4.15466E-01
42, 4.29451E-01, 8.67529E-01, 6.56743E-01, 4.18996E-01
43, 4.30981E-01, 8.65862E-01, 6.56385E-01, 4.22429E-01
44, 4.32485E-01, 8.64164E-01, 6.56072E-01, 4.25760E-01
45, 4.33962E-01, 8.62434E-01, 6.55801E-01, 4.28984E-01
46, 4.35412E-01, 8.60673E-01, 6.55574E-01, 4.32095E-01
47, 4.36834E-01, 8.58882E-01, 6.55388E-01, 4.35087E-01
48, 4.38228E-01, 8.57062E-01, 6.55242E-01, 4.37952E-01
49, 4.39592E-01, 8.55212E-01, 6.55137E-01, 4.40683E-01
50, 4.40926E-01, 8.53334E-01, 6.55069E-01, 4.43274E-01
51, 4.42229E-01, 8.51428E-01, 6.55037E-01, 4.45718E-01
52, 4.43500E-01, 8.49495E-01, 6.55041E-01, 4.48008E-01
53, 4.44740E-01, 8.47535E-01, 6.55078E-01, 4.50141E-01
54, 4.45947E-01, 8.45549E-01, 6.55147E-01, 4.52111E-01
55, 4.47122E-01, 8.43539E-01, 6.55245E-01, 4.53915E-01
56, 4.48263E-01, 8.41505E-01, 6.55370E-01, 4.55554E-01
57, 4.49371E-01, 8.39448E-01, 6.55521E-01, 4.57026E-01
58, 4.50446E-01, 8.37369E-01, 6.55696E-01, 4.58335E-01
59, 4.51486E-01, 8.35268E-01, 6.55892E-01, 4.59484E-01
60, 4.52494E-01, 8.33148E-01, 6.56107E-01, 4.60478E-01
61, 4.53468E-01, 8.31008E-01, 6.56340E-01, 4.61325E-01
62, 4.54408E-01, 8.28849E-01, 6.56589E-01, 4.62035E-01
63, 4.55316E-01, 8.26673E-01, 6.56851E-01, 4.62617E-01
64, 4.56190E-01, 8.24481E-01, 6.57125E-01, 4.63082E-01
65, 4.57033E-01, 8.22272E-01, 6.57409E-01, 4.63444E-01
66, 4.57843E-01, 8.20049E-01, 6.57701E-01, 4.63716E-01
67, 4.58621E-01, 8.17811E-01, 6.58001E-01, 4.63911E-01
68, 4.59368E-01, 8.15559E-01, 6.58307E-01, 4.64042E-01
69, 4.60083E-01, 8.13294E-01, 6.58617E-01, 4.64124E-01
70, 4.60768E-01, 8.11017E-01, 6.58931E-01, 4.64168E-01
71, 4.61422E-01, 8.08727E-01, 6.59247E-01, 4.64187E-01
72, 4.62046E-01, 8.06426E-01, 6.59565E-01, 4.64192E-01
73, 4.62640E-01, 8.04113E-01, 6.59885E-01, 4.64193E-01
74, 4.63204E-01, 8.01790E-01, 6.60205E-01, 4.64196E-01
75, 4.63738E-01, 7.99455E-01, 6.60525E-01, 4.64210E-01
76, 4.64244E-01, 7.97111E-01, 6.60846E-01, 4.64240E-01
77, 4.64720E-01, 7.94756E-01, 6.61166E-01, 4.64288E-01
78, 4.65169E-01, 7.92391E-01, 6.61486E-01, 4.64356E-01
79, 4.65590E-01, 7.90017E-01, 6.61806E-01, 4.64446E-01
80, 4.65983E-01, 7.87634E-01, 6.62125E-01, 4.64556E-01
81, 4.66351E-01, 7.85242E-01, 6.62444E-01, 4.64683E-01
82, 4.66694E-01, 7.82842E-01, 6.62763E-01, 4.64825E-01
83, 4.67013E-01, 7.80434E-01, 6.63082E-01, 4.64977E-01
84, 4.67309E-01, 7.78019E-01, 6.63401E-01, 4.65135E-01
85, 4.67584E-01, 7.75597E-01, 6.63720E-01, 4.65293E-01
86, 4.67839E-01, 7.73170E-01, 6.64039E-01, 4.65446E-01
87, 4.68075E-01, 7.70737E-01, 6.64358E-01, 4.65588E-01
88, 4.68295E-01, 7.68300E-01, 6.64678E-01, 4.65714E-01
89, 4.68499E-01, 7.65860E-01, 6.64996E-01, 4.65817E-01
90, 4.68688E-01, 7.63416E-01, 6.65314E-01, 4.65894E-01
91, 4.68866E-01, 7.60971E-01, 6.65631E-01, 4.65940E-01
92, 4.69032E-01, 7.58526E-01, 6.65947E-01, 4.65950E-01
93, 4.69188E-01, 7.56080E-01, 6.66260E-01, 4.65922E-01
94, 4.69335E-01, 7.53636E-01, 6.66570E-01, 4.65852E-01
95, 4.69475E-01, 7.51193E-01, 6.66877E-01, 4.65738E-01
96, 4.69608E-01, 7.48754E-01, 6.67178E-01, 4.65578E-01
97, 4.69735E-01, 7.46319E-01, 6.67474E-01, 4.65373E-01
98, 4.69858E-01, 7.43888E-01, 6.67763E-01, 4.65120E-01
99, 4.69976E-01, 7.41463E-01, 6.68044E-01, 4.64822E-01
100, 4.70091E-01, 7.39044E-01, 6.68316E-01, 4.64477E-01
101, 4.70203E-01, 7.36632E-01, 6.68578E-01, 4.64088E-01
102, 4.70313E-01, 7.34227E-01, 6.68828E-01, 4.63656E-01
103, 4.70421E-01, 7.31831E-01, 6.69067E-01, 4.63183E-01
104, 4.70528E-01, 7.29443E-01, 6.69291E-01, 4.62671E-01
105, 4.70634E-01, 7.27063E-01, 6.69501E-01, 4.62123E-01
106, 4.70739E-01, 7.24692E-01, 6.69696E-01, 4.61542E-01
107, 4.70845E-01, 7.22330E-01, 6.69874E-01, 4.60932E-01
108, 4.70952E-01, 7.19977E-01, 6.70035E-01, 4.60295E-01
109, 4.71059E-01, 7.17633E-01, 6.70177E-01, 4.59635E-01
110, 4.71168E-01, 7.15298E-01, 6.70301E-01, 4.58956E-01
111, 4.71280E-01, 7.12971E-01, 6.70405E-01, 4.58261E-01
112, 4.71393E-01, 7.10653E-01, 6.70489E-01, 4.57555E-01
113, 4.71510E-01, 7.08343E-01, 6.70553E-01, 4.56841E-01
114, 4.71631E-01, 7.06040E-01, 6.70594E-01, 4.56123E-01
115, 4.71755E-01, 7.03746E-01, 6.70614E-01, 4.55404E-01
116, 4.71885E-01, 7.01458E-01, 6.70611E-01, 4.54688E-01
117, 4.72019E-01, 6.99178E-01, 6.70586E-01, 4.53977E-01
118, 4.72159E-01, 6.96904E-01, 6.70537E-01, 4.53275E-01
119, 4.72304E-01, 6.94637E-01, 6.70465E-01, 4.52583E-01
120, 4.72456E-01, 6.92377E-01, 6.70369E-01, 4.51904E-01
121, 4.72615E-01, 6.90122E-01, 6.70250E-01, 4.51240E-01
122, 4.72780E-01, 6.87874E-01, 6.70106E-01, 4.50591E-01
123, 4.72953E-01, 6.85632E-01, 6.69938E-01, 4.49958E-01
124, 4.73133E-01, 6.83396E-01, 6.69746E-01, 4.49341E-01
125, 4.73320E-01, 6.81167E-01, 6.69530E-01, 4.48740E-01
126, 4.73514E-01, 6.78944E-01, 6.69290E-01, 4.48155E-01
127, 4.73715E-01, 6.76727E-01, 6.69026E-01, 4.47583E-01
128, 4.73923E-01, 6.74517E-01, 6.68738E-01, 4.47024E-01
129, 4.74137E-01, 6.72314E-01, 6.68426E-01, 4.46476E-01
130, 4.74358E-01, 6.70119E-01, 6.68091E-01, 4.45936E-01
131, 4.74585E-01, 6.67932E-01, 6.67732E-01, 4.45402E-01
132, 4.74817E-01, 6.65753E-01, 6.67350E-01, 4.44871E-01
133, 4.75054E-01, 6.63582E-01, 6.66944E-01, 4.44340E-01
134, 4.75296E-01, 6.61421E-01, 6.66516E-01, 4.43807E-01
135, 4.75542E-01, 6.59270E-01, 6.66065E-01, 4.43268E-01
136, 4.75792E-01, 6.57129E-01, 6.65591E-01, 4.42720E-01
137, 4.76045E-01, 6.55000E-01, 6.65095E-01, 4.42161E-01
138, 4.76301E-01, 6.52882E-01, 6.64576E-01, 4.41587E-01
139, 4.76558E-01, 6.50777E-01, 6.64035E-01, 4.40996E-01
140, 4.76818E-01, 6.48685E-01, 6.63472E-01, 4.40384E-01
141, 4.77079E-01, 6.46607E-01, 6.62887E-01, 4.39750E-01
142, 4.77342E-01, 6.44544E-01, 6.62280E-01, 4.39091E-01
143, 4.77604E-01, 6.42495E-01, 6.61652E-01, 4.38404E-01
144, 4.77867E-01, 6.40463E-01, 6.61003E-01, 4.37689E-01
145, 4.78129E-01, 6.38447E-01, 6.60333E-01, 4.36942E-01
146, 4.78391E-01, 6.36449E-01, 6.59642E-01, 4.36163E-01
147, 4.78651E-01, 6.34469E-01, 6.58931E-01, 4.35349E-01
148, 4.78910E-01, 6.32507E-01, 6.58199E-01, 4.34501E-01
149, 4.79166E-01, 6.30564E-01, 6.57448E-01, 4.33616E-01
150, 4.79420E-01, 6.28641E-01, 6.56678E-01, 4.32694E-01
151, 4.79671E-01, 6.26737E-01, 6.55890E-01, 4.31735E-01
152, 4.79918E-01, 6.24855E-01, 6.55083E-01, 4.30737E-01
153, 4.80161E-01, 6.22993E-01, 6.54259E-01, 4.29701E-01
154, 4.80400E-01, 6.21152E-01, 6.53419E-01, 4.28626E-01
155, 4.80633E-01, 6.19333E-01, 6.52563E-01, 4.27512E-01
156, 4.80860E-01, 6.17535E-01, 6.51692E-01, 4.26359E-01
157, 4.81081E-01, 6.15758E-01, 6.50808E-01, 4.25167E-01
158, 4.81295E-01, 6.14003E-01, 6.49911E-01, 4.23936E-01
159, 4.81502E-01, 6.12270E-01, 6.49004E-01, 4.22667E-01
160, 4.81700E-01, 6.10558E-01, 6.48086E-01, 4.21360E-01
161, 4.81889E-01, 6.08867E-01, 6.47160E-01, 4.20015E-01
162, 4.82069E-01, 6.07197E-01, 6.46227E-01, 4.18633E-01
163, 4.82239E-01, 6.05547E-01, 6.45289E-01, 4.17214E-01
164, 4.82398E-01, 6.03918E-01, 6.44348E-01, 4.15760E-01
165, 4.82547E-01, 6.02307E-01, 6.43406E-01, 4.14271E-01
166, 4.82685E-01, 6.00716E-01, 6.42464E-01, 4.12747E-01
167, 4.82811E-01, 5.99142E-01, 6.41525E-01, 4.11190E-01
168, 4.82926E-01, 5.97586E-01, 6.40591E-01, 4.09600E-01
169, 4.83029E-01, 5.96046E-01, 6.39664E-01, 4.07978E-01
170, 4.83120E-01, 5.94523E-01, 6.38745E-01, 4.06327E-01
171, 4.83200E-01, 5.93013E-01, 6.37838E-01, 4.04646E-01
172, 4.83268E-01, 5.91518E-01, 6.36945E-01, 4.02937E-01
173, 4.83325E-01, 5.90036E-01, 6.36067E-01, 4.01201E-01
174, 4.83371E-01, 5.88566E-01, 6.35206E-01, 3.99439E-01
175, 4.83406E-01, 5.87106E-01, 6.34365E-01, 3.97654E-01
176, 4.83432E-01, 5.85657E-01, 6.33546E-01, 3.95845E-01
177, 4.83447E-01, 5.84217E-01, 6.32749E-01, 3.94015E-01
178, 4.83454E-01, 5.82784E-01, 6.31976E-01, 3.92166E-01
179, 4.83453E-01, 5.81359E-01, 6.31230E-01, 3.90298E-01
180, 4.83444E-01, 5.79939E-01, 6.30510E-01, 3.88413E-01
181, 4.83427E-01, 5.78525E-01, 6.29817E-01, 3.86514E-01
182, 4.83404E-01, 5.77115E-01, 6.29153E-01, 3.84600E-01
183, 4.83375E-01, 5.75709E-01, 6.28517E-01, 3.82675E-01
184, 4.83340E-01, 5.74305E-01, 6.27911E-01, 3.80739E-01
185, 4.83300E-01, 5.72903E-01, 6.27333E-01, 3.78795E-01
186, 4.83254E-01, 5.71503E-01, 6.26783E-01, 3.76843E-01
187, 4.83204E-01, 5.70103E-01, 6.26262E-01, 3.74886E-01
188, 4.83149E-01, 5.68704E-01, 6.25769E-01, 3.72925E-01
189, 4.83089E-01, 5.67304E-01, 6.25303E-01, 3.70963E-01
190, 4.83025E-01, 5.65903E-01, 6.24862E-01, 3.68999E-01
191, 4.82955E-01, 5.64501E-01, 6.24448E-01, 3.67037E-01
192, 4.82880E-01, 5.63097E-01, 6.24057E-01, 3.65077E-01
193, 4.82800E-01, 5.61692E-01, 6.23690E-01, 3.63122E-01
194, 4.82713E-01, 5.60284E-01, 6.23346E-01, 3.61173E-01
195, 4.82620E-01, 5.58875E-01, 6.23022E-01, 3.59231E-01
196, 4.82520E-01, 5.57462E-01, 6.22719E-01, 3.57299E-01
197, 4.82413E-01, 5.56048E-01, 6.22436E-01, 3.55377E-01
198, 4.82297E-01, 5.54630E-01, 6.22171E-01, 3.53467E-01
199, 4.82173E-01, 5.53209E-01, 6.21923E-01, 3.51570E-01
200, 4.82039E-01, 5.51786E-01, 6.21692E-01, 3.49689E-01
201, 4.81896E-01, 5.50360E-01, 6.21477E-01, 3.47823E-01
202, 4.81742E-01, 5.48930E-01, 6.21277E-01, 3.45975E-01
203, 4.81577E-01, 5.47498E-01, 6.21092E-01, 3.44145E-01
204, 4.81400E-01, 5.46062E-01, 6.20920E-01, 3.42334E-01
205, 4.81211E-01, 5.44624E-01, 6.20761E-01, 3.40544E-01
206, 4.81009E-01, 5.43183E-01, 6.20615E-01, 3.38775E-01
207, 4.80793E-01, 5.41739E-01, 6.20481E-01, 3.37027E-01
208, 4.80563E-01, 5.40292E-01, 6.20359E-01, 3.35302E-01
209, 4.80319E-01, 5.38842E-01, 6.20248E-01, 3.33600E-01
210, 4.80060E-01, 5.37390E-01, 6.20147E-01, 3.31920E-01
211, 4.79785E-01, 5.35936E-01, 6.20057E-01, 3.30264E-01
212, 4.79493E-01, 5.34480E-01, 6.19977E-01, 3.28631E-01
213, 4.79186E-01, 5.33021E-01, 6.19907E-01, 3.27020E-01
214, 4.78861E-01, 5.31561E-01, 6.19847E-01, 3.25433E-01
215, 4.78519E-01, 5.30099E-01, 6.19795E-01, 3.23867E-01
216, 4.78159E-01, 5.28636E-01, 6.19753E-01, 3.22323E-01
217, 4.77781E-01, 5.27173E-01, 6.19719E-01, 3.20801E-01
218, 4.77384E-01, 5.25708E-01, 6.19694E-01, 3.19298E-01
219, 4.76968E-01, 5.24244E-01, 6.19676E-01, 3.17815E-01
220, 4.76533E-01, 5.22780E-01, 6.19667E-01, 3.16350E-01
221, 4.76078E-01, 5.21317E-01, 6.19666E-01, 3.14903E-01
222, 4.75604E-01, 5.19855E-01, 6.19672E-01, 3.13472E-01
223, 4.75109E-01, 5.18395E-01, 6.19686E-01, 3.12056E-01
224, 4.74594E-01, 5.16937E-01, 6.19706E-01, 3.10654E-01
225, 4.74058E-01, 5.15483E-01, 6.19733E-01, 3.09266E-01
226, 4.73502E-01, 5.14032E-01, 6.19767E-01, 3.07889E-01
227, 4.72924E-01, 5.12585E-01, 6.19808E-01, 3.06524E-01
228, 4.72325E-01, 5.11144E-01, 6.19854E-01, 3.05168E-01
229, 4.71705E-01, 5.09708E-01, 6.19906E-01, 3.03822E-01
230, 4.71064E-01, 5.08279E-01, 6.19964E-01, 3.02485E-01
231, 4.70401E-01, 5.06857E-01, 6.20027E-01, 3.01155E-01
232, 4.69717E-01, 5.05443E-01, 6.20095E-01, 2.99832E-01
233, 4.69012E-01, 5.04038E-01, 6.20168E-01, 2.98517E-01
234, 4.68285E-01, 5.02643E-01, 6.20245E-01, 2.97208E-01
235, 4.67538E-01, 5.01258E-01, 6.20327E-01, 2.95906E-01
236, 4.66769E-01, 4.99885E-01, 6.20413E-01, 2.94611E-01
237, 4.65980E-01, 4.98523E-01, 6.20502E-01, 2.93323E-01
238, 4.65170E-01, 4.97175E-01, 6.20595E-01, 2.92042E-01
239, 4.64340E-01, 4.95840E-01, 6.20691E-01, 2.90769E-01
240, 4.63491E-01, 4.94520E-01, 6.20790E-01, 2.89504E-01
241, 4.62623E-01, 4.93215E-01, 6.20891E-01, 2.88248E-01
242, 4.61736E-01, 4.91925E-01, 6.20994E-01, 2.87003E-01
243, 4.60830E-01, 4.90653E-01, 6.21100E-01, 2.85768E-01
244, 4.59908E-01, 4.89398E-01, 6.21207E-01, 2.84545E-01
245, 4.58968E-01, 4.88160E-01, 6.21315E-01, 2.83334E-01
246, 4.58012E-01, 4.86941E-01, 6.21425E-01, 2.82137E-01
247, 4.57041E-01, 4.85741E-01, 6.21535E-01, 2.80955E-01
248, 4.56056E-01, 4.84561E-01, 6.21645E-01, 2.79788E-01
249, 4.55056E-01, 4.83400E-01, 6.21756E-01, 2.78638E-01
250, 4.54044E-01, 4.82259E-01, 6.21867E-01, 2.77505E-01
251, 4.53019E-01, 4.81139E-01, 6.21977E-01, 2.76391E-01
252, 4.51984E-01, 4.80040E-01, 6.22086E-01, 2.75295E-01
253, 4.50938E-01, 4.78962E-01, 6.22195E-01, 2.74218E-01
254, 4.49882E-01, 4.77904E-01, 6.22302E-01, 2.73161E-01
255, 4.48818E-01, 4.76869E-01, 6.22408E-01, 2.72125E-01
256, 4.47746E-01, 4.75854E-01, 6.22513E-01, 2.71109E-01
257, 4.46668E-01, 4.74861E-01, 6.22615E-01, 2.70113E-01
258, 4.45583E-01, 4.73890E-01, 6.22716E-01, 2.69139E-01
259, 4.44492E-01, 4.72940E-01, 6.22814E-01, 2.68184E-01
260, 4.43398E-01, 4.72011E-01, 6.22910E-01, 2.67250E-01
261, 4.42299E-01, 4.71104E-01, 6.23004E-01, 2.66335E-01
262, 4.41197E-01, 4.70218E-01, 6.23095E-01, 2.65440E-01
263, 4.40093E-01, 4.69353E-01, 6.23183E-01, 2.64563E-01
264, 4.38986E-01, 4.68509E-01, 6.23268E-01, 2.63705E-01
265, 4.37879E-01, 4.67687E-01, 6.23350E-01, 2.62864E-01
266, 4.36770E-01, 4.66885E-01, 6.23429E-01, 2.62040E-01
267, 4.35661E-01, 4.66104E-01, 6.23504E-01, 2.61232E-01
268, 4.34552E-01, 4.65344E-01, 6.23576E-01, 2.60439E-01
269, 4.33443E-01, 4.64605E-01, 6.23645E-01, 2.59660E-01
270, 4.32334E-01, 4.63886E-01, 6.23710E-01, 2.58894E-01
271, 4.31226E-01, 4.63188E-01, 6.23771E-01, 2.58141E-01
272, 4.30119E-01, 4.62510E-01, 6.23828E-01, 2.57400E-01
273, 4.29013E-01, 4.61853E-01, 6.23881E-01, 2.56670E-01
274, 4.27908E-01, 4.61216E-01, 6.23930E-01, 2.55949E-01
275, 4.26804E-01, 4.60600E-01, 6.23975E-01, 2.55238E-01
276, 4.25701E-01, 4.60005E-01, 6.24016E-01, 2.54535E-01
277, 4.24599E-01, 4.59430E-01, 6.24052E-01, 2.53841E-01
278, 4.23498E-01, 4.58877E-01, 6.24084E-01, 2.53153E-01
279, 4.22398E-01, 4.58344E-01, 6.24111E-01, 2.52472E-01
280, 4.21298E-01, 4.57832E-01, 6.24133E-01, 2.51797E-01
281, 4.20198E-01, 4.57341E-01, 6.24150E-01, 2.51127E-01
282, 4.19098E-01, 4.56872E-01, 6.24163E-01, 2.50463E-01
283, 4.17998E-01, 4.56424E-01, 6.24170E-01, 2.49803E-01
284, 4.16898E-01, 4.55998E-01, 6.24173E-01, 2.49148E-01
285, 4.15797E-01, 4.55593E-01, 6.24170E-01, 2.48497E-01
286, 4.14695E-01, 4.55210E-01, 6.24163E-01, 2.47849E-01
287, 4.13592E-01, 4.54849E-01, 6.24150E-01, 2.47206E-01
288, 4.12488E-01, 4.54511E-01, 6.24133E-01, 2.46566E-01
289, 4.11382E-01, 4.54194E-01, 6.24111E-01, 2.45929E-01
290, 4.10275E-01, 4.53899E-01, 6.24084E-01, 2.45296E-01
291, 4.09165E-01, 4.53627E-01, 6.24052E-01, 2.44665E-01
292, 4.08054E-01, 4.53377E-01, 6.24016E-01, 2.44038E-01
293, 4.06941E-01, 4.53149E-01, 6.23975E-01, 2.43414E-01
294, 4.05825E-01, 4.52944E-01, 6.23929E-01, 2.42793E-01
295, 4.04708E-01, 4.52760E-01, 6.23879E-01, 2.42174E-01
296, 4.03588E-01, 4.52599E-01, 6.23825E-01, 2.41558E-01
297, 4.02465E-01, 4.52460E-01, 6.23767E-01, 2.40945E-01
298, 4.01341E-01, 4.52342E-01, 6.23705E-01, 2.40334E-01
299, 4.00214E-01, 4.52246E-01, 6.23640E-01, 2.39726E-01
300, 3.99085E-01, 4.52172E-01, 6.23570E-01, 2.39120E-01
301, 3.97954E-01, 4.52118E-01, 6.23497E-01, 2.38516E-01
302, 3.96821E-01, 4.52086E-01, 6.23420E-01, 2.37913E-01
303, 3.95685E-01, 4.52075E-01, 6.23339E-01, 2.37312E-01
304, 3.94548E-01, 4.52084E-01, 6.23256E-01, 2.36712E-01
305, 3.93409E-01, 4.52114E-01, 6.23168E-01, 2.36113E-01
306, 3.92268E-01, 4.52163E-01, 6.23078E-01, 2.35515E-01
307, 3.91125E-01, 4.52232E-01, 6.22984E-01, 2.34917E-01
308, 3.89981E-01, 4.52321E-01, 6.22887E-01, 2.34319E-01
309, 3.88835E-01, 4.52429E-01, 6.22787E-01, 2.33722E-01
310, 3.87688E-01, 4.52556E-01, 6.22684E-01, 2.33123E-01
311, 3.86540E-01, 4.52702E-01, 6.22577E-01, 2.32524E-01
312, 3.85390E-01, 4.52866E-01, 6.22468E-01, 2.31924E-01
313, 3.84239E-01, 4.53049E-01, 6.22355E-01, 2.31323E-01
314, 3.83087E-01, 4.53249E-01, 6.22240E-01, 2.30720E-01
315, 3.81935E-01, 4.53467E-01, 6.22121E-01, 2.30117E-01
316, 3.80781E-01, 4.53703E-01, 6.21999E-01, 2.29512E-01
317, 3.79627E-01, 4.53956E-01, 6.21874E-01, 2.28905E-01
318, 3.78472E-01, 4.54226E-01, 6.21745E-01, 2.28298E-01
319, 3.77317E-01, 4.54513E-01, 6.21614E-01, 2.27689E-01
320, 3.76161E-01, 4.54816E-01, 6.21479E-01, 2.27079E-01
321, 3.75006E-01, 4.55137E-01, 6.21341E-01, 2.26468E-01
322, 3.73850E-01, 4.55474E-01, 6.21199E-01, 2.25857E-01
323, 3.72694E-01, 4.55827E-01, 6.21054E-01, 2.25246E-01
324, 3.71538E-01, 4.56197E-01, 6.20905E-01, 2.24636E-01
325, 3.70382E-01, 4.56583E-01, 6.20753E-01, 2.24026E-01
326, 3.69226E-01, 4.56985E-01, 6.20596E-01, 2.23418E-01
327, 3.68072E-01, 4.57403E-01, 6.20436E-01, 2.22812E-01
328, 3.66917E-01, 4.57837E-01, 6.20272E-01, 2.22208E-01
329, 3.65763E-01, 4.58288E-01, 6.20103E-01, 2.21608E-01
330, 3.64611E-01, 4.58754E-01, 6.19930E-01, 2.21012E-01
331, 3.63459E-01, 4.59237E-01, 6.19752E-01, 2.20421E-01
332, 3.62308E-01, 4.59735E-01, 6.19570E-01, 2.19835E-01
333, 3.61158E-01, 4.60250E-01, 6.19383E-01, 2.19256E-01
334, 3.60009E-01, 4.60780E-01, 6.19190E-01, 2.18683E-01
335, 3.58862E-01, 4.61326E-01, 6.18993E-01, 2.18119E-01
336, 3.57717E-01, 4.61888E-01, 6.18789E-01, 2.17563E-01
337, 3.56573E-01, 4.62466E-01, 6.18580E-01, 2.17016E-01
338, 3.55431E-01, 4.63059E-01, 6.18366E-01, 2.16479E-01
339, 3.54291E-01, 4.63669E-01, 6.18145E-01, 2.15953E-01
340, 3.53152E-01, 4.64293E-01, 6.17917E-01, 2.15439E-01
341, 3.52016E-01, 4.64934E-01, 6.17683E-01, 2.14936E-01
342, 3.50882E-01, 4.65589E-01, 6.17443E-01, 2.14447E-01
343, 3.49751E-01, 4.66260E-01, 6.17196E-01, 2.13970E-01
344, 3.48622E-01, 4.66946E-01, 6.16941E-01, 2.13507E-01
345, 3.47495E-01, 4.67647E-01, 6.16679E-01, 2.13059E-01
346, 3.46372E-01, 4.68363E-01, 6.16410E-01, 2.12625E-01
347, 3.45251E-01, 4.69094E-01, 6.16134E-01, 2.12207E-01
348, 3.44133E-01, 4.69839E-01, 6.15849E-01, 2.11804E-01
349, 3.43019E-01, 4.70598E-01, 6.15557E-01, 2.11417E-01
350, 3.41907E-01, 4.71372E-01, 6.15257E-01, 2.11047E-01
351, 3.40800E-01, 4.72159E-01, 6.14948E-01, 2.10694E-01
352, 3.39696E-01, 4.72960E-01, 6.14631E-01, 2.10358E-01
353, 3.38597E-01, 4.73775E-01, 6.14305E-01, 2.10039E-01
354, 3.37501E-01, 4.74603E-01, 6.13971E-01, 2.09739E-01
355, 3.36410E-01, 4.75444E-01, 6.13628E-01, 2.09456E-01
356, 3.35323E-01, 4.76297E-01, 6.13276E-01, 2.09192E-01
357, 3.34242E-01, 4.77163E-01, 6.12915E-01, 2.08947E-01
358, 3.33165E-01, 4.78041E-01, 6.12544E-01, 2.08721E-01
359, 3.32094E-01, 4.78930E-01, 6.12164E-01, 2.08515E-01
360, 3.31028E-01, 4.79832E-01, 6.11775E-01, 2.08328E-01
361, 3.29969E-01, 4.80744E-01, 6.11376E-01, 2.08162E-01
362, 3.28916E-01, 4.81667E-01, 6.10968E-01, 2.08016E-01
363, 3.27869E-01, 4.82601E-01, 6.10549E-01, 2.07890E-01
364, 3.26829E-01, 4.83545E-01, 6.10121E-01, 2.07786E-01
365, 3.25796E-01, 4.84499E-01, 6.09683E-01, 2.07703E-01
366, 3.24770E-01, 4.85462E-01, 6.09235E-01, 2.07642E-01
367, 3.23753E-01, 4.86435E-01, 6.08777E-01, 2.07602E-01
368, 3.22743E-01, 4.87416E-01, 6.08309E-01, 2.07583E-01
369, 3.21742E-01, 4.88406E-01, 6.07831E-01, 2.07587E-01
370, 3.20749E-01, 4.89403E-01, 6.07344E-01, 2.07612E-01
371, 3.19766E-01, 4.90408E-01, 6.06846E-01, 2.07659E-01
372, 3.18792E-01, 4.91421E-01, 6.06338E-01, 2.07727E-01
373, 3.17827E-01, 4.92440E-01, 6.05821E-01, 2.07816E-01
374, 3.16873E-01, 4.93466E-01, 6.05294E-01, 2.07926E-01
375, 3.15929E-01, 4.94497E-01, 6.04757E-01, 2.08056E-01
376, 3.14995E-01, 4.95534E-01, 6.04211E-01, 2.08206E-01
377, 3.14072E-01, 4.96577E-01, 6.03655E-01, 2.08375E-01
378, 3.13160E-01, 4.97624E-01, 6.03091E-01, 2.08563E-01
379, 3.12260E-01, 4.98675E-01, 6.02517E-01, 2.08768E-01
380, 3.11371E-01, 4.99731E-01, 6.01934E-01, 2.08989E-01
381, 3.10495E-01, 5.00790E-01, 6.01344E-01, 2.09227E-01
382, 3.09630E-01, 5.01852E-01, 6.00744E-01, 2.09479E-01
383, 3.08777E-01, 5.02917E-01, 6.00137E-01, 2.09746E-01
384, 3.07937E-01, 5.03984E-01, 5.99522E-01, 2.10025E-01
385, 3.07110E-01, 5.05053E-01, 5.98900E-01, 2.10316E-01
386, 3.06295E-01, 5.06123E-01, 5.98270E-01, 2.10619E-01
387, 3.05494E-01, 5.07194E-01, 5.97634E-01, 2.10931E-01
388, 3.04705E-01, 5.08266E-01, 5.96991E-01, 2.11252E-01
389, 3.03930E-01, 5.09338E-01, 5.96342E-01, 2.11582E-01
390, 3.03168E-01, 5.10410E-01, 5.95687E-01, 2.11919E-01
391, 3.02419E-01, 5.11481E-01, 5.95027E-01, 2.12263E-01
392, 3.01684E-01, 5.12550E-01, 5.94362E-01, 2.12612E-01
393, 3.00962E-01, 5.13619E-01, 5.93692E-01, 2.12967E-01
394, 3.00254E-01, 5.14685E-01, 5.93019E-01, 2.13325E-01
395, 2.99560E-01, 5.15749E-01, 5.92341E-01, 2.13688E-01
396, 2.98879E-01, 5.16810E-01, 5.91660E-01, 2.14053E-01
397, 2.98212E-01, 5.17869E-01, 5.90976E-01, 2.14422E-01
398, 2.97559E-01, 5.18923E-01, 5.90290E-01, 2.14792E-01
399, 2.96920E-01, 5.19974E-01, 5.89601E-01, 2.15164E-01
400, 2.96294E-01, 5.21020E-01, 5.88911E-01, 2.15537E-01
401, 2.95683E-01, 5.22061E-01, 5.88219E-01, 2.15910E-01
402, 2.95085E-01, 5.23098E-01, 5.87527E-01, 2.16285E-01
403, 2.94501E-01, 5.24129E-01, 5.86834E-01, 2.16659E-01
404, 2.93931E-01, 5.25154E-01, 5.86141E-01, 2.17033E-01
405, 2.93375E-01, 5.26172E-01, 5.85448E-01, 2.17407E-01
406, 2.92833E-01, 5.27185E-01, 5.84757E-01, 2.17780E-01
407, 2.92305E-01, 5.28190E-01, 5.84066E-01, 2.18153E-01
408, 2.91791E-01, 5.29188E-01, 5.83378E-01, 2.18524E-01
409, 2.91290E-01, 5.30178E-01, 5.82691E-01, 2.18894E-01
410, 2.90804E-01, 5.31161E-01, 5.82007E-01, 2.19263E-01
411, 2.90331E-01, 5.32135E-01, 5.81325E-01, 2.19630E-01
412, 2.89872E-01, 5.33101E-01, 5.80647E-01, 2.19996E-01
413, 2.89427E-01, 5.34058E-01, 5.79973E-01, 2.20360E-01
414, 2.88996E-01, 5.35006E-01, 5.79303E-01, 2.20722E-01
415, 2.88579E-01, 5.35945E-01, 5.78637E-01, 2.21082E-01
416, 2.88175E-01, 5.36873E-01, 5.77976E-01, 2.21441E-01
417, 2.87785E-01, 5.37792E-01, 5.77320E-01, 2.21797E-01
418, 2.87409E-01, 5.38701E-01, 5.76670E-01, 2.22152E-01
419, 2.87046E-01, 5.39600E-01, 5.76026E-01, 2.22504E-01
420, 2.86698E-01, 5.40487E-01, 5.75388E-01, 2.22855E-01
421, 2.86363E-01, 5.41364E-01, 5.74756E-01, 2.23204E-01
422, 2.86042E-01, 5.42230E-01, 5.74131E-01, 2.23551E-01
423, 2.85734E-01, 5.43085E-01, 5.73514E-01, 2.23895E-01
424, 2.85441E-01, 5.43928E-01, 5.72904E-01, 2.24238E-01
425, 2.85161E-01, 5.44759E-01, 5.72301E-01, 2.24580E-01
426, 2.84896E-01, 5.45579E-01, 5.71707E-01, 2.24919E-01
427, 2.84644E-01, 5.46387E-01, 5.71121E-01, 2.25256E-01
428, 2.84406E-01, 5.47182E-01, 5.70543E-01, 2.25592E-01
429, 2.84182E-01, 5.47966E-01, 5.69974E-01, 2.25926E-01
430, 2.83972E-01, 5.48737E-01, 5.69415E-01, 2.26259E-01
431, 2.83777E-01, 5.49495E-01, 5.68864E-01, 2.26590E-01
432, 2.83596E-01, 5.50241E-01, 5.68323E-01, 2.26919E-01
433, 2.83429E-01, 5.50974E-01, 5.67792E-01, 2.27247E-01
434, 2.83276E-01, 5.51695E-01, 5.67270E-01, 2.27573E-01
435, 2.83138E-01, 5.52402E-01, 5.66759E-01, 2.27897E-01
436, 2.83014E-01, 5.53096E-01, 5.66258E-01, 2.28220E-01
437, 2.82905E-01, 5.53778E-01, 5.65768E-01, 2.28541E-01
438, 2.82810E-01, 5.54446E-01, 5.65288E-01, 2.28861E-01
439, 2.82730E-01, 5.55101E-01, 5.64819E-01, 2.29179E-01
440, 2.82665E-01, 5.55742E-01, 5.64362E-01, 2.29495E-01
441, 2.82613E-01, 5.56370E-01, 5.63915E-01, 2.29809E-01
442, 2.82577E-01, 5.56985E-01, 5.63480E-01, 2.30121E-01
443, 2.82555E-01, 5.57586E-01, 5.63056E-01, 2.30431E-01
444, 2.82547E-01, 5.58173E-01, 5.62644E-01, 2.30739E-01
445, 2.82553E-01, 5.58747E-01, 5.62243E-01, 2.31045E-01
446, 2.82574E-01, 5.59307E-01, 5.61855E-01, 2.31348E-01
447, 2.82610E-01, 5.59853E-01, 5.61478E-01, 2.31649E-01
448, 2.82659E-01, 5.60385E-01, 5.61114E-01, 2.31948E-01
449, 2.82723E-01, 5.60903E-01, 5.60761E-01, 2.32243E-01
450, 2.82800E-01, 5.61407E-01, 5.60421E-01, 2.32536E-01
451, 2.82892E-01, 5.61897E-01, 5.60093E-01, 2.32826E-01
452, 2.82997E-01, 5.62373E-01, 5.59777E-01, 2.33112E-01
453, 2.83116E-01, 5.62835E-01, 5.59474E-01, 2.33395E-01
454, 2.83249E-01, 5.63282E-01, 5.59183E-01, 2.33675E-01
455, 2.83395E-01, 5.63715E-01, 5.58905E-01, 2.33951E-01
456, 2.83554E-01, 5.64134E-01, 5.58639E-01, 2.34224E-01
457, 2.83726E-01, 5.64538E-01, 5.58385E-01, 2.34492E-01
458, 2.83911E-01, 5.64927E-01, 5.58143E-01, 2.34757E-01
459, 2.84109E-01, 5.65302E-01, 5.57914E-01, 2.35017E-01
460, 2.84319E-01, 5.65662E-01, 5.57697E-01, 2.35273E-01
461, 2.84542E-01, 5.66008E-01, 5.57493E-01, 2.35525E-01
462, 2.84776E-01, 5.66338E-01, 5.57300E-01, 2.35772E-01
463, 2.85023E-01, 5.66654E-01, 5.57120E-01, 2.36014E-01
464, 2.85281E-01, 5.66955E-01, 5.56952E-01, 2.36252E-01
465, 2.85550E-01, 5.67242E-01, 5.56796E-01, 2.36484E-01
466, 2.85831E-01, 5.67513E-01, 5.56651E-01, 2.36712E-01
467, 2.86123E-01, 5.67769E-01, 5.56518E-01, 2.36934E-01
468, 2.86425E-01, 5.68011E-01, 5.56398E-01, 2.37151E-01
469, 2.86738E-01, 5.68238E-01, 5.56288E-01, 2.37363E-01
470, 2.87061E-01, 5.68450E-01, 5.56190E-01, 2.37569E-01
471, 2.87394E-01, 5.68647E-01, 5.56104E-01, 2.37770E-01
472, 2.87737E-01, 5.68829E-01, 5.56029E-01, 2.37965E-01
473, 2.88089E-01, 5.68996E-01, 5.55965E-01, 2.38154E-01
474, 2.88451E-01, 5.69149E-01, 5.55912E-01, 2.38338E-01
475, 2.88822E-01, 5.69287E-01, 5.55870E-01, 2.38515E-01
476, 2.89202E-01, 5.69410E-01, 5.55839E-01, 2.38687E-01
477, 2.89591E-01, 5.69519E-01, 5.55819E-01, 2.38854E-01
478, 2.89989E-01, 5.69613E-01, 5.55809E-01, 2.39014E-01
479, 2.90395E-01, 5.69692E-01, 5.55810E-01, 2.39168E-01
480, 2.90810E-01, 5.69757E-01, 5.55821E-01, 2.39317E-01
481, 2.91233E-01, 5.69807E-01, 5.55843E-01, 2.39460E-01
482, 2.91665E-01, 5.69843E-01, 5.55874E-01, 2.39597E-01
483, 2.92105E-01, 5.69865E-01, 5.55915E-01, 2.39728E-01
484, 2.92553E-01, 5.69872E-01, 5.55967E-01, 2.39854E-01
485, 2.93010E-01, 5.69866E-01, 5.56028E-01, 2.39974E-01
486, 2.93474E-01, 5.69845E-01, 5.56098E-01, 2.40088E-01
487, 2.93947E-01, 5.69810E-01, 5.56178E-01, 2.40197E-01
488, 2.94428E-01, 5.69760E-01, 5.56267E-01, 2.40301E-01
489, 2.94917E-01, 5.69697E-01, 5.56365E-01, 2.40399E-01
490, 2.95415E-01, 5.69620E-01, 5.56472E-01, 2.40492E-01
491, 2.95920E-01, 5.69529E-01, 5.56588E-01, 2.40580E-01
492, 2.96433E-01, 5.69425E-01, 5.56713E-01, 2.40664E-01
493, 2.96954E-01, 5.69306E-01, 5.56846E-01, 2.40742E-01
494, 2.97483E-01, 5.69174E-01, 5.56987E-01, 2.40816E-01
495, 2.98020E-01, 5.69028E-01, 5.57136E-01, 2.40886E-01
496, 2.98565E-01, 5.68869E-01, 5.57294E-01, 2.40951E-01
497, 2.99117E-01, 5.68696E-01, 5.57459E-01, 2.41012E-01
498, 2.99677E-01, 5.68510E-01, 5.57631E-01, 2.41069E-01
499, 3.00244E-01, 5.68311E-01, 5.57811E-01, 2.41123E-01
500, 3.00819E-01, 5.68098E-01, 5.57998E-01, 2.41172E-01
