time_step, rel_err_u, rel_err_v, rel_err_w, rel_err_p, rel_err_u_m, rel_err_v_m, rel_err_w_m, rel_err_p_m
0, 0.00000E+00, 0.00000E+00, 0.00000E+00, 0.00000E+00, 0.00000E+00, 0.00000E+00, 0.00000E+00,    Infinity
1, 8.73306E-04, 6.41051E-04, 3.84894E-04, 2.71714E-02, 5.09148E-05, 4.31289E-05, 3.50916E-05, 4.98961E+03
2, 1.32422E-03, 7.52830E-04, 7.63300E-04, 3.41679E-02, 4.63502E-05, 3.72264E-05, 3.06840E-05, 5.03336E+00
3, 9.43471E-04, 7.52007E-04, 3.49155E-04, 8.48973E-04, 4.22565E-05, 3.43390E-05, 2.73615E-05, 2.96421E+00
4, 9.62626E-04, 6.33621E-04, 3.52760E-04, 6.88157E-04, 3.80849E-05, 2.99976E-05, 2.39798E-05, 2.40472E-01
5, 9.82670E-04, 6.34321E-04, 3.53235E-04, 2.90797E-04, 3.77533E-05, 2.97515E-05, 2.38824E-05, 1.74470E-01
6, 1.00714E-03, 6.35757E-04, 3.51252E-04, 2.69385E-04, 3.74870E-05, 2.96177E-05, 2.37056E-05, 4.68567E-02
7, 1.02563E-03, 6.53366E-04, 3.46877E-04, 2.77038E-04, 3.72191E-05, 2.94575E-05, 2.35513E-05, 1.92830E-02
8, 1.04543E-03, 6.70359E-04, 3.40068E-04, 2.76772E-04, 3.69552E-05, 2.93217E-05, 2.33997E-05, 9.08690E-03
9, 1.07899E-03, 6.85668E-04, 3.30868E-04, 2.76439E-04, 3.66871E-05, 2.91796E-05, 2.32550E-05, 4.96642E-03
10, 1.10664E-03, 6.99050E-04, 3.19358E-04, 2.75266E-04, 3.64302E-05, 2.90411E-05, 2.31127E-05, 2.54737E-03
11, 1.13905E-03, 7.10507E-04, 3.18246E-04, 2.78615E-04, 3.61749E-05, 2.89083E-05, 2.29704E-05, 2.45988E-03
12, 1.19040E-03, 7.19964E-04, 3.15595E-04, 2.85302E-04, 3.59390E-05, 2.87794E-05, 2.28314E-05, 2.49286E-03
13, 1.23515E-03, 7.27358E-04, 3.11608E-04, 2.91048E-04, 3.57006E-05, 2.86483E-05, 2.26961E-05, 2.52686E-03
14, 1.27291E-03, 7.32635E-04, 3.29801E-04, 2.95773E-04, 3.54564E-05, 2.85185E-05, 2.25613E-05, 2.53202E-03
15, 1.32789E-03, 7.35755E-04, 3.49726E-04, 2.99418E-04, 3.52143E-05, 2.83930E-05, 2.24241E-05, 2.51395E-03
16, 1.39228E-03, 7.38264E-04, 3.69246E-04, 3.01931E-04, 3.49785E-05, 2.82705E-05, 2.22861E-05, 2.47031E-03
17, 1.45421E-03, 7.39502E-04, 3.88159E-04, 3.03270E-04, 3.47550E-05, 2.81665E-05, 2.21545E-05, 2.47858E-03
18, 1.51324E-03, 7.38596E-04, 4.06255E-04, 3.03411E-04, 3.45491E-05, 2.80620E-05, 2.20328E-05, 2.51048E-03
19, 1.56889E-03, 7.35520E-04, 4.23319E-04, 3.02344E-04, 3.43368E-05, 2.79548E-05, 2.19128E-05, 2.52216E-03
20, 1.62072E-03, 7.31050E-04, 4.39135E-04, 3.00075E-04, 3.41156E-05, 2.78457E-05, 2.17912E-05, 2.54377E-03
21, 1.66831E-03, 7.45809E-04, 4.53490E-04, 2.96623E-04, 3.38968E-05, 2.77321E-05, 2.16764E-05, 2.54370E-03
22, 1.73176E-03, 7.58772E-04, 4.66172E-04, 2.92024E-04, 3.36726E-05, 2.76177E-05, 2.15659E-05, 2.51665E-03
23, 1.81054E-03, 7.69858E-04, 4.76980E-04, 2.93946E-04, 3.34487E-05, 2.75060E-05, 2.14550E-05, 2.46342E-03
24, 1.88573E-03, 7.78994E-04, 4.85724E-04, 2.99962E-04, 3.32385E-05, 2.74028E-05, 2.13465E-05, 2.43659E-03
25, 1.95676E-03, 7.86115E-04, 4.92227E-04, 3.04864E-04, 3.30315E-05, 2.73045E-05, 2.12407E-05, 2.45348E-03
26, 2.02305E-03, 7.91167E-04, 5.00044E-04, 3.08590E-04, 3.28242E-05, 2.72038E-05, 2.11323E-05, 2.51097E-03
27, 2.08398E-03, 7.94105E-04, 5.28967E-04, 3.11092E-04, 3.26175E-05, 2.71010E-05, 2.10230E-05, 2.54764E-03
28, 2.13900E-03, 7.94894E-04, 5.56872E-04, 3.12334E-04, 3.24066E-05, 2.69982E-05, 2.09166E-05, 2.56424E-03
29, 2.18760E-03, 7.93516E-04, 5.83476E-04, 3.12295E-04, 3.22024E-05, 2.68951E-05, 2.08128E-05, 2.56184E-03
30, 2.22928E-03, 7.93468E-04, 6.08494E-04, 3.10969E-04, 3.20065E-05, 2.68030E-05, 2.07180E-05, 2.54182E-03
31, 2.26358E-03, 7.92425E-04, 6.31644E-04, 3.08364E-04, 3.18120E-05, 2.67114E-05, 2.06250E-05, 2.54027E-03
32, 2.29011E-03, 7.89220E-04, 6.52654E-04, 3.04503E-04, 3.16252E-05, 2.66234E-05, 2.05321E-05, 2.59317E-03
33, 2.30850E-03, 7.83844E-04, 6.71261E-04, 2.99423E-04, 3.14438E-05, 2.65378E-05, 2.04402E-05, 2.62422E-03
34, 2.34270E-03, 7.76304E-04, 6.87217E-04, 2.93176E-04, 3.12648E-05, 2.64543E-05, 2.03504E-05, 2.63464E-03
35, 2.39967E-03, 7.66620E-04, 7.00295E-04, 2.85823E-04, 3.10781E-05, 2.63737E-05, 2.02593E-05, 2.62599E-03
36, 2.44896E-03, 7.56057E-04, 7.10289E-04, 2.77440E-04, 3.08975E-05, 2.62921E-05, 2.01650E-05, 2.60006E-03
37, 2.49000E-03, 7.50793E-04, 7.17019E-04, 2.74930E-04, 3.07179E-05, 2.62113E-05, 2.00692E-05, 2.55888E-03
38, 2.52229E-03, 7.53845E-04, 7.20335E-04, 2.73246E-04, 3.05275E-05, 2.61340E-05, 1.99773E-05, 2.53905E-03
39, 2.54535E-03, 7.57446E-04, 7.20119E-04, 2.70439E-04, 3.03431E-05, 2.60579E-05, 1.98906E-05, 2.55524E-03
40, 2.55880E-03, 7.59198E-04, 7.16284E-04, 2.66542E-04, 3.01587E-05, 2.59836E-05, 1.98088E-05, 2.58685E-03
41, 2.56229E-03, 7.59087E-04, 7.27162E-04, 2.66089E-04, 2.99706E-05, 2.59115E-05, 1.97277E-05, 2.69964E-03
42, 2.55556E-03, 7.57111E-04, 7.59362E-04, 2.71098E-04, 2.97863E-05, 2.58430E-05, 1.96474E-05, 2.78856E-03
43, 2.53843E-03, 7.53279E-04, 7.88800E-04, 2.75587E-04, 2.96048E-05, 2.57688E-05, 1.95643E-05, 2.85386E-03
44, 2.51078E-03, 7.47614E-04, 8.15138E-04, 2.79486E-04, 2.94232E-05, 2.56936E-05, 1.94801E-05, 2.89622E-03
45, 2.48003E-03, 7.57128E-04, 8.38059E-04, 2.82728E-04, 2.92390E-05, 2.56219E-05, 1.93933E-05, 2.91673E-03
46, 2.49778E-03, 7.66551E-04, 8.57268E-04, 2.85245E-04, 2.90644E-05, 2.55501E-05, 1.93101E-05, 2.91684E-03
47, 2.50569E-03, 7.74043E-04, 8.72495E-04, 2.86975E-04, 2.88957E-05, 2.54794E-05, 1.92261E-05, 2.89831E-03
48, 2.50342E-03, 7.79537E-04, 8.83500E-04, 2.87859E-04, 2.87197E-05, 2.54041E-05, 1.91454E-05, 2.86312E-03
49, 2.49072E-03, 7.82976E-04, 8.90078E-04, 2.87845E-04, 2.85377E-05, 2.53319E-05, 1.90642E-05, 2.81345E-03
50, 2.46739E-03, 7.84318E-04, 8.92058E-04, 2.86887E-04, 2.83413E-05, 2.52544E-05, 1.89826E-05, 2.75156E-03
51, 2.43334E-03, 7.83514E-04, 8.89311E-04, 2.84947E-04, 2.81325E-05, 2.51893E-05, 1.88995E-05, 2.67975E-03
52, 2.38856E-03, 8.13661E-04, 8.81745E-04, 2.81995E-04, 2.79385E-05, 2.51264E-05, 1.88160E-05, 2.60026E-03
53, 2.33312E-03, 8.53130E-04, 8.69316E-04, 2.82632E-04, 2.77386E-05, 2.50624E-05, 1.87360E-05, 2.51522E-03
54, 2.34993E-03, 8.91820E-04, 8.52018E-04, 2.90659E-04, 2.75386E-05, 2.49994E-05, 1.86600E-05, 2.54973E-03
55, 2.38725E-03, 9.29618E-04, 8.29892E-04, 2.98302E-04, 2.73319E-05, 2.49419E-05, 1.85826E-05, 2.59905E-03
56, 2.43356E-03, 9.66409E-04, 8.72679E-04, 3.05471E-04, 2.71189E-05, 2.48823E-05, 1.85008E-05, 2.63054E-03
57, 2.52477E-03, 1.00209E-03, 9.16088E-04, 3.12071E-04, 2.69259E-05, 2.48196E-05, 1.84173E-05, 2.64426E-03
58, 2.60396E-03, 1.03655E-03, 9.57029E-04, 3.18016E-04, 2.67250E-05, 2.47500E-05, 1.83302E-05, 2.64048E-03
59, 2.67070E-03, 1.06969E-03, 9.95207E-04, 3.23217E-04, 2.65196E-05, 2.46755E-05, 1.82376E-05, 2.61970E-03
60, 2.72467E-03, 1.10142E-03, 1.03034E-03, 3.27597E-04, 2.63144E-05, 2.45996E-05, 1.81419E-05, 2.58261E-03
61, 2.76569E-03, 1.13166E-03, 1.06218E-03, 3.31081E-04, 2.61073E-05, 2.45265E-05, 1.80436E-05, 2.56232E-03
62, 2.79366E-03, 1.16033E-03, 1.09048E-03, 3.33607E-04, 2.59139E-05, 2.44498E-05, 1.79546E-05, 2.71446E-03
63, 2.80864E-03, 1.18734E-03, 1.11502E-03, 3.35121E-04, 2.57198E-05, 2.43708E-05, 1.78682E-05, 2.84935E-03
64, 2.81078E-03, 1.21265E-03, 1.13563E-03, 3.35580E-04, 2.55282E-05, 2.42860E-05, 1.77811E-05, 2.96574E-03
65, 2.80033E-03, 1.23619E-03, 1.15219E-03, 3.34954E-04, 2.53321E-05, 2.42003E-05, 1.76926E-05, 3.06266E-03
66, 2.77765E-03, 1.26155E-03, 1.16456E-03, 3.33224E-04, 2.51326E-05, 2.41200E-05, 1.76020E-05, 3.13940E-03
67, 2.77111E-03, 1.28747E-03, 1.17260E-03, 3.30385E-04, 2.49540E-05, 2.40438E-05, 1.75127E-05, 3.19552E-03
68, 2.78924E-03, 1.31137E-03, 1.17623E-03, 3.26444E-04, 2.47704E-05, 2.39747E-05, 1.74240E-05, 3.23087E-03
69, 2.79379E-03, 1.33318E-03, 1.17544E-03, 3.21419E-04, 2.45832E-05, 2.39035E-05, 1.73341E-05, 3.24556E-03
70, 2.78486E-03, 1.35286E-03, 1.17021E-03, 3.15340E-04, 2.43962E-05, 2.38303E-05, 1.72399E-05, 3.23994E-03
71, 2.76264E-03, 1.37039E-03, 1.16058E-03, 3.08249E-04, 2.42104E-05, 2.37566E-05, 1.71477E-05, 3.21461E-03
72, 2.72744E-03, 1.38574E-03, 1.14662E-03, 3.00198E-04, 2.40360E-05, 2.36843E-05, 1.70682E-05, 3.17039E-03
73, 2.75484E-03, 1.39888E-03, 1.12843E-03, 2.91245E-04, 2.38740E-05, 2.36086E-05, 1.69834E-05, 3.10826E-03
74, 2.81642E-03, 1.40983E-03, 1.10614E-03, 2.81459E-04, 2.37189E-05, 2.35352E-05, 1.68953E-05, 3.02938E-03
75, 2.86671E-03, 1.41859E-03, 1.07990E-03, 2.70915E-04, 2.35675E-05, 2.34661E-05, 1.68029E-05, 2.93505E-03
76, 2.90540E-03, 1.42517E-03, 1.04990E-03, 2.59690E-04, 2.34401E-05, 2.33957E-05, 1.67075E-05, 2.82664E-03
77, 2.93229E-03, 1.42959E-03, 1.01636E-03, 2.47869E-04, 2.33078E-05, 2.33179E-05, 1.66122E-05, 2.70563E-03
78, 2.94723E-03, 1.43188E-03, 9.79510E-04, 2.35538E-04, 2.31668E-05, 2.32345E-05, 1.65166E-05, 2.61953E-03
79, 2.95020E-03, 1.43209E-03, 9.39603E-04, 2.22784E-04, 2.30231E-05, 2.31482E-05, 1.64212E-05, 2.69752E-03
80, 2.94121E-03, 1.43026E-03, 8.96911E-04, 2.09694E-04, 2.28798E-05, 2.30602E-05, 1.63264E-05, 2.75684E-03
81, 2.92040E-03, 1.42644E-03, 8.51721E-04, 1.96355E-04, 2.27368E-05, 2.29736E-05, 1.62373E-05, 2.79783E-03
82, 2.88795E-03, 1.42392E-03, 8.04331E-04, 1.82852E-04, 2.26034E-05, 2.28918E-05, 1.61482E-05, 2.82101E-03
83, 2.84414E-03, 1.42251E-03, 7.55046E-04, 1.69267E-04, 2.24708E-05, 2.28133E-05, 1.60581E-05, 2.82712E-03
84, 2.78929E-03, 1.41901E-03, 7.25571E-04, 1.55678E-04, 2.23770E-05, 2.27328E-05, 1.59709E-05, 2.81705E-03
85, 2.72380E-03, 1.41348E-03, 7.39824E-04, 1.45123E-04, 2.22806E-05, 2.26544E-05, 1.58812E-05, 2.79181E-03
86, 2.64814E-03, 1.40599E-03, 7.51585E-04, 1.45653E-04, 2.21784E-05, 2.25748E-05, 1.57894E-05, 2.75256E-03
87, 2.56281E-03, 1.39661E-03, 7.60852E-04, 1.46088E-04, 2.20807E-05, 2.24952E-05, 1.56992E-05, 2.70049E-03
88, 2.46839E-03, 1.38543E-03, 7.72249E-04, 1.46428E-04, 2.19873E-05, 2.24151E-05, 1.56083E-05, 2.63689E-03
89, 2.36546E-03, 1.39745E-03, 7.85087E-04, 1.46674E-04, 2.18885E-05, 2.23352E-05, 1.55171E-05, 2.56307E-03
90, 2.25469E-03, 1.44551E-03, 7.93792E-04, 1.46828E-04, 2.17893E-05, 2.22516E-05, 1.54263E-05, 2.48034E-03
91, 2.13674E-03, 1.49064E-03, 7.98416E-04, 1.46890E-04, 2.16921E-05, 2.21682E-05, 1.53351E-05, 2.38999E-03
92, 2.01231E-03, 1.53270E-03, 7.99038E-04, 1.46862E-04, 2.15913E-05, 2.20822E-05, 1.52421E-05, 2.29330E-03
93, 1.88212E-03, 1.57156E-03, 7.95759E-04, 1.47027E-04, 2.14877E-05, 2.19907E-05, 1.51472E-05, 2.19148E-03
94, 1.84176E-03, 1.60713E-03, 7.88704E-04, 1.47895E-04, 2.13920E-05, 2.19015E-05, 1.50523E-05, 2.08566E-03
95, 1.85908E-03, 1.63932E-03, 7.78016E-04, 1.48668E-04, 2.13098E-05, 2.18085E-05, 1.49563E-05, 1.97694E-03
96, 1.86822E-03, 1.66807E-03, 7.63860E-04, 1.49346E-04, 2.12357E-05, 2.17147E-05, 1.48682E-05, 1.86628E-03
97, 1.86943E-03, 1.69333E-03, 7.46417E-04, 1.49930E-04, 2.11565E-05, 2.16182E-05, 1.47867E-05, 1.75458E-03
98, 1.95066E-03, 1.71508E-03, 7.25884E-04, 1.50420E-04, 2.10783E-05, 2.15245E-05, 1.47108E-05, 1.64263E-03
99, 2.03747E-03, 1.73331E-03, 7.17012E-04, 1.50817E-04, 2.09998E-05, 2.14319E-05, 1.46422E-05, 1.53114E-03
100, 2.11693E-03, 1.74802E-03, 7.28915E-04, 1.51121E-04, 2.09177E-05, 2.13446E-05, 1.45755E-05, 1.42070E-03
101, 2.18886E-03, 1.75926E-03, 7.37472E-04, 1.51334E-04, 2.08363E-05, 2.12584E-05, 1.45091E-05, 1.31184E-03
102, 2.25314E-03, 1.76705E-03, 7.42698E-04, 1.51455E-04, 2.07548E-05, 2.11713E-05, 1.44417E-05, 1.20599E-03
103, 2.30970E-03, 1.77144E-03, 7.44630E-04, 1.51487E-04, 2.06683E-05, 2.10822E-05, 1.43742E-05, 1.17632E-03
104, 2.35850E-03, 1.77250E-03, 7.43327E-04, 1.51430E-04, 2.05790E-05, 2.09915E-05, 1.43050E-05, 1.13551E-03
105, 2.39956E-03, 1.77031E-03, 7.38870E-04, 1.51453E-04, 2.04877E-05, 2.09008E-05, 1.42333E-05, 1.08447E-03
106, 2.43291E-03, 1.76496E-03, 7.31358E-04, 1.52199E-04, 2.03978E-05, 2.08095E-05, 1.41602E-05, 1.02424E-03
107, 2.45864E-03, 1.75655E-03, 7.20908E-04, 1.53054E-04, 2.03208E-05, 2.07149E-05, 1.40861E-05, 1.04732E-03
108, 2.47689E-03, 1.74519E-03, 7.07656E-04, 1.53802E-04, 2.02450E-05, 2.06208E-05, 1.40124E-05, 1.07707E-03
109, 2.48779E-03, 1.73100E-03, 6.91751E-04, 1.54444E-04, 2.01723E-05, 2.05256E-05, 1.39404E-05, 1.10478E-03
110, 2.49155E-03, 1.71410E-03, 6.73357E-04, 1.54979E-04, 2.00993E-05, 2.04307E-05, 1.38697E-05, 1.12648E-03
111, 2.48837E-03, 1.69463E-03, 6.52649E-04, 1.55408E-04, 2.00253E-05, 2.03360E-05, 1.37984E-05, 1.14151E-03
112, 2.47850E-03, 1.67272E-03, 6.29814E-04, 1.55733E-04, 1.99487E-05, 2.02375E-05, 1.37259E-05, 1.15008E-03
113, 2.46219E-03, 1.64850E-03, 6.05045E-04, 1.55953E-04, 1.98715E-05, 2.01363E-05, 1.36547E-05, 1.15240E-03
114, 2.43974E-03, 1.62212E-03, 5.78545E-04, 1.56071E-04, 1.97944E-05, 2.00349E-05, 1.35836E-05, 1.14872E-03
115, 2.41145E-03, 1.59373E-03, 5.50521E-04, 1.56088E-04, 1.97174E-05, 1.99335E-05, 1.35122E-05, 1.13933E-03
116, 2.37764E-03, 1.56346E-03, 5.59080E-04, 1.56345E-04, 1.96385E-05, 1.98329E-05, 1.34402E-05, 1.12453E-03
117, 2.33863E-03, 1.53146E-03, 5.70202E-04, 1.56554E-04, 1.95589E-05, 1.97299E-05, 1.33691E-05, 1.10465E-03
118, 2.29478E-03, 1.49788E-03, 5.79088E-04, 1.57169E-04, 1.94782E-05, 1.96261E-05, 1.32993E-05, 1.08003E-03
119, 2.24644E-03, 1.46286E-03, 5.85767E-04, 1.58033E-04, 1.93967E-05, 1.95219E-05, 1.32313E-05, 1.05105E-03
120, 2.19400E-03, 1.42653E-03, 5.90248E-04, 1.58788E-04, 1.93126E-05, 1.94169E-05, 1.31686E-05, 1.01807E-03
121, 2.13778E-03, 1.38904E-03, 5.92570E-04, 1.59437E-04, 1.92274E-05, 1.93139E-05, 1.31048E-05, 9.81502E-04
122, 2.07815E-03, 1.35052E-03, 5.92785E-04, 1.59978E-04, 1.91405E-05, 1.92123E-05, 1.30422E-05, 9.41735E-04
123, 2.01547E-03, 1.31111E-03, 5.90954E-04, 1.60413E-04, 1.90561E-05, 1.91103E-05, 1.29791E-05, 8.99178E-04
124, 1.95010E-03, 1.27094E-03, 5.87150E-04, 1.60741E-04, 1.89753E-05, 1.90075E-05, 1.29169E-05, 8.54236E-04
125, 1.88241E-03, 1.23013E-03, 5.81454E-04, 1.61088E-04, 1.88974E-05, 1.89024E-05, 1.28556E-05, 8.17762E-04
126, 1.81273E-03, 1.18880E-03, 5.73955E-04, 1.61640E-04, 1.88234E-05, 1.87976E-05, 1.27949E-05, 8.09690E-04
127, 1.74141E-03, 1.14706E-03, 5.64752E-04, 1.62086E-04, 1.87523E-05, 1.86953E-05, 1.27347E-05, 8.00438E-04
128, 1.66880E-03, 1.10505E-03, 5.53949E-04, 1.62427E-04, 1.86843E-05, 1.85904E-05, 1.26758E-05, 8.02471E-04
129, 1.59521E-03, 1.06284E-03, 5.41654E-04, 1.62663E-04, 1.86185E-05, 1.84837E-05, 1.26175E-05, 8.04772E-04
130, 1.52096E-03, 1.02056E-03, 5.27982E-04, 1.62796E-04, 1.85566E-05, 1.83780E-05, 1.25588E-05, 8.05958E-04
131, 1.48276E-03, 9.78303E-04, 5.13052E-04, 1.62826E-04, 1.85046E-05, 1.82727E-05, 1.25002E-05, 8.06022E-04
132, 1.46117E-03, 9.36152E-04, 4.96984E-04, 1.62756E-04, 1.84517E-05, 1.81702E-05, 1.24425E-05, 8.04961E-04
133, 1.43527E-03, 8.94197E-04, 4.79903E-04, 1.62585E-04, 1.83981E-05, 1.80721E-05, 1.23855E-05, 8.02772E-04
134, 1.40541E-03, 8.52521E-04, 4.61933E-04, 1.62521E-04, 1.83411E-05, 1.79738E-05, 1.23290E-05, 7.99454E-04
135, 1.37196E-03, 8.11200E-04, 4.43199E-04, 1.63429E-04, 1.82828E-05, 1.78745E-05, 1.22745E-05, 7.95010E-04
136, 1.33528E-03, 7.70304E-04, 4.23824E-04, 1.64305E-04, 1.82234E-05, 1.77762E-05, 1.22201E-05, 7.89444E-04
137, 1.29576E-03, 7.29899E-04, 4.03934E-04, 1.65070E-04, 1.81636E-05, 1.76787E-05, 1.21654E-05, 7.82761E-04
138, 1.25375E-03, 6.90046E-04, 3.83647E-04, 1.65725E-04, 1.81035E-05, 1.75795E-05, 1.21103E-05, 7.74971E-04
139, 1.20961E-03, 6.50800E-04, 3.63084E-04, 1.66270E-04, 1.80431E-05, 1.74837E-05, 1.20552E-05, 7.66084E-04
140, 1.16371E-03, 6.12212E-04, 3.42359E-04, 1.66705E-04, 1.79802E-05, 1.73893E-05, 1.20016E-05, 7.62951E-04
141, 1.11639E-03, 5.74327E-04, 3.21582E-04, 1.67031E-04, 1.79178E-05, 1.72933E-05, 1.19500E-05, 7.65521E-04
142, 1.06800E-03, 5.57927E-04, 3.00860E-04, 1.67247E-04, 1.78559E-05, 1.71978E-05, 1.18985E-05, 7.67071E-04
143, 1.01885E-03, 5.42118E-04, 2.80295E-04, 1.67356E-04, 1.77932E-05, 1.71026E-05, 1.18473E-05, 7.67592E-04
144, 9.69270E-04, 5.25985E-04, 2.59980E-04, 1.67357E-04, 1.77303E-05, 1.70081E-05, 1.17981E-05, 7.67078E-04
145, 9.19546E-04, 5.09604E-04, 2.40006E-04, 1.67683E-04, 1.76736E-05, 1.69143E-05, 1.17499E-05, 7.65524E-04
146, 8.69963E-04, 4.93047E-04, 2.20456E-04, 1.67899E-04, 1.76168E-05, 1.68202E-05, 1.17013E-05, 7.62925E-04
147, 8.20785E-04, 4.76383E-04, 2.01405E-04, 1.68000E-04, 1.75592E-05, 1.67274E-05, 1.16512E-05, 7.59282E-04
148, 7.72258E-04, 4.59675E-04, 1.82924E-04, 1.67990E-04, 1.75000E-05, 1.66346E-05, 1.16020E-05, 7.54592E-04
149, 7.24608E-04, 4.42986E-04, 1.72025E-04, 1.67868E-04, 1.74443E-05, 1.65439E-05, 1.15530E-05, 7.48859E-04
150, 6.78041E-04, 4.26373E-04, 1.71685E-04, 1.67637E-04, 1.73899E-05, 1.64533E-05, 1.15055E-05, 7.42086E-04
151, 6.32743E-04, 4.18064E-04, 1.71254E-04, 1.67717E-04, 1.73346E-05, 1.63631E-05, 1.14600E-05, 7.34279E-04
152, 5.97662E-04, 4.16401E-04, 1.70618E-04, 1.68305E-04, 1.72774E-05, 1.62751E-05, 1.14140E-05, 7.25447E-04
153, 6.02618E-04, 4.14146E-04, 1.69786E-04, 1.68778E-04, 1.72222E-05, 1.61892E-05, 1.13675E-05, 7.22183E-04
154, 6.05523E-04, 4.11313E-04, 1.69716E-04, 1.69411E-04, 1.71681E-05, 1.61025E-05, 1.13207E-05, 7.24625E-04
155, 6.06390E-04, 4.07919E-04, 1.69650E-04, 1.70135E-04, 1.71138E-05, 1.60169E-05, 1.12741E-05, 7.26126E-04
156, 6.05252E-04, 4.03981E-04, 1.69460E-04, 1.70735E-04, 1.70589E-05, 1.59320E-05, 1.12271E-05, 7.26673E-04
157, 6.02144E-04, 3.99518E-04, 1.69966E-04, 1.71211E-04, 1.70087E-05, 1.58478E-05, 1.11797E-05, 7.26258E-04
158, 5.97111E-04, 3.94549E-04, 1.71298E-04, 1.71564E-04, 1.69619E-05, 1.57637E-05, 1.11335E-05, 7.24872E-04
159, 5.90214E-04, 3.89095E-04, 1.72511E-04, 1.71794E-04, 1.69150E-05, 1.56802E-05, 1.10879E-05, 7.22508E-04
160, 5.81523E-04, 3.83175E-04, 1.73602E-04, 1.71902E-04, 1.68670E-05, 1.55970E-05, 1.10440E-05, 7.19162E-04
161, 5.71118E-04, 3.76812E-04, 1.74570E-04, 1.71889E-04, 1.68197E-05, 1.55180E-05, 1.10005E-05, 7.14829E-04
162, 5.59087E-04, 3.70794E-04, 1.75413E-04, 1.71756E-04, 1.67715E-05, 1.54447E-05, 1.09571E-05, 7.09508E-04
163, 5.45527E-04, 3.69408E-04, 1.76131E-04, 1.71504E-04, 1.67235E-05, 1.53730E-05, 1.09136E-05, 7.03199E-04
164, 5.30540E-04, 3.68284E-04, 1.76722E-04, 1.71135E-04, 1.66744E-05, 1.53006E-05, 1.08701E-05, 6.95903E-04
165, 5.14234E-04, 3.66654E-04, 1.77186E-04, 1.70650E-04, 1.66246E-05, 1.52278E-05, 1.08263E-05, 6.87627E-04
166, 4.96722E-04, 3.64529E-04, 1.77524E-04, 1.70448E-04, 1.65747E-05, 1.51559E-05, 1.07834E-05, 6.79255E-04
167, 4.78123E-04, 3.61917E-04, 1.77736E-04, 1.70739E-04, 1.65245E-05, 1.50842E-05, 1.07437E-05, 6.81318E-04
168, 4.58556E-04, 3.58830E-04, 1.77823E-04, 1.71536E-04, 1.64760E-05, 1.50135E-05, 1.07052E-05, 6.83082E-04
169, 4.38142E-04, 3.55281E-04, 1.77787E-04, 1.72201E-04, 1.64288E-05, 1.49430E-05, 1.06679E-05, 6.83953E-04
170, 4.17005E-04, 3.51282E-04, 1.77628E-04, 1.72734E-04, 1.63812E-05, 1.48733E-05, 1.06307E-05, 6.83918E-04
171, 4.13591E-04, 3.46847E-04, 1.77349E-04, 1.73135E-04, 1.63334E-05, 1.48038E-05, 1.05940E-05, 6.82965E-04
172, 4.13558E-04, 3.41990E-04, 1.76953E-04, 1.73404E-04, 1.62867E-05, 1.47346E-05, 1.05588E-05, 6.81084E-04
173, 4.13830E-04, 3.36727E-04, 1.76816E-04, 1.73542E-04, 1.62406E-05, 1.46666E-05, 1.05236E-05, 6.78266E-04
174, 4.14388E-04, 3.31072E-04, 1.77987E-04, 1.73549E-04, 1.61965E-05, 1.45988E-05, 1.04865E-05, 6.74504E-04
175, 4.15210E-04, 3.25043E-04, 1.79036E-04, 1.73427E-04, 1.61528E-05, 1.45311E-05, 1.04482E-05, 6.69793E-04
176, 4.16267E-04, 3.24568E-04, 1.79962E-04, 1.73177E-04, 1.61080E-05, 1.44622E-05, 1.04101E-05, 6.64128E-04
177, 4.17527E-04, 3.23794E-04, 1.80765E-04, 1.72800E-04, 1.60623E-05, 1.43927E-05, 1.03732E-05, 6.57510E-04
178, 4.18957E-04, 3.22584E-04, 1.81444E-04, 1.72299E-04, 1.60177E-05, 1.43229E-05, 1.03375E-05, 6.49939E-04
179, 4.20516E-04, 3.20942E-04, 1.81998E-04, 1.71692E-04, 1.59738E-05, 1.42562E-05, 1.03022E-05, 6.41634E-04
180, 4.27038E-04, 3.18874E-04, 1.82430E-04, 1.71850E-04, 1.59305E-05, 1.41924E-05, 1.02672E-05, 6.38193E-04
181, 4.37746E-04, 3.16384E-04, 1.82738E-04, 1.71861E-04, 1.58870E-05, 1.41293E-05, 1.02322E-05, 6.37430E-04
182, 4.48237E-04, 3.13480E-04, 1.82924E-04, 1.71725E-04, 1.58435E-05, 1.40679E-05, 1.01972E-05, 6.38575E-04
183, 4.58519E-04, 3.10170E-04, 1.82989E-04, 1.71445E-04, 1.57997E-05, 1.40060E-05, 1.01628E-05, 6.38859E-04
184, 4.68597E-04, 3.06461E-04, 1.82936E-04, 1.71614E-04, 1.57567E-05, 1.39453E-05, 1.01289E-05, 6.38270E-04
185, 4.78471E-04, 3.02363E-04, 1.82766E-04, 1.71934E-04, 1.57143E-05, 1.38854E-05, 1.00948E-05, 6.36796E-04
186, 4.88137E-04, 2.97888E-04, 1.82481E-04, 1.72115E-04, 1.56723E-05, 1.38262E-05, 1.00612E-05, 6.34426E-04
187, 4.97586E-04, 2.93044E-04, 1.82085E-04, 1.72157E-04, 1.56309E-05, 1.37679E-05, 1.00279E-05, 6.31150E-04
188, 5.06807E-04, 2.91522E-04, 1.81580E-04, 1.72062E-04, 1.55885E-05, 1.37091E-05, 9.99492E-06, 6.26963E-04
189, 5.15784E-04, 2.94935E-04, 1.80969E-04, 1.71829E-04, 1.55464E-05, 1.36510E-05, 9.96259E-06, 6.21860E-04
190, 5.24501E-04, 2.97971E-04, 1.80394E-04, 1.71462E-04, 1.55046E-05, 1.35921E-05, 9.93142E-06, 6.15837E-04
191, 5.32936E-04, 3.00643E-04, 1.81306E-04, 1.70961E-04, 1.54651E-05, 1.35329E-05, 9.90028E-06, 6.08894E-04
192, 5.41068E-04, 3.02963E-04, 1.82101E-04, 1.70329E-04, 1.54269E-05, 1.34747E-05, 9.86898E-06, 6.01034E-04
193, 5.48871E-04, 3.04945E-04, 1.82779E-04, 1.70167E-04, 1.53897E-05, 1.34169E-05, 9.83839E-06, 5.95596E-04
194, 5.56320E-04, 3.06602E-04, 1.83341E-04, 1.70133E-04, 1.53519E-05, 1.33590E-05, 9.80936E-06, 5.92274E-04
195, 5.63388E-04, 3.07946E-04, 1.84896E-04, 1.69948E-04, 1.53137E-05, 1.33011E-05, 9.78044E-06, 5.88893E-04
196, 5.70048E-04, 3.08991E-04, 1.87711E-04, 1.69613E-04, 1.52753E-05, 1.32438E-05, 9.75085E-06, 5.89251E-04
197, 5.76271E-04, 3.09747E-04, 1.90332E-04, 1.69131E-04, 1.52376E-05, 1.31870E-05, 9.72186E-06, 5.88785E-04
198, 5.82031E-04, 3.10230E-04, 1.92758E-04, 1.68505E-04, 1.52007E-05, 1.31296E-05, 9.69276E-06, 5.87483E-04
199, 5.87298E-04, 3.10449E-04, 1.94988E-04, 1.67738E-04, 1.51638E-05, 1.30723E-05, 9.66325E-06, 5.85336E-04
200, 5.92046E-04, 3.10419E-04, 1.97019E-04, 1.66891E-04, 1.51265E-05, 1.30136E-05, 9.63407E-06, 5.82337E-04
201, 5.96248E-04, 3.10152E-04, 1.98852E-04, 1.66829E-04, 1.50898E-05, 1.29545E-05, 9.60616E-06, 5.78479E-04
202, 5.99880E-04, 3.09659E-04, 2.00654E-04, 1.66626E-04, 1.50548E-05, 1.28958E-05, 9.57789E-06, 5.73759E-04
203, 6.02916E-04, 3.08955E-04, 2.04813E-04, 1.66281E-04, 1.50206E-05, 1.28391E-05, 9.54972E-06, 5.68175E-04
204, 6.05335E-04, 3.08052E-04, 2.08765E-04, 1.65796E-04, 1.49869E-05, 1.27826E-05, 9.52149E-06, 5.61727E-04
205, 6.07117E-04, 3.06961E-04, 2.12501E-04, 1.65174E-04, 1.49539E-05, 1.27254E-05, 9.49263E-06, 5.54418E-04
206, 6.08241E-04, 3.05694E-04, 2.16017E-04, 1.64851E-04, 1.49210E-05, 1.26677E-05, 9.46532E-06, 5.48010E-04
207, 6.08693E-04, 3.04262E-04, 2.19305E-04, 1.64776E-04, 1.48899E-05, 1.26101E-05, 9.43836E-06, 5.45471E-04
208, 6.08456E-04, 3.02678E-04, 2.22361E-04, 1.64545E-04, 1.48587E-05, 1.25520E-05, 9.41244E-06, 5.42136E-04
209, 6.07519E-04, 3.00954E-04, 2.25180E-04, 1.64162E-04, 1.48277E-05, 1.24937E-05, 9.38710E-06, 5.38005E-04
210, 6.05873E-04, 2.99101E-04, 2.27760E-04, 1.63630E-04, 1.47968E-05, 1.24369E-05, 9.36258E-06, 5.35714E-04
211, 6.03509E-04, 2.97131E-04, 2.30097E-04, 1.62950E-04, 1.47675E-05, 1.23805E-05, 9.33784E-06, 5.34432E-04
212, 6.00424E-04, 2.95056E-04, 2.32189E-04, 1.62126E-04, 1.47385E-05, 1.23231E-05, 9.31288E-06, 5.32372E-04
213, 5.96614E-04, 2.93357E-04, 2.34035E-04, 1.61162E-04, 1.47088E-05, 1.22669E-05, 9.28742E-06, 5.29529E-04
214, 5.92080E-04, 2.93180E-04, 2.35636E-04, 1.60062E-04, 1.46789E-05, 1.22117E-05, 9.26309E-06, 5.25900E-04
215, 5.86824E-04, 2.92789E-04, 2.36991E-04, 1.58828E-04, 1.46498E-05, 1.21561E-05, 9.23862E-06, 5.21483E-04
216, 5.80853E-04, 2.92183E-04, 2.38101E-04, 1.57465E-04, 1.46214E-05, 1.21006E-05, 9.21432E-06, 5.16278E-04
217, 5.74173E-04, 2.91363E-04, 2.38969E-04, 1.56138E-04, 1.45943E-05, 1.20450E-05, 9.19056E-06, 5.10287E-04
218, 5.66794E-04, 2.90328E-04, 2.42395E-04, 1.55543E-04, 1.45689E-05, 1.19895E-05, 9.16731E-06, 5.03513E-04
219, 5.58730E-04, 2.89080E-04, 2.46298E-04, 1.55425E-04, 1.45431E-05, 1.19336E-05, 9.14414E-06, 4.97175E-04
220, 5.49993E-04, 2.87621E-04, 2.49947E-04, 1.55308E-04, 1.45165E-05, 1.18780E-05, 9.12081E-06, 4.95467E-04
221, 5.40602E-04, 2.88968E-04, 2.53336E-04, 1.55036E-04, 1.44888E-05, 1.18232E-05, 9.09807E-06, 4.93030E-04
222, 5.30573E-04, 2.90123E-04, 2.56457E-04, 1.54613E-04, 1.44608E-05, 1.17694E-05, 9.07503E-06, 4.89865E-04
223, 5.19928E-04, 2.91076E-04, 2.59308E-04, 1.54039E-04, 1.44319E-05, 1.17167E-05, 9.05211E-06, 4.85972E-04
224, 5.08690E-04, 2.91825E-04, 2.61883E-04, 1.53320E-04, 1.44032E-05, 1.16654E-05, 9.02875E-06, 4.81355E-04
225, 4.96884E-04, 2.92366E-04, 2.64181E-04, 1.52457E-04, 1.43751E-05, 1.16148E-05, 9.00552E-06, 4.79575E-04
226, 4.84533E-04, 2.92698E-04, 2.66198E-04, 1.51454E-04, 1.43476E-05, 1.15647E-05, 8.98216E-06, 4.77111E-04
227, 4.71662E-04, 2.93265E-04, 2.67934E-04, 1.50315E-04, 1.43208E-05, 1.15141E-05, 8.95847E-06, 4.73942E-04
228, 4.58299E-04, 2.95048E-04, 2.69389E-04, 1.49043E-04, 1.42948E-05, 1.14632E-05, 8.93522E-06, 4.70068E-04
229, 4.44472E-04, 2.96691E-04, 2.70563E-04, 1.47644E-04, 1.42706E-05, 1.14119E-05, 8.91244E-06, 4.65487E-04
230, 4.30211E-04, 2.98196E-04, 2.71457E-04, 1.46120E-04, 1.42468E-05, 1.13600E-05, 8.89079E-06, 4.60202E-04
231, 4.15545E-04, 2.99561E-04, 2.72074E-04, 1.44476E-04, 1.42238E-05, 1.13077E-05, 8.86951E-06, 4.54214E-04
232, 4.00504E-04, 3.00788E-04, 2.73798E-04, 1.42717E-04, 1.42014E-05, 1.12559E-05, 8.84738E-06, 4.50982E-04
233, 3.85119E-04, 3.01877E-04, 2.77020E-04, 1.41600E-04, 1.41798E-05, 1.12034E-05, 8.82452E-06, 4.51080E-04
234, 3.69421E-04, 3.02829E-04, 2.80006E-04, 1.41291E-04, 1.41579E-05, 1.11510E-05, 8.80136E-06, 4.50914E-04
235, 3.53442E-04, 3.03642E-04, 2.82751E-04, 1.40835E-04, 1.41369E-05, 1.10985E-05, 8.77874E-06, 4.50497E-04
236, 3.37212E-04, 3.04318E-04, 2.85248E-04, 1.40234E-04, 1.41167E-05, 1.10465E-05, 8.75687E-06, 4.49838E-04
237, 3.30384E-04, 3.04857E-04, 2.87492E-04, 1.39492E-04, 1.40979E-05, 1.09949E-05, 8.73503E-06, 4.51700E-04
238, 3.29879E-04, 3.05258E-04, 2.89479E-04, 1.38612E-04, 1.40790E-05, 1.09437E-05, 8.71306E-06, 4.55107E-04
239, 3.28793E-04, 3.05522E-04, 2.91203E-04, 1.37596E-04, 1.40608E-05, 1.08930E-05, 8.69137E-06, 4.58143E-04
240, 3.27143E-04, 3.05648E-04, 2.92664E-04, 1.36450E-04, 1.40458E-05, 1.08431E-05, 8.66946E-06, 4.60819E-04
241, 3.24945E-04, 3.05637E-04, 2.93859E-04, 1.35176E-04, 1.40315E-05, 1.07939E-05, 8.64806E-06, 4.63146E-04
242, 3.22219E-04, 3.05487E-04, 2.94785E-04, 1.33778E-04, 1.40179E-05, 1.07441E-05, 8.62675E-06, 4.65135E-04
243, 3.18983E-04, 3.05199E-04, 2.96951E-04, 1.32262E-04, 1.40043E-05, 1.06937E-05, 8.60553E-06, 4.66794E-04
244, 3.15260E-04, 3.04773E-04, 3.00038E-04, 1.30630E-04, 1.39906E-05, 1.06421E-05, 8.58498E-06, 4.68136E-04
245, 3.11072E-04, 3.04207E-04, 3.02932E-04, 1.28959E-04, 1.39782E-05, 1.05904E-05, 8.56459E-06, 4.69169E-04
246, 3.06441E-04, 3.03501E-04, 3.05625E-04, 1.27852E-04, 1.39652E-05, 1.05387E-05, 8.54437E-06, 4.69903E-04
247, 3.01392E-04, 3.02655E-04, 3.08113E-04, 1.26635E-04, 1.39529E-05, 1.04880E-05, 8.52362E-06, 4.70347E-04
248, 2.95948E-04, 3.01668E-04, 3.10389E-04, 1.25313E-04, 1.39407E-05, 1.04370E-05, 8.50293E-06, 4.70510E-04
249, 2.90136E-04, 3.00539E-04, 3.12449E-04, 1.23891E-04, 1.39287E-05, 1.03860E-05, 8.48257E-06, 4.70399E-04
250, 2.83980E-04, 2.99267E-04, 3.14288E-04, 1.22374E-04, 1.39166E-05, 1.03348E-05, 8.46212E-06, 4.70022E-04
251, 2.77506E-04, 2.97851E-04, 3.15901E-04, 1.21405E-04, 1.39046E-05, 1.02837E-05, 8.44111E-06, 4.69388E-04
252, 2.70738E-04, 2.96467E-04, 3.17285E-04, 1.20408E-04, 1.38922E-05, 1.02332E-05, 8.42037E-06, 4.72672E-04
253, 2.63702E-04, 2.95228E-04, 3.18437E-04, 1.19290E-04, 1.38798E-05, 1.01831E-05, 8.39920E-06, 4.76203E-04
254, 2.56423E-04, 2.93868E-04, 3.19353E-04, 1.18053E-04, 1.38684E-05, 1.01335E-05, 8.37846E-06, 4.79345E-04
255, 2.48926E-04, 2.92387E-04, 3.20033E-04, 1.16701E-04, 1.38595E-05, 1.00834E-05, 8.35825E-06, 4.82104E-04
256, 2.41235E-04, 2.90781E-04, 3.20473E-04, 1.15869E-04, 1.38507E-05, 1.00330E-05, 8.33780E-06, 4.84487E-04
257, 2.33373E-04, 2.89051E-04, 3.20674E-04, 1.14963E-04, 1.38446E-05, 9.98179E-06, 8.31687E-06, 4.86499E-04
258, 2.25363E-04, 2.87194E-04, 3.20635E-04, 1.13951E-04, 1.38388E-05, 9.93079E-06, 8.29660E-06, 4.88149E-04
259, 2.17228E-04, 2.85210E-04, 3.20356E-04, 1.12837E-04, 1.38330E-05, 9.88133E-06, 8.27628E-06, 4.89441E-04
260, 2.08990E-04, 2.83097E-04, 3.19838E-04, 1.11626E-04, 1.38268E-05, 9.83229E-06, 8.25569E-06, 4.90384E-04
261, 2.00669E-04, 2.80853E-04, 3.19081E-04, 1.10323E-04, 1.38201E-05, 9.78341E-06, 8.23464E-06, 4.90982E-04
262, 1.96980E-04, 2.78478E-04, 3.18089E-04, 1.08931E-04, 1.38136E-05, 9.73449E-06, 8.21350E-06, 4.91243E-04
263, 1.99218E-04, 2.75969E-04, 3.16863E-04, 1.07455E-04, 1.38068E-05, 9.68585E-06, 8.19222E-06, 4.91173E-04
264, 2.01312E-04, 2.73326E-04, 3.15405E-04, 1.05901E-04, 1.37999E-05, 9.63763E-06, 8.17101E-06, 4.90778E-04
265, 2.06793E-04, 2.70548E-04, 3.13721E-04, 1.04272E-04, 1.37926E-05, 9.58925E-06, 8.14988E-06, 4.90065E-04
266, 2.12792E-04, 2.67632E-04, 3.11813E-04, 1.02573E-04, 1.37842E-05, 9.54052E-06, 8.12865E-06, 4.89040E-04
267, 2.18702E-04, 2.64580E-04, 3.11525E-04, 1.01560E-04, 1.37751E-05, 9.49297E-06, 8.10766E-06, 4.91538E-04
268, 2.24519E-04, 2.61388E-04, 3.12211E-04, 1.00890E-04, 1.37654E-05, 9.44475E-06, 8.08710E-06, 4.94705E-04
269, 2.30240E-04, 2.58058E-04, 3.12730E-04, 1.00121E-04, 1.37562E-05, 9.39668E-06, 8.06647E-06, 4.97429E-04
270, 2.35862E-04, 2.54587E-04, 3.13082E-04, 9.92560E-05, 1.37466E-05, 9.34882E-06, 8.04598E-06, 4.99716E-04
271, 2.41383E-04, 2.50976E-04, 3.13266E-04, 9.82998E-05, 1.37364E-05, 9.30179E-06, 8.02558E-06, 5.01574E-04
272, 2.46798E-04, 2.47223E-04, 3.13283E-04, 9.72562E-05, 1.37262E-05, 9.25598E-06, 8.00530E-06, 5.03009E-04
273, 2.52107E-04, 2.44611E-04, 3.13131E-04, 9.61291E-05, 1.37170E-05, 9.21017E-06, 7.98467E-06, 5.04029E-04
274, 2.57307E-04, 2.41900E-04, 3.12813E-04, 9.49227E-05, 1.37075E-05, 9.16454E-06, 7.96411E-06, 5.04642E-04
275, 2.62396E-04, 2.42987E-04, 3.12327E-04, 9.36411E-05, 1.36988E-05, 9.11909E-06, 7.94343E-06, 5.04857E-04
276, 2.67373E-04, 2.44458E-04, 3.11676E-04, 9.22887E-05, 1.36905E-05, 9.07386E-06, 7.92245E-06, 5.04681E-04
277, 2.72235E-04, 2.45747E-04, 3.12348E-04, 9.20042E-05, 1.36821E-05, 9.02926E-06, 7.90105E-06, 5.04125E-04
278, 2.76982E-04, 2.46848E-04, 3.16777E-04, 9.22891E-05, 1.36734E-05, 8.98454E-06, 7.87948E-06, 5.03197E-04
279, 2.83056E-04, 2.47759E-04, 3.21006E-04, 9.25503E-05, 1.36639E-05, 8.94028E-06, 7.85855E-06, 5.01908E-04
280, 2.91979E-04, 2.48479E-04, 3.25035E-04, 9.27863E-05, 1.36543E-05, 8.89635E-06, 7.83768E-06, 5.00268E-04
281, 3.00621E-04, 2.49003E-04, 3.28864E-04, 9.29957E-05, 1.36439E-05, 8.85155E-06, 7.81654E-06, 4.98285E-04
282, 3.08984E-04, 2.49332E-04, 3.32493E-04, 9.31771E-05, 1.36337E-05, 8.80662E-06, 7.79532E-06, 4.97732E-04
283, 3.17072E-04, 2.49462E-04, 3.35921E-04, 9.33291E-05, 1.36230E-05, 8.76341E-06, 7.77420E-06, 4.99913E-04
284, 3.24888E-04, 2.49392E-04, 3.39149E-04, 9.34502E-05, 1.36123E-05, 8.72004E-06, 7.75317E-06, 5.01631E-04
285, 3.32434E-04, 2.49122E-04, 3.42177E-04, 9.35390E-05, 1.36012E-05, 8.67706E-06, 7.73183E-06, 5.02893E-04
286, 3.39718E-04, 2.48651E-04, 3.45007E-04, 9.38674E-05, 1.35896E-05, 8.63410E-06, 7.71058E-06, 5.03711E-04
287, 3.46739E-04, 2.47979E-04, 3.47639E-04, 9.43799E-05, 1.35773E-05, 8.59187E-06, 7.68895E-06, 5.04096E-04
288, 3.53500E-04, 2.47106E-04, 3.50073E-04, 9.48541E-05, 1.35652E-05, 8.54961E-06, 7.66708E-06, 5.04058E-04
289, 3.60004E-04, 2.46032E-04, 3.52312E-04, 9.52880E-05, 1.35536E-05, 8.50702E-06, 7.64566E-06, 5.03611E-04
290, 3.66254E-04, 2.44759E-04, 3.54356E-04, 9.56797E-05, 1.35421E-05, 8.46451E-06, 7.62396E-06, 5.02764E-04
291, 3.72253E-04, 2.43287E-04, 3.56208E-04, 9.60272E-05, 1.35304E-05, 8.42269E-06, 7.60190E-06, 5.01531E-04
292, 3.78003E-04, 2.41618E-04, 3.57868E-04, 9.63287E-05, 1.35192E-05, 8.38084E-06, 7.57960E-06, 4.99924E-04
293, 3.83507E-04, 2.40025E-04, 3.59338E-04, 9.65823E-05, 1.35080E-05, 8.34013E-06, 7.55703E-06, 4.97955E-04
294, 3.88769E-04, 2.38422E-04, 3.60621E-04, 9.67864E-05, 1.34970E-05, 8.30031E-06, 7.53420E-06, 4.95637E-04
295, 3.93789E-04, 2.36656E-04, 3.61718E-04, 9.69393E-05, 1.34852E-05, 8.26119E-06, 7.51133E-06, 4.92983E-04
296, 3.98571E-04, 2.36268E-04, 3.62631E-04, 9.70393E-05, 1.34731E-05, 8.22239E-06, 7.48836E-06, 4.90004E-04
297, 4.03117E-04, 2.37014E-04, 3.63363E-04, 9.70849E-05, 1.34600E-05, 8.18374E-06, 7.46599E-06, 4.86713E-04
298, 4.07428E-04, 2.37583E-04, 3.63915E-04, 9.70748E-05, 1.34461E-05, 8.14567E-06, 7.44380E-06, 4.84211E-04
299, 4.11508E-04, 2.37970E-04, 3.64291E-04, 9.70075E-05, 1.34319E-05, 8.10860E-06, 7.42158E-06, 4.84861E-04
300, 4.15358E-04, 2.38170E-04, 3.64492E-04, 9.68818E-05, 1.34169E-05, 8.07161E-06, 7.39930E-06, 4.85086E-04
301, 4.18979E-04, 2.38181E-04, 3.64522E-04, 9.66964E-05, 1.34009E-05, 8.03643E-06, 7.37706E-06, 4.84899E-04
302, 4.22374E-04, 2.37998E-04, 3.64382E-04, 9.64504E-05, 1.33842E-05, 8.00107E-06, 7.35482E-06, 4.84311E-04
303, 4.25544E-04, 2.37618E-04, 3.64076E-04, 9.61426E-05, 1.33688E-05, 7.96520E-06, 7.33231E-06, 4.83336E-04
304, 4.28490E-04, 2.37039E-04, 3.63606E-04, 9.57722E-05, 1.33539E-05, 7.92985E-06, 7.30968E-06, 4.81986E-04
305, 4.31215E-04, 2.36257E-04, 3.62975E-04, 9.53384E-05, 1.33390E-05, 7.89505E-06, 7.28669E-06, 4.80274E-04
306, 4.33720E-04, 2.35270E-04, 3.62185E-04, 9.48405E-05, 1.33235E-05, 7.86062E-06, 7.26368E-06, 4.78213E-04
307, 4.36006E-04, 2.34077E-04, 3.61241E-04, 9.42779E-05, 1.33085E-05, 7.82654E-06, 7.24033E-06, 4.75815E-04
308, 4.38074E-04, 2.32676E-04, 3.60144E-04, 9.36501E-05, 1.32928E-05, 7.79237E-06, 7.21688E-06, 4.73095E-04
309, 4.39926E-04, 2.31065E-04, 3.58898E-04, 9.29566E-05, 1.32775E-05, 7.75850E-06, 7.19377E-06, 4.70063E-04
310, 4.41563E-04, 2.29245E-04, 3.57506E-04, 9.21972E-05, 1.32628E-05, 7.72454E-06, 7.17098E-06, 4.66733E-04
311, 4.42987E-04, 2.27214E-04, 3.55971E-04, 9.13716E-05, 1.32473E-05, 7.69131E-06, 7.14802E-06, 4.63116E-04
312, 4.44198E-04, 2.25532E-04, 3.54296E-04, 9.04798E-05, 1.32320E-05, 7.65810E-06, 7.12475E-06, 4.59227E-04
313, 4.45199E-04, 2.23729E-04, 3.52483E-04, 8.95218E-05, 1.32167E-05, 7.62527E-06, 7.10183E-06, 4.55075E-04
314, 4.45990E-04, 2.21747E-04, 3.50538E-04, 8.85717E-05, 1.32005E-05, 7.59333E-06, 7.07905E-06, 4.50674E-04
315, 4.46573E-04, 2.19584E-04, 3.48461E-04, 8.80297E-05, 1.31839E-05, 7.56171E-06, 7.05617E-06, 4.48567E-04
316, 4.46950E-04, 2.17243E-04, 3.46258E-04, 8.74219E-05, 1.31667E-05, 7.52957E-06, 7.03316E-06, 4.47609E-04
317, 4.47122E-04, 2.14722E-04, 3.43931E-04, 8.67486E-05, 1.31486E-05, 7.49760E-06, 7.01009E-06, 4.46301E-04
318, 4.47823E-04, 2.12024E-04, 3.41483E-04, 8.60102E-05, 1.31300E-05, 7.46549E-06, 6.98733E-06, 4.44655E-04
319, 4.48370E-04, 2.09149E-04, 3.38917E-04, 8.53788E-05, 1.31116E-05, 7.43392E-06, 6.96423E-06, 4.42685E-04
320, 4.48669E-04, 2.13286E-04, 3.36238E-04, 8.55154E-05, 1.30923E-05, 7.40234E-06, 6.94096E-06, 4.40401E-04
321, 4.48723E-04, 2.17648E-04, 3.33448E-04, 8.56178E-05, 1.30727E-05, 7.37083E-06, 6.91831E-06, 4.37817E-04
322, 4.48537E-04, 2.21889E-04, 3.30550E-04, 8.56867E-05, 1.30530E-05, 7.34000E-06, 6.89571E-06, 4.34944E-04
323, 4.48114E-04, 2.26003E-04, 3.27548E-04, 8.60307E-05, 1.30329E-05, 7.30962E-06, 6.87317E-06, 4.31793E-04
324, 4.47459E-04, 2.29988E-04, 3.24446E-04, 8.64760E-05, 1.30133E-05, 7.27964E-06, 6.85039E-06, 4.28378E-04
325, 4.46578E-04, 2.33840E-04, 3.21246E-04, 8.68828E-05, 1.29936E-05, 7.25025E-06, 6.82769E-06, 4.24709E-04
326, 4.45473E-04, 2.37555E-04, 3.17952E-04, 8.72517E-05, 1.29741E-05, 7.22019E-06, 6.80505E-06, 4.25742E-04
327, 4.44152E-04, 2.41131E-04, 3.14568E-04, 8.75832E-05, 1.29539E-05, 7.18962E-06, 6.78239E-06, 4.27897E-04
328, 4.42619E-04, 2.44564E-04, 3.11096E-04, 8.78780E-05, 1.29332E-05, 7.15870E-06, 6.75951E-06, 4.29609E-04
329, 4.40878E-04, 2.48610E-04, 3.07540E-04, 8.81368E-05, 1.29119E-05, 7.12760E-06, 6.73622E-06, 4.30881E-04
330, 4.38937E-04, 2.53566E-04, 3.03903E-04, 8.83601E-05, 1.28906E-05, 7.09749E-06, 6.71292E-06, 4.31716E-04
331, 4.36801E-04, 2.58355E-04, 3.00189E-04, 8.85487E-05, 1.28685E-05, 7.06758E-06, 6.68960E-06, 4.32120E-04
332, 4.34474E-04, 2.62973E-04, 2.96401E-04, 8.87033E-05, 1.28450E-05, 7.03731E-06, 6.66605E-06, 4.35516E-04
333, 4.31964E-04, 2.67417E-04, 2.92543E-04, 8.88244E-05, 1.28207E-05, 7.00719E-06, 6.64311E-06, 4.45323E-04
334, 4.29275E-04, 2.71682E-04, 2.88617E-04, 8.89128E-05, 1.27959E-05, 6.97705E-06, 6.62050E-06, 4.54900E-04
335, 4.26415E-04, 2.75765E-04, 2.84628E-04, 8.90276E-05, 1.27705E-05, 6.94714E-06, 6.59782E-06, 4.64236E-04
336, 4.23388E-04, 2.79662E-04, 2.80577E-04, 8.94862E-05, 1.27449E-05, 6.91760E-06, 6.57546E-06, 4.73318E-04
337, 4.20201E-04, 2.83372E-04, 2.76470E-04, 8.99073E-05, 1.27197E-05, 6.88831E-06, 6.55290E-06, 4.82137E-04
338, 4.16859E-04, 2.86891E-04, 2.72308E-04, 9.02916E-05, 1.26939E-05, 6.85845E-06, 6.52990E-06, 4.90682E-04
339, 4.13370E-04, 2.90218E-04, 2.68095E-04, 9.06396E-05, 1.26671E-05, 6.82872E-06, 6.50716E-06, 4.98944E-04
340, 4.09738E-04, 2.93349E-04, 2.63836E-04, 9.09519E-05, 1.26398E-05, 6.79881E-06, 6.48465E-06, 5.06914E-04
341, 4.05969E-04, 2.96282E-04, 2.59531E-04, 9.12291E-05, 1.26126E-05, 6.76872E-06, 6.46211E-06, 5.14583E-04
342, 4.02070E-04, 2.99017E-04, 2.55186E-04, 9.14719E-05, 1.25849E-05, 6.73903E-06, 6.43995E-06, 5.21943E-04
343, 3.98047E-04, 3.01552E-04, 2.50803E-04, 9.16808E-05, 1.25573E-05, 6.70973E-06, 6.41790E-06, 5.28987E-04
344, 3.93904E-04, 3.03885E-04, 2.46386E-04, 9.18565E-05, 1.25290E-05, 6.68076E-06, 6.39644E-06, 5.35709E-04
345, 3.89648E-04, 3.06016E-04, 2.41937E-04, 9.19996E-05, 1.25007E-05, 6.65179E-06, 6.37527E-06, 5.42101E-04
346, 3.85284E-04, 3.07944E-04, 2.37461E-04, 9.21107E-05, 1.24725E-05, 6.62273E-06, 6.35442E-06, 5.48159E-04
347, 3.80818E-04, 3.09668E-04, 2.32959E-04, 9.21905E-05, 1.24451E-05, 6.59374E-06, 6.33349E-06, 5.53877E-04
348, 3.76255E-04, 3.11189E-04, 2.28436E-04, 9.22396E-05, 1.24178E-05, 6.56459E-06, 6.31202E-06, 5.59251E-04
349, 3.71601E-04, 3.12507E-04, 2.23894E-04, 9.26636E-05, 1.23896E-05, 6.53577E-06, 6.29033E-06, 5.64277E-04
350, 3.66861E-04, 3.13895E-04, 2.19337E-04, 9.30656E-05, 1.23607E-05, 6.50709E-06, 6.26907E-06, 5.68952E-04
351, 3.62039E-04, 3.15677E-04, 2.14767E-04, 9.34326E-05, 1.23314E-05, 6.47809E-06, 6.24827E-06, 5.73273E-04
352, 3.57142E-04, 3.17242E-04, 2.10189E-04, 9.37652E-05, 1.23025E-05, 6.45016E-06, 6.22706E-06, 5.77237E-04
353, 3.52820E-04, 3.18593E-04, 2.05604E-04, 9.40639E-05, 1.22741E-05, 6.42264E-06, 6.20574E-06, 5.80844E-04
354, 3.50974E-04, 3.19729E-04, 2.01016E-04, 9.43295E-05, 1.22451E-05, 6.39552E-06, 6.18505E-06, 5.84092E-04
355, 3.49039E-04, 3.20655E-04, 1.96428E-04, 9.45622E-05, 1.22162E-05, 6.36836E-06, 6.16481E-06, 5.86981E-04
356, 3.47015E-04, 3.21372E-04, 1.91843E-04, 9.47629E-05, 1.21869E-05, 6.34226E-06, 6.14486E-06, 5.89510E-04
357, 3.44901E-04, 3.21882E-04, 1.87265E-04, 9.49319E-05, 1.21581E-05, 6.31647E-06, 6.12493E-06, 5.91680E-04
358, 3.42917E-04, 3.22190E-04, 1.82696E-04, 9.50700E-05, 1.21298E-05, 6.29156E-06, 6.10466E-06, 5.93492E-04
359, 3.42115E-04, 3.22296E-04, 1.78139E-04, 9.51776E-05, 1.21015E-05, 6.26771E-06, 6.08406E-06, 5.94948E-04
360, 3.41206E-04, 3.22206E-04, 1.73596E-04, 9.52554E-05, 1.20734E-05, 6.24449E-06, 6.06334E-06, 5.96049E-04
361, 3.40187E-04, 3.21922E-04, 1.69071E-04, 9.53038E-05, 1.20453E-05, 6.22163E-06, 6.04257E-06, 5.96798E-04
362, 3.39057E-04, 3.21448E-04, 1.64567E-04, 9.53237E-05, 1.20174E-05, 6.19901E-06, 6.02225E-06, 5.97196E-04
363, 3.37815E-04, 3.20788E-04, 1.60086E-04, 9.53154E-05, 1.19893E-05, 6.17766E-06, 6.00244E-06, 5.97248E-04
364, 3.36460E-04, 3.19945E-04, 1.55632E-04, 9.54193E-05, 1.19609E-05, 6.15647E-06, 5.98306E-06, 5.96956E-04
365, 3.34991E-04, 3.18925E-04, 1.51206E-04, 9.57442E-05, 1.19334E-05, 6.13561E-06, 5.96476E-06, 5.96324E-04
366, 3.33406E-04, 3.17731E-04, 1.46812E-04, 9.60373E-05, 1.19063E-05, 6.11586E-06, 5.94754E-06, 5.95355E-04
367, 3.31705E-04, 3.16368E-04, 1.46491E-04, 9.63648E-05, 1.18795E-05, 6.09631E-06, 5.93084E-06, 5.94055E-04
368, 3.29886E-04, 3.14840E-04, 1.46823E-04, 9.76740E-05, 1.18534E-05, 6.07669E-06, 5.91471E-06, 5.92427E-04
369, 3.27950E-04, 3.13152E-04, 1.47094E-04, 9.89571E-05, 1.18268E-05, 6.05682E-06, 5.89922E-06, 5.90476E-04
370, 3.25895E-04, 3.11308E-04, 1.47307E-04, 1.00214E-04, 1.18002E-05, 6.03683E-06, 5.88451E-06, 5.88207E-04
371, 3.23720E-04, 3.09315E-04, 1.47463E-04, 1.01445E-04, 1.17736E-05, 6.01653E-06, 5.86977E-06, 5.85624E-04
372, 3.21427E-04, 3.07175E-04, 1.47563E-04, 1.02649E-04, 1.17472E-05, 5.99647E-06, 5.85525E-06, 5.82733E-04
373, 3.19014E-04, 3.04895E-04, 1.47609E-04, 1.03828E-04, 1.17213E-05, 5.97643E-06, 5.84069E-06, 5.79539E-04
374, 3.16481E-04, 3.02478E-04, 1.47602E-04, 1.04981E-04, 1.16966E-05, 5.95616E-06, 5.82638E-06, 5.76046E-04
375, 3.13828E-04, 2.99931E-04, 1.47542E-04, 1.06107E-04, 1.16721E-05, 5.93596E-06, 5.81269E-06, 5.72261E-04
376, 3.11056E-04, 2.97258E-04, 1.47433E-04, 1.07208E-04, 1.16480E-05, 5.91632E-06, 5.79899E-06, 5.68189E-04
377, 3.08166E-04, 2.94464E-04, 1.47275E-04, 1.08283E-04, 1.16252E-05, 5.89650E-06, 5.78527E-06, 5.63835E-04
378, 3.05157E-04, 2.91555E-04, 1.47071E-04, 1.09333E-04, 1.16027E-05, 5.87663E-06, 5.77128E-06, 5.59204E-04
379, 3.02030E-04, 2.88534E-04, 1.46820E-04, 1.10357E-04, 1.15800E-05, 5.85652E-06, 5.75720E-06, 5.54303E-04
380, 2.98787E-04, 2.85408E-04, 1.46526E-04, 1.11355E-04, 1.15581E-05, 5.83605E-06, 5.74337E-06, 5.49136E-04
381, 2.95428E-04, 2.82180E-04, 1.46190E-04, 1.12328E-04, 1.15362E-05, 5.81571E-06, 5.72968E-06, 5.43709E-04
382, 2.91956E-04, 2.78857E-04, 1.45814E-04, 1.13276E-04, 1.15142E-05, 5.79507E-06, 5.71631E-06, 5.38027E-04
383, 2.88371E-04, 2.75442E-04, 1.45399E-04, 1.14199E-04, 1.14923E-05, 5.77416E-06, 5.70309E-06, 5.32096E-04
384, 2.84674E-04, 2.71941E-04, 1.44947E-04, 1.15097E-04, 1.14704E-05, 5.75313E-06, 5.69018E-06, 5.25921E-04
385, 2.84232E-04, 2.68358E-04, 1.44460E-04, 1.15969E-04, 1.14490E-05, 5.73188E-06, 5.67751E-06, 5.19508E-04
386, 2.88132E-04, 2.64698E-04, 1.43940E-04, 1.16817E-04, 1.14282E-05, 5.71027E-06, 5.66483E-06, 5.12861E-04
387, 2.91966E-04, 2.60965E-04, 1.43388E-04, 1.17641E-04, 1.14074E-05, 5.68947E-06, 5.65221E-06, 5.05986E-04
388, 2.95733E-04, 2.57164E-04, 1.42806E-04, 1.18439E-04, 1.13869E-05, 5.66863E-06, 5.63942E-06, 4.98889E-04
389, 2.99429E-04, 2.53300E-04, 1.42195E-04, 1.19213E-04, 1.13666E-05, 5.64813E-06, 5.62671E-06, 4.91573E-04
390, 3.03053E-04, 2.49376E-04, 1.41558E-04, 1.19962E-04, 1.13462E-05, 5.62823E-06, 5.61399E-06, 4.84045E-04
391, 3.06602E-04, 2.45397E-04, 1.41053E-04, 1.20687E-04, 1.13253E-05, 5.60844E-06, 5.60122E-06, 4.76310E-04
392, 3.10073E-04, 2.41367E-04, 1.40815E-04, 1.21388E-04, 1.13038E-05, 5.58894E-06, 5.58839E-06, 4.68371E-04
393, 3.13465E-04, 2.37290E-04, 1.40555E-04, 1.22064E-04, 1.12816E-05, 5.56980E-06, 5.57547E-06, 4.60235E-04
394, 3.17691E-04, 2.33170E-04, 1.40273E-04, 1.22716E-04, 1.12590E-05, 5.55101E-06, 5.56269E-06, 4.51907E-04
395, 3.22383E-04, 2.29011E-04, 1.39969E-04, 1.23344E-04, 1.12358E-05, 5.53252E-06, 5.54999E-06, 4.43390E-04
396, 3.26990E-04, 2.25399E-04, 1.39644E-04, 1.23947E-04, 1.12129E-05, 5.51404E-06, 5.53736E-06, 4.34691E-04
397, 3.31510E-04, 2.22548E-04, 1.39299E-04, 1.24526E-04, 1.11904E-05, 5.49556E-06, 5.52507E-06, 4.25813E-04
398, 3.35941E-04, 2.19663E-04, 1.38935E-04, 1.25081E-04, 1.11680E-05, 5.47740E-06, 5.51308E-06, 4.16762E-04
399, 3.40278E-04, 2.16745E-04, 1.39615E-04, 1.25612E-04, 1.11455E-05, 5.45901E-06, 5.50130E-06, 4.07543E-04
400, 3.44520E-04, 2.14900E-04, 1.40842E-04, 1.26119E-04, 1.11227E-05, 5.44042E-06, 5.48955E-06, 3.98160E-04
401, 3.48662E-04, 2.16672E-04, 1.42629E-04, 1.26601E-04, 1.10996E-05, 5.42173E-06, 5.47768E-06, 3.88617E-04
402, 3.52703E-04, 2.18359E-04, 1.44350E-04, 1.27060E-04, 1.10767E-05, 5.40318E-06, 5.46571E-06, 3.78920E-04
403, 3.56639E-04, 2.19961E-04, 1.46004E-04, 1.27771E-04, 1.10540E-05, 5.38454E-06, 5.45373E-06, 3.69074E-04
404, 3.60468E-04, 2.21478E-04, 1.47591E-04, 1.29223E-04, 1.10318E-05, 5.36586E-06, 5.44173E-06, 3.59083E-04
405, 3.64187E-04, 2.22907E-04, 1.49110E-04, 1.30628E-04, 1.10089E-05, 5.34700E-06, 5.42983E-06, 3.48952E-04
406, 3.67794E-04, 2.24250E-04, 1.50559E-04, 1.31984E-04, 1.09858E-05, 5.32941E-06, 5.41787E-06, 3.38686E-04
407, 3.71286E-04, 2.25505E-04, 1.51938E-04, 1.33292E-04, 1.09627E-05, 5.31170E-06, 5.40577E-06, 3.28290E-04
408, 3.74660E-04, 2.26671E-04, 1.53247E-04, 1.34552E-04, 1.09400E-05, 5.29379E-06, 5.39363E-06, 3.17768E-04
409, 3.77914E-04, 2.27749E-04, 1.54485E-04, 1.35762E-04, 1.09180E-05, 5.27560E-06, 5.38147E-06, 3.07125E-04
410, 3.81046E-04, 2.28738E-04, 1.56115E-04, 1.36924E-04, 1.08967E-05, 5.25752E-06, 5.36933E-06, 2.96367E-04
411, 3.84054E-04, 2.29638E-04, 1.58259E-04, 1.38036E-04, 1.08752E-05, 5.23964E-06, 5.35726E-06, 2.94831E-04
412, 3.86936E-04, 2.30448E-04, 1.60340E-04, 1.39099E-04, 1.08534E-05, 5.22183E-06, 5.34521E-06, 2.95270E-04
413, 3.89689E-04, 2.31772E-04, 1.62358E-04, 1.40112E-04, 1.08319E-05, 5.20429E-06, 5.33325E-06, 2.95382E-04
414, 3.92312E-04, 2.33415E-04, 1.64310E-04, 1.41075E-04, 1.08103E-05, 5.18687E-06, 5.32124E-06, 2.95168E-04
415, 3.94803E-04, 2.34970E-04, 1.66197E-04, 1.41989E-04, 1.07886E-05, 5.16915E-06, 5.30916E-06, 2.94627E-04
416, 3.97160E-04, 2.36438E-04, 1.68018E-04, 1.42854E-04, 1.07677E-05, 5.15114E-06, 5.29719E-06, 2.93762E-04
417, 3.99381E-04, 2.37819E-04, 1.69771E-04, 1.43668E-04, 1.07470E-05, 5.13286E-06, 5.28511E-06, 2.92574E-04
418, 4.01466E-04, 2.39113E-04, 1.71457E-04, 1.44433E-04, 1.07264E-05, 5.11491E-06, 5.27301E-06, 2.91066E-04
419, 4.03412E-04, 2.40323E-04, 1.73075E-04, 1.45148E-04, 1.07061E-05, 5.09704E-06, 5.26104E-06, 2.89243E-04
420, 4.05218E-04, 2.41446E-04, 1.74623E-04, 1.45814E-04, 1.06852E-05, 5.07929E-06, 5.24902E-06, 2.87109E-04
421, 4.06884E-04, 2.42485E-04, 1.76103E-04, 1.46430E-04, 1.06638E-05, 5.06155E-06, 5.23697E-06, 2.84670E-04
422, 4.08408E-04, 2.43439E-04, 1.77512E-04, 1.46997E-04, 1.06422E-05, 5.04401E-06, 5.22499E-06, 2.81933E-04
423, 4.09788E-04, 2.44308E-04, 1.78852E-04, 1.47515E-04, 1.06210E-05, 5.02749E-06, 5.21317E-06, 2.78904E-04
424, 4.11026E-04, 2.45094E-04, 1.80121E-04, 1.47983E-04, 1.06007E-05, 5.01097E-06, 5.20156E-06, 2.75593E-04
425, 4.12118E-04, 2.45795E-04, 1.81319E-04, 1.48403E-04, 1.05806E-05, 4.99428E-06, 5.18993E-06, 2.72007E-04
426, 4.13066E-04, 2.46414E-04, 1.83411E-04, 1.48774E-04, 1.05599E-05, 4.97717E-06, 5.17813E-06, 2.68157E-04
427, 4.13868E-04, 2.46949E-04, 1.85696E-04, 1.49096E-04, 1.05389E-05, 4.95989E-06, 5.16621E-06, 2.64053E-04
428, 4.14524E-04, 2.47401E-04, 1.87924E-04, 1.49371E-04, 1.05177E-05, 4.94259E-06, 5.15444E-06, 2.59706E-04
429, 4.15034E-04, 2.47771E-04, 1.90093E-04, 1.49597E-04, 1.04974E-05, 4.92558E-06, 5.14260E-06, 2.55129E-04
430, 4.15398E-04, 2.48059E-04, 1.92204E-04, 1.49776E-04, 1.04773E-05, 4.90885E-06, 5.13057E-06, 2.50332E-04
431, 4.16779E-04, 2.48265E-04, 1.94253E-04, 1.49908E-04, 1.04572E-05, 4.89221E-06, 5.11867E-06, 2.45330E-04
432, 4.18823E-04, 2.48390E-04, 1.96242E-04, 1.49992E-04, 1.04366E-05, 4.87539E-06, 5.10663E-06, 2.40136E-04
433, 4.20749E-04, 2.48433E-04, 1.98168E-04, 1.50030E-04, 1.04162E-05, 4.85842E-06, 5.09431E-06, 2.34762E-04
434, 4.22558E-04, 2.48395E-04, 2.00030E-04, 1.50022E-04, 1.03963E-05, 4.84135E-06, 5.08198E-06, 2.33720E-04
435, 4.24247E-04, 2.48277E-04, 2.01828E-04, 1.49968E-04, 1.03768E-05, 4.82436E-06, 5.06973E-06, 2.37544E-04
436, 4.25816E-04, 2.48079E-04, 2.03562E-04, 1.49869E-04, 1.03580E-05, 4.80765E-06, 5.05748E-06, 2.41225E-04
437, 4.27263E-04, 2.47801E-04, 2.05229E-04, 1.49725E-04, 1.03397E-05, 4.79171E-06, 5.04527E-06, 2.44757E-04
438, 4.28588E-04, 2.47444E-04, 2.06829E-04, 1.49536E-04, 1.03229E-05, 4.77554E-06, 5.03311E-06, 2.48136E-04
439, 4.29790E-04, 2.47008E-04, 2.08362E-04, 1.49303E-04, 1.03062E-05, 4.75939E-06, 5.02122E-06, 2.51357E-04
440, 4.30868E-04, 2.46493E-04, 2.09827E-04, 1.49027E-04, 1.02893E-05, 4.74325E-06, 5.00937E-06, 2.54417E-04
441, 4.31821E-04, 2.45900E-04, 2.11223E-04, 1.48708E-04, 1.02721E-05, 4.72692E-06, 4.99742E-06, 2.57311E-04
442, 4.32649E-04, 2.45230E-04, 2.12549E-04, 1.48347E-04, 1.02548E-05, 4.71030E-06, 4.98531E-06, 2.60035E-04
443, 4.33351E-04, 2.44483E-04, 2.13805E-04, 1.47943E-04, 1.02377E-05, 4.69368E-06, 4.97311E-06, 2.64112E-04
444, 4.33927E-04, 2.44690E-04, 2.14991E-04, 1.47498E-04, 1.02206E-05, 4.67688E-06, 4.96090E-06, 2.69018E-04
445, 4.34377E-04, 2.44972E-04, 2.16106E-04, 1.47013E-04, 1.02030E-05, 4.66018E-06, 4.94875E-06, 2.73754E-04
446, 4.34699E-04, 2.45176E-04, 2.17149E-04, 1.46487E-04, 1.01848E-05, 4.64348E-06, 4.93653E-06, 2.78317E-04
447, 4.34895E-04, 2.45300E-04, 2.18121E-04, 1.45922E-04, 1.01662E-05, 4.62682E-06, 4.92443E-06, 2.82702E-04
448, 4.34964E-04, 2.46331E-04, 2.19020E-04, 1.45317E-04, 1.01473E-05, 4.61031E-06, 4.91219E-06, 2.86904E-04
449, 4.34906E-04, 2.48467E-04, 2.19847E-04, 1.44675E-04, 1.01289E-05, 4.59372E-06, 4.89979E-06, 2.90918E-04
450, 4.34721E-04, 2.50540E-04, 2.20601E-04, 1.44175E-04, 1.01098E-05, 4.57712E-06, 4.88740E-06, 2.94743E-04
451, 4.34410E-04, 2.52550E-04, 2.21282E-04, 1.43798E-04, 1.00905E-05, 4.56055E-06, 4.87503E-06, 2.98373E-04
452, 4.33973E-04, 2.54495E-04, 2.21890E-04, 1.43386E-04, 1.00708E-05, 4.54389E-06, 4.86251E-06, 3.01805E-04
453, 4.33409E-04, 2.56375E-04, 2.22425E-04, 1.42939E-04, 1.00506E-05, 4.52712E-06, 4.84984E-06, 3.05037E-04
454, 4.32721E-04, 2.58189E-04, 2.22886E-04, 1.42458E-04, 1.00292E-05, 4.51062E-06, 4.83735E-06, 3.08067E-04
455, 4.31907E-04, 2.59936E-04, 2.23462E-04, 1.41943E-04, 1.00075E-05, 4.49400E-06, 4.82484E-06, 3.10891E-04
456, 4.30969E-04, 2.61616E-04, 2.25200E-04, 1.41394E-04, 9.98497E-06, 4.47709E-06, 4.81225E-06, 3.13507E-04
457, 4.29908E-04, 2.63227E-04, 2.26887E-04, 1.40813E-04, 9.96173E-06, 4.46032E-06, 4.79952E-06, 3.15915E-04
458, 4.28725E-04, 2.64769E-04, 2.28521E-04, 1.40199E-04, 9.93797E-06, 4.44414E-06, 4.78677E-06, 3.18113E-04
459, 4.27420E-04, 2.66242E-04, 2.30102E-04, 1.39552E-04, 9.91400E-06, 4.42850E-06, 4.77414E-06, 3.20099E-04
460, 4.25994E-04, 2.67644E-04, 2.31627E-04, 1.38874E-04, 9.89007E-06, 4.41258E-06, 4.76154E-06, 3.21873E-04
461, 4.24449E-04, 2.68976E-04, 2.33097E-04, 1.38165E-04, 9.86607E-06, 4.39769E-06, 4.74892E-06, 3.23435E-04
462, 4.22786E-04, 2.70237E-04, 2.34509E-04, 1.37425E-04, 9.84190E-06, 4.38350E-06, 4.73628E-06, 3.24785E-04
463, 4.21005E-04, 2.71426E-04, 2.35864E-04, 1.36655E-04, 9.81785E-06, 4.36918E-06, 4.72340E-06, 3.25922E-04
464, 4.19109E-04, 2.72543E-04, 2.37159E-04, 1.35856E-04, 9.79362E-06, 4.35495E-06, 4.71045E-06, 3.26847E-04
465, 4.17099E-04, 2.73588E-04, 2.38394E-04, 1.35028E-04, 9.76893E-06, 4.34079E-06, 4.69760E-06, 3.27562E-04
466, 4.14976E-04, 2.74560E-04, 2.39569E-04, 1.34171E-04, 9.74399E-06, 4.32681E-06, 4.68466E-06, 3.29179E-04
467, 4.12742E-04, 2.75459E-04, 2.40681E-04, 1.33287E-04, 9.71847E-06, 4.31278E-06, 4.67170E-06, 3.32678E-04
468, 4.10398E-04, 2.76284E-04, 2.41730E-04, 1.32375E-04, 9.69277E-06, 4.29849E-06, 4.65872E-06, 3.38278E-04
469, 4.07947E-04, 2.77036E-04, 2.42716E-04, 1.31437E-04, 9.66631E-06, 4.28396E-06, 4.64569E-06, 3.44068E-04
470, 4.05390E-04, 2.77714E-04, 2.43636E-04, 1.30473E-04, 9.63933E-06, 4.26941E-06, 4.63261E-06, 3.49609E-04
471, 4.02729E-04, 2.78319E-04, 2.44492E-04, 1.29484E-04, 9.61162E-06, 4.25476E-06, 4.61959E-06, 3.56764E-04
472, 3.99966E-04, 2.78850E-04, 2.45282E-04, 1.28470E-04, 9.58355E-06, 4.24001E-06, 4.60656E-06, 3.63702E-04
473, 3.97103E-04, 2.79306E-04, 2.46004E-04, 1.27432E-04, 9.55504E-06, 4.22526E-06, 4.59342E-06, 3.70416E-04
474, 3.94142E-04, 2.79689E-04, 2.46660E-04, 1.26371E-04, 9.52648E-06, 4.21047E-06, 4.58035E-06, 3.76903E-04
475, 3.91085E-04, 2.79998E-04, 2.47247E-04, 1.25287E-04, 9.49761E-06, 4.19543E-06, 4.56725E-06, 3.83160E-04
476, 3.87935E-04, 2.80234E-04, 2.47766E-04, 1.24182E-04, 9.46816E-06, 4.18030E-06, 4.55407E-06, 3.89185E-04
477, 3.84694E-04, 2.80395E-04, 2.48215E-04, 1.23055E-04, 9.43766E-06, 4.16504E-06, 4.54070E-06, 3.94975E-04
478, 3.81363E-04, 2.80483E-04, 2.48595E-04, 1.21908E-04, 9.40690E-06, 4.14974E-06, 4.52730E-06, 4.00529E-04
479, 3.77947E-04, 2.80658E-04, 2.48905E-04, 1.20741E-04, 9.37564E-06, 4.13462E-06, 4.51382E-06, 4.05844E-04
480, 3.74448E-04, 2.81234E-04, 2.49145E-04, 1.19554E-04, 9.34421E-06, 4.11966E-06, 4.50038E-06, 4.10919E-04
481, 3.70867E-04, 2.81749E-04, 2.49314E-04, 1.18350E-04, 9.31312E-06, 4.10464E-06, 4.48687E-06, 4.15753E-04
482, 3.67516E-04, 2.82202E-04, 2.49412E-04, 1.17128E-04, 9.28213E-06, 4.08959E-06, 4.47328E-06, 4.20344E-04
483, 3.65011E-04, 2.82593E-04, 2.49438E-04, 1.15889E-04, 9.25076E-06, 4.07459E-06, 4.45961E-06, 4.24690E-04
484, 3.62407E-04, 2.82921E-04, 2.49394E-04, 1.14633E-04, 9.21910E-06, 4.05973E-06, 4.44581E-06, 4.28792E-04
485, 3.59707E-04, 2.83185E-04, 2.49278E-04, 1.13363E-04, 9.18716E-06, 4.04481E-06, 4.43184E-06, 4.32649E-04
486, 3.56912E-04, 2.83387E-04, 2.49090E-04, 1.12077E-04, 9.15433E-06, 4.03002E-06, 4.41792E-06, 4.36259E-04
487, 3.54026E-04, 2.83524E-04, 2.48831E-04, 1.10778E-04, 9.12132E-06, 4.01534E-06, 4.40400E-06, 4.39624E-04
488, 3.51050E-04, 2.84169E-04, 2.48501E-04, 1.09465E-04, 9.08796E-06, 4.00062E-06, 4.39010E-06, 4.42742E-04
489, 3.47987E-04, 2.85217E-04, 2.48099E-04, 1.08140E-04, 9.05416E-06, 3.98597E-06, 4.37624E-06, 4.45613E-04
490, 3.44839E-04, 2.86210E-04, 2.47626E-04, 1.06802E-04, 9.01986E-06, 3.97156E-06, 4.36234E-06, 4.48239E-04
491, 3.42005E-04, 2.87148E-04, 2.47082E-04, 1.05454E-04, 8.98550E-06, 3.95736E-06, 4.34848E-06, 4.50619E-04
492, 3.40227E-04, 2.88030E-04, 2.46468E-04, 1.04096E-04, 8.95067E-06, 3.94342E-06, 4.33457E-06, 4.52755E-04
493, 3.38363E-04, 2.88854E-04, 2.45783E-04, 1.02727E-04, 8.91547E-06, 3.92956E-06, 4.32064E-06, 4.54646E-04
494, 3.36413E-04, 2.89620E-04, 2.45028E-04, 1.01350E-04, 8.87958E-06, 3.91569E-06, 4.30648E-06, 4.56294E-04
495, 3.34378E-04, 2.90327E-04, 2.44204E-04, 9.99650E-05, 8.84305E-06, 3.90176E-06, 4.29216E-06, 4.57700E-04
496, 3.32262E-04, 2.90975E-04, 2.43310E-04, 9.85723E-05, 8.80611E-06, 3.88808E-06, 4.27789E-06, 4.58866E-04
497, 3.30064E-04, 2.91562E-04, 2.42348E-04, 9.71727E-05, 8.76911E-06, 3.87448E-06, 4.26355E-06, 4.59792E-04
498, 3.27786E-04, 2.92087E-04, 2.41319E-04, 9.57671E-05, 8.73209E-06, 3.86110E-06, 4.24926E-06, 4.60481E-04
499, 3.25431E-04, 2.92551E-04, 2.40222E-04, 9.43562E-05, 8.69489E-06, 3.84787E-06, 4.23496E-06, 4.60934E-04
500, 3.22999E-04, 2.92952E-04, 2.39059E-04, 9.29405E-05, 8.65702E-06, 3.83469E-06, 4.22081E-06, 4.61153E-04
