time_step, rel_err_u, rel_err_v, rel_err_w, rel_err_p, rel_err_u_m, rel_err_v_m, rel_err_w_m, rel_err_p_m
0, 0.00000E+00, 0.00000E+00, 0.00000E+00, 0.00000E+00, 0.00000E+00, 0.00000E+00, 0.00000E+00,    Infinity
1, 1.06198E-05, 8.29916E-06, 7.22108E-06, 1.04355E-03, 6.32699E-07, 5.42318E-07, 4.39538E-07, 4.71657E+02
2, 3.68703E-05, 2.76670E-05, 3.37505E-05, 4.21724E-04, 7.48199E-07, 6.62124E-07, 5.06862E-07, 1.40018E-01
3, 1.14116E-05, 8.84029E-06, 4.42150E-06, 3.31797E-05, 5.28566E-07, 4.28545E-07, 3.42028E-07, 3.69745E-02
4, 1.22717E-05, 7.56920E-06, 4.35774E-06, 1.14756E-05, 4.68943E-07, 3.70117E-07, 2.98805E-07, 9.00109E-03
5, 1.20599E-05, 7.66254E-06, 4.32331E-06, 4.08612E-06, 4.67554E-07, 3.70274E-07, 2.97729E-07, 2.87544E-03
6, 1.22635E-05, 7.88467E-06, 4.25939E-06, 3.40077E-06, 4.62895E-07, 3.67324E-07, 2.95315E-07, 7.13088E-04
7, 1.27220E-05, 8.08121E-06, 4.16600E-06, 3.42996E-06, 4.59603E-07, 3.65563E-07, 2.93315E-07, 2.25873E-04
8, 1.31193E-05, 8.25549E-06, 4.04326E-06, 3.40653E-06, 4.56116E-07, 3.63686E-07, 2.91410E-07, 1.07953E-04
9, 1.34468E-05, 8.40959E-06, 3.94616E-06, 3.40207E-06, 4.52801E-07, 3.61883E-07, 2.89564E-07, 5.15566E-05
10, 1.38968E-05, 8.53990E-06, 3.97835E-06, 3.45071E-06, 4.49548E-07, 3.60162E-07, 2.87709E-07, 3.32041E-05
11, 1.45123E-05, 8.64576E-06, 4.07584E-06, 3.53110E-06, 4.46505E-07, 3.58496E-07, 2.85920E-07, 3.12733E-05
12, 1.52265E-05, 8.72662E-06, 4.16769E-06, 3.60245E-06, 4.43372E-07, 3.56810E-07, 2.84145E-07, 3.20424E-05
13, 1.60688E-05, 8.78189E-06, 4.25366E-06, 3.66115E-06, 4.40259E-07, 3.55123E-07, 2.82395E-07, 3.20913E-05
14, 1.68909E-05, 8.81110E-06, 4.33349E-06, 3.70632E-06, 4.37204E-07, 3.53459E-07, 2.80579E-07, 3.18308E-05
15, 1.76869E-05, 8.83497E-06, 4.49789E-06, 3.73754E-06, 4.34130E-07, 3.51881E-07, 2.78808E-07, 3.12790E-05
16, 1.84510E-05, 8.84126E-06, 4.71889E-06, 3.75428E-06, 4.31363E-07, 3.50467E-07, 2.77139E-07, 3.06679E-05
17, 1.91772E-05, 8.82171E-06, 4.92903E-06, 3.75620E-06, 4.28645E-07, 3.49075E-07, 2.75549E-07, 3.11080E-05
18, 1.98601E-05, 8.77606E-06, 5.12572E-06, 3.74316E-06, 4.25887E-07, 3.47633E-07, 2.73961E-07, 3.18190E-05
19, 2.04941E-05, 8.86352E-06, 5.30634E-06, 3.71521E-06, 4.23062E-07, 3.46159E-07, 2.72409E-07, 3.21895E-05
20, 2.10740E-05, 9.03486E-06, 5.46829E-06, 3.67256E-06, 4.20279E-07, 3.44654E-07, 2.70932E-07, 3.22161E-05
21, 2.18346E-05, 9.18413E-06, 5.60905E-06, 3.61565E-06, 4.17447E-07, 3.43169E-07, 2.69451E-07, 3.19012E-05
22, 2.28016E-05, 9.31038E-06, 5.72619E-06, 3.66418E-06, 4.14611E-07, 3.41735E-07, 2.67984E-07, 3.12533E-05
23, 2.37223E-05, 9.41277E-06, 5.81743E-06, 3.74102E-06, 4.11992E-07, 3.40424E-07, 2.66572E-07, 3.02871E-05
24, 2.45900E-05, 9.49055E-06, 5.88067E-06, 3.80402E-06, 4.09349E-07, 3.39113E-07, 2.65193E-07, 3.05578E-05
25, 2.53971E-05, 9.54308E-06, 6.16026E-06, 3.85240E-06, 4.06757E-07, 3.37779E-07, 2.63773E-07, 3.12889E-05
26, 2.61364E-05, 9.56984E-06, 6.50606E-06, 3.88552E-06, 4.04152E-07, 3.36505E-07, 2.62347E-07, 3.17594E-05
27, 2.68011E-05, 9.57048E-06, 6.83850E-06, 3.90290E-06, 4.01552E-07, 3.35239E-07, 2.60941E-07, 3.19776E-05
28, 2.73850E-05, 9.57651E-06, 7.15412E-06, 3.90427E-06, 3.99059E-07, 3.33955E-07, 2.59583E-07, 3.19560E-05
29, 2.78821E-05, 9.58159E-06, 7.44946E-06, 3.88949E-06, 3.96562E-07, 3.32744E-07, 2.58327E-07, 3.17108E-05
30, 2.82869E-05, 9.56065E-06, 7.72111E-06, 3.85865E-06, 3.94164E-07, 3.31555E-07, 2.57057E-07, 3.17087E-05
31, 2.85945E-05, 9.51345E-06, 7.96573E-06, 3.81199E-06, 3.91867E-07, 3.30399E-07, 2.55845E-07, 3.23902E-05
32, 2.88007E-05, 9.43988E-06, 8.18017E-06, 3.74994E-06, 3.89579E-07, 3.29306E-07, 2.54655E-07, 3.27957E-05
33, 2.91667E-05, 9.34003E-06, 8.36143E-06, 3.67308E-06, 3.87299E-07, 3.28205E-07, 2.53442E-07, 3.29390E-05
34, 2.98458E-05, 9.21417E-06, 8.50677E-06, 3.58219E-06, 3.84997E-07, 3.27161E-07, 2.52258E-07, 3.28387E-05
35, 3.04287E-05, 9.14664E-06, 8.61374E-06, 3.47816E-06, 3.82788E-07, 3.26085E-07, 2.51061E-07, 3.25166E-05
36, 3.09088E-05, 9.12064E-06, 8.68019E-06, 3.42788E-06, 3.80530E-07, 3.25033E-07, 2.49900E-07, 3.19975E-05
37, 3.12798E-05, 9.18221E-06, 8.70435E-06, 3.40916E-06, 3.78228E-07, 3.23973E-07, 2.48782E-07, 3.21023E-05
38, 3.15363E-05, 9.22169E-06, 8.68485E-06, 3.37627E-06, 3.75904E-07, 3.22986E-07, 2.47699E-07, 3.23353E-05
39, 3.16734E-05, 9.23876E-06, 8.62073E-06, 3.33037E-06, 3.73590E-07, 3.21983E-07, 2.46644E-07, 3.24498E-05
40, 3.16873E-05, 9.23327E-06, 8.91349E-06, 3.39415E-06, 3.71262E-07, 3.21078E-07, 2.45594E-07, 3.39329E-05
41, 3.15749E-05, 9.20519E-06, 9.29691E-06, 3.45220E-06, 3.68979E-07, 3.20150E-07, 2.44552E-07, 3.51152E-05
42, 3.13340E-05, 9.15465E-06, 9.64555E-06, 3.50366E-06, 3.66754E-07, 3.19172E-07, 2.43474E-07, 3.59978E-05
43, 3.09636E-05, 9.21928E-06, 9.95533E-06, 3.54770E-06, 3.64438E-07, 3.18199E-07, 2.42380E-07, 3.65871E-05
44, 3.05280E-05, 9.34457E-06, 1.02224E-05, 3.58348E-06, 3.62126E-07, 3.17247E-07, 2.41253E-07, 3.68948E-05
45, 3.07115E-05, 9.44688E-06, 1.04432E-05, 3.61020E-06, 3.60005E-07, 3.16306E-07, 2.40171E-07, 3.69372E-05
46, 3.07733E-05, 9.52531E-06, 1.06144E-05, 3.62708E-06, 3.57831E-07, 3.15369E-07, 2.39133E-07, 3.67347E-05
47, 3.07097E-05, 9.57907E-06, 1.07333E-05, 3.63340E-06, 3.55588E-07, 3.14442E-07, 2.38135E-07, 3.63112E-05
48, 3.05175E-05, 9.60754E-06, 1.07972E-05, 3.62854E-06, 3.53263E-07, 3.13501E-07, 2.37090E-07, 3.56930E-05
49, 3.01947E-05, 9.61018E-06, 1.08043E-05, 3.61192E-06, 3.50724E-07, 3.12584E-07, 2.36049E-07, 3.49082E-05
50, 2.97402E-05, 9.79648E-06, 1.07529E-05, 3.58309E-06, 3.48140E-07, 3.11794E-07, 2.34997E-07, 3.39858E-05
51, 2.91541E-05, 1.02894E-05, 1.06421E-05, 3.54169E-06, 3.45695E-07, 3.10944E-07, 2.33934E-07, 3.29543E-05
52, 2.87092E-05, 1.07737E-05, 1.04714E-05, 3.62737E-06, 3.43201E-07, 3.10094E-07, 2.32889E-07, 3.18413E-05
53, 2.92911E-05, 1.12479E-05, 1.02409E-05, 3.72247E-06, 3.40736E-07, 3.09318E-07, 2.31849E-07, 3.23814E-05
54, 2.97246E-05, 1.17107E-05, 1.01851E-05, 3.81274E-06, 3.38126E-07, 3.08551E-07, 2.30800E-07, 3.29629E-05
55, 3.03501E-05, 1.21606E-05, 1.07332E-05, 3.89703E-06, 3.35576E-07, 3.07738E-07, 2.29743E-07, 3.33182E-05
56, 3.14528E-05, 1.25964E-05, 1.12538E-05, 3.97423E-06, 3.33176E-07, 3.06856E-07, 2.28658E-07, 3.34482E-05
57, 3.24045E-05, 1.30168E-05, 1.17434E-05, 4.04323E-06, 3.30659E-07, 3.05936E-07, 2.27519E-07, 3.33562E-05
58, 3.31998E-05, 1.34206E-05, 1.21984E-05, 4.10295E-06, 3.28116E-07, 3.05001E-07, 2.26323E-07, 3.30488E-05
59, 3.38349E-05, 1.38067E-05, 1.26153E-05, 4.15240E-06, 3.25573E-07, 3.04085E-07, 2.25086E-07, 3.25348E-05
60, 3.43077E-05, 1.41741E-05, 1.29911E-05, 4.19068E-06, 3.22982E-07, 3.03149E-07, 2.23909E-07, 3.27821E-05
61, 3.46174E-05, 1.45217E-05, 1.33229E-05, 4.21698E-06, 3.20597E-07, 3.02188E-07, 2.22755E-07, 3.46472E-05
62, 3.47648E-05, 1.48488E-05, 1.36082E-05, 4.23062E-06, 3.18227E-07, 3.01186E-07, 2.21653E-07, 3.62941E-05
63, 3.47519E-05, 1.51545E-05, 1.38448E-05, 4.23107E-06, 3.15883E-07, 3.00120E-07, 2.20526E-07, 3.77070E-05
64, 3.45822E-05, 1.54382E-05, 1.40315E-05, 4.21794E-06, 3.13499E-07, 2.99080E-07, 2.19403E-07, 3.88736E-05
65, 3.42603E-05, 1.57762E-05, 1.41664E-05, 4.19098E-06, 3.11088E-07, 2.98076E-07, 2.18259E-07, 3.97849E-05
66, 3.42007E-05, 1.60900E-05, 1.42481E-05, 4.15012E-06, 3.08883E-07, 2.97199E-07, 2.17114E-07, 4.04355E-05
67, 3.43829E-05, 1.63783E-05, 1.42757E-05, 4.09546E-06, 3.06609E-07, 2.96322E-07, 2.15951E-07, 4.08234E-05
68, 3.43960E-05, 1.66407E-05, 1.42490E-05, 4.02721E-06, 3.04304E-07, 2.95461E-07, 2.14795E-07, 4.09500E-05
69, 3.42414E-05, 1.68766E-05, 1.41680E-05, 3.94577E-06, 3.02075E-07, 2.94569E-07, 2.13608E-07, 4.08199E-05
70, 3.39219E-05, 1.70856E-05, 1.40332E-05, 3.85167E-06, 2.99740E-07, 2.93691E-07, 2.12514E-07, 4.04407E-05
71, 3.34417E-05, 1.72675E-05, 1.38456E-05, 3.74555E-06, 2.97681E-07, 2.92779E-07, 2.11458E-07, 3.98229E-05
72, 3.40179E-05, 1.74220E-05, 1.36064E-05, 3.62819E-06, 2.95718E-07, 2.91832E-07, 2.10346E-07, 3.89792E-05
73, 3.47338E-05, 1.75493E-05, 1.33173E-05, 3.50045E-06, 2.93833E-07, 2.90921E-07, 2.09212E-07, 3.79246E-05
74, 3.53083E-05, 1.76492E-05, 1.29805E-05, 3.36329E-06, 2.92126E-07, 2.89990E-07, 2.08038E-07, 3.66757E-05
75, 3.57380E-05, 1.77222E-05, 1.25982E-05, 3.21772E-06, 2.90526E-07, 2.89033E-07, 2.06842E-07, 3.52504E-05
76, 3.60205E-05, 1.77685E-05, 1.21732E-05, 3.06481E-06, 2.88825E-07, 2.88045E-07, 2.05634E-07, 3.36677E-05
77, 3.61544E-05, 1.77885E-05, 1.17084E-05, 2.90568E-06, 2.87102E-07, 2.86974E-07, 2.04425E-07, 3.38479E-05
78, 3.61394E-05, 1.77826E-05, 1.12071E-05, 2.74144E-06, 2.85353E-07, 2.85888E-07, 2.03227E-07, 3.47850E-05
79, 3.59762E-05, 1.77516E-05, 1.06726E-05, 2.57322E-06, 2.83596E-07, 2.84814E-07, 2.02062E-07, 3.54818E-05
80, 3.56667E-05, 1.76961E-05, 1.01085E-05, 2.40213E-06, 2.81885E-07, 2.83777E-07, 2.00944E-07, 3.59426E-05
81, 3.52136E-05, 1.76710E-05, 9.51858E-06, 2.22927E-06, 2.80210E-07, 2.82819E-07, 1.99821E-07, 3.61741E-05
82, 3.46205E-05, 1.76434E-05, 8.90663E-06, 2.05570E-06, 2.78857E-07, 2.81801E-07, 1.98695E-07, 3.61860E-05
83, 3.38919E-05, 1.75899E-05, 8.97443E-06, 1.88241E-06, 2.77688E-07, 2.80797E-07, 1.97566E-07, 3.59897E-05
84, 3.30330E-05, 1.75113E-05, 9.13860E-06, 1.76806E-06, 2.76435E-07, 2.79803E-07, 1.96425E-07, 3.55987E-05
85, 3.20499E-05, 1.74086E-05, 9.27200E-06, 1.77419E-06, 2.75162E-07, 2.78806E-07, 1.95257E-07, 3.50278E-05
86, 3.09493E-05, 1.72826E-05, 9.47473E-06, 1.77914E-06, 2.73959E-07, 2.77801E-07, 1.94075E-07, 3.42929E-05
87, 2.97383E-05, 1.71345E-05, 9.65889E-06, 1.78292E-06, 2.72790E-07, 2.76823E-07, 1.92905E-07, 3.34109E-05
88, 2.84248E-05, 1.76496E-05, 9.79154E-06, 1.78554E-06, 2.71560E-07, 2.75828E-07, 1.91755E-07, 3.23987E-05
89, 2.70171E-05, 1.82360E-05, 9.87317E-06, 1.78703E-06, 2.70335E-07, 2.74786E-07, 1.90599E-07, 3.12737E-05
90, 2.55236E-05, 1.87852E-05, 9.90460E-06, 1.78738E-06, 2.69112E-07, 2.73762E-07, 1.89418E-07, 3.00530E-05
91, 2.39534E-05, 1.92954E-05, 9.88695E-06, 1.78663E-06, 2.67842E-07, 2.72672E-07, 1.88235E-07, 2.87533E-05
92, 2.26048E-05, 1.97653E-05, 9.82162E-06, 1.78510E-06, 2.66575E-07, 2.71553E-07, 1.87041E-07, 2.73906E-05
93, 2.28739E-05, 2.01935E-05, 9.71030E-06, 1.79523E-06, 2.65400E-07, 2.70441E-07, 1.85836E-07, 2.59801E-05
94, 2.30387E-05, 2.05791E-05, 9.55491E-06, 1.80418E-06, 2.64443E-07, 2.69291E-07, 1.84656E-07, 2.45358E-05
95, 2.31027E-05, 2.09214E-05, 9.35759E-06, 1.81196E-06, 2.63484E-07, 2.68133E-07, 1.83599E-07, 2.30708E-05
96, 2.37429E-05, 2.12197E-05, 9.12071E-06, 1.81858E-06, 2.62489E-07, 2.66950E-07, 1.82602E-07, 2.15970E-05
97, 2.48614E-05, 2.14739E-05, 8.84680E-06, 1.82404E-06, 2.61536E-07, 2.65819E-07, 1.81719E-07, 2.01248E-05
98, 2.58896E-05, 2.16839E-05, 8.94459E-06, 1.82835E-06, 2.60531E-07, 2.64714E-07, 1.80874E-07, 1.86635E-05
99, 2.68253E-05, 2.18501E-05, 9.07113E-06, 1.83152E-06, 2.59485E-07, 2.63646E-07, 1.80047E-07, 1.72210E-05
100, 2.76664E-05, 2.19726E-05, 9.15612E-06, 1.83356E-06, 2.58480E-07, 2.62581E-07, 1.79215E-07, 1.58043E-05
101, 2.84117E-05, 2.20520E-05, 9.19989E-06, 1.83448E-06, 2.57443E-07, 2.61490E-07, 1.78377E-07, 1.48188E-05
102, 2.90606E-05, 2.20889E-05, 9.20304E-06, 1.83429E-06, 2.56352E-07, 2.60375E-07, 1.77528E-07, 1.44417E-05
103, 2.96129E-05, 2.20844E-05, 9.16644E-06, 1.83301E-06, 2.55208E-07, 2.59259E-07, 1.76658E-07, 1.39244E-05
104, 3.00688E-05, 2.20393E-05, 9.09121E-06, 1.83987E-06, 2.54075E-07, 2.58149E-07, 1.75757E-07, 1.32788E-05
105, 3.04293E-05, 2.19551E-05, 8.97873E-06, 1.85129E-06, 2.53042E-07, 2.57010E-07, 1.74837E-07, 1.30193E-05
106, 3.06958E-05, 2.18329E-05, 8.83056E-06, 1.86137E-06, 2.52074E-07, 2.55832E-07, 1.73914E-07, 1.34404E-05
107, 3.08698E-05, 2.16742E-05, 8.64848E-06, 1.87014E-06, 2.51096E-07, 2.54656E-07, 1.73006E-07, 1.37749E-05
108, 3.09537E-05, 2.14806E-05, 8.43447E-06, 1.87758E-06, 2.50155E-07, 2.53453E-07, 1.72104E-07, 1.40816E-05
109, 3.09499E-05, 2.12537E-05, 8.19064E-06, 1.88371E-06, 2.49222E-07, 2.52271E-07, 1.71207E-07, 1.43036E-05
110, 3.08614E-05, 2.09951E-05, 7.91924E-06, 1.88853E-06, 2.48275E-07, 2.51072E-07, 1.70294E-07, 1.44433E-05
111, 3.06913E-05, 2.07067E-05, 7.62267E-06, 1.89205E-06, 2.47297E-07, 2.49854E-07, 1.69375E-07, 1.45033E-05
112, 3.04431E-05, 2.03901E-05, 7.30339E-06, 1.89429E-06, 2.46345E-07, 2.48621E-07, 1.68454E-07, 1.44868E-05
113, 3.01204E-05, 2.00472E-05, 6.96395E-06, 1.89526E-06, 2.45391E-07, 2.47362E-07, 1.67541E-07, 1.43972E-05
114, 2.97273E-05, 1.96798E-05, 6.86921E-06, 1.89498E-06, 2.44429E-07, 2.46128E-07, 1.66650E-07, 1.42382E-05
115, 2.92679E-05, 1.92898E-05, 7.01714E-06, 1.89451E-06, 2.43435E-07, 2.44885E-07, 1.65769E-07, 1.40138E-05
116, 2.87463E-05, 1.88790E-05, 7.13728E-06, 1.89660E-06, 2.42446E-07, 2.43607E-07, 1.64903E-07, 1.37283E-05
117, 2.81669E-05, 1.84492E-05, 7.22996E-06, 1.90535E-06, 2.41447E-07, 2.42327E-07, 1.64042E-07, 1.33861E-05
118, 2.75345E-05, 1.80022E-05, 7.29525E-06, 1.91537E-06, 2.40426E-07, 2.41027E-07, 1.63227E-07, 1.29919E-05
119, 2.68536E-05, 1.75398E-05, 7.33355E-06, 1.92406E-06, 2.39374E-07, 2.39738E-07, 1.62446E-07, 1.25506E-05
120, 2.61284E-05, 1.70637E-05, 7.34545E-06, 1.93143E-06, 2.38304E-07, 2.38480E-07, 1.61663E-07, 1.20672E-05
121, 2.53635E-05, 1.65758E-05, 7.33165E-06, 1.93747E-06, 2.37218E-07, 2.37209E-07, 1.60872E-07, 1.15465E-05
122, 2.45634E-05, 1.60775E-05, 7.29301E-06, 1.94219E-06, 2.36181E-07, 2.35925E-07, 1.60079E-07, 1.09938E-05
123, 2.37326E-05, 1.55706E-05, 7.23051E-06, 1.94560E-06, 2.35190E-07, 2.34640E-07, 1.59292E-07, 1.04141E-05
124, 2.28755E-05, 1.50566E-05, 7.14521E-06, 1.94772E-06, 2.34213E-07, 2.33357E-07, 1.58521E-07, 1.00915E-05
125, 2.19965E-05, 1.45371E-05, 7.03830E-06, 1.95219E-06, 2.33294E-07, 2.32076E-07, 1.57769E-07, 9.99469E-06
126, 2.10997E-05, 1.40133E-05, 6.91104E-06, 1.95707E-06, 2.32416E-07, 2.30804E-07, 1.57022E-07, 9.88312E-06
127, 2.01893E-05, 1.34869E-05, 6.76477E-06, 1.96065E-06, 2.31588E-07, 2.29532E-07, 1.56299E-07, 9.86170E-06
128, 1.92693E-05, 1.29589E-05, 6.60088E-06, 1.96294E-06, 2.30778E-07, 2.28249E-07, 1.55572E-07, 9.89287E-06
129, 1.84737E-05, 1.24309E-05, 6.42084E-06, 1.96395E-06, 2.30091E-07, 2.26957E-07, 1.54834E-07, 9.91027E-06
130, 1.82297E-05, 1.19038E-05, 6.22614E-06, 1.96370E-06, 2.29426E-07, 2.25657E-07, 1.54113E-07, 9.91382E-06
131, 1.79302E-05, 1.13788E-05, 6.01830E-06, 1.96219E-06, 2.28740E-07, 2.24418E-07, 1.53403E-07, 9.90346E-06
132, 1.75797E-05, 1.08571E-05, 5.79887E-06, 1.95946E-06, 2.28038E-07, 2.23204E-07, 1.52680E-07, 9.87913E-06
133, 1.71828E-05, 1.03395E-05, 5.56939E-06, 1.96212E-06, 2.27309E-07, 2.21989E-07, 1.51993E-07, 9.84084E-06
134, 1.67439E-05, 9.82694E-06, 5.33142E-06, 1.97019E-06, 2.26564E-07, 2.20775E-07, 1.51301E-07, 9.78859E-06
135, 1.62676E-05, 9.32036E-06, 5.08650E-06, 1.98025E-06, 2.25804E-07, 2.19560E-07, 1.50602E-07, 9.72241E-06
136, 1.57585E-05, 8.82050E-06, 4.83614E-06, 1.98896E-06, 2.25029E-07, 2.18352E-07, 1.49910E-07, 9.64238E-06
137, 1.52212E-05, 8.32807E-06, 4.58182E-06, 1.99630E-06, 2.24245E-07, 2.17141E-07, 1.49219E-07, 9.54858E-06
138, 1.46602E-05, 7.84374E-06, 4.32499E-06, 2.00228E-06, 2.23466E-07, 2.15962E-07, 1.48542E-07, 9.44114E-06
139, 1.40797E-05, 7.36809E-06, 4.06705E-06, 2.00690E-06, 2.22672E-07, 2.14784E-07, 1.47894E-07, 9.36737E-06
140, 1.34841E-05, 7.02796E-06, 3.80933E-06, 2.01017E-06, 2.21886E-07, 2.13598E-07, 1.47248E-07, 9.40107E-06
141, 1.28776E-05, 6.83162E-06, 3.55312E-06, 2.01210E-06, 2.21087E-07, 2.12428E-07, 1.46604E-07, 9.42218E-06
142, 1.22640E-05, 6.63092E-06, 3.29963E-06, 2.01269E-06, 2.20279E-07, 2.11257E-07, 1.45972E-07, 9.43059E-06
143, 1.16471E-05, 6.42682E-06, 3.04999E-06, 2.01196E-06, 2.19492E-07, 2.10087E-07, 1.45359E-07, 9.42623E-06
144, 1.10306E-05, 6.22022E-06, 2.80528E-06, 2.01450E-06, 2.18744E-07, 2.08922E-07, 1.44745E-07, 9.40901E-06
145, 1.04178E-05, 6.01202E-06, 2.56646E-06, 2.01645E-06, 2.18003E-07, 2.07765E-07, 1.44127E-07, 9.37889E-06
146, 9.81192E-06, 5.80304E-06, 2.33443E-06, 2.01700E-06, 2.17249E-07, 2.06630E-07, 1.43501E-07, 9.33585E-06
147, 9.21580E-06, 5.59406E-06, 2.14944E-06, 2.01617E-06, 2.16490E-07, 2.05514E-07, 1.42881E-07, 9.27986E-06
148, 8.63214E-06, 5.38584E-06, 2.11884E-06, 2.01562E-06, 2.15777E-07, 2.04406E-07, 1.42266E-07, 9.21096E-06
149, 8.06337E-06, 5.17905E-06, 2.11071E-06, 2.01707E-06, 2.15075E-07, 2.03289E-07, 1.41670E-07, 9.12917E-06
150, 7.51165E-06, 5.10980E-06, 2.10366E-06, 2.01696E-06, 2.14349E-07, 2.02186E-07, 1.41094E-07, 9.03458E-06
151, 7.40034E-06, 5.09073E-06, 2.09414E-06, 2.02273E-06, 2.13633E-07, 2.01112E-07, 1.40520E-07, 8.92726E-06
152, 7.45049E-06, 5.06457E-06, 2.08222E-06, 2.02772E-06, 2.12931E-07, 2.00053E-07, 1.39940E-07, 8.86029E-06
153, 7.47534E-06, 5.03151E-06, 2.06802E-06, 2.03249E-06, 2.12232E-07, 1.98997E-07, 1.39360E-07, 8.89156E-06
154, 7.47517E-06, 4.99174E-06, 2.05164E-06, 2.04066E-06, 2.11523E-07, 1.97930E-07, 1.38782E-07, 8.91122E-06
155, 7.45047E-06, 4.94544E-06, 2.03541E-06, 2.04731E-06, 2.10832E-07, 1.96861E-07, 1.38196E-07, 8.91914E-06
156, 7.40167E-06, 4.89285E-06, 2.04339E-06, 2.05243E-06, 2.10227E-07, 1.95815E-07, 1.37591E-07, 8.91520E-06
157, 7.32945E-06, 4.83418E-06, 2.06012E-06, 2.05602E-06, 2.09626E-07, 1.94786E-07, 1.37007E-07, 8.89929E-06
158, 7.23463E-06, 4.76966E-06, 2.07540E-06, 2.05810E-06, 2.09006E-07, 1.93761E-07, 1.36448E-07, 8.87133E-06
159, 7.11813E-06, 4.69954E-06, 2.08919E-06, 2.05868E-06, 2.08391E-07, 1.92741E-07, 1.35912E-07, 8.83124E-06
160, 6.98101E-06, 4.62407E-06, 2.10148E-06, 2.05776E-06, 2.07773E-07, 1.91784E-07, 1.35381E-07, 8.77898E-06
161, 6.82440E-06, 4.54348E-06, 2.11225E-06, 2.05536E-06, 2.07147E-07, 1.90901E-07, 1.34837E-07, 8.71453E-06
162, 6.64954E-06, 4.47816E-06, 2.12148E-06, 2.05149E-06, 2.06514E-07, 1.90028E-07, 1.34294E-07, 8.63787E-06
163, 6.45772E-06, 4.46695E-06, 2.12915E-06, 2.04618E-06, 2.05866E-07, 1.89152E-07, 1.33744E-07, 8.54904E-06
164, 6.25033E-06, 4.44973E-06, 2.13527E-06, 2.05113E-06, 2.05214E-07, 1.88257E-07, 1.33199E-07, 8.44807E-06
165, 6.02879E-06, 4.42662E-06, 2.13983E-06, 2.05484E-06, 2.04561E-07, 1.87358E-07, 1.32687E-07, 8.33505E-06
166, 5.79457E-06, 4.39770E-06, 2.14284E-06, 2.05677E-06, 2.03933E-07, 1.86456E-07, 1.32203E-07, 8.35098E-06
167, 5.54915E-06, 4.36311E-06, 2.14430E-06, 2.05694E-06, 2.03320E-07, 1.85561E-07, 1.31735E-07, 8.37314E-06
168, 5.29406E-06, 4.32297E-06, 2.14423E-06, 2.06162E-06, 2.02708E-07, 1.84687E-07, 1.31272E-07, 8.38433E-06
169, 5.05951E-06, 4.27744E-06, 2.14265E-06, 2.06740E-06, 2.02090E-07, 1.83832E-07, 1.30806E-07, 8.38438E-06
170, 5.05840E-06, 4.22665E-06, 2.13957E-06, 2.07154E-06, 2.01468E-07, 1.82998E-07, 1.30350E-07, 8.37315E-06
171, 5.06131E-06, 4.17078E-06, 2.13503E-06, 2.07405E-06, 2.00854E-07, 1.82161E-07, 1.29906E-07, 8.35050E-06
172, 5.06804E-06, 4.10999E-06, 2.13451E-06, 2.07495E-06, 2.00244E-07, 1.81302E-07, 1.29453E-07, 8.31633E-06
173, 5.07830E-06, 4.04445E-06, 2.14936E-06, 2.07423E-06, 1.99659E-07, 1.80457E-07, 1.28989E-07, 8.27056E-06
174, 5.09177E-06, 3.97436E-06, 2.16272E-06, 2.07192E-06, 1.99081E-07, 1.79621E-07, 1.28512E-07, 8.21310E-06
175, 5.10808E-06, 3.90260E-06, 2.17457E-06, 2.06803E-06, 1.98495E-07, 1.78781E-07, 1.28037E-07, 8.14391E-06
176, 5.12679E-06, 3.89685E-06, 2.18490E-06, 2.06257E-06, 1.97913E-07, 1.77942E-07, 1.27554E-07, 8.06298E-06
177, 5.14744E-06, 3.88594E-06, 2.19370E-06, 2.06202E-06, 1.97335E-07, 1.77113E-07, 1.27091E-07, 7.97031E-06
178, 5.16953E-06, 3.86991E-06, 2.20096E-06, 2.06516E-06, 1.96752E-07, 1.76306E-07, 1.26645E-07, 7.86593E-06
179, 5.29764E-06, 3.84879E-06, 2.20669E-06, 2.06643E-06, 1.96184E-07, 1.75529E-07, 1.26206E-07, 7.77916E-06
180, 5.42821E-06, 3.82264E-06, 2.21089E-06, 2.06586E-06, 1.95627E-07, 1.74760E-07, 1.25771E-07, 7.80266E-06
181, 5.55629E-06, 3.79153E-06, 2.21357E-06, 2.06348E-06, 1.95065E-07, 1.73989E-07, 1.25345E-07, 7.81667E-06
182, 5.68195E-06, 3.75553E-06, 2.21475E-06, 2.05930E-06, 1.94518E-07, 1.73222E-07, 1.24935E-07, 7.82013E-06
183, 5.80521E-06, 3.71472E-06, 2.21445E-06, 2.05337E-06, 1.93978E-07, 1.72470E-07, 1.24521E-07, 7.81287E-06
184, 5.92605E-06, 3.66921E-06, 2.21268E-06, 2.05423E-06, 1.93436E-07, 1.71728E-07, 1.24107E-07, 7.79475E-06
185, 6.04438E-06, 3.61910E-06, 2.20948E-06, 2.05561E-06, 1.92887E-07, 1.70991E-07, 1.23699E-07, 7.76563E-06
186, 6.16008E-06, 3.56451E-06, 2.20488E-06, 2.05527E-06, 1.92331E-07, 1.70258E-07, 1.23297E-07, 7.72541E-06
187, 6.27297E-06, 3.59203E-06, 2.19890E-06, 2.05324E-06, 1.91775E-07, 1.69526E-07, 1.22902E-07, 7.67399E-06
188, 6.38284E-06, 3.63175E-06, 2.19159E-06, 2.04951E-06, 1.91222E-07, 1.68802E-07, 1.22515E-07, 7.61132E-06
189, 6.48946E-06, 3.66691E-06, 2.18637E-06, 2.04412E-06, 1.90701E-07, 1.68089E-07, 1.22126E-07, 7.53735E-06
190, 6.59256E-06, 3.69767E-06, 2.19804E-06, 2.03932E-06, 1.90189E-07, 1.67389E-07, 1.21738E-07, 7.45208E-06
191, 6.69183E-06, 3.72418E-06, 2.20825E-06, 2.04198E-06, 1.89689E-07, 1.66681E-07, 1.21353E-07, 7.35552E-06
192, 6.78696E-06, 3.74661E-06, 2.21702E-06, 2.04272E-06, 1.89197E-07, 1.65970E-07, 1.20989E-07, 7.24772E-06
193, 6.87763E-06, 3.76511E-06, 2.23736E-06, 2.04155E-06, 1.88695E-07, 1.65280E-07, 1.20631E-07, 7.20571E-06
194, 6.96348E-06, 3.77983E-06, 2.27487E-06, 2.03849E-06, 1.88185E-07, 1.64591E-07, 1.20263E-07, 7.19850E-06
195, 7.04418E-06, 3.79094E-06, 2.31000E-06, 2.03358E-06, 1.87663E-07, 1.63890E-07, 1.19907E-07, 7.20247E-06
196, 7.11937E-06, 3.79857E-06, 2.34273E-06, 2.02684E-06, 1.87156E-07, 1.63174E-07, 1.19555E-07, 7.19632E-06
197, 7.18869E-06, 3.80289E-06, 2.37303E-06, 2.01831E-06, 1.86674E-07, 1.62461E-07, 1.19197E-07, 7.17992E-06
198, 7.25181E-06, 3.80405E-06, 2.40088E-06, 2.00804E-06, 1.86187E-07, 1.61755E-07, 1.18836E-07, 7.15315E-06
199, 7.30839E-06, 3.80220E-06, 2.42627E-06, 1.99604E-06, 1.85700E-07, 1.61041E-07, 1.18479E-07, 7.11593E-06
200, 7.35810E-06, 3.79748E-06, 2.44920E-06, 1.98869E-06, 1.85230E-07, 1.60319E-07, 1.18124E-07, 7.06816E-06
201, 7.40064E-06, 3.79006E-06, 2.48131E-06, 1.98526E-06, 1.84781E-07, 1.59617E-07, 1.17766E-07, 7.00981E-06
202, 7.43571E-06, 3.78010E-06, 2.53322E-06, 1.98009E-06, 1.84336E-07, 1.58926E-07, 1.17412E-07, 6.94085E-06
203, 7.46304E-06, 3.76775E-06, 2.58253E-06, 1.97363E-06, 1.83902E-07, 1.58227E-07, 1.17070E-07, 6.86127E-06
204, 7.48239E-06, 3.75313E-06, 2.62915E-06, 1.97580E-06, 1.83466E-07, 1.57520E-07, 1.16728E-07, 6.77111E-06
205, 7.49353E-06, 3.73640E-06, 2.67302E-06, 1.97600E-06, 1.83047E-07, 1.56823E-07, 1.16405E-07, 6.67041E-06
206, 7.49626E-06, 3.71771E-06, 2.71404E-06, 1.97425E-06, 1.82629E-07, 1.56125E-07, 1.16085E-07, 6.62573E-06
207, 7.49043E-06, 3.69719E-06, 2.75217E-06, 1.97057E-06, 1.82218E-07, 1.55429E-07, 1.15773E-07, 6.58352E-06
208, 7.47588E-06, 3.67500E-06, 2.78736E-06, 1.96501E-06, 1.81816E-07, 1.54732E-07, 1.15467E-07, 6.54574E-06
209, 7.45250E-06, 3.65127E-06, 2.81955E-06, 1.95758E-06, 1.81407E-07, 1.54024E-07, 1.15164E-07, 6.53866E-06
210, 7.42023E-06, 3.62616E-06, 2.84872E-06, 1.94833E-06, 1.80991E-07, 1.53320E-07, 1.14862E-07, 6.52211E-06
211, 7.37901E-06, 3.59979E-06, 2.87485E-06, 1.93730E-06, 1.80589E-07, 1.52608E-07, 1.14552E-07, 6.49600E-06
212, 7.32883E-06, 3.58985E-06, 2.89792E-06, 1.92451E-06, 1.80194E-07, 1.51906E-07, 1.14226E-07, 6.46028E-06
213, 7.26970E-06, 3.58692E-06, 2.91794E-06, 1.91003E-06, 1.79806E-07, 1.51220E-07, 1.13919E-07, 6.41489E-06
214, 7.20166E-06, 3.58133E-06, 2.93490E-06, 1.89390E-06, 1.79423E-07, 1.50537E-07, 1.13610E-07, 6.35981E-06
215, 7.12480E-06, 3.57308E-06, 2.94882E-06, 1.87616E-06, 1.79064E-07, 1.49857E-07, 1.13308E-07, 6.29505E-06
216, 7.03922E-06, 3.56217E-06, 2.95974E-06, 1.85893E-06, 1.78709E-07, 1.49181E-07, 1.13007E-07, 6.22061E-06
217, 6.94506E-06, 3.54861E-06, 3.00338E-06, 1.86051E-06, 1.78362E-07, 1.48500E-07, 1.12726E-07, 6.13656E-06
218, 6.84248E-06, 3.53241E-06, 3.05210E-06, 1.86012E-06, 1.78014E-07, 1.47817E-07, 1.12454E-07, 6.04293E-06
219, 6.73166E-06, 3.52116E-06, 3.09765E-06, 1.85779E-06, 1.77665E-07, 1.47138E-07, 1.12179E-07, 6.00972E-06
220, 6.61282E-06, 3.53697E-06, 3.13994E-06, 1.85354E-06, 1.77306E-07, 1.46453E-07, 1.11904E-07, 5.97823E-06
221, 6.48620E-06, 3.55032E-06, 3.17890E-06, 1.84741E-06, 1.76935E-07, 1.45784E-07, 1.11622E-07, 5.93775E-06
222, 6.35206E-06, 3.56116E-06, 3.21448E-06, 1.83943E-06, 1.76564E-07, 1.45147E-07, 1.11342E-07, 5.88831E-06
223, 6.21071E-06, 3.56948E-06, 3.24663E-06, 1.82962E-06, 1.76190E-07, 1.44527E-07, 1.11061E-07, 5.86568E-06
224, 6.06244E-06, 3.57522E-06, 3.27531E-06, 1.81804E-06, 1.75823E-07, 1.43925E-07, 1.10786E-07, 5.84276E-06
225, 5.90754E-06, 3.57838E-06, 3.30050E-06, 1.80473E-06, 1.75458E-07, 1.43313E-07, 1.10508E-07, 5.81121E-06
226, 5.74634E-06, 3.58795E-06, 3.32219E-06, 1.78972E-06, 1.75099E-07, 1.42694E-07, 1.10223E-07, 5.77099E-06
227, 5.57918E-06, 3.60918E-06, 3.34038E-06, 1.77307E-06, 1.74753E-07, 1.42071E-07, 1.09942E-07, 5.72210E-06
228, 5.40642E-06, 3.62865E-06, 3.35507E-06, 1.75483E-06, 1.74416E-07, 1.41439E-07, 1.09664E-07, 5.66452E-06
229, 5.22842E-06, 3.64638E-06, 3.36628E-06, 1.73505E-06, 1.74088E-07, 1.40806E-07, 1.09382E-07, 5.63247E-06
230, 5.04555E-06, 3.66236E-06, 3.37405E-06, 1.71378E-06, 1.73763E-07, 1.40169E-07, 1.09099E-07, 5.63734E-06
231, 4.85818E-06, 3.67661E-06, 3.39651E-06, 1.69852E-06, 1.73444E-07, 1.39524E-07, 1.08818E-07, 5.63857E-06
232, 4.66669E-06, 3.68913E-06, 3.43680E-06, 1.69071E-06, 1.73129E-07, 1.38873E-07, 1.08537E-07, 5.63629E-06
233, 4.47147E-06, 3.69991E-06, 3.47414E-06, 1.68595E-06, 1.72819E-07, 1.38212E-07, 1.08250E-07, 5.63067E-06
234, 4.27289E-06, 3.70897E-06, 3.50845E-06, 1.67937E-06, 1.72525E-07, 1.37564E-07, 1.07972E-07, 5.62184E-06
235, 4.07661E-06, 3.71631E-06, 3.53965E-06, 1.67099E-06, 1.72239E-07, 1.36940E-07, 1.07710E-07, 5.62519E-06
236, 4.07513E-06, 3.72192E-06, 3.56768E-06, 1.66086E-06, 1.71965E-07, 1.36318E-07, 1.07447E-07, 5.66903E-06
237, 4.06640E-06, 3.72582E-06, 3.59248E-06, 1.64902E-06, 1.71690E-07, 1.35703E-07, 1.07181E-07, 5.70803E-06
238, 4.05060E-06, 3.72799E-06, 3.61402E-06, 1.63550E-06, 1.71447E-07, 1.35085E-07, 1.06913E-07, 5.74234E-06
239, 4.02793E-06, 3.72845E-06, 3.63225E-06, 1.62036E-06, 1.71232E-07, 1.34463E-07, 1.06645E-07, 5.77209E-06
240, 3.99859E-06, 3.72718E-06, 3.64715E-06, 1.60364E-06, 1.71031E-07, 1.33842E-07, 1.06371E-07, 5.79742E-06
241, 3.96284E-06, 3.72419E-06, 3.65871E-06, 1.58539E-06, 1.70839E-07, 1.33211E-07, 1.06102E-07, 5.81846E-06
242, 3.92093E-06, 3.71947E-06, 3.67346E-06, 1.57082E-06, 1.70637E-07, 1.32594E-07, 1.05840E-07, 5.83535E-06
243, 3.87311E-06, 3.71301E-06, 3.71224E-06, 1.55918E-06, 1.70437E-07, 1.31970E-07, 1.05578E-07, 5.84822E-06
244, 3.81968E-06, 3.70483E-06, 3.74859E-06, 1.54604E-06, 1.70252E-07, 1.31332E-07, 1.05318E-07, 5.85719E-06
245, 3.76092E-06, 3.69489E-06, 3.78244E-06, 1.53147E-06, 1.70067E-07, 1.30683E-07, 1.05064E-07, 5.86239E-06
246, 3.69713E-06, 3.68321E-06, 3.81370E-06, 1.51553E-06, 1.69892E-07, 1.30050E-07, 1.04809E-07, 5.86394E-06
247, 3.62861E-06, 3.66977E-06, 3.84231E-06, 1.49828E-06, 1.69717E-07, 1.29429E-07, 1.04555E-07, 5.86193E-06
248, 3.55567E-06, 3.65457E-06, 3.86821E-06, 1.47976E-06, 1.69533E-07, 1.28810E-07, 1.04306E-07, 5.85649E-06
249, 3.47862E-06, 3.63759E-06, 3.89133E-06, 1.46006E-06, 1.69355E-07, 1.28196E-07, 1.04055E-07, 5.84771E-06
250, 3.39777E-06, 3.61883E-06, 3.91163E-06, 1.44035E-06, 1.69186E-07, 1.27575E-07, 1.03804E-07, 5.87298E-06
251, 3.31343E-06, 3.59828E-06, 3.92906E-06, 1.42704E-06, 1.68998E-07, 1.26960E-07, 1.03546E-07, 5.91808E-06
252, 3.22591E-06, 3.58099E-06, 3.94357E-06, 1.41624E-06, 1.68796E-07, 1.26346E-07, 1.03287E-07, 5.95821E-06
253, 3.13551E-06, 3.56260E-06, 3.95514E-06, 1.40849E-06, 1.68623E-07, 1.25726E-07, 1.03025E-07, 5.99344E-06
254, 3.04255E-06, 3.54270E-06, 3.96375E-06, 1.39925E-06, 1.68467E-07, 1.25105E-07, 1.02763E-07, 6.02386E-06
255, 2.94730E-06, 3.52126E-06, 3.96936E-06, 1.38859E-06, 1.68328E-07, 1.24479E-07, 1.02513E-07, 6.04956E-06
256, 2.85006E-06, 3.49827E-06, 3.97198E-06, 1.37654E-06, 1.68218E-07, 1.23849E-07, 1.02261E-07, 6.07062E-06
257, 2.75111E-06, 3.47372E-06, 3.97160E-06, 1.36316E-06, 1.68116E-07, 1.23220E-07, 1.02001E-07, 6.08713E-06
258, 2.65072E-06, 3.44760E-06, 3.96821E-06, 1.34850E-06, 1.68013E-07, 1.22596E-07, 1.01741E-07, 6.09917E-06
259, 2.54915E-06, 3.41987E-06, 3.96184E-06, 1.33263E-06, 1.67912E-07, 1.21987E-07, 1.01479E-07, 6.10683E-06
260, 2.44772E-06, 3.39054E-06, 3.95250E-06, 1.31559E-06, 1.67820E-07, 1.21393E-07, 1.01228E-07, 6.11018E-06
261, 2.47605E-06, 3.35958E-06, 3.94022E-06, 1.29745E-06, 1.67731E-07, 1.20794E-07, 1.00973E-07, 6.10931E-06
262, 2.50261E-06, 3.32698E-06, 3.92502E-06, 1.27825E-06, 1.67635E-07, 1.20201E-07, 1.00717E-07, 6.10430E-06
263, 2.52737E-06, 3.29273E-06, 3.90695E-06, 1.25807E-06, 1.67533E-07, 1.19609E-07, 1.00462E-07, 6.09524E-06
264, 2.55030E-06, 3.25681E-06, 3.88605E-06, 1.23695E-06, 1.67425E-07, 1.19018E-07, 1.00207E-07, 6.08220E-06
265, 2.59913E-06, 3.21921E-06, 3.86238E-06, 1.22549E-06, 1.67310E-07, 1.18418E-07, 9.99532E-08, 6.10475E-06
266, 2.66984E-06, 3.17993E-06, 3.84605E-06, 1.21768E-06, 1.67180E-07, 1.17825E-07, 9.97084E-08, 6.14589E-06
267, 2.73934E-06, 3.13894E-06, 3.85471E-06, 1.20859E-06, 1.67050E-07, 1.17225E-07, 9.94649E-08, 6.18142E-06
268, 2.80762E-06, 3.09625E-06, 3.86129E-06, 1.19825E-06, 1.66910E-07, 1.16622E-07, 9.92173E-08, 6.21140E-06
269, 2.87462E-06, 3.05184E-06, 3.86578E-06, 1.18672E-06, 1.66767E-07, 1.16017E-07, 9.89652E-08, 6.23590E-06
270, 2.94033E-06, 3.01546E-06, 3.86819E-06, 1.17405E-06, 1.66620E-07, 1.15424E-07, 9.87156E-08, 6.25501E-06
271, 3.00470E-06, 2.97772E-06, 3.86851E-06, 1.16027E-06, 1.66475E-07, 1.14832E-07, 9.84623E-08, 6.26883E-06
272, 3.06772E-06, 2.93790E-06, 3.86673E-06, 1.14546E-06, 1.66334E-07, 1.14260E-07, 9.82050E-08, 6.27744E-06
273, 3.12935E-06, 2.94840E-06, 3.86287E-06, 1.12965E-06, 1.66207E-07, 1.13697E-07, 9.79533E-08, 6.28095E-06
274, 3.18957E-06, 2.96736E-06, 3.85693E-06, 1.11289E-06, 1.66084E-07, 1.13141E-07, 9.77008E-08, 6.27945E-06
275, 3.24838E-06, 2.98408E-06, 3.84892E-06, 1.09819E-06, 1.65963E-07, 1.12596E-07, 9.74559E-08, 6.27307E-06
276, 3.34921E-06, 2.99851E-06, 3.84380E-06, 1.08648E-06, 1.65833E-07, 1.12049E-07, 9.72106E-08, 6.26192E-06
277, 3.46594E-06, 3.01062E-06, 3.89764E-06, 1.08424E-06, 1.65700E-07, 1.11493E-07, 9.69599E-08, 6.24611E-06
278, 3.57913E-06, 3.02038E-06, 3.94901E-06, 1.08631E-06, 1.65564E-07, 1.10932E-07, 9.67032E-08, 6.22577E-06
279, 3.68881E-06, 3.02774E-06, 3.99790E-06, 1.08805E-06, 1.65421E-07, 1.10368E-07, 9.64531E-08, 6.20102E-06
280, 3.79500E-06, 3.03268E-06, 4.04431E-06, 1.08946E-06, 1.65266E-07, 1.09804E-07, 9.62021E-08, 6.19441E-06
281, 3.89775E-06, 3.03518E-06, 4.08824E-06, 1.09051E-06, 1.65116E-07, 1.09240E-07, 9.59467E-08, 6.22343E-06
282, 3.99709E-06, 3.03521E-06, 4.12969E-06, 1.09119E-06, 1.64961E-07, 1.08693E-07, 9.56850E-08, 6.24648E-06
283, 4.09306E-06, 3.03277E-06, 4.16865E-06, 1.09149E-06, 1.64801E-07, 1.08143E-07, 9.54261E-08, 6.26368E-06
284, 4.18570E-06, 3.02783E-06, 4.20515E-06, 1.09679E-06, 1.64635E-07, 1.07600E-07, 9.51581E-08, 6.27516E-06
285, 4.27506E-06, 3.02040E-06, 4.23918E-06, 1.10241E-06, 1.64470E-07, 1.07068E-07, 9.48895E-08, 6.28105E-06
286, 4.36119E-06, 3.01047E-06, 4.27077E-06, 1.10759E-06, 1.64316E-07, 1.06539E-07, 9.46251E-08, 6.28148E-06
287, 4.44409E-06, 2.99804E-06, 4.29991E-06, 1.11228E-06, 1.64162E-07, 1.06012E-07, 9.43663E-08, 6.27660E-06
288, 4.52380E-06, 2.98312E-06, 4.32664E-06, 1.11647E-06, 1.64000E-07, 1.05490E-07, 9.41117E-08, 6.26655E-06
289, 4.60036E-06, 2.96572E-06, 4.35095E-06, 1.12014E-06, 1.63839E-07, 1.04968E-07, 9.38510E-08, 6.25148E-06
290, 4.67380E-06, 2.94586E-06, 4.37289E-06, 1.12325E-06, 1.63676E-07, 1.04444E-07, 9.35860E-08, 6.23156E-06
291, 4.74415E-06, 2.92355E-06, 4.39246E-06, 1.12579E-06, 1.63516E-07, 1.03924E-07, 9.33142E-08, 6.20693E-06
292, 4.81145E-06, 2.89882E-06, 4.40968E-06, 1.12774E-06, 1.63358E-07, 1.03415E-07, 9.30380E-08, 6.17776E-06
293, 4.87574E-06, 2.87170E-06, 4.42459E-06, 1.12908E-06, 1.63202E-07, 1.02907E-07, 9.27611E-08, 6.14420E-06
294, 4.93703E-06, 2.87947E-06, 4.43720E-06, 1.12977E-06, 1.63049E-07, 1.02411E-07, 9.24873E-08, 6.10642E-06
295, 4.99536E-06, 2.88941E-06, 4.44755E-06, 1.12982E-06, 1.62880E-07, 1.01925E-07, 9.22170E-08, 6.06458E-06
296, 5.05075E-06, 2.89720E-06, 4.45566E-06, 1.12918E-06, 1.62701E-07, 1.01438E-07, 9.19457E-08, 6.04530E-06
297, 5.10324E-06, 2.90280E-06, 4.46156E-06, 1.12786E-06, 1.62516E-07, 1.00966E-07, 9.16745E-08, 6.05435E-06
298, 5.15284E-06, 2.90614E-06, 4.46528E-06, 1.12583E-06, 1.62320E-07, 1.00497E-07, 9.14021E-08, 6.05789E-06
299, 5.19959E-06, 2.90719E-06, 4.46685E-06, 1.12308E-06, 1.62113E-07, 1.00059E-07, 9.11245E-08, 6.05608E-06
300, 5.24350E-06, 2.90588E-06, 4.46631E-06, 1.11959E-06, 1.61895E-07, 9.96181E-08, 9.08513E-08, 6.04906E-06
301, 5.28460E-06, 2.90219E-06, 4.46369E-06, 1.11534E-06, 1.61673E-07, 9.91719E-08, 9.05803E-08, 6.03701E-06
302, 5.32290E-06, 2.89606E-06, 4.45903E-06, 1.11034E-06, 1.61448E-07, 9.87287E-08, 9.03040E-08, 6.02008E-06
303, 5.35844E-06, 2.88746E-06, 4.45235E-06, 1.10456E-06, 1.61234E-07, 9.82905E-08, 9.00292E-08, 5.99843E-06
304, 5.39122E-06, 2.87637E-06, 4.44370E-06, 1.09800E-06, 1.61027E-07, 9.78571E-08, 8.97505E-08, 5.97223E-06
305, 5.42127E-06, 2.86274E-06, 4.43311E-06, 1.09065E-06, 1.60829E-07, 9.74278E-08, 8.94709E-08, 5.94164E-06
306, 5.44861E-06, 2.84657E-06, 4.42062E-06, 1.08250E-06, 1.60636E-07, 9.69949E-08, 8.91898E-08, 5.90683E-06
307, 5.47324E-06, 2.82782E-06, 4.40627E-06, 1.08212E-06, 1.60445E-07, 9.65634E-08, 8.89159E-08, 5.86797E-06
308, 5.49521E-06, 2.80650E-06, 4.39009E-06, 1.08793E-06, 1.60249E-07, 9.61356E-08, 8.86438E-08, 5.82521E-06
309, 5.51451E-06, 2.78258E-06, 4.37213E-06, 1.09323E-06, 1.60056E-07, 9.57071E-08, 8.83679E-08, 5.77871E-06
310, 5.53116E-06, 2.75606E-06, 4.35243E-06, 1.09802E-06, 1.59859E-07, 9.52798E-08, 8.80941E-08, 5.72865E-06
311, 5.54519E-06, 2.72695E-06, 4.33102E-06, 1.10231E-06, 1.59657E-07, 9.48750E-08, 8.78192E-08, 5.67517E-06
312, 5.55662E-06, 2.69538E-06, 4.30795E-06, 1.10611E-06, 1.59464E-07, 9.44869E-08, 8.75417E-08, 5.62570E-06
313, 5.56546E-06, 2.66947E-06, 4.28326E-06, 1.10942E-06, 1.59265E-07, 9.40905E-08, 8.72644E-08, 5.61820E-06
314, 5.57173E-06, 2.64135E-06, 4.25698E-06, 1.11226E-06, 1.59060E-07, 9.36914E-08, 8.69885E-08, 5.60600E-06
315, 5.57545E-06, 2.61102E-06, 4.22917E-06, 1.11464E-06, 1.58851E-07, 9.32834E-08, 8.67147E-08, 5.58924E-06
316, 5.57664E-06, 2.57849E-06, 4.19985E-06, 1.11655E-06, 1.58630E-07, 9.28810E-08, 8.64393E-08, 5.56807E-06
317, 5.57533E-06, 2.54377E-06, 4.16908E-06, 1.11802E-06, 1.58399E-07, 9.24888E-08, 8.61638E-08, 5.54266E-06
318, 5.57153E-06, 2.50689E-06, 4.13690E-06, 1.11905E-06, 1.58161E-07, 9.20996E-08, 8.58873E-08, 5.51317E-06
319, 5.56527E-06, 2.55525E-06, 4.10334E-06, 1.11964E-06, 1.57918E-07, 9.17105E-08, 8.56088E-08, 5.47975E-06
320, 5.55658E-06, 2.60600E-06, 4.06846E-06, 1.12290E-06, 1.57686E-07, 9.13233E-08, 8.53293E-08, 5.44255E-06
321, 5.54548E-06, 2.65521E-06, 4.03228E-06, 1.12830E-06, 1.57440E-07, 9.09370E-08, 8.50538E-08, 5.40173E-06
322, 5.53201E-06, 2.70283E-06, 3.99486E-06, 1.13321E-06, 1.57181E-07, 9.05535E-08, 8.47802E-08, 5.35745E-06
323, 5.51618E-06, 2.74882E-06, 3.95624E-06, 1.13763E-06, 1.56934E-07, 9.01652E-08, 8.45058E-08, 5.30985E-06
324, 5.49803E-06, 2.79314E-06, 3.91646E-06, 1.14157E-06, 1.56689E-07, 8.97772E-08, 8.42285E-08, 5.26098E-06
325, 5.47759E-06, 2.84718E-06, 3.87556E-06, 1.14503E-06, 1.56433E-07, 8.93957E-08, 8.39478E-08, 5.29038E-06
326, 5.45979E-06, 2.91162E-06, 3.83358E-06, 1.14803E-06, 1.56177E-07, 8.90205E-08, 8.36621E-08, 5.31420E-06
327, 5.44007E-06, 2.97414E-06, 3.79057E-06, 1.15057E-06, 1.55920E-07, 8.86371E-08, 8.33772E-08, 5.33365E-06
328, 5.41785E-06, 3.03467E-06, 3.74657E-06, 1.15267E-06, 1.55667E-07, 8.82537E-08, 8.30983E-08, 5.35641E-06
329, 5.39320E-06, 3.09315E-06, 3.70161E-06, 1.15433E-06, 1.55403E-07, 8.78807E-08, 8.28202E-08, 5.37524E-06
330, 5.36619E-06, 3.14955E-06, 3.65575E-06, 1.15555E-06, 1.55133E-07, 8.75050E-08, 8.25409E-08, 5.46094E-06
331, 5.33689E-06, 3.20380E-06, 3.60902E-06, 1.15636E-06, 1.54845E-07, 8.71226E-08, 8.22606E-08, 5.58180E-06
332, 5.30538E-06, 3.25586E-06, 3.56147E-06, 1.15675E-06, 1.54540E-07, 8.67377E-08, 8.19836E-08, 5.69981E-06
333, 5.27173E-06, 3.30569E-06, 3.51313E-06, 1.16185E-06, 1.54226E-07, 8.63569E-08, 8.17040E-08, 5.81482E-06
334, 5.23602E-06, 3.35324E-06, 3.46405E-06, 1.16691E-06, 1.53911E-07, 8.59828E-08, 8.14235E-08, 5.92668E-06
335, 5.19832E-06, 3.39849E-06, 3.41427E-06, 1.17150E-06, 1.53593E-07, 8.56057E-08, 8.11372E-08, 6.03525E-06
336, 5.15870E-06, 3.44139E-06, 3.36383E-06, 1.17561E-06, 1.53273E-07, 8.52318E-08, 8.08541E-08, 6.14041E-06
337, 5.11725E-06, 3.48191E-06, 3.31276E-06, 1.17927E-06, 1.52948E-07, 8.48593E-08, 8.05734E-08, 6.24203E-06
338, 5.07403E-06, 3.52002E-06, 3.26112E-06, 1.18248E-06, 1.52623E-07, 8.44860E-08, 8.02943E-08, 6.33999E-06
339, 5.02912E-06, 3.55571E-06, 3.20893E-06, 1.18524E-06, 1.52285E-07, 8.41171E-08, 8.00141E-08, 6.43418E-06
340, 4.98260E-06, 3.58893E-06, 3.15625E-06, 1.18757E-06, 1.51956E-07, 8.37474E-08, 7.97389E-08, 6.52449E-06
341, 4.93454E-06, 3.61969E-06, 3.10310E-06, 1.18947E-06, 1.51627E-07, 8.33864E-08, 7.94711E-08, 6.61082E-06
342, 4.88501E-06, 3.64795E-06, 3.04953E-06, 1.19095E-06, 1.51289E-07, 8.30259E-08, 7.92082E-08, 6.69309E-06
343, 4.83408E-06, 3.68450E-06, 2.99558E-06, 1.19202E-06, 1.50947E-07, 8.26645E-08, 7.89468E-08, 6.77121E-06
344, 4.78183E-06, 3.72000E-06, 2.94128E-06, 1.19268E-06, 1.50602E-07, 8.23024E-08, 7.86857E-08, 6.84511E-06
345, 4.72833E-06, 3.75275E-06, 2.88668E-06, 1.19295E-06, 1.50253E-07, 8.19430E-08, 7.84268E-08, 6.91471E-06
346, 4.67364E-06, 3.78273E-06, 2.83181E-06, 1.19682E-06, 1.49901E-07, 8.15873E-08, 7.81657E-08, 6.97997E-06
347, 4.61782E-06, 3.80996E-06, 2.77671E-06, 1.20162E-06, 1.49556E-07, 8.12314E-08, 7.79050E-08, 7.04081E-06
348, 4.56096E-06, 3.83443E-06, 2.72141E-06, 1.20597E-06, 1.49214E-07, 8.08752E-08, 7.76453E-08, 7.09721E-06
349, 4.50311E-06, 3.85616E-06, 2.66596E-06, 1.20988E-06, 1.48869E-07, 8.05197E-08, 7.73859E-08, 7.14911E-06
350, 4.44433E-06, 3.87516E-06, 2.61040E-06, 1.21335E-06, 1.48524E-07, 8.01652E-08, 7.71285E-08, 7.19649E-06
351, 4.38469E-06, 3.89144E-06, 2.55475E-06, 1.21639E-06, 1.48187E-07, 7.98159E-08, 7.68711E-08, 7.23933E-06
352, 4.32424E-06, 3.90502E-06, 2.49905E-06, 1.21901E-06, 1.47855E-07, 7.94827E-08, 7.66180E-08, 7.27761E-06
353, 4.26306E-06, 3.91593E-06, 2.44335E-06, 1.22122E-06, 1.47519E-07, 7.91543E-08, 7.63656E-08, 7.31131E-06
354, 4.20118E-06, 3.92420E-06, 2.38768E-06, 1.22302E-06, 1.47181E-07, 7.88372E-08, 7.61145E-08, 7.34044E-06
355, 4.13868E-06, 3.92985E-06, 2.33208E-06, 1.22442E-06, 1.46838E-07, 7.85326E-08, 7.58621E-08, 7.36501E-06
356, 4.09475E-06, 3.93291E-06, 2.27657E-06, 1.22543E-06, 1.46480E-07, 7.82356E-08, 7.56090E-08, 7.38501E-06
357, 4.07034E-06, 3.93342E-06, 2.22119E-06, 1.22606E-06, 1.46123E-07, 7.79528E-08, 7.53570E-08, 7.40047E-06
358, 4.04497E-06, 3.93143E-06, 2.16598E-06, 1.22631E-06, 1.45765E-07, 7.76758E-08, 7.51101E-08, 7.41141E-06
359, 4.01864E-06, 3.92697E-06, 2.11098E-06, 1.22619E-06, 1.45403E-07, 7.74045E-08, 7.48661E-08, 7.41786E-06
360, 3.99136E-06, 3.92008E-06, 2.05620E-06, 1.22571E-06, 1.45043E-07, 7.71348E-08, 7.46282E-08, 7.41985E-06
361, 3.96645E-06, 3.91082E-06, 2.00169E-06, 1.22593E-06, 1.44687E-07, 7.68711E-08, 7.43943E-08, 7.41742E-06
362, 3.95446E-06, 3.89923E-06, 1.94748E-06, 1.22973E-06, 1.44339E-07, 7.66142E-08, 7.41643E-08, 7.41061E-06
363, 3.94126E-06, 3.88535E-06, 1.89361E-06, 1.23313E-06, 1.44002E-07, 7.63663E-08, 7.39380E-08, 7.39947E-06
364, 3.92682E-06, 3.86926E-06, 1.84010E-06, 1.23613E-06, 1.43670E-07, 7.61196E-08, 7.37226E-08, 7.38405E-06
365, 3.91114E-06, 3.85098E-06, 1.78698E-06, 1.25137E-06, 1.43338E-07, 7.58717E-08, 7.35144E-08, 7.36440E-06
366, 3.89419E-06, 3.83060E-06, 1.78992E-06, 1.26752E-06, 1.43020E-07, 7.56248E-08, 7.33148E-08, 7.34059E-06
367, 3.87598E-06, 3.80815E-06, 1.79434E-06, 1.28333E-06, 1.42709E-07, 7.53749E-08, 7.31187E-08, 7.31268E-06
368, 3.85649E-06, 3.78370E-06, 1.79804E-06, 1.29880E-06, 1.42399E-07, 7.51297E-08, 7.29287E-08, 7.28072E-06
369, 3.83570E-06, 3.75731E-06, 1.80101E-06, 1.31393E-06, 1.42096E-07, 7.48820E-08, 7.27442E-08, 7.24479E-06
370, 3.81361E-06, 3.72905E-06, 1.80328E-06, 1.32872E-06, 1.41792E-07, 7.46408E-08, 7.25646E-08, 7.20495E-06
371, 3.79022E-06, 3.69896E-06, 1.80486E-06, 1.34317E-06, 1.41489E-07, 7.44018E-08, 7.23904E-08, 7.16128E-06
372, 3.76551E-06, 3.66711E-06, 1.80576E-06, 1.35729E-06, 1.41196E-07, 7.41616E-08, 7.22157E-08, 7.11384E-06
373, 3.73948E-06, 3.63358E-06, 1.80600E-06, 1.37108E-06, 1.40915E-07, 7.39189E-08, 7.20428E-08, 7.06271E-06
374, 3.71214E-06, 3.59841E-06, 1.80560E-06, 1.38453E-06, 1.40642E-07, 7.36729E-08, 7.18668E-08, 7.00796E-06
375, 3.68347E-06, 3.56167E-06, 1.80456E-06, 1.39765E-06, 1.40384E-07, 7.34238E-08, 7.16916E-08, 6.94967E-06
376, 3.65348E-06, 3.52343E-06, 1.80292E-06, 1.41043E-06, 1.40130E-07, 7.31699E-08, 7.15185E-08, 6.88791E-06
377, 3.62217E-06, 3.48375E-06, 1.80068E-06, 1.42289E-06, 1.39882E-07, 7.29128E-08, 7.13443E-08, 6.82276E-06
378, 3.58954E-06, 3.44269E-06, 1.79786E-06, 1.43502E-06, 1.39633E-07, 7.26529E-08, 7.11724E-08, 6.75429E-06
379, 3.55589E-06, 3.40032E-06, 1.79449E-06, 1.44682E-06, 1.39379E-07, 7.23951E-08, 7.10005E-08, 6.68258E-06
380, 3.60643E-06, 3.35670E-06, 1.79058E-06, 1.45830E-06, 1.39124E-07, 7.21372E-08, 7.08282E-08, 6.60770E-06
381, 3.65577E-06, 3.31188E-06, 1.78615E-06, 1.46946E-06, 1.38864E-07, 7.18767E-08, 7.06560E-08, 6.52973E-06
382, 3.70388E-06, 3.26594E-06, 1.78122E-06, 1.48029E-06, 1.38604E-07, 7.16106E-08, 7.04836E-08, 6.44875E-06
383, 3.75073E-06, 3.21894E-06, 1.77581E-06, 1.49081E-06, 1.38344E-07, 7.13518E-08, 7.03144E-08, 6.36482E-06
384, 3.79628E-06, 3.17093E-06, 1.76994E-06, 1.50100E-06, 1.38082E-07, 7.10911E-08, 7.01482E-08, 6.27802E-06
385, 3.84156E-06, 3.12197E-06, 1.76362E-06, 1.51088E-06, 1.37815E-07, 7.08245E-08, 6.99816E-08, 6.18842E-06
386, 3.88840E-06, 3.07212E-06, 1.75689E-06, 1.52045E-06, 1.37541E-07, 7.05579E-08, 6.98123E-08, 6.09610E-06
387, 3.93433E-06, 3.02144E-06, 1.74975E-06, 1.52970E-06, 1.37278E-07, 7.02926E-08, 6.96420E-08, 6.00113E-06
388, 3.98200E-06, 2.96999E-06, 1.74223E-06, 1.53863E-06, 1.37017E-07, 7.00297E-08, 6.94745E-08, 5.90357E-06
389, 4.04395E-06, 2.91782E-06, 1.73435E-06, 1.54726E-06, 1.36753E-07, 6.97734E-08, 6.93073E-08, 5.80349E-06
390, 4.10497E-06, 2.86499E-06, 1.72736E-06, 1.55558E-06, 1.36479E-07, 6.95236E-08, 6.91406E-08, 5.70097E-06
391, 4.16503E-06, 2.81154E-06, 1.72343E-06, 1.56358E-06, 1.36202E-07, 6.92841E-08, 6.89738E-08, 5.59607E-06
392, 4.22407E-06, 2.75754E-06, 1.71953E-06, 1.57128E-06, 1.35928E-07, 6.90449E-08, 6.88066E-08, 5.48886E-06
393, 4.28208E-06, 2.70302E-06, 1.73437E-06, 1.57868E-06, 1.35654E-07, 6.88034E-08, 6.86402E-08, 5.37940E-06
394, 4.33900E-06, 2.66355E-06, 1.74839E-06, 1.58576E-06, 1.35379E-07, 6.85634E-08, 6.84755E-08, 5.26777E-06
395, 4.39479E-06, 2.66522E-06, 1.76160E-06, 1.59254E-06, 1.35105E-07, 6.83235E-08, 6.83119E-08, 5.15402E-06
396, 4.44942E-06, 2.68928E-06, 1.77399E-06, 1.59902E-06, 1.34836E-07, 6.80779E-08, 6.81506E-08, 5.03823E-06
397, 4.50286E-06, 2.71230E-06, 1.79433E-06, 1.60519E-06, 1.34564E-07, 6.78334E-08, 6.79918E-08, 4.92044E-06
398, 4.55505E-06, 2.73429E-06, 1.81680E-06, 1.62009E-06, 1.34294E-07, 6.75876E-08, 6.78347E-08, 4.80074E-06
399, 4.60597E-06, 2.75524E-06, 1.83848E-06, 1.63928E-06, 1.34019E-07, 6.73506E-08, 6.76812E-08, 4.67918E-06
400, 4.65558E-06, 2.77513E-06, 1.85933E-06, 1.65789E-06, 1.33748E-07, 6.71185E-08, 6.75261E-08, 4.55582E-06
401, 4.70385E-06, 2.79395E-06, 1.87937E-06, 1.67590E-06, 1.33485E-07, 6.68896E-08, 6.73728E-08, 4.43072E-06
402, 4.75074E-06, 2.81171E-06, 1.89857E-06, 1.69330E-06, 1.33221E-07, 6.66597E-08, 6.72174E-08, 4.30396E-06
403, 4.79622E-06, 2.82838E-06, 1.91692E-06, 1.71010E-06, 1.32950E-07, 6.64293E-08, 6.70593E-08, 4.17559E-06
404, 4.84025E-06, 2.84397E-06, 1.93442E-06, 1.72629E-06, 1.32685E-07, 6.62027E-08, 6.69032E-08, 4.04567E-06
405, 4.88281E-06, 2.85847E-06, 1.95106E-06, 1.74187E-06, 1.32415E-07, 6.59771E-08, 6.67455E-08, 3.91426E-06
406, 4.92387E-06, 2.87187E-06, 1.97116E-06, 1.75683E-06, 1.32141E-07, 6.57497E-08, 6.65884E-08, 3.78143E-06
407, 4.96338E-06, 2.88417E-06, 1.99880E-06, 1.77118E-06, 1.31867E-07, 6.55204E-08, 6.64343E-08, 3.64723E-06
408, 5.00134E-06, 2.89537E-06, 2.02568E-06, 1.78491E-06, 1.31590E-07, 6.52901E-08, 6.62815E-08, 3.51174E-06
409, 5.03770E-06, 2.90546E-06, 2.05178E-06, 1.79802E-06, 1.31311E-07, 6.50596E-08, 6.61293E-08, 3.40424E-06
410, 5.07244E-06, 2.91444E-06, 2.07710E-06, 1.81051E-06, 1.31028E-07, 6.48261E-08, 6.59749E-08, 3.41761E-06
411, 5.10555E-06, 2.92786E-06, 2.10161E-06, 1.82238E-06, 1.30743E-07, 6.45858E-08, 6.58177E-08, 3.42725E-06
412, 5.13698E-06, 2.94736E-06, 2.12532E-06, 1.83362E-06, 1.30457E-07, 6.43444E-08, 6.56630E-08, 3.43312E-06
413, 5.16673E-06, 2.96572E-06, 2.14821E-06, 1.84424E-06, 1.30173E-07, 6.41034E-08, 6.55111E-08, 3.43521E-06
414, 5.19476E-06, 2.98295E-06, 2.17027E-06, 1.85424E-06, 1.29891E-07, 6.38602E-08, 6.53577E-08, 3.43354E-06
415, 5.22107E-06, 2.99906E-06, 2.19149E-06, 1.86362E-06, 1.29612E-07, 6.36177E-08, 6.52029E-08, 3.42809E-06
416, 5.24562E-06, 3.01406E-06, 2.21188E-06, 1.87238E-06, 1.29355E-07, 6.33822E-08, 6.50479E-08, 3.41891E-06
417, 5.26841E-06, 3.02794E-06, 2.23141E-06, 1.88052E-06, 1.29091E-07, 6.31552E-08, 6.48940E-08, 3.40601E-06
418, 5.28942E-06, 3.04074E-06, 2.25008E-06, 1.88803E-06, 1.28821E-07, 6.29291E-08, 6.47428E-08, 3.38943E-06
419, 5.30863E-06, 3.05243E-06, 2.26789E-06, 1.89494E-06, 1.28557E-07, 6.26991E-08, 6.45909E-08, 3.36923E-06
420, 5.32603E-06, 3.06304E-06, 2.28482E-06, 1.90122E-06, 1.28292E-07, 6.24706E-08, 6.44392E-08, 3.34547E-06
421, 5.34161E-06, 3.07256E-06, 2.30088E-06, 1.90690E-06, 1.28027E-07, 6.22419E-08, 6.42887E-08, 3.31821E-06
422, 5.35535E-06, 3.08100E-06, 2.31606E-06, 1.91196E-06, 1.27765E-07, 6.20133E-08, 6.41357E-08, 3.28753E-06
423, 5.36725E-06, 3.08837E-06, 2.34522E-06, 1.91641E-06, 1.27496E-07, 6.17866E-08, 6.39805E-08, 3.25352E-06
424, 5.37731E-06, 3.09467E-06, 2.37385E-06, 1.92027E-06, 1.27230E-07, 6.15657E-08, 6.38262E-08, 3.21628E-06
425, 5.38551E-06, 3.09991E-06, 2.40179E-06, 1.92352E-06, 1.26962E-07, 6.13448E-08, 6.36732E-08, 3.17592E-06
426, 5.39186E-06, 3.10409E-06, 2.42900E-06, 1.92617E-06, 1.26692E-07, 6.11207E-08, 6.35199E-08, 3.13254E-06
427, 5.39634E-06, 3.10723E-06, 2.45549E-06, 1.92823E-06, 1.26426E-07, 6.08963E-08, 6.33657E-08, 3.08628E-06
428, 5.39896E-06, 3.10931E-06, 2.48123E-06, 1.92970E-06, 1.26158E-07, 6.06719E-08, 6.32103E-08, 3.03727E-06
429, 5.39973E-06, 3.11035E-06, 2.50622E-06, 1.93058E-06, 1.25890E-07, 6.04521E-08, 6.30540E-08, 2.98563E-06
430, 5.41680E-06, 3.11036E-06, 2.53044E-06, 1.93089E-06, 1.25633E-07, 6.02391E-08, 6.29005E-08, 2.93153E-06
431, 5.43976E-06, 3.10934E-06, 2.55388E-06, 1.93061E-06, 1.25373E-07, 6.00270E-08, 6.27473E-08, 2.92803E-06
432, 5.46121E-06, 3.10730E-06, 2.57652E-06, 1.92977E-06, 1.25114E-07, 5.98164E-08, 6.25961E-08, 2.97419E-06
433, 5.48114E-06, 3.10424E-06, 2.59836E-06, 1.92837E-06, 1.24857E-07, 5.96053E-08, 6.24445E-08, 3.01843E-06
434, 5.49952E-06, 3.10017E-06, 2.61939E-06, 1.92640E-06, 1.24596E-07, 5.93920E-08, 6.22919E-08, 3.06071E-06
435, 5.51636E-06, 3.09509E-06, 2.63959E-06, 1.92388E-06, 1.24336E-07, 5.91783E-08, 6.21369E-08, 3.10102E-06
436, 5.53164E-06, 3.08901E-06, 2.65896E-06, 1.92081E-06, 1.24082E-07, 5.89669E-08, 6.19824E-08, 3.13934E-06
437, 5.54535E-06, 3.08195E-06, 2.67749E-06, 1.91720E-06, 1.23822E-07, 5.87544E-08, 6.18285E-08, 3.17566E-06
438, 5.55747E-06, 3.07390E-06, 2.69516E-06, 1.91306E-06, 1.23567E-07, 5.85423E-08, 6.16743E-08, 3.20997E-06
439, 5.56800E-06, 3.06488E-06, 2.71198E-06, 1.90839E-06, 1.23313E-07, 5.83298E-08, 6.15208E-08, 3.24227E-06
440, 5.57694E-06, 3.08298E-06, 2.72792E-06, 1.90319E-06, 1.23075E-07, 5.81154E-08, 6.13675E-08, 3.27254E-06
441, 5.58428E-06, 3.11376E-06, 2.74299E-06, 1.89749E-06, 1.22834E-07, 5.78993E-08, 6.12145E-08, 3.30079E-06
442, 5.59000E-06, 3.14380E-06, 2.75719E-06, 1.89127E-06, 1.22597E-07, 5.76838E-08, 6.10612E-08, 3.36133E-06
443, 5.59411E-06, 3.17311E-06, 2.77049E-06, 1.88456E-06, 1.22360E-07, 5.74675E-08, 6.09072E-08, 3.41989E-06
444, 5.59661E-06, 3.20166E-06, 2.78290E-06, 1.87735E-06, 1.22120E-07, 5.72509E-08, 6.07551E-08, 3.47632E-06
445, 5.59750E-06, 3.22944E-06, 2.79441E-06, 1.86966E-06, 1.21886E-07, 5.70374E-08, 6.06036E-08, 3.53055E-06
446, 5.59677E-06, 3.25645E-06, 2.80502E-06, 1.86149E-06, 1.21657E-07, 5.68288E-08, 6.04515E-08, 3.58254E-06
447, 5.59442E-06, 3.28267E-06, 2.81473E-06, 1.85286E-06, 1.21429E-07, 5.66182E-08, 6.03000E-08, 3.63223E-06
448, 5.59046E-06, 3.30809E-06, 2.82353E-06, 1.84376E-06, 1.21193E-07, 5.64066E-08, 6.01496E-08, 3.67956E-06
449, 5.58489E-06, 3.33269E-06, 2.83142E-06, 1.83705E-06, 1.20957E-07, 5.61935E-08, 5.99988E-08, 3.72450E-06
450, 5.57771E-06, 3.35647E-06, 2.83840E-06, 1.83139E-06, 1.20714E-07, 5.59784E-08, 5.98459E-08, 3.76700E-06
451, 5.56893E-06, 3.37942E-06, 2.84446E-06, 1.82529E-06, 1.20463E-07, 5.57631E-08, 5.96920E-08, 3.80703E-06
452, 5.55856E-06, 3.40152E-06, 2.84961E-06, 1.81877E-06, 1.20207E-07, 5.55459E-08, 5.95370E-08, 3.84454E-06
453, 5.54661E-06, 3.42278E-06, 2.85385E-06, 1.81183E-06, 1.19948E-07, 5.53272E-08, 5.93801E-08, 3.87951E-06
454, 5.53308E-06, 3.44317E-06, 2.86072E-06, 1.80448E-06, 1.19682E-07, 5.51079E-08, 5.92216E-08, 3.91191E-06
455, 5.51798E-06, 3.46269E-06, 2.88144E-06, 1.79671E-06, 1.19406E-07, 5.48979E-08, 5.90664E-08, 3.94172E-06
456, 5.50133E-06, 3.48133E-06, 2.90152E-06, 1.78854E-06, 1.19120E-07, 5.47044E-08, 5.89139E-08, 3.96892E-06
457, 5.48313E-06, 3.49908E-06, 2.92093E-06, 1.77998E-06, 1.18819E-07, 5.45182E-08, 5.87606E-08, 3.99350E-06
458, 5.46341E-06, 3.51594E-06, 2.93966E-06, 1.77102E-06, 1.18513E-07, 5.43302E-08, 5.86052E-08, 4.01544E-06
459, 5.44217E-06, 3.53190E-06, 2.95770E-06, 1.76168E-06, 1.18200E-07, 5.41427E-08, 5.84482E-08, 4.03475E-06
460, 5.41943E-06, 3.54696E-06, 2.97503E-06, 1.75196E-06, 1.17890E-07, 5.39544E-08, 5.82904E-08, 4.05141E-06
461, 5.39522E-06, 3.56110E-06, 2.99164E-06, 1.74187E-06, 1.17581E-07, 5.37640E-08, 5.81317E-08, 4.06543E-06
462, 5.36953E-06, 3.57432E-06, 3.00751E-06, 1.73142E-06, 1.17267E-07, 5.35728E-08, 5.79731E-08, 4.07682E-06
463, 5.34241E-06, 3.58663E-06, 3.02265E-06, 1.72061E-06, 1.16948E-07, 5.33808E-08, 5.78149E-08, 4.09044E-06
464, 5.31385E-06, 3.59800E-06, 3.03702E-06, 1.70944E-06, 1.16625E-07, 5.31888E-08, 5.76565E-08, 4.13629E-06
465, 5.28390E-06, 3.60845E-06, 3.05063E-06, 1.69794E-06, 1.16300E-07, 5.29990E-08, 5.74965E-08, 4.18557E-06
466, 5.25256E-06, 3.61796E-06, 3.06346E-06, 1.68610E-06, 1.15971E-07, 5.28099E-08, 5.73376E-08, 4.26790E-06
467, 5.21986E-06, 3.62654E-06, 3.07550E-06, 1.67393E-06, 1.15640E-07, 5.26200E-08, 5.71780E-08, 4.36038E-06
468, 5.18582E-06, 3.63418E-06, 3.08673E-06, 1.66145E-06, 1.15311E-07, 5.24281E-08, 5.70173E-08, 4.45024E-06
469, 5.15048E-06, 3.64088E-06, 3.09716E-06, 1.64865E-06, 1.14977E-07, 5.22364E-08, 5.68578E-08, 4.53745E-06
470, 5.11384E-06, 3.64663E-06, 3.10677E-06, 1.63555E-06, 1.14636E-07, 5.20446E-08, 5.66991E-08, 4.62196E-06
471, 5.07595E-06, 3.65145E-06, 3.11554E-06, 1.62216E-06, 1.14285E-07, 5.18515E-08, 5.65408E-08, 4.70375E-06
472, 5.03683E-06, 3.65533E-06, 3.12348E-06, 1.60848E-06, 1.13929E-07, 5.16587E-08, 5.63805E-08, 4.78278E-06
473, 4.99650E-06, 3.65827E-06, 3.13058E-06, 1.59452E-06, 1.13575E-07, 5.14668E-08, 5.62193E-08, 4.85903E-06
474, 4.95500E-06, 3.66027E-06, 3.13683E-06, 1.58029E-06, 1.13215E-07, 5.12761E-08, 5.60594E-08, 4.93245E-06
475, 4.91236E-06, 3.66133E-06, 3.14221E-06, 1.56581E-06, 1.12855E-07, 5.10847E-08, 5.58985E-08, 5.00304E-06
476, 4.86860E-06, 3.66146E-06, 3.14673E-06, 1.55107E-06, 1.12491E-07, 5.08941E-08, 5.57361E-08, 5.07076E-06
477, 4.82377E-06, 3.66066E-06, 3.15039E-06, 1.53609E-06, 1.12122E-07, 5.07051E-08, 5.55713E-08, 5.13559E-06
478, 4.77929E-06, 3.65895E-06, 3.15317E-06, 1.52087E-06, 1.11751E-07, 5.05166E-08, 5.54053E-08, 5.19752E-06
479, 4.74800E-06, 3.65631E-06, 3.15507E-06, 1.50543E-06, 1.11382E-07, 5.03273E-08, 5.52378E-08, 5.25653E-06
480, 4.71544E-06, 3.65276E-06, 3.15608E-06, 1.48978E-06, 1.11010E-07, 5.01379E-08, 5.50685E-08, 5.31261E-06
481, 4.68163E-06, 3.64829E-06, 3.15622E-06, 1.47391E-06, 1.10630E-07, 4.99496E-08, 5.48986E-08, 5.36574E-06
482, 4.64660E-06, 3.64291E-06, 3.15546E-06, 1.45785E-06, 1.10246E-07, 4.97633E-08, 5.47285E-08, 5.41592E-06
483, 4.61038E-06, 3.63663E-06, 3.15382E-06, 1.44161E-06, 1.09857E-07, 4.95769E-08, 5.45591E-08, 5.46313E-06
484, 4.57299E-06, 3.62945E-06, 3.15129E-06, 1.42518E-06, 1.09466E-07, 4.93926E-08, 5.43880E-08, 5.50739E-06
485, 4.53447E-06, 3.62139E-06, 3.14787E-06, 1.40858E-06, 1.09074E-07, 4.92068E-08, 5.42160E-08, 5.54868E-06
486, 4.49484E-06, 3.61244E-06, 3.14355E-06, 1.39182E-06, 1.08679E-07, 4.90223E-08, 5.40443E-08, 5.58699E-06
487, 4.45414E-06, 3.60261E-06, 3.13836E-06, 1.37490E-06, 1.08277E-07, 4.88417E-08, 5.38709E-08, 5.62235E-06
488, 4.41239E-06, 3.59192E-06, 3.13227E-06, 1.35784E-06, 1.07872E-07, 4.86644E-08, 5.37004E-08, 5.65474E-06
489, 4.36962E-06, 3.60059E-06, 3.12530E-06, 1.34065E-06, 1.07462E-07, 4.84863E-08, 5.35298E-08, 5.68418E-06
490, 4.33012E-06, 3.61101E-06, 3.11745E-06, 1.32333E-06, 1.07047E-07, 4.83106E-08, 5.33605E-08, 5.71068E-06
491, 4.30526E-06, 3.62071E-06, 3.10873E-06, 1.30590E-06, 1.06628E-07, 4.81352E-08, 5.31928E-08, 5.73424E-06
492, 4.27934E-06, 3.62970E-06, 3.09913E-06, 1.28836E-06, 1.06202E-07, 4.79606E-08, 5.30233E-08, 5.75487E-06
493, 4.25235E-06, 3.63795E-06, 3.08867E-06, 1.27072E-06, 1.05772E-07, 4.77870E-08, 5.28530E-08, 5.77260E-06
494, 4.22433E-06, 3.64547E-06, 3.07734E-06, 1.25298E-06, 1.05339E-07, 4.76132E-08, 5.26837E-08, 5.78743E-06
495, 4.19529E-06, 3.65223E-06, 3.06516E-06, 1.23517E-06, 1.04903E-07, 4.74392E-08, 5.25143E-08, 5.79938E-06
496, 4.16525E-06, 3.65824E-06, 3.05214E-06, 1.21728E-06, 1.04468E-07, 4.72673E-08, 5.23430E-08, 5.80848E-06
497, 4.13424E-06, 3.66347E-06, 3.03828E-06, 1.19933E-06, 1.04030E-07, 4.70965E-08, 5.21702E-08, 5.81474E-06
498, 4.10227E-06, 3.66793E-06, 3.02358E-06, 1.18133E-06, 1.03590E-07, 4.69253E-08, 5.19971E-08, 5.81819E-06
499, 4.06938E-06, 3.67160E-06, 3.00807E-06, 1.16328E-06, 1.03150E-07, 4.67549E-08, 5.18237E-08, 5.81885E-06
500, 4.03557E-06, 3.67448E-06, 2.99175E-06, 1.14519E-06, 1.02708E-07, 4.65848E-08, 5.16507E-08, 5.81675E-06
