time_step, rel_err_u, rel_err_v, rel_err_w, rel_err_p, rel_err_u_m, rel_err_v_m, rel_err_w_m, rel_err_p_m
0, 0.00000E+00, 0.00000E+00, 0.00000E+00, 0.00000E+00, 0.00000E+00, 0.00000E+00, 0.00000E+00,    Infinity
1, 1.41474E-04, 1.08105E-04, 9.21649E-05, 3.78953E-03, 8.03376E-06, 6.89497E-06, 5.61996E-06, 8.27780E+02
2, 3.02628E-04, 2.19974E-04, 2.45408E-04, 2.74294E-03, 7.85721E-06, 6.63705E-06, 5.28521E-06, 2.94263E-01
3, 1.65351E-04, 1.24165E-04, 5.93082E-05, 2.39292E-04, 6.72310E-06, 5.42393E-06, 4.36774E-06, 1.19353E-01
4, 1.86403E-04, 1.09384E-04, 5.40102E-05, 1.32239E-04, 5.80230E-06, 4.60545E-06, 3.75459E-06, 3.19525E-02
5, 2.02842E-04, 1.08072E-04, 5.61613E-05, 4.98805E-05, 5.77355E-06, 4.60794E-06, 3.73246E-06, 1.72701E-02
6, 2.23279E-04, 1.07829E-04, 5.89428E-05, 4.99547E-05, 5.65463E-06, 4.53720E-06, 3.67085E-06, 5.79874E-03
7, 2.43278E-04, 1.08452E-04, 6.01728E-05, 4.97912E-05, 5.58688E-06, 4.50077E-06, 3.62597E-06, 2.36166E-03
8, 2.61268E-04, 1.12821E-04, 6.26905E-05, 4.81860E-05, 5.50523E-06, 4.45744E-06, 3.58118E-06, 1.64305E-03
9, 2.78790E-04, 1.16241E-04, 6.55190E-05, 4.74863E-05, 5.42998E-06, 4.41936E-06, 3.54006E-06, 1.22465E-03
10, 3.03891E-04, 1.18463E-04, 6.79926E-05, 4.92073E-05, 5.35774E-06, 4.38152E-06, 3.50007E-06, 9.78873E-04
11, 3.26257E-04, 1.19367E-04, 7.48584E-05, 5.09854E-05, 5.28774E-06, 4.34727E-06, 3.46098E-06, 7.89574E-04
12, 3.45062E-04, 1.19540E-04, 8.35053E-05, 5.20672E-05, 5.21724E-06, 4.31278E-06, 3.42348E-06, 6.61807E-04
13, 3.59609E-04, 1.19006E-04, 9.11769E-05, 5.23133E-05, 5.15012E-06, 4.27907E-06, 3.38653E-06, 6.10213E-04
14, 3.69328E-04, 1.17130E-04, 9.74687E-05, 5.16550E-05, 5.08580E-06, 4.24855E-06, 3.35264E-06, 5.12062E-04
15, 3.75238E-04, 1.13923E-04, 1.02033E-04, 5.01366E-05, 5.02325E-06, 4.22001E-06, 3.31735E-06, 4.67681E-04
16, 3.91621E-04, 1.16048E-04, 1.04570E-04, 4.78294E-05, 4.96390E-06, 4.19184E-06, 3.28349E-06, 4.26721E-04
17, 4.02550E-04, 1.17193E-04, 1.04845E-04, 4.48281E-05, 4.90332E-06, 4.16508E-06, 3.25269E-06, 4.14016E-04
18, 4.07439E-04, 1.17180E-04, 1.07379E-04, 4.57135E-05, 4.84396E-06, 4.13882E-06, 3.22373E-06, 4.24561E-04
19, 4.05869E-04, 1.16003E-04, 1.17495E-04, 4.71756E-05, 4.78656E-06, 4.11348E-06, 3.19538E-06, 4.45296E-04
20, 3.97617E-04, 1.19231E-04, 1.25637E-04, 4.82562E-05, 4.72673E-06, 4.09121E-06, 3.16705E-06, 4.73019E-04
21, 3.90402E-04, 1.21596E-04, 1.31379E-04, 4.88656E-05, 4.66714E-06, 4.06736E-06, 3.14003E-06, 4.84227E-04
22, 3.89398E-04, 1.22665E-04, 1.34364E-04, 4.89201E-05, 4.60714E-06, 4.04214E-06, 3.11293E-06, 4.80339E-04
23, 3.81679E-04, 1.23171E-04, 1.34324E-04, 4.83515E-05, 4.54279E-06, 4.02082E-06, 3.08519E-06, 4.63876E-04
24, 3.69739E-04, 1.35531E-04, 1.31102E-04, 4.89271E-05, 4.47772E-06, 3.99971E-06, 3.05834E-06, 4.37916E-04
25, 3.84120E-04, 1.47384E-04, 1.24659E-04, 5.13293E-05, 4.41491E-06, 3.97861E-06, 3.03086E-06, 4.30595E-04
26, 4.06044E-04, 1.58585E-04, 1.38547E-04, 5.34529E-05, 4.34830E-06, 3.95767E-06, 3.00118E-06, 4.39812E-04
27, 4.29696E-04, 1.69005E-04, 1.51162E-04, 5.51744E-05, 4.28020E-06, 3.93492E-06, 2.97085E-06, 4.36891E-04
28, 4.44840E-04, 1.78527E-04, 1.61834E-04, 5.63759E-05, 4.21254E-06, 3.91131E-06, 2.94102E-06, 4.25873E-04
29, 4.51328E-04, 1.87140E-04, 1.70238E-04, 5.69560E-05, 4.14578E-06, 3.88730E-06, 2.91108E-06, 4.76807E-04
30, 4.49344E-04, 1.96582E-04, 1.76111E-04, 5.68391E-05, 4.08512E-06, 3.86123E-06, 2.88277E-06, 5.15441E-04
31, 4.42233E-04, 2.04805E-04, 1.79348E-04, 5.59826E-05, 4.02188E-06, 3.83881E-06, 2.85214E-06, 5.40366E-04
32, 4.45347E-04, 2.11728E-04, 1.79819E-04, 5.43797E-05, 3.96588E-06, 3.81761E-06, 2.82089E-06, 5.50979E-04
33, 4.39593E-04, 2.17298E-04, 1.77449E-04, 5.20598E-05, 3.90829E-06, 3.79549E-06, 2.79191E-06, 5.47421E-04
34, 4.28775E-04, 2.21485E-04, 1.72308E-04, 4.90846E-05, 3.85642E-06, 3.77247E-06, 2.76435E-06, 5.30548E-04
35, 4.45050E-04, 2.24288E-04, 1.64554E-04, 4.55426E-05, 3.80828E-06, 3.74961E-06, 2.73486E-06, 5.01778E-04
36, 4.53725E-04, 2.25727E-04, 1.54425E-04, 4.15416E-05, 3.76584E-06, 3.72492E-06, 2.70417E-06, 4.62953E-04
37, 4.54632E-04, 2.25844E-04, 1.42226E-04, 3.72010E-05, 3.72234E-06, 3.69932E-06, 2.67230E-06, 4.65349E-04
38, 4.47838E-04, 2.25191E-04, 1.28317E-04, 3.26442E-05, 3.67749E-06, 3.67227E-06, 2.64280E-06, 4.84693E-04
39, 4.33630E-04, 2.24670E-04, 1.13092E-04, 2.79918E-05, 3.63740E-06, 3.64800E-06, 2.61270E-06, 4.91196E-04
40, 4.12492E-04, 2.22850E-04, 1.16700E-04, 2.34146E-05, 3.60316E-06, 3.62288E-06, 2.58238E-06, 4.85924E-04
41, 3.85074E-04, 2.19827E-04, 1.22431E-04, 2.26708E-05, 3.57006E-06, 3.59770E-06, 2.55184E-06, 4.70377E-04
42, 3.52165E-04, 2.23472E-04, 1.25458E-04, 2.28174E-05, 3.53763E-06, 3.57180E-06, 2.52073E-06, 4.46315E-04
43, 3.14654E-04, 2.37243E-04, 1.25859E-04, 2.29033E-05, 3.50408E-06, 3.54500E-06, 2.48983E-06, 4.15616E-04
44, 2.88683E-04, 2.49086E-04, 1.23780E-04, 2.29301E-05, 3.47090E-06, 3.51826E-06, 2.45850E-06, 3.80135E-04
45, 2.86316E-04, 2.58875E-04, 1.19425E-04, 2.28995E-05, 3.44147E-06, 3.49003E-06, 2.42954E-06, 3.41599E-04
46, 2.94381E-04, 2.66532E-04, 1.13043E-04, 2.30754E-05, 3.41730E-06, 3.46130E-06, 2.40262E-06, 3.01527E-04
47, 3.20189E-04, 2.72031E-04, 1.07272E-04, 2.32621E-05, 3.39247E-06, 3.43414E-06, 2.37823E-06, 2.61191E-04
48, 3.41371E-04, 2.75414E-04, 1.08638E-04, 2.33888E-05, 3.36868E-06, 3.40751E-06, 2.35504E-06, 2.21593E-04
49, 3.57815E-04, 2.76696E-04, 1.07977E-04, 2.34565E-05, 3.34265E-06, 3.37998E-06, 2.33171E-06, 1.83489E-04
50, 3.69524E-04, 2.75967E-04, 1.05412E-04, 2.34665E-05, 3.31553E-06, 3.35257E-06, 2.30834E-06, 1.63057E-04
51, 3.76603E-04, 2.73347E-04, 1.01116E-04, 2.35567E-05, 3.29152E-06, 3.32389E-06, 2.28486E-06, 1.75291E-04
52, 3.79248E-04, 2.68980E-04, 9.53002E-05, 2.38388E-05, 3.26764E-06, 3.29461E-06, 2.26066E-06, 1.82070E-04
53, 3.77732E-04, 2.63027E-04, 8.82051E-05, 2.40519E-05, 3.24315E-06, 3.26479E-06, 2.23652E-06, 1.85924E-04
54, 3.72391E-04, 2.55658E-04, 8.00909E-05, 2.41966E-05, 3.21774E-06, 3.23464E-06, 2.21201E-06, 1.86833E-04
55, 3.63609E-04, 2.47050E-04, 8.03431E-05, 2.42740E-05, 3.19261E-06, 3.20369E-06, 2.18732E-06, 1.83785E-04
56, 3.51801E-04, 2.37384E-04, 8.26913E-05, 2.42856E-05, 3.16826E-06, 3.17203E-06, 2.16361E-06, 1.77229E-04
57, 3.37406E-04, 2.26836E-04, 8.37729E-05, 2.42963E-05, 3.14265E-06, 3.14040E-06, 2.14176E-06, 1.67671E-04
58, 3.20888E-04, 2.15577E-04, 8.36286E-05, 2.44809E-05, 3.11689E-06, 3.10881E-06, 2.12154E-06, 1.55662E-04
59, 3.02692E-04, 2.03772E-04, 8.23462E-05, 2.46895E-05, 3.09131E-06, 3.07738E-06, 2.10136E-06, 1.41770E-04
60, 2.83216E-04, 1.91575E-04, 8.00358E-05, 2.48295E-05, 3.06638E-06, 3.04620E-06, 2.08120E-06, 1.35101E-04
61, 2.62868E-04, 1.79128E-04, 7.68246E-05, 2.49018E-05, 3.04398E-06, 3.01457E-06, 2.06108E-06, 1.33593E-04
62, 2.42030E-04, 1.66560E-04, 7.28516E-05, 2.50045E-05, 3.02287E-06, 2.98288E-06, 2.04116E-06, 1.31284E-04
63, 2.21045E-04, 1.53990E-04, 6.82636E-05, 2.50798E-05, 3.00204E-06, 2.95157E-06, 2.02173E-06, 1.28914E-04
64, 2.04387E-04, 1.41522E-04, 6.32097E-05, 2.50889E-05, 2.98081E-06, 2.91984E-06, 2.00315E-06, 1.29638E-04
65, 1.94741E-04, 1.29245E-04, 5.78374E-05, 2.50330E-05, 2.96017E-06, 2.88933E-06, 1.98499E-06, 1.29627E-04
66, 1.83662E-04, 1.17237E-04, 5.22887E-05, 2.51512E-05, 2.93903E-06, 2.85917E-06, 1.96717E-06, 1.28872E-04
67, 1.71572E-04, 1.05563E-04, 4.66966E-05, 2.53643E-05, 2.91774E-06, 2.82892E-06, 1.94963E-06, 1.27373E-04
68, 1.58868E-04, 9.42754E-05, 4.11822E-05, 2.55365E-05, 2.89724E-06, 2.79879E-06, 1.93221E-06, 1.25133E-04
69, 1.45915E-04, 8.34163E-05, 3.58522E-05, 2.56384E-05, 2.87728E-06, 2.76935E-06, 1.91534E-06, 1.22236E-04
70, 1.33036E-04, 7.68210E-05, 3.07975E-05, 2.56705E-05, 2.85671E-06, 2.74019E-06, 1.89808E-06, 1.23035E-04
71, 1.20511E-04, 7.22638E-05, 2.60916E-05, 2.56866E-05, 2.83695E-06, 2.71070E-06, 1.88102E-06, 1.23162E-04
72, 1.08571E-04, 7.05321E-05, 2.55209E-05, 2.57195E-05, 2.81748E-06, 2.68255E-06, 1.86400E-06, 1.22606E-04
73, 9.73992E-05, 6.84628E-05, 2.57962E-05, 2.57933E-05, 2.79869E-06, 2.65496E-06, 1.84752E-06, 1.21361E-04
74, 9.72237E-05, 6.61612E-05, 2.59944E-05, 2.58155E-05, 2.78002E-06, 2.62721E-06, 1.83220E-06, 1.19427E-04
75, 9.66438E-05, 6.57412E-05, 2.61141E-05, 2.58489E-05, 2.76197E-06, 2.59992E-06, 1.81743E-06, 1.16808E-04
76, 9.48871E-05, 6.49652E-05, 2.61549E-05, 2.59820E-05, 2.74433E-06, 2.57340E-06, 1.80243E-06, 1.15915E-04
77, 9.20534E-05, 6.38514E-05, 2.61174E-05, 2.61376E-05, 2.72707E-06, 2.54682E-06, 1.78713E-06, 1.16340E-04
78, 8.82622E-05, 6.24199E-05, 2.65248E-05, 2.62140E-05, 2.70942E-06, 2.52102E-06, 1.77218E-06, 1.16137E-04
79, 8.36480E-05, 6.06931E-05, 2.68991E-05, 2.62120E-05, 2.69303E-06, 2.49598E-06, 1.75852E-06, 1.15294E-04
80, 7.83549E-05, 5.86949E-05, 2.71956E-05, 2.61328E-05, 2.67679E-06, 2.47314E-06, 1.74515E-06, 1.13804E-04
81, 7.25323E-05, 5.73245E-05, 2.74128E-05, 2.62049E-05, 2.66041E-06, 2.45101E-06, 1.73170E-06, 1.11664E-04
82, 6.63296E-05, 5.68362E-05, 2.75497E-05, 2.62858E-05, 2.64496E-06, 2.42848E-06, 1.71922E-06, 1.08878E-04
83, 5.98925E-05, 5.60550E-05, 2.76065E-05, 2.62744E-05, 2.62951E-06, 2.40585E-06, 1.70693E-06, 1.09001E-04
84, 6.15267E-05, 5.49924E-05, 2.75844E-05, 2.63691E-05, 2.61401E-06, 2.38422E-06, 1.69497E-06, 1.09195E-04
85, 6.36628E-05, 5.36619E-05, 2.74854E-05, 2.64180E-05, 2.59846E-06, 2.36253E-06, 1.68340E-06, 1.08795E-04
86, 6.57404E-05, 5.20790E-05, 2.77340E-05, 2.63830E-05, 2.58289E-06, 2.34139E-06, 1.67154E-06, 1.07785E-04
87, 6.77056E-05, 5.02607E-05, 2.80658E-05, 2.62654E-05, 2.56713E-06, 2.32070E-06, 1.65921E-06, 1.06158E-04
88, 6.95040E-05, 4.96484E-05, 2.83187E-05, 2.63726E-05, 2.55142E-06, 2.30000E-06, 1.64700E-06, 1.03907E-04
89, 7.10820E-05, 4.92357E-05, 2.84923E-05, 2.63902E-05, 2.53640E-06, 2.28032E-06, 1.63556E-06, 1.01036E-04
90, 7.23899E-05, 4.85655E-05, 2.85867E-05, 2.63124E-05, 2.52122E-06, 2.26064E-06, 1.62460E-06, 1.01548E-04
91, 7.37926E-05, 4.76432E-05, 2.86032E-05, 2.61454E-05, 2.50685E-06, 2.24145E-06, 1.61403E-06, 1.01539E-04
92, 7.80235E-05, 4.64764E-05, 2.85438E-05, 2.61647E-05, 2.49241E-06, 2.22244E-06, 1.60366E-06, 1.00960E-04
93, 8.19661E-05, 4.50751E-05, 2.84115E-05, 2.60952E-05, 2.47819E-06, 2.20387E-06, 1.59345E-06, 9.97955E-05
94, 8.55840E-05, 4.54010E-05, 2.84831E-05, 2.60311E-05, 2.46500E-06, 2.18602E-06, 1.58359E-06, 9.80378E-05
95, 8.88412E-05, 4.62248E-05, 2.90257E-05, 2.60848E-05, 2.45185E-06, 2.16795E-06, 1.57388E-06, 9.56829E-05
96, 9.17027E-05, 4.68373E-05, 3.00422E-05, 2.60384E-05, 2.43860E-06, 2.15005E-06, 1.56444E-06, 9.30740E-05
97, 9.41362E-05, 4.72533E-05, 3.09294E-05, 2.58945E-05, 2.42502E-06, 2.13195E-06, 1.55497E-06, 9.33475E-05
98, 9.61132E-05, 4.74878E-05, 3.16859E-05, 2.56565E-05, 2.41215E-06, 2.11378E-06, 1.54547E-06, 9.30928E-05
99, 9.76099E-05, 4.75564E-05, 3.23766E-05, 2.53284E-05, 2.40008E-06, 2.09601E-06, 1.53636E-06, 9.22953E-05
100, 9.86078E-05, 4.74747E-05, 3.38066E-05, 2.52066E-05, 2.38829E-06, 2.07812E-06, 1.52709E-06, 9.09444E-05
101, 9.90942E-05, 4.72613E-05, 3.50864E-05, 2.52215E-05, 2.37731E-06, 2.06032E-06, 1.51844E-06, 8.90347E-05
102, 9.90625E-05, 4.69309E-05, 3.62090E-05, 2.52105E-05, 2.36674E-06, 2.04237E-06, 1.51033E-06, 8.65663E-05
103, 9.85126E-05, 4.65541E-05, 3.71696E-05, 2.50985E-05, 2.35639E-06, 2.02453E-06, 1.50241E-06, 8.47846E-05
104, 9.74500E-05, 4.67178E-05, 3.79654E-05, 2.48886E-05, 2.34558E-06, 2.00630E-06, 1.49423E-06, 8.45238E-05
105, 9.58865E-05, 4.67442E-05, 3.85957E-05, 2.45846E-05, 2.33469E-06, 1.98850E-06, 1.48635E-06, 8.40041E-05
106, 9.38390E-05, 4.66314E-05, 3.90619E-05, 2.41909E-05, 2.32447E-06, 1.97101E-06, 1.47841E-06, 8.29815E-05
107, 9.13296E-05, 4.63784E-05, 3.96034E-05, 2.37170E-05, 2.31471E-06, 1.95362E-06, 1.47061E-06, 8.14508E-05
108, 8.83846E-05, 4.59855E-05, 4.09288E-05, 2.37420E-05, 2.30507E-06, 1.93577E-06, 1.46327E-06, 7.94116E-05
109, 8.50340E-05, 4.59934E-05, 4.20730E-05, 2.36649E-05, 2.29535E-06, 1.91808E-06, 1.45617E-06, 7.71850E-05
110, 8.13143E-05, 4.63062E-05, 4.30305E-05, 2.34885E-05, 2.28587E-06, 1.90119E-06, 1.44875E-06, 7.62365E-05
111, 7.72600E-05, 4.64858E-05, 4.37986E-05, 2.32163E-05, 2.27659E-06, 1.88518E-06, 1.44137E-06, 7.55971E-05
112, 7.29058E-05, 4.65292E-05, 4.43767E-05, 2.28525E-05, 2.26732E-06, 1.86968E-06, 1.43411E-06, 7.49147E-05
113, 6.82895E-05, 4.64404E-05, 4.47667E-05, 2.24018E-05, 2.25796E-06, 1.85348E-06, 1.42684E-06, 7.37808E-05
114, 6.34495E-05, 4.68701E-05, 4.52424E-05, 2.19574E-05, 2.24855E-06, 1.83703E-06, 1.41952E-06, 7.36089E-05
115, 5.84239E-05, 4.72068E-05, 4.63413E-05, 2.16193E-05, 2.23955E-06, 1.82021E-06, 1.41211E-06, 7.36157E-05
116, 5.32498E-05, 4.74509E-05, 4.72655E-05, 2.14318E-05, 2.23112E-06, 1.80351E-06, 1.40493E-06, 7.34406E-05
117, 5.24404E-05, 4.76027E-05, 4.80095E-05, 2.11971E-05, 2.22321E-06, 1.78760E-06, 1.39815E-06, 7.37116E-05
118, 5.16885E-05, 4.76623E-05, 4.85699E-05, 2.08719E-05, 2.21656E-06, 1.77175E-06, 1.39138E-06, 7.47035E-05
119, 5.06398E-05, 4.76298E-05, 4.89458E-05, 2.04604E-05, 2.21062E-06, 1.75556E-06, 1.38440E-06, 7.54498E-05
120, 4.93206E-05, 4.75050E-05, 4.91383E-05, 2.01545E-05, 2.20509E-06, 1.73932E-06, 1.37730E-06, 7.59658E-05
121, 4.77586E-05, 4.72875E-05, 5.01959E-05, 1.98371E-05, 2.19968E-06, 1.72281E-06, 1.37052E-06, 7.62663E-05
122, 4.59817E-05, 4.69769E-05, 5.11088E-05, 1.94430E-05, 2.19453E-06, 1.70604E-06, 1.36380E-06, 7.63651E-05
123, 4.40182E-05, 4.65994E-05, 5.18597E-05, 1.89782E-05, 2.18950E-06, 1.68986E-06, 1.35735E-06, 7.62753E-05
124, 4.18957E-05, 4.62135E-05, 5.24437E-05, 1.84492E-05, 2.18457E-06, 1.67388E-06, 1.35065E-06, 7.61138E-05
125, 3.96414E-05, 4.57482E-05, 5.28578E-05, 1.81637E-05, 2.17926E-06, 1.65807E-06, 1.34388E-06, 7.72632E-05
126, 3.72811E-05, 4.52023E-05, 5.31006E-05, 1.79494E-05, 2.17454E-06, 1.64190E-06, 1.33715E-06, 7.81546E-05
127, 3.48392E-05, 4.45744E-05, 5.31724E-05, 1.76583E-05, 2.17091E-06, 1.62572E-06, 1.33034E-06, 7.87975E-05
128, 3.23388E-05, 4.38631E-05, 5.30751E-05, 1.72958E-05, 2.16779E-06, 1.60952E-06, 1.32365E-06, 7.92013E-05
129, 3.24191E-05, 4.30668E-05, 5.28122E-05, 1.68676E-05, 2.16488E-06, 1.59367E-06, 1.31696E-06, 7.93754E-05
130, 3.31068E-05, 4.21840E-05, 5.23886E-05, 1.63796E-05, 2.16196E-06, 1.57809E-06, 1.31032E-06, 7.93287E-05
131, 3.36976E-05, 4.12411E-05, 5.18104E-05, 1.58380E-05, 2.15879E-06, 1.56253E-06, 1.30376E-06, 7.90699E-05
132, 3.42469E-05, 4.05618E-05, 5.10850E-05, 1.56145E-05, 2.15566E-06, 1.54682E-06, 1.29728E-06, 7.95717E-05
133, 3.59250E-05, 3.97613E-05, 5.12246E-05, 1.53661E-05, 2.15204E-06, 1.53087E-06, 1.29090E-06, 8.04914E-05
134, 3.75329E-05, 3.88439E-05, 5.13288E-05, 1.50535E-05, 2.14795E-06, 1.51493E-06, 1.28440E-06, 8.11242E-05
135, 3.90679E-05, 3.79209E-05, 5.13125E-05, 1.46816E-05, 2.14419E-06, 1.49959E-06, 1.27793E-06, 8.14786E-05
136, 4.10958E-05, 3.84275E-05, 5.11772E-05, 1.43629E-05, 2.14081E-06, 1.48475E-06, 1.27145E-06, 8.15642E-05
137, 4.42679E-05, 3.88162E-05, 5.09255E-05, 1.40676E-05, 2.13708E-06, 1.47011E-06, 1.26507E-06, 8.13917E-05
138, 4.72613E-05, 3.90830E-05, 5.18364E-05, 1.37347E-05, 2.13335E-06, 1.45523E-06, 1.25875E-06, 8.09726E-05
139, 5.00775E-05, 3.92243E-05, 5.30525E-05, 1.36569E-05, 2.12926E-06, 1.44034E-06, 1.25228E-06, 8.03196E-05
140, 5.27184E-05, 3.92373E-05, 5.41390E-05, 1.37970E-05, 2.12478E-06, 1.42569E-06, 1.24544E-06, 8.10254E-05
141, 5.51861E-05, 3.91204E-05, 5.50957E-05, 1.39420E-05, 2.12041E-06, 1.41117E-06, 1.23868E-06, 8.14821E-05
142, 5.74829E-05, 3.88725E-05, 5.59229E-05, 1.40644E-05, 2.11631E-06, 1.39713E-06, 1.23184E-06, 8.16411E-05
143, 5.96158E-05, 3.84938E-05, 5.66215E-05, 1.41616E-05, 2.11223E-06, 1.38332E-06, 1.22516E-06, 8.15166E-05
144, 6.15827E-05, 3.79851E-05, 5.71931E-05, 1.42310E-05, 2.10794E-06, 1.36960E-06, 1.21828E-06, 8.11237E-05
145, 6.33859E-05, 3.73482E-05, 5.76395E-05, 1.42703E-05, 2.10348E-06, 1.35610E-06, 1.21135E-06, 8.04784E-05
146, 6.50279E-05, 3.71524E-05, 5.79632E-05, 1.42772E-05, 2.09920E-06, 1.34268E-06, 1.20440E-06, 7.95972E-05
147, 6.65112E-05, 3.73549E-05, 5.81670E-05, 1.42500E-05, 2.09480E-06, 1.32976E-06, 1.19741E-06, 7.85610E-05
148, 6.78381E-05, 3.74430E-05, 5.82540E-05, 1.43682E-05, 2.08978E-06, 1.31750E-06, 1.19041E-06, 7.88089E-05
149, 6.90109E-05, 3.74116E-05, 5.82277E-05, 1.44593E-05, 2.08441E-06, 1.30575E-06, 1.18344E-06, 7.87696E-05
150, 7.00319E-05, 3.72561E-05, 5.80919E-05, 1.45242E-05, 2.07877E-06, 1.29411E-06, 1.17651E-06, 7.84593E-05
151, 7.09033E-05, 3.69727E-05, 5.78505E-05, 1.45639E-05, 2.07316E-06, 1.28286E-06, 1.16937E-06, 7.78948E-05
152, 7.16274E-05, 3.65586E-05, 5.75079E-05, 1.45933E-05, 2.06783E-06, 1.27142E-06, 1.16240E-06, 7.70933E-05
153, 7.22064E-05, 3.60118E-05, 5.70684E-05, 1.47405E-05, 2.06275E-06, 1.25994E-06, 1.15536E-06, 7.60721E-05
154, 7.26426E-05, 3.53311E-05, 5.65365E-05, 1.48603E-05, 2.05770E-06, 1.24901E-06, 1.14816E-06, 7.48485E-05
155, 7.29385E-05, 3.45166E-05, 5.59170E-05, 1.49536E-05, 2.05235E-06, 1.23839E-06, 1.14097E-06, 7.34393E-05
156, 7.30965E-05, 3.35693E-05, 5.52144E-05, 1.50213E-05, 2.04704E-06, 1.22768E-06, 1.13381E-06, 7.31667E-05
157, 7.31194E-05, 3.26247E-05, 5.44336E-05, 1.50644E-05, 2.04165E-06, 1.21702E-06, 1.12678E-06, 7.27338E-05
158, 7.30101E-05, 3.30102E-05, 5.35794E-05, 1.50836E-05, 2.03584E-06, 1.20669E-06, 1.11980E-06, 7.20708E-05
159, 7.27717E-05, 3.42610E-05, 5.26566E-05, 1.51617E-05, 2.02980E-06, 1.19634E-06, 1.11285E-06, 7.11943E-05
160, 7.24077E-05, 3.54275E-05, 5.16699E-05, 1.52845E-05, 2.02382E-06, 1.18629E-06, 1.10574E-06, 7.01207E-05
161, 7.19217E-05, 3.69904E-05, 5.06240E-05, 1.53815E-05, 2.01768E-06, 1.17627E-06, 1.09846E-06, 6.94556E-05
162, 7.13177E-05, 3.86046E-05, 4.95237E-05, 1.54535E-05, 2.01107E-06, 1.16615E-06, 1.09121E-06, 7.02900E-05
163, 7.06001E-05, 4.01155E-05, 4.83735E-05, 1.55013E-05, 2.00401E-06, 1.15601E-06, 1.08399E-06, 7.09162E-05
164, 6.97735E-05, 4.15176E-05, 4.71780E-05, 1.55260E-05, 1.99698E-06, 1.14604E-06, 1.07674E-06, 7.16867E-05
165, 6.88428E-05, 4.28060E-05, 4.59416E-05, 1.55514E-05, 1.98956E-06, 1.13586E-06, 1.06954E-06, 7.48218E-05
166, 6.78132E-05, 4.39765E-05, 4.46686E-05, 1.56786E-05, 1.98144E-06, 1.12580E-06, 1.06232E-06, 7.78013E-05
167, 6.66903E-05, 4.50255E-05, 4.33635E-05, 1.57807E-05, 1.97341E-06, 1.11578E-06, 1.05516E-06, 8.06098E-05
168, 6.54798E-05, 4.60479E-05, 4.20301E-05, 1.58586E-05, 1.96538E-06, 1.10604E-06, 1.04805E-06, 8.32329E-05
169, 6.41879E-05, 4.72193E-05, 4.06728E-05, 1.59130E-05, 1.95704E-06, 1.09651E-06, 1.04109E-06, 8.56577E-05
170, 6.28206E-05, 4.82490E-05, 3.92953E-05, 1.59449E-05, 1.94821E-06, 1.08699E-06, 1.03420E-06, 8.78728E-05
171, 6.13845E-05, 4.91355E-05, 3.79016E-05, 1.59552E-05, 1.93916E-06, 1.07742E-06, 1.02730E-06, 8.98682E-05
172, 5.98860E-05, 4.98779E-05, 3.64954E-05, 1.60182E-05, 1.93020E-06, 1.06801E-06, 1.02063E-06, 9.16358E-05
173, 5.83317E-05, 5.04765E-05, 3.50803E-05, 1.61270E-05, 1.92192E-06, 1.05861E-06, 1.01393E-06, 9.31688E-05
174, 5.67417E-05, 5.09320E-05, 3.36600E-05, 1.62125E-05, 1.91365E-06, 1.04933E-06, 1.00740E-06, 9.44622E-05
175, 5.52461E-05, 5.12461E-05, 3.22380E-05, 1.62754E-05, 1.90529E-06, 1.04060E-06, 1.00090E-06, 9.55126E-05
176, 5.37164E-05, 5.14212E-05, 3.08176E-05, 1.63166E-05, 1.89667E-06, 1.03242E-06, 9.94374E-07, 9.63182E-05
177, 5.21579E-05, 5.14602E-05, 2.94028E-05, 1.63368E-05, 1.88803E-06, 1.02495E-06, 9.88005E-07, 9.68787E-05
178, 5.08222E-05, 5.13669E-05, 2.79961E-05, 1.63368E-05, 1.87927E-06, 1.01776E-06, 9.81910E-07, 9.71952E-05
179, 5.02329E-05, 5.11454E-05, 2.66008E-05, 1.63174E-05, 1.87054E-06, 1.01089E-06, 9.75959E-07, 9.72703E-05
180, 4.95962E-05, 5.08005E-05, 2.52198E-05, 1.63770E-05, 1.86205E-06, 1.00422E-06, 9.70284E-07, 9.71075E-05
181, 4.89960E-05, 5.03374E-05, 2.38562E-05, 1.67704E-05, 1.85365E-06, 9.97638E-07, 9.64784E-07, 9.67117E-05
182, 4.86664E-05, 4.97616E-05, 2.29599E-05, 1.71905E-05, 1.84549E-06, 9.91136E-07, 9.59485E-07, 9.60886E-05
183, 4.82742E-05, 4.90791E-05, 2.30761E-05, 1.75922E-05, 1.83751E-06, 9.84768E-07, 9.54531E-07, 9.52446E-05
184, 4.78181E-05, 4.82960E-05, 2.31566E-05, 1.79755E-05, 1.82975E-06, 9.78389E-07, 9.49881E-07, 9.41869E-05
185, 4.72970E-05, 4.74186E-05, 2.32023E-05, 1.83404E-05, 1.82263E-06, 9.71982E-07, 9.45223E-07, 9.29231E-05
186, 4.67099E-05, 4.64535E-05, 2.32147E-05, 1.86872E-05, 1.81618E-06, 9.65549E-07, 9.40587E-07, 9.14613E-05
187, 4.66863E-05, 4.54071E-05, 2.31951E-05, 1.90159E-05, 1.81000E-06, 9.58798E-07, 9.36085E-07, 8.98096E-05
188, 4.80120E-05, 4.42862E-05, 2.31451E-05, 1.93268E-05, 1.80368E-06, 9.51924E-07, 9.31553E-07, 8.79764E-05
189, 4.92781E-05, 4.30972E-05, 2.30664E-05, 1.96200E-05, 1.79709E-06, 9.45256E-07, 9.26930E-07, 8.59702E-05
190, 5.04814E-05, 4.18467E-05, 2.30457E-05, 1.98958E-05, 1.79046E-06, 9.38415E-07, 9.22303E-07, 8.37993E-05
191, 5.16184E-05, 4.05410E-05, 2.30074E-05, 2.01543E-05, 1.78380E-06, 9.31489E-07, 9.17662E-07, 8.14721E-05
192, 5.27370E-05, 3.91865E-05, 2.29464E-05, 2.03956E-05, 1.77697E-06, 9.24432E-07, 9.13029E-07, 7.89966E-05
193, 5.43219E-05, 3.77890E-05, 2.28637E-05, 2.06201E-05, 1.77029E-06, 9.17485E-07, 9.08398E-07, 7.63810E-05
194, 5.58595E-05, 3.63545E-05, 2.29583E-05, 2.08279E-05, 1.76364E-06, 9.10696E-07, 9.03869E-07, 7.36329E-05
195, 5.73456E-05, 3.51933E-05, 2.33554E-05, 2.10190E-05, 1.75678E-06, 9.04181E-07, 8.99389E-07, 7.07601E-05
196, 5.87763E-05, 3.52642E-05, 2.37101E-05, 2.11937E-05, 1.74969E-06, 8.97627E-07, 8.94846E-07, 6.77700E-05
197, 6.01478E-05, 3.58671E-05, 2.43065E-05, 2.17276E-05, 1.74267E-06, 8.91372E-07, 8.90365E-07, 6.46700E-05
198, 6.14563E-05, 3.64158E-05, 2.48799E-05, 2.22362E-05, 1.73578E-06, 8.84953E-07, 8.85948E-07, 6.14670E-05
199, 6.26982E-05, 3.69094E-05, 2.54109E-05, 2.27130E-05, 1.72900E-06, 8.78506E-07, 8.81731E-07, 5.81684E-05
200, 6.38701E-05, 3.73474E-05, 2.58982E-05, 2.31574E-05, 1.72222E-06, 8.72166E-07, 8.77433E-07, 5.47809E-05
201, 6.49685E-05, 3.77289E-05, 2.64547E-05, 2.35692E-05, 1.71519E-06, 8.65948E-07, 8.73095E-07, 5.13115E-05
202, 6.59905E-05, 3.80535E-05, 2.71856E-05, 2.39480E-05, 1.70797E-06, 8.59877E-07, 8.68877E-07, 4.77671E-05
203, 6.69329E-05, 3.83207E-05, 2.78761E-05, 2.42936E-05, 1.70082E-06, 8.53640E-07, 8.64735E-07, 4.41809E-05
204, 6.77932E-05, 3.85305E-05, 2.85249E-05, 2.46059E-05, 1.69360E-06, 8.47310E-07, 8.60572E-07, 4.26195E-05
205, 6.85686E-05, 3.89883E-05, 2.91309E-05, 2.48848E-05, 1.68628E-06, 8.40847E-07, 8.56406E-07, 4.30532E-05
206, 6.92570E-05, 3.94379E-05, 2.96937E-05, 2.51304E-05, 1.67890E-06, 8.34603E-07, 8.52340E-07, 4.32961E-05
207, 6.98563E-05, 3.98277E-05, 3.02120E-05, 2.53428E-05, 1.67160E-06, 8.28199E-07, 8.48184E-07, 4.33469E-05
208, 7.03647E-05, 4.01589E-05, 3.06850E-05, 2.55220E-05, 1.66466E-06, 8.21917E-07, 8.43957E-07, 4.32066E-05
209, 7.07806E-05, 4.04319E-05, 3.11120E-05, 2.56684E-05, 1.65758E-06, 8.15556E-07, 8.39772E-07, 4.28777E-05
210, 7.11030E-05, 4.06469E-05, 3.17989E-05, 2.57821E-05, 1.65049E-06, 8.09115E-07, 8.35572E-07, 4.23652E-05
211, 7.14834E-05, 4.08044E-05, 3.25358E-05, 2.58636E-05, 1.64334E-06, 8.02882E-07, 8.31330E-07, 4.16757E-05
212, 7.18505E-05, 4.09047E-05, 3.32352E-05, 2.59133E-05, 1.63612E-06, 7.96634E-07, 8.27127E-07, 4.08179E-05
213, 7.21218E-05, 4.09486E-05, 3.38954E-05, 2.59316E-05, 1.62912E-06, 7.90563E-07, 8.22940E-07, 3.98022E-05
214, 7.22971E-05, 4.09364E-05, 3.45153E-05, 2.59190E-05, 1.62215E-06, 7.84726E-07, 8.18780E-07, 3.86410E-05
215, 7.23764E-05, 4.08688E-05, 3.50936E-05, 2.58762E-05, 1.61536E-06, 7.78868E-07, 8.14648E-07, 3.95448E-05
216, 7.28063E-05, 4.07464E-05, 3.56290E-05, 2.58038E-05, 1.60858E-06, 7.72991E-07, 8.10557E-07, 4.06419E-05
217, 7.31729E-05, 4.06813E-05, 3.61207E-05, 2.57023E-05, 1.60179E-06, 7.67074E-07, 8.06487E-07, 4.16353E-05
218, 7.34585E-05, 4.15200E-05, 3.65675E-05, 2.55726E-05, 1.59488E-06, 7.61269E-07, 8.02393E-07, 4.25236E-05
219, 7.36622E-05, 4.23212E-05, 3.69688E-05, 2.54155E-05, 1.58788E-06, 7.55529E-07, 7.98378E-07, 4.33060E-05
220, 7.37835E-05, 4.30835E-05, 3.73237E-05, 2.52317E-05, 1.58133E-06, 7.49894E-07, 7.94327E-07, 4.39823E-05
221, 7.38217E-05, 4.38057E-05, 3.76316E-05, 2.50221E-05, 1.57501E-06, 7.44292E-07, 7.90265E-07, 4.51925E-05
222, 7.37769E-05, 4.44866E-05, 3.78921E-05, 2.47875E-05, 1.56867E-06, 7.38570E-07, 7.86238E-07, 4.65557E-05
223, 7.36489E-05, 4.51251E-05, 3.81048E-05, 2.45290E-05, 1.56249E-06, 7.32800E-07, 7.82174E-07, 4.78018E-05
224, 7.34381E-05, 4.57201E-05, 3.82695E-05, 2.43110E-05, 1.55612E-06, 7.26927E-07, 7.78117E-07, 4.89259E-05
225, 7.31449E-05, 4.62706E-05, 3.83860E-05, 2.41264E-05, 1.54944E-06, 7.21163E-07, 7.74041E-07, 4.99235E-05
226, 7.27701E-05, 4.67757E-05, 3.84545E-05, 2.39198E-05, 1.54249E-06, 7.15877E-07, 7.70010E-07, 5.07910E-05
227, 7.23146E-05, 4.72346E-05, 3.87775E-05, 2.36917E-05, 1.53512E-06, 7.10713E-07, 7.66018E-07, 5.15258E-05
228, 7.17797E-05, 4.76467E-05, 3.92575E-05, 2.34430E-05, 1.52726E-06, 7.05672E-07, 7.61974E-07, 5.21259E-05
229, 7.11666E-05, 4.80113E-05, 3.97012E-05, 2.31743E-05, 1.51902E-06, 7.00555E-07, 7.57865E-07, 5.25901E-05
230, 7.04771E-05, 4.83279E-05, 4.01072E-05, 2.28862E-05, 1.51060E-06, 6.95404E-07, 7.53788E-07, 5.29972E-05
231, 6.97131E-05, 4.85961E-05, 4.04743E-05, 2.25798E-05, 1.50211E-06, 6.90265E-07, 7.49693E-07, 5.50346E-05
232, 6.88765E-05, 4.88157E-05, 4.08012E-05, 2.22556E-05, 1.49348E-06, 6.85066E-07, 7.45585E-07, 5.74670E-05
233, 6.79696E-05, 4.89864E-05, 4.10868E-05, 2.19147E-05, 1.48469E-06, 6.79813E-07, 7.41424E-07, 5.97628E-05
234, 6.69949E-05, 4.91081E-05, 4.13300E-05, 2.15579E-05, 1.47585E-06, 6.74557E-07, 7.37189E-07, 6.19184E-05
235, 6.59551E-05, 4.91809E-05, 4.15300E-05, 2.11861E-05, 1.46676E-06, 6.69284E-07, 7.32982E-07, 6.39307E-05
236, 6.48531E-05, 4.92049E-05, 4.16858E-05, 2.08003E-05, 1.45752E-06, 6.64067E-07, 7.28753E-07, 6.57970E-05
237, 6.38944E-05, 4.91804E-05, 4.17969E-05, 2.04013E-05, 1.44817E-06, 6.58979E-07, 7.24466E-07, 6.75153E-05
238, 6.30798E-05, 4.91077E-05, 4.18625E-05, 1.99902E-05, 1.43859E-06, 6.53909E-07, 7.20119E-07, 6.90838E-05
239, 6.21982E-05, 4.89895E-05, 4.18822E-05, 1.95680E-05, 1.42892E-06, 6.48859E-07, 7.15736E-07, 7.05015E-05
240, 6.12524E-05, 4.88242E-05, 4.18558E-05, 1.91355E-05, 1.41918E-06, 6.43864E-07, 7.11334E-07, 7.17676E-05
241, 6.02451E-05, 4.86124E-05, 4.17830E-05, 1.86937E-05, 1.40932E-06, 6.38973E-07, 7.06892E-07, 7.28818E-05
242, 5.91793E-05, 4.83549E-05, 4.16637E-05, 1.82437E-05, 1.39923E-06, 6.34182E-07, 7.02423E-07, 7.38444E-05
243, 5.80579E-05, 4.80525E-05, 4.14982E-05, 1.77864E-05, 1.38893E-06, 6.29431E-07, 6.97934E-07, 7.46561E-05
244, 5.68844E-05, 4.77062E-05, 4.12865E-05, 1.73227E-05, 1.37845E-06, 6.24751E-07, 6.93488E-07, 7.53178E-05
245, 5.59297E-05, 4.74523E-05, 4.10291E-05, 1.68536E-05, 1.36769E-06, 6.20088E-07, 6.89099E-07, 7.58308E-05
246, 5.51877E-05, 4.76352E-05, 4.07265E-05, 1.63800E-05, 1.35681E-06, 6.15449E-07, 6.84750E-07, 7.61971E-05
247, 5.43930E-05, 4.77798E-05, 4.03794E-05, 1.59028E-05, 1.34577E-06, 6.10785E-07, 6.80319E-07, 7.64185E-05
248, 5.35476E-05, 4.78850E-05, 3.99885E-05, 1.54230E-05, 1.33459E-06, 6.06176E-07, 6.75891E-07, 7.64975E-05
249, 5.26537E-05, 4.79501E-05, 3.95549E-05, 1.49414E-05, 1.32325E-06, 6.01630E-07, 6.71438E-07, 7.64368E-05
250, 5.17138E-05, 4.79741E-05, 3.90797E-05, 1.44588E-05, 1.31180E-06, 5.97120E-07, 6.67041E-07, 7.62392E-05
