time_step, rel_err_u, rel_err_v, rel_err_w, rel_err_p, rel_err_u_m, rel_err_v_m, rel_err_w_m, rel_err_p_m
0, 0.00000E+00, 0.00000E+00, 0.00000E+00, 0.00000E+00, 0.00000E+00, 0.00000E+00, 0.00000E+00,    Infinity
1, 3.66966E-05, 2.73284E-05, 2.39035E-05, 1.86298E-03, 1.99316E-06, 1.72937E-06, 1.40877E-06, 4.24954E+02
2, 1.40632E-04, 9.78445E-05, 1.23129E-04, 6.86351E-04, 2.48295E-06, 2.22918E-06, 1.71008E-06, 1.23155E-01
3, 4.06400E-05, 3.00684E-05, 1.70588E-05, 1.18274E-04, 1.74374E-06, 1.40956E-06, 1.13562E-06, 3.01882E-02
4, 4.77492E-05, 2.67441E-05, 2.24381E-05, 4.23852E-05, 1.48839E-06, 1.18324E-06, 9.68607E-07, 1.60795E-02
5, 5.22355E-05, 2.62271E-05, 1.56212E-05, 1.64589E-05, 1.48768E-06, 1.19223E-06, 9.64412E-07, 5.43459E-03
6, 5.73496E-05, 2.61416E-05, 1.66975E-05, 1.32385E-05, 1.44887E-06, 1.16675E-06, 9.44682E-07, 1.91232E-03
7, 6.24052E-05, 2.65516E-05, 1.67635E-05, 1.26895E-05, 1.43157E-06, 1.15804E-06, 9.32722E-07, 1.41262E-03
8, 6.69465E-05, 2.76116E-05, 1.75892E-05, 1.19829E-05, 1.40843E-06, 1.14507E-06, 9.20339E-07, 1.00394E-03
9, 7.09074E-05, 2.84387E-05, 1.83226E-05, 1.19098E-05, 1.38845E-06, 1.13497E-06, 9.09008E-07, 7.44401E-04
10, 7.72072E-05, 2.89689E-05, 1.89628E-05, 1.23781E-05, 1.36854E-06, 1.12451E-06, 8.97955E-07, 5.61576E-04
11, 8.28077E-05, 2.91727E-05, 1.94789E-05, 1.28058E-05, 1.34966E-06, 1.11518E-06, 8.87196E-07, 4.17232E-04
12, 8.74997E-05, 2.93045E-05, 2.07948E-05, 1.30770E-05, 1.33084E-06, 1.10566E-06, 8.77006E-07, 3.24953E-04
13, 9.11034E-05, 2.91528E-05, 2.26246E-05, 1.31445E-05, 1.31307E-06, 1.09632E-06, 8.67355E-07, 2.62298E-04
14, 9.34863E-05, 2.86682E-05, 2.40983E-05, 1.29809E-05, 1.29589E-06, 1.08764E-06, 8.57884E-07, 2.30149E-04
15, 9.46364E-05, 2.79554E-05, 2.51327E-05, 1.26006E-05, 1.27910E-06, 1.07972E-06, 8.48202E-07, 2.07787E-04
16, 9.86672E-05, 2.85142E-05, 2.56572E-05, 1.20228E-05, 1.26343E-06, 1.07205E-06, 8.39182E-07, 1.83201E-04
17, 1.01319E-04, 2.87955E-05, 2.56164E-05, 1.12709E-05, 1.24729E-06, 1.06424E-06, 8.30464E-07, 1.64492E-04
18, 1.02447E-04, 2.87914E-05, 2.66448E-05, 1.16566E-05, 1.23172E-06, 1.05664E-06, 8.22403E-07, 1.46133E-04
19, 1.01950E-04, 2.90631E-05, 2.90841E-05, 1.20063E-05, 1.21665E-06, 1.04942E-06, 8.14556E-07, 1.30868E-04
20, 9.97739E-05, 2.99095E-05, 3.10215E-05, 1.22584E-05, 1.20128E-06, 1.04294E-06, 8.07100E-07, 1.18514E-04
21, 9.79057E-05, 3.04508E-05, 3.23532E-05, 1.23908E-05, 1.18594E-06, 1.03620E-06, 7.99723E-07, 1.21315E-04
22, 9.75233E-05, 3.06667E-05, 3.29927E-05, 1.23827E-05, 1.17068E-06, 1.02938E-06, 7.92149E-07, 1.20336E-04
23, 9.54569E-05, 3.09035E-05, 3.28767E-05, 1.22174E-05, 1.15417E-06, 1.02344E-06, 7.84420E-07, 1.16217E-04
24, 9.25494E-05, 3.39924E-05, 3.19690E-05, 1.25016E-05, 1.13754E-06, 1.01757E-06, 7.76937E-07, 1.09722E-04
25, 9.60421E-05, 3.69514E-05, 3.09513E-05, 1.30879E-05, 1.12144E-06, 1.01167E-06, 7.69514E-07, 1.09012E-04
26, 1.01621E-04, 3.97443E-05, 3.44308E-05, 1.36015E-05, 1.10429E-06, 1.00585E-06, 7.61557E-07, 1.11062E-04
27, 1.07391E-04, 4.23391E-05, 3.75110E-05, 1.40117E-05, 1.08703E-06, 9.99742E-07, 7.53342E-07, 1.10062E-04
28, 1.11030E-04, 4.47071E-05, 4.01001E-05, 1.42892E-05, 1.06969E-06, 9.93333E-07, 7.45119E-07, 1.08757E-04
29, 1.12505E-04, 4.68241E-05, 4.21186E-05, 1.44091E-05, 1.05292E-06, 9.86637E-07, 7.37129E-07, 1.21239E-04
30, 1.11866E-04, 4.91069E-05, 4.35032E-05, 1.43532E-05, 1.03777E-06, 9.79668E-07, 7.29597E-07, 1.30598E-04
31, 1.10258E-04, 5.11613E-05, 4.42330E-05, 1.41115E-05, 1.02199E-06, 9.73406E-07, 7.21549E-07, 1.36493E-04
32, 1.10836E-04, 5.28890E-05, 4.42712E-05, 1.36830E-05, 1.00807E-06, 9.67448E-07, 7.13269E-07, 1.38791E-04
33, 1.09204E-04, 5.42770E-05, 4.36047E-05, 1.30757E-05, 9.93651E-07, 9.61351E-07, 7.05815E-07, 1.37541E-04
34, 1.07312E-04, 5.53187E-05, 4.22531E-05, 1.23059E-05, 9.81092E-07, 9.55308E-07, 6.98670E-07, 1.32971E-04
35, 1.11190E-04, 5.60139E-05, 4.02577E-05, 1.13962E-05, 9.69287E-07, 9.49234E-07, 6.91218E-07, 1.25448E-04
36, 1.13161E-04, 5.63683E-05, 3.76793E-05, 1.03742E-05, 9.58579E-07, 9.42835E-07, 6.83189E-07, 1.15442E-04
37, 1.13188E-04, 5.63930E-05, 3.45954E-05, 9.27002E-06, 9.47887E-07, 9.36055E-07, 6.74910E-07, 1.18325E-04
38, 1.11294E-04, 5.61909E-05, 3.10965E-05, 8.11482E-06, 9.36566E-07, 9.29280E-07, 6.67079E-07, 1.22833E-04
39, 1.07554E-04, 5.60496E-05, 2.76962E-05, 6.93888E-06, 9.26813E-07, 9.22838E-07, 6.59049E-07, 1.24119E-04
40, 1.02095E-04, 5.55841E-05, 2.96750E-05, 5.96052E-06, 9.18041E-07, 9.16264E-07, 6.51113E-07, 1.22464E-04
41, 9.50836E-05, 5.48184E-05, 3.09980E-05, 5.71513E-06, 9.09558E-07, 9.09619E-07, 6.43136E-07, 1.18253E-04
42, 8.67191E-05, 5.57984E-05, 3.16470E-05, 5.62867E-06, 9.01362E-07, 9.03053E-07, 6.35157E-07, 1.11934E-04
43, 7.72270E-05, 5.92673E-05, 3.16441E-05, 5.64903E-06, 8.92680E-07, 8.96283E-07, 6.27205E-07, 1.03984E-04
44, 7.19109E-05, 6.22485E-05, 3.10275E-05, 5.65466E-06, 8.83990E-07, 8.89201E-07, 6.19186E-07, 9.48699E-05
45, 7.12283E-05, 6.47106E-05, 2.98496E-05, 5.64602E-06, 8.76638E-07, 8.81827E-07, 6.11711E-07, 8.50270E-05
46, 7.47412E-05, 6.66346E-05, 2.81746E-05, 5.66320E-06, 8.70596E-07, 8.74406E-07, 6.04850E-07, 7.48348E-05
47, 8.11008E-05, 6.80143E-05, 2.70520E-05, 5.71499E-06, 8.64238E-07, 8.67557E-07, 5.98849E-07, 6.46105E-05
48, 8.62947E-05, 6.88605E-05, 2.73204E-05, 5.75721E-06, 8.58042E-07, 8.60757E-07, 5.92906E-07, 5.46031E-05
49, 9.02976E-05, 6.91776E-05, 2.70848E-05, 5.78235E-06, 8.51342E-07, 8.53609E-07, 5.86881E-07, 4.49986E-05
50, 9.31131E-05, 6.89890E-05, 2.63778E-05, 5.79078E-06, 8.44425E-07, 8.46600E-07, 5.80864E-07, 4.14181E-05
51, 9.47701E-05, 6.83253E-05, 2.52440E-05, 5.79413E-06, 8.38224E-07, 8.39285E-07, 5.74839E-07, 4.43471E-05
52, 9.53203E-05, 6.72232E-05, 2.37373E-05, 5.86304E-06, 8.31907E-07, 8.31778E-07, 5.68665E-07, 4.59134E-05
53, 9.48343E-05, 6.57231E-05, 2.19185E-05, 5.91474E-06, 8.25493E-07, 8.24282E-07, 5.62597E-07, 4.66803E-05
54, 9.33978E-05, 6.38686E-05, 1.98533E-05, 5.94938E-06, 8.19030E-07, 8.16601E-07, 5.56372E-07, 4.68177E-05
55, 9.11082E-05, 6.17046E-05, 2.03468E-05, 5.96721E-06, 8.12724E-07, 8.08698E-07, 5.50158E-07, 4.59704E-05
56, 8.80710E-05, 5.92763E-05, 2.08863E-05, 5.96860E-06, 8.06432E-07, 8.00746E-07, 5.44143E-07, 4.42534E-05
57, 8.43963E-05, 5.66284E-05, 2.11099E-05, 5.95673E-06, 7.99939E-07, 7.92736E-07, 5.38569E-07, 4.17959E-05
58, 8.02020E-05, 5.38042E-05, 2.10294E-05, 5.99582E-06, 7.93451E-07, 7.84691E-07, 5.33421E-07, 3.87364E-05
59, 7.55972E-05, 5.08449E-05, 2.06676E-05, 6.04563E-06, 7.86904E-07, 7.76761E-07, 5.28346E-07, 3.52184E-05
60, 7.06828E-05, 4.77892E-05, 2.00528E-05, 6.07834E-06, 7.80427E-07, 7.68943E-07, 5.23309E-07, 3.35925E-05
61, 6.55605E-05, 4.46729E-05, 1.92170E-05, 6.09415E-06, 7.74661E-07, 7.60962E-07, 5.18300E-07, 3.32356E-05
62, 6.03249E-05, 4.15286E-05, 1.81955E-05, 6.10498E-06, 7.69142E-07, 7.52982E-07, 5.13249E-07, 3.26777E-05
63, 5.50615E-05, 3.83856E-05, 1.70250E-05, 6.12166E-06, 7.63719E-07, 7.45039E-07, 5.08344E-07, 3.19579E-05
64, 5.11937E-05, 3.52699E-05, 1.57429E-05, 6.12177E-06, 7.58190E-07, 7.36968E-07, 5.03710E-07, 3.21563E-05
65, 4.87229E-05, 3.22039E-05, 1.43859E-05, 6.13519E-06, 7.52942E-07, 7.29251E-07, 4.99070E-07, 3.21718E-05
66, 4.59051E-05, 2.92071E-05, 1.29894E-05, 6.17761E-06, 7.47561E-07, 7.21618E-07, 4.94495E-07, 3.20019E-05
67, 4.28455E-05, 2.62953E-05, 1.15861E-05, 6.19974E-06, 7.42008E-07, 7.13862E-07, 4.90075E-07, 3.16458E-05
68, 3.96429E-05, 2.34817E-05, 1.02061E-05, 6.21419E-06, 7.36626E-07, 7.06117E-07, 4.85698E-07, 3.11041E-05
69, 3.63874E-05, 2.07764E-05, 8.87557E-06, 6.23697E-06, 7.31399E-07, 6.98656E-07, 4.81378E-07, 3.03791E-05
70, 3.31589E-05, 1.91292E-05, 7.61664E-06, 6.24237E-06, 7.26053E-07, 6.91241E-07, 4.76995E-07, 3.04990E-05
71, 3.00262E-05, 1.79662E-05, 6.44725E-06, 6.24212E-06, 7.20808E-07, 6.83933E-07, 4.72698E-07, 3.05459E-05
72, 2.70460E-05, 1.74204E-05, 6.21461E-06, 6.28625E-06, 7.15747E-07, 6.76816E-07, 4.68403E-07, 3.04224E-05
73, 2.42625E-05, 1.69104E-05, 6.22511E-06, 6.30961E-06, 7.10887E-07, 6.69778E-07, 4.64351E-07, 3.01269E-05
74, 2.43433E-05, 1.63275E-05, 6.27443E-06, 6.31255E-06, 7.06148E-07, 6.62657E-07, 4.60538E-07, 2.96588E-05
75, 2.41751E-05, 1.61687E-05, 6.30441E-06, 6.31195E-06, 7.01544E-07, 6.55701E-07, 4.56752E-07, 2.90191E-05
76, 2.37145E-05, 1.59768E-05, 6.31496E-06, 6.32454E-06, 6.97027E-07, 6.48869E-07, 4.52904E-07, 2.87244E-05
77, 2.29871E-05, 1.57041E-05, 6.30621E-06, 6.33040E-06, 6.92547E-07, 6.42226E-07, 4.49074E-07, 2.88415E-05
78, 2.20232E-05, 1.53555E-05, 6.41472E-06, 6.34660E-06, 6.87854E-07, 6.35809E-07, 4.45363E-07, 2.88021E-05
79, 2.08567E-05, 1.49363E-05, 6.50782E-06, 6.35102E-06, 6.83414E-07, 6.29541E-07, 4.41906E-07, 2.86029E-05
80, 1.95240E-05, 1.44522E-05, 6.58175E-06, 6.35943E-06, 6.78995E-07, 6.23723E-07, 4.38504E-07, 2.82420E-05
81, 1.80623E-05, 1.40105E-05, 6.63609E-06, 6.37642E-06, 6.74704E-07, 6.18141E-07, 4.35178E-07, 2.77187E-05
82, 1.65089E-05, 1.38966E-05, 6.67063E-06, 6.39415E-06, 6.70627E-07, 6.12561E-07, 4.32020E-07, 2.70334E-05
83, 1.49002E-05, 1.37128E-05, 6.68539E-06, 6.38877E-06, 6.66502E-07, 6.06886E-07, 4.28879E-07, 2.70129E-05
84, 1.53772E-05, 1.34617E-05, 6.68066E-06, 6.37174E-06, 6.62425E-07, 6.01393E-07, 4.25837E-07, 2.70685E-05
85, 1.59139E-05, 1.31465E-05, 6.65692E-06, 6.38087E-06, 6.58301E-07, 5.96014E-07, 4.22913E-07, 2.69755E-05
86, 1.64347E-05, 1.27707E-05, 6.72462E-06, 6.36908E-06, 6.54151E-07, 5.90667E-07, 4.19895E-07, 2.67306E-05
87, 1.69263E-05, 1.23381E-05, 6.80762E-06, 6.37314E-06, 6.49973E-07, 5.85486E-07, 4.16793E-07, 2.63311E-05
88, 1.73748E-05, 1.20595E-05, 6.87115E-06, 6.39914E-06, 6.45843E-07, 5.80337E-07, 4.13731E-07, 2.57760E-05
89, 1.77670E-05, 1.19723E-05, 6.91506E-06, 6.40076E-06, 6.41763E-07, 5.75272E-07, 4.10781E-07, 2.50654E-05
90, 1.80906E-05, 1.18236E-05, 6.93940E-06, 6.37856E-06, 6.37807E-07, 5.70342E-07, 4.08120E-07, 2.51605E-05
91, 1.84134E-05, 1.16143E-05, 6.94446E-06, 6.33326E-06, 6.33889E-07, 5.65486E-07, 4.05461E-07, 2.51613E-05
92, 1.94666E-05, 1.13460E-05, 6.93074E-06, 6.30850E-06, 6.29972E-07, 5.60798E-07, 4.02941E-07, 2.50197E-05
93, 2.04469E-05, 1.10210E-05, 6.89894E-06, 6.28785E-06, 6.26210E-07, 5.56182E-07, 4.00391E-07, 2.47322E-05
94, 2.13453E-05, 1.11599E-05, 6.94071E-06, 6.30500E-06, 6.22686E-07, 5.51678E-07, 3.97895E-07, 2.42966E-05
95, 2.21526E-05, 1.13599E-05, 7.04991E-06, 6.31538E-06, 6.19189E-07, 5.47100E-07, 3.95377E-07, 2.37117E-05
96, 2.28602E-05, 1.15074E-05, 7.30291E-06, 6.30072E-06, 6.15685E-07, 5.42522E-07, 3.93013E-07, 2.30494E-05
97, 2.34602E-05, 1.16063E-05, 7.52380E-06, 6.26170E-06, 6.12064E-07, 5.37925E-07, 3.90667E-07, 2.31172E-05
98, 2.39455E-05, 1.16601E-05, 7.71234E-06, 6.19916E-06, 6.08588E-07, 5.33444E-07, 3.88363E-07, 2.30534E-05
99, 2.43103E-05, 1.16729E-05, 7.91005E-06, 6.11407E-06, 6.05320E-07, 5.29075E-07, 3.86142E-07, 2.28542E-05
100, 2.45501E-05, 1.16486E-05, 8.26467E-06, 6.07840E-06, 6.02126E-07, 5.24603E-07, 3.83881E-07, 2.25169E-05
101, 2.46620E-05, 1.15918E-05, 8.58176E-06, 6.09809E-06, 5.99171E-07, 5.20216E-07, 3.81707E-07, 2.20402E-05
102, 2.46444E-05, 1.15060E-05, 8.85964E-06, 6.09197E-06, 5.96332E-07, 5.15757E-07, 3.79647E-07, 2.14240E-05
103, 2.44973E-05, 1.15003E-05, 9.09717E-06, 6.06062E-06, 5.93501E-07, 5.11279E-07, 3.77592E-07, 2.09259E-05
104, 2.42225E-05, 1.15398E-05, 9.29375E-06, 6.00482E-06, 5.90563E-07, 5.06694E-07, 3.75566E-07, 2.09166E-05
105, 2.38229E-05, 1.15452E-05, 9.44928E-06, 5.92551E-06, 5.87580E-07, 5.02276E-07, 3.73607E-07, 2.07843E-05
106, 2.33030E-05, 1.15158E-05, 9.56414E-06, 5.82380E-06, 5.84764E-07, 4.97904E-07, 3.71641E-07, 2.05265E-05
107, 2.26682E-05, 1.14514E-05, 9.68947E-06, 5.72732E-06, 5.82066E-07, 4.93519E-07, 3.69779E-07, 2.01420E-05
108, 2.19253E-05, 1.13522E-05, 1.00176E-05, 5.72983E-06, 5.79474E-07, 4.89001E-07, 3.67901E-07, 1.96307E-05
109, 2.10819E-05, 1.13500E-05, 1.03005E-05, 5.70687E-06, 5.76937E-07, 4.84630E-07, 3.66053E-07, 1.90318E-05
110, 2.01473E-05, 1.14260E-05, 1.05370E-05, 5.65913E-06, 5.74357E-07, 4.80421E-07, 3.64291E-07, 1.87876E-05
111, 1.91298E-05, 1.14688E-05, 1.07264E-05, 5.58750E-06, 5.71741E-07, 4.76405E-07, 3.62542E-07, 1.86907E-05
112, 1.80384E-05, 1.14776E-05, 1.08687E-05, 5.49301E-06, 5.69173E-07, 4.72396E-07, 3.60764E-07, 1.85158E-05
113, 1.68824E-05, 1.15366E-05, 1.09643E-05, 5.37741E-06, 5.66650E-07, 4.68365E-07, 3.58933E-07, 1.84525E-05
114, 1.56714E-05, 1.16462E-05, 1.11060E-05, 5.31116E-06, 5.64093E-07, 4.64291E-07, 3.57029E-07, 1.84964E-05
115, 1.44149E-05, 1.17326E-05, 1.13759E-05, 5.22344E-06, 5.61566E-07, 4.60123E-07, 3.55132E-07, 1.84902E-05
116, 1.31728E-05, 1.17959E-05, 1.16023E-05, 5.15584E-06, 5.59221E-07, 4.56014E-07, 3.53362E-07, 1.84379E-05
117, 1.30587E-05, 1.18361E-05, 1.17838E-05, 5.09333E-06, 5.57033E-07, 4.52037E-07, 3.51709E-07, 1.85437E-05
118, 1.28649E-05, 1.18533E-05, 1.19197E-05, 5.00823E-06, 5.55126E-07, 4.48132E-07, 3.50026E-07, 1.87840E-05
119, 1.25977E-05, 1.18475E-05, 1.20099E-05, 4.92971E-06, 5.53380E-07, 4.44116E-07, 3.48285E-07, 1.89624E-05
120, 1.22636E-05, 1.18186E-05, 1.20591E-05, 4.86773E-06, 5.51692E-07, 4.40082E-07, 3.46551E-07, 1.90827E-05
121, 1.18697E-05, 1.17666E-05, 1.23217E-05, 4.78512E-06, 5.50110E-07, 4.35931E-07, 3.44796E-07, 1.91487E-05
122, 1.14229E-05, 1.16914E-05, 1.25454E-05, 4.68329E-06, 5.48615E-07, 4.31774E-07, 3.43116E-07, 1.91637E-05
123, 1.09302E-05, 1.15927E-05, 1.27287E-05, 4.56376E-06, 5.47209E-07, 4.27701E-07, 3.41452E-07, 1.91310E-05
124, 1.03986E-05, 1.14705E-05, 1.28705E-05, 4.42812E-06, 5.45722E-07, 4.23667E-07, 3.39822E-07, 1.91428E-05
125, 9.83482E-06, 1.13429E-05, 1.29701E-05, 4.38608E-06, 5.44200E-07, 4.19670E-07, 3.38162E-07, 1.94203E-05
126, 9.24521E-06, 1.12077E-05, 1.30271E-05, 4.32924E-06, 5.42875E-07, 4.15648E-07, 3.36469E-07, 1.96328E-05
127, 8.63589E-06, 1.10520E-05, 1.30418E-05, 4.25320E-06, 5.41925E-07, 4.11594E-07, 3.34739E-07, 1.97827E-05
128, 8.02457E-06, 1.08754E-05, 1.30146E-05, 4.15929E-06, 5.41015E-07, 4.07558E-07, 3.33098E-07, 1.98723E-05
129, 8.21646E-06, 1.06777E-05, 1.29465E-05, 4.04894E-06, 5.40121E-07, 4.03647E-07, 3.31480E-07, 1.99039E-05
130, 8.38505E-06, 1.04585E-05, 1.28387E-05, 3.92364E-06, 5.39149E-07, 3.99795E-07, 3.29777E-07, 1.98797E-05
131, 8.52925E-06, 1.02175E-05, 1.26929E-05, 3.82622E-06, 5.38174E-07, 3.95882E-07, 3.28057E-07, 1.98019E-05
132, 8.64820E-06, 9.95445E-06, 1.25108E-05, 3.76285E-06, 5.37255E-07, 3.91967E-07, 3.26417E-07, 1.99985E-05
133, 8.78425E-06, 9.73459E-06, 1.25378E-05, 3.69752E-06, 5.36214E-07, 3.87980E-07, 3.24871E-07, 2.02156E-05
134, 9.17723E-06, 9.50269E-06, 1.25602E-05, 3.61613E-06, 5.35126E-07, 3.83931E-07, 3.23298E-07, 2.03604E-05
135, 9.55187E-06, 9.32170E-06, 1.25527E-05, 3.54489E-06, 5.34115E-07, 3.79970E-07, 3.21712E-07, 2.04350E-05
136, 1.03557E-05, 9.44368E-06, 1.25161E-05, 3.47973E-06, 5.33087E-07, 3.76132E-07, 3.20106E-07, 2.04419E-05
137, 1.11424E-05, 9.53621E-06, 1.24507E-05, 3.43638E-06, 5.32007E-07, 3.72339E-07, 3.18498E-07, 2.03837E-05
138, 1.18845E-05, 9.59825E-06, 1.27170E-05, 3.49115E-06, 5.30866E-07, 3.68612E-07, 3.16887E-07, 2.02633E-05
139, 1.25824E-05, 9.62893E-06, 1.30123E-05, 3.53819E-06, 5.29687E-07, 3.64901E-07, 3.15251E-07, 2.01761E-05
140, 1.32365E-05, 9.62759E-06, 1.32751E-05, 3.57768E-06, 5.28544E-07, 3.61173E-07, 3.13549E-07, 2.03526E-05
141, 1.38475E-05, 9.59379E-06, 1.35056E-05, 3.60980E-06, 5.27399E-07, 3.57573E-07, 3.11838E-07, 2.04510E-05
142, 1.44159E-05, 9.52732E-06, 1.37038E-05, 3.63478E-06, 5.26213E-07, 3.53985E-07, 3.10143E-07, 2.04744E-05
143, 1.49434E-05, 9.42819E-06, 1.38701E-05, 3.65283E-06, 5.25010E-07, 3.50519E-07, 3.08482E-07, 2.04265E-05
144, 1.54295E-05, 9.29665E-06, 1.40047E-05, 3.66417E-06, 5.23802E-07, 3.47035E-07, 3.06849E-07, 2.03110E-05
145, 1.58748E-05, 9.13316E-06, 1.41083E-05, 3.69403E-06, 5.22540E-07, 3.43627E-07, 3.05190E-07, 2.01319E-05
146, 1.62800E-05, 9.18271E-06, 1.41814E-05, 3.73323E-06, 5.21308E-07, 3.40253E-07, 3.03478E-07, 1.98935E-05
147, 1.66456E-05, 9.22959E-06, 1.42249E-05, 3.76518E-06, 5.20069E-07, 3.36964E-07, 3.01761E-07, 1.97478E-05
148, 1.69722E-05, 9.24787E-06, 1.42394E-05, 3.79012E-06, 5.18779E-07, 3.33796E-07, 3.00048E-07, 1.97923E-05
149, 1.72605E-05, 9.23628E-06, 1.42260E-05, 3.80825E-06, 5.17393E-07, 3.30768E-07, 2.98345E-07, 1.97646E-05
150, 1.75109E-05, 9.19369E-06, 1.41856E-05, 3.81983E-06, 5.15920E-07, 3.27768E-07, 2.96616E-07, 1.96687E-05
151, 1.77242E-05, 9.11920E-06, 1.41193E-05, 3.82507E-06, 5.14584E-07, 3.24910E-07, 2.94905E-07, 1.95088E-05
152, 1.79007E-05, 9.01209E-06, 1.40280E-05, 3.84470E-06, 5.13290E-07, 3.22037E-07, 2.93197E-07, 1.92894E-05
153, 1.80413E-05, 8.87186E-06, 1.39131E-05, 3.87678E-06, 5.11920E-07, 3.19139E-07, 2.91481E-07, 1.90147E-05
154, 1.81463E-05, 8.69828E-06, 1.37756E-05, 3.90197E-06, 5.10493E-07, 3.16379E-07, 2.89721E-07, 1.86891E-05
155, 1.82165E-05, 8.49136E-06, 1.36167E-05, 3.92051E-06, 5.09069E-07, 3.13615E-07, 2.87962E-07, 1.84495E-05
156, 1.82524E-05, 8.25137E-06, 1.34376E-05, 3.93262E-06, 5.07732E-07, 3.10881E-07, 2.86175E-07, 1.83844E-05
157, 1.82549E-05, 7.99199E-06, 1.32396E-05, 3.93854E-06, 5.06418E-07, 3.08225E-07, 2.84416E-07, 1.82573E-05
158, 1.82246E-05, 7.75853E-06, 1.30239E-05, 3.93852E-06, 5.05022E-07, 3.05600E-07, 2.82669E-07, 1.80723E-05
159, 1.81623E-05, 8.05683E-06, 1.27917E-05, 3.96867E-06, 5.03549E-07, 3.02975E-07, 2.80923E-07, 1.78336E-05
160, 1.80690E-05, 8.41709E-06, 1.25441E-05, 3.99450E-06, 5.02008E-07, 3.00483E-07, 2.79161E-07, 1.75454E-05
161, 1.79455E-05, 8.83234E-06, 1.22825E-05, 4.01384E-06, 5.00379E-07, 2.97904E-07, 2.77399E-07, 1.75761E-05
162, 1.77928E-05, 9.22317E-06, 1.20080E-05, 4.02691E-06, 4.98574E-07, 2.95289E-07, 2.75635E-07, 1.77715E-05
163, 1.76122E-05, 9.58811E-06, 1.17217E-05, 4.03393E-06, 4.96804E-07, 2.92725E-07, 2.73839E-07, 1.79145E-05
164, 1.74046E-05, 9.92584E-06, 1.14248E-05, 4.03725E-06, 4.95002E-07, 2.90181E-07, 2.72048E-07, 1.83372E-05
165, 1.71715E-05, 1.02352E-05, 1.11184E-05, 4.05200E-06, 4.93157E-07, 2.87600E-07, 2.70262E-07, 1.91024E-05
166, 1.69140E-05, 1.05150E-05, 1.08036E-05, 4.07888E-06, 4.91206E-07, 2.85063E-07, 2.68479E-07, 1.98274E-05
167, 1.66337E-05, 1.08334E-05, 1.04815E-05, 4.09947E-06, 4.89272E-07, 2.82523E-07, 2.66684E-07, 2.05084E-05
168, 1.63319E-05, 1.11484E-05, 1.01530E-05, 4.11397E-06, 4.87267E-07, 2.80080E-07, 2.64932E-07, 2.11418E-05
169, 1.60101E-05, 1.14285E-05, 9.81929E-06, 4.12905E-06, 4.85123E-07, 2.77703E-07, 2.63192E-07, 2.17245E-05
170, 1.56699E-05, 1.16730E-05, 9.48120E-06, 4.14074E-06, 4.82887E-07, 2.75281E-07, 2.61436E-07, 2.22536E-05
171, 1.53130E-05, 1.18816E-05, 9.13972E-06, 4.14651E-06, 4.80679E-07, 2.72887E-07, 2.59715E-07, 2.27266E-05
172, 1.49408E-05, 1.20541E-05, 8.79578E-06, 4.15034E-06, 4.78567E-07, 2.70500E-07, 2.58013E-07, 2.31417E-05
173, 1.45552E-05, 1.21905E-05, 8.45024E-06, 4.17270E-06, 4.76476E-07, 2.68122E-07, 2.56362E-07, 2.34970E-05
174, 1.41577E-05, 1.22910E-05, 8.10399E-06, 4.18920E-06, 4.74317E-07, 2.65869E-07, 2.54713E-07, 2.37916E-05
175, 1.37700E-05, 1.23561E-05, 7.75784E-06, 4.20004E-06, 4.72218E-07, 2.63821E-07, 2.53053E-07, 2.40245E-05
176, 1.33979E-05, 1.23863E-05, 7.41272E-06, 4.20839E-06, 4.70123E-07, 2.61847E-07, 2.51421E-07, 2.41954E-05
177, 1.30194E-05, 1.23825E-05, 7.06937E-06, 4.21416E-06, 4.68073E-07, 2.60038E-07, 2.49834E-07, 2.43043E-05
178, 1.26356E-05, 1.23455E-05, 6.72849E-06, 4.21450E-06, 4.65986E-07, 2.58250E-07, 2.48320E-07, 2.43517E-05
179, 1.22777E-05, 1.22764E-05, 6.39082E-06, 4.20960E-06, 4.63864E-07, 2.56512E-07, 2.46851E-07, 2.43381E-05
180, 1.21425E-05, 1.21764E-05, 6.05707E-06, 4.22904E-06, 4.61808E-07, 2.54845E-07, 2.45423E-07, 2.42647E-05
181, 1.19971E-05, 1.20467E-05, 5.72794E-06, 4.33745E-06, 4.59774E-07, 2.53230E-07, 2.44030E-07, 2.41327E-05
182, 1.18414E-05, 1.18889E-05, 5.65305E-06, 4.44116E-06, 4.57807E-07, 2.51638E-07, 2.42675E-07, 2.39437E-05
183, 1.17012E-05, 1.17043E-05, 5.63214E-06, 4.54017E-06, 4.55939E-07, 2.50039E-07, 2.41398E-07, 2.36994E-05
184, 1.15937E-05, 1.14945E-05, 5.61614E-06, 4.63450E-06, 4.54179E-07, 2.48442E-07, 2.40123E-07, 2.34017E-05
185, 1.18991E-05, 1.12612E-05, 5.62858E-06, 4.72418E-06, 4.52526E-07, 2.46807E-07, 2.38856E-07, 2.30526E-05
186, 1.22619E-05, 1.10059E-05, 5.63271E-06, 4.80924E-06, 4.50898E-07, 2.45127E-07, 2.37650E-07, 2.26542E-05
187, 1.26109E-05, 1.07302E-05, 5.62886E-06, 4.88973E-06, 4.49241E-07, 2.43463E-07, 2.36454E-07, 2.22088E-05
188, 1.29451E-05, 1.04360E-05, 5.61736E-06, 4.96569E-06, 4.47575E-07, 2.41780E-07, 2.35244E-07, 2.17185E-05
189, 1.32635E-05, 1.01247E-05, 5.59860E-06, 5.03718E-06, 4.45905E-07, 2.40069E-07, 2.34037E-07, 2.11856E-05
190, 1.35653E-05, 9.79813E-06, 5.57297E-06, 5.10424E-06, 4.44159E-07, 2.38311E-07, 2.32807E-07, 2.06122E-05
191, 1.38496E-05, 9.45780E-06, 5.54086E-06, 5.16693E-06, 4.42416E-07, 2.36522E-07, 2.31593E-07, 2.00006E-05
192, 1.41158E-05, 9.10531E-06, 5.57763E-06, 5.22531E-06, 4.40744E-07, 2.34755E-07, 2.30368E-07, 1.93528E-05
193, 1.44737E-05, 8.74220E-06, 5.69279E-06, 5.27941E-06, 4.39138E-07, 2.32959E-07, 2.29142E-07, 1.86711E-05
194, 1.48602E-05, 8.66127E-06, 5.79774E-06, 5.32929E-06, 4.37564E-07, 2.31237E-07, 2.27916E-07, 1.79575E-05
195, 1.52329E-05, 8.83057E-06, 5.89231E-06, 5.40353E-06, 4.35910E-07, 2.29594E-07, 2.26696E-07, 1.72139E-05
196, 1.55911E-05, 8.98644E-06, 6.02949E-06, 5.54144E-06, 4.34213E-07, 2.27921E-07, 2.25486E-07, 1.64424E-05
197, 1.59335E-05, 9.12866E-06, 6.17748E-06, 5.67151E-06, 4.32456E-07, 2.26242E-07, 2.24266E-07, 1.56448E-05
198, 1.62594E-05, 9.25705E-06, 6.31512E-06, 5.79358E-06, 4.30773E-07, 2.24581E-07, 2.23085E-07, 1.48231E-05
199, 1.65677E-05, 9.37142E-06, 6.44211E-06, 5.90754E-06, 4.29084E-07, 2.22935E-07, 2.21916E-07, 1.39790E-05
200, 1.68576E-05, 9.47161E-06, 6.56488E-06, 6.01331E-06, 4.27347E-07, 2.21309E-07, 2.20748E-07, 1.31143E-05
201, 1.71283E-05, 9.55749E-06, 6.75216E-06, 6.11081E-06, 4.25572E-07, 2.19697E-07, 2.19596E-07, 1.22309E-05
202, 1.73789E-05, 9.62898E-06, 6.92956E-06, 6.19997E-06, 4.23767E-07, 2.18053E-07, 2.18457E-07, 1.13305E-05
203, 1.76087E-05, 9.68600E-06, 7.09677E-06, 6.28078E-06, 4.21944E-07, 2.16368E-07, 2.17356E-07, 1.06953E-05
204, 1.78169E-05, 9.72857E-06, 7.25349E-06, 6.35321E-06, 4.20109E-07, 2.14715E-07, 2.16249E-07, 1.00809E-05
205, 1.80030E-05, 9.81707E-06, 7.39958E-06, 6.41726E-06, 4.18265E-07, 2.13073E-07, 2.15141E-07, 9.77745E-06
206, 1.81664E-05, 9.92026E-06, 7.53470E-06, 6.47297E-06, 4.16436E-07, 2.11429E-07, 2.14039E-07, 9.85152E-06
207, 1.83066E-05, 1.00081E-05, 7.65861E-06, 6.52035E-06, 4.14650E-07, 2.09759E-07, 2.12921E-07, 9.88232E-06
208, 1.84231E-05, 1.00809E-05, 7.77113E-06, 6.55948E-06, 4.12839E-07, 2.08078E-07, 2.11813E-07, 9.86998E-06
209, 1.85155E-05, 1.01387E-05, 7.90836E-06, 6.59041E-06, 4.10997E-07, 2.06387E-07, 2.10703E-07, 9.81511E-06
210, 1.85837E-05, 1.01817E-05, 8.09728E-06, 6.61323E-06, 4.09124E-07, 2.04691E-07, 2.09606E-07, 9.71876E-06
211, 1.86703E-05, 1.02098E-05, 8.27702E-06, 6.62805E-06, 4.07250E-07, 2.03078E-07, 2.08509E-07, 9.58241E-06
212, 1.87470E-05, 1.02234E-05, 8.44722E-06, 6.63498E-06, 4.05384E-07, 2.01483E-07, 2.07424E-07, 9.40801E-06
213, 1.87990E-05, 1.02224E-05, 8.60753E-06, 6.63415E-06, 4.03538E-07, 1.99901E-07, 2.06349E-07, 9.58445E-06
214, 1.88262E-05, 1.02072E-05, 8.75762E-06, 6.62570E-06, 4.01685E-07, 1.98317E-07, 2.05274E-07, 9.90136E-06
215, 1.88286E-05, 1.02643E-05, 8.89718E-06, 6.60979E-06, 3.99796E-07, 1.96743E-07, 2.04199E-07, 1.01925E-05
216, 1.88765E-05, 1.04893E-05, 9.02595E-06, 6.58657E-06, 3.97911E-07, 1.95185E-07, 2.03131E-07, 1.04572E-05
217, 1.89593E-05, 1.07054E-05, 9.14365E-06, 6.55624E-06, 3.96067E-07, 1.93711E-07, 2.02072E-07, 1.06953E-05
218, 1.90211E-05, 1.09123E-05, 9.25006E-06, 6.51897E-06, 3.94282E-07, 1.92249E-07, 2.01030E-07, 1.09063E-05
219, 1.90617E-05, 1.11096E-05, 9.34497E-06, 6.47498E-06, 3.92474E-07, 1.90802E-07, 1.99990E-07, 1.10902E-05
220, 1.90809E-05, 1.12969E-05, 9.42822E-06, 6.42446E-06, 3.90639E-07, 1.89355E-07, 1.98939E-07, 1.12470E-05
221, 1.90786E-05, 1.14740E-05, 9.49967E-06, 6.36763E-06, 3.88741E-07, 1.87894E-07, 1.97890E-07, 1.15068E-05
222, 1.90549E-05, 1.16405E-05, 9.55919E-06, 6.30473E-06, 3.86862E-07, 1.86434E-07, 1.96850E-07, 1.18411E-05
223, 1.90096E-05, 1.17962E-05, 9.60671E-06, 6.23597E-06, 3.85009E-07, 1.84998E-07, 1.95806E-07, 1.21454E-05
224, 1.89429E-05, 1.19408E-05, 9.64219E-06, 6.17642E-06, 3.83109E-07, 1.83640E-07, 1.94773E-07, 1.24186E-05
225, 1.88551E-05, 1.20740E-05, 9.67287E-06, 6.12682E-06, 3.81181E-07, 1.82286E-07, 1.93739E-07, 1.26595E-05
226, 1.87461E-05, 1.21957E-05, 9.69981E-06, 6.07177E-06, 3.79278E-07, 1.80927E-07, 1.92696E-07, 1.28674E-05
227, 1.86165E-05, 1.23056E-05, 9.77403E-06, 6.01145E-06, 3.77397E-07, 1.79581E-07, 1.91649E-07, 1.30416E-05
228, 1.84664E-05, 1.24035E-05, 9.89084E-06, 5.94601E-06, 3.75479E-07, 1.78240E-07, 1.90583E-07, 1.31816E-05
229, 1.82963E-05, 1.24893E-05, 9.99845E-06, 5.87565E-06, 3.73474E-07, 1.76894E-07, 1.89512E-07, 1.32872E-05
230, 1.81066E-05, 1.25629E-05, 1.00965E-05, 5.80054E-06, 3.71399E-07, 1.75531E-07, 1.88460E-07, 1.35198E-05
231, 1.78978E-05, 1.26242E-05, 1.01847E-05, 5.72089E-06, 3.69290E-07, 1.74174E-07, 1.87416E-07, 1.41423E-05
232, 1.76705E-05, 1.26730E-05, 1.02628E-05, 5.63692E-06, 3.67110E-07, 1.72806E-07, 1.86366E-07, 1.47319E-05
233, 1.74253E-05, 1.27094E-05, 1.03304E-05, 5.54883E-06, 3.64874E-07, 1.71436E-07, 1.85316E-07, 1.52875E-05
234, 1.71629E-05, 1.27334E-05, 1.03873E-05, 5.45686E-06, 3.62616E-07, 1.70061E-07, 1.84257E-07, 1.58085E-05
235, 1.68840E-05, 1.27449E-05, 1.04332E-05, 5.36122E-06, 3.60357E-07, 1.68706E-07, 1.83183E-07, 1.62942E-05
236, 1.65893E-05, 1.27439E-05, 1.04681E-05, 5.26217E-06, 3.58050E-07, 1.67372E-07, 1.82104E-07, 1.67439E-05
237, 1.63657E-05, 1.27306E-05, 1.04916E-05, 5.15992E-06, 3.55711E-07, 1.66047E-07, 1.81010E-07, 1.71573E-05
238, 1.61423E-05, 1.27052E-05, 1.05037E-05, 5.05472E-06, 3.53334E-07, 1.64723E-07, 1.79915E-07, 1.75340E-05
239, 1.59021E-05, 1.26681E-05, 1.05043E-05, 4.94682E-06, 3.50938E-07, 1.63404E-07, 1.78830E-07, 1.78739E-05
240, 1.56458E-05, 1.26190E-05, 1.04932E-05, 4.83645E-06, 3.48505E-07, 1.62093E-07, 1.77737E-07, 1.81768E-05
241, 1.53743E-05, 1.25581E-05, 1.04705E-05, 4.72386E-06, 3.46002E-07, 1.60820E-07, 1.76644E-07, 1.84427E-05
242, 1.50882E-05, 1.24855E-05, 1.04362E-05, 4.60928E-06, 3.43469E-07, 1.59567E-07, 1.75562E-07, 1.86719E-05
243, 1.47883E-05, 1.24016E-05, 1.03902E-05, 4.49295E-06, 3.40928E-07, 1.58342E-07, 1.74479E-07, 1.88644E-05
244, 1.44757E-05, 1.23065E-05, 1.03327E-05, 4.37511E-06, 3.38323E-07, 1.57120E-07, 1.73400E-07, 1.90206E-05
245, 1.42689E-05, 1.22005E-05, 1.02637E-05, 4.25600E-06, 3.35680E-07, 1.55906E-07, 1.72310E-07, 1.91409E-05
246, 1.40686E-05, 1.20839E-05, 1.01834E-05, 4.13583E-06, 3.32984E-07, 1.54704E-07, 1.71224E-07, 1.92257E-05
247, 1.38550E-05, 1.20461E-05, 1.00921E-05, 4.01484E-06, 3.30274E-07, 1.53510E-07, 1.70142E-07, 1.92756E-05
248, 1.36286E-05, 1.20670E-05, 9.98978E-06, 3.89324E-06, 3.27556E-07, 1.52312E-07, 1.69047E-07, 1.92912E-05
249, 1.33901E-05, 1.20777E-05, 9.87684E-06, 3.77125E-06, 3.24797E-07, 1.51103E-07, 1.67953E-07, 1.92731E-05
250, 1.31401E-05, 1.20779E-05, 9.75353E-06, 3.64908E-06, 3.22007E-07, 1.49893E-07, 1.66879E-07, 1.92220E-05
