time_step, rel_err_u, rel_err_v, rel_err_w, rel_err_p, rel_err_u_m, rel_err_v_m, rel_err_w_m, rel_err_p_m
0, 0.00000E+00, 0.00000E+00, 0.00000E+00, 0.00000E+00, 0.00000E+00, 0.00000E+00, 0.00000E+00,    Infinity
1, 3.05734E-03, 2.22436E-03, 2.25157E-03, 2.07031E-02, 1.11476E-04, 1.25320E-04, 9.30574E-05, 4.31464E+03
2, 2.49235E-03, 2.10272E-03, 1.41781E-03, 6.84187E-02, 4.34828E-05, 3.85738E-05, 3.05399E-05, 4.07110E+00
3, 1.88337E-03, 1.26264E-03, 1.38537E-03, 1.49750E-03, 4.50360E-05, 3.73595E-05, 3.01560E-05, 2.96870E+00
4, 7.01047E-04, 2.79036E-04, 2.23517E-04, 2.75101E-03, 1.47281E-05, 1.15752E-05, 8.35511E-06, 4.41442E-01
5, 6.65096E-04, 2.86182E-04, 2.15004E-04, 8.72987E-04, 1.62557E-05, 1.26159E-05, 9.12954E-06, 3.73355E-01
6, 6.79635E-04, 2.85597E-04, 2.09762E-04, 3.75432E-04, 1.45446E-05, 1.14213E-05, 8.10394E-06, 1.30092E-01
7, 6.95481E-04, 2.97864E-04, 2.07047E-04, 1.80244E-04, 1.45241E-05, 1.12839E-05, 7.97698E-06, 5.83041E-02
8, 7.24278E-04, 3.06106E-04, 1.98965E-04, 1.52555E-04, 1.40925E-05, 1.10238E-05, 7.75811E-06, 3.52902E-02
9, 7.46171E-04, 3.09232E-04, 2.06770E-04, 9.07343E-05, 1.38051E-05, 1.08386E-05, 7.62067E-06, 2.12658E-02
10, 7.97238E-04, 3.07502E-04, 2.34231E-04, 9.45286E-05, 1.35033E-05, 1.06387E-05, 7.46001E-06, 1.38464E-02
11, 8.23291E-04, 3.01124E-04, 2.60497E-04, 9.09488E-05, 1.32054E-05, 1.04621E-05, 7.31529E-06, 1.06840E-02
12, 8.21873E-04, 2.90252E-04, 2.82659E-04, 9.33250E-05, 1.29239E-05, 1.02911E-05, 7.17118E-06, 8.04214E-03
13, 7.97707E-04, 2.95050E-04, 2.99868E-04, 9.81835E-05, 1.26595E-05, 1.01231E-05, 7.02848E-06, 6.41367E-03
14, 8.30252E-04, 3.05055E-04, 3.11238E-04, 1.00354E-04, 1.23847E-05, 9.95026E-06, 6.88931E-06, 4.93930E-03
15, 9.09281E-04, 3.10281E-04, 3.16086E-04, 9.98748E-05, 1.21282E-05, 9.79331E-06, 6.75684E-06, 4.12087E-03
16, 9.72129E-04, 3.10603E-04, 3.14061E-04, 9.71248E-05, 1.18786E-05, 9.64622E-06, 6.63112E-06, 3.24589E-03
17, 1.00889E-03, 3.06114E-04, 3.37814E-04, 9.64571E-05, 1.16396E-05, 9.49726E-06, 6.51011E-06, 2.78806E-03
18, 1.01711E-03, 3.15939E-04, 3.63693E-04, 9.89566E-05, 1.14097E-05, 9.35006E-06, 6.38648E-06, 2.22144E-03
19, 1.03841E-03, 3.28911E-04, 3.82217E-04, 1.01070E-04, 1.11986E-05, 9.20998E-06, 6.26954E-06, 1.96376E-03
20, 1.07562E-03, 3.40769E-04, 3.92580E-04, 1.02593E-04, 1.09846E-05, 9.07101E-06, 6.15482E-06, 1.57584E-03
21, 1.08286E-03, 3.53263E-04, 3.94333E-04, 1.03296E-04, 1.07716E-05, 8.93619E-06, 6.04861E-06, 1.43460E-03
22, 1.05866E-03, 3.62857E-04, 3.87391E-04, 1.02906E-04, 1.05627E-05, 8.81092E-06, 5.94156E-06, 1.28683E-03
23, 1.00300E-03, 3.69265E-04, 3.72016E-04, 1.01145E-04, 1.03450E-05, 8.69336E-06, 5.84730E-06, 1.41776E-03
24, 9.91432E-04, 3.72238E-04, 3.91333E-04, 9.77475E-05, 1.01661E-05, 8.57299E-06, 5.75449E-06, 1.51161E-03
25, 9.63363E-04, 3.71580E-04, 4.09940E-04, 9.24980E-05, 9.99243E-06, 8.45435E-06, 5.66582E-06, 1.56016E-03
26, 9.46261E-04, 3.72716E-04, 4.18479E-04, 8.52579E-05, 9.82255E-06, 8.34248E-06, 5.57691E-06, 1.55872E-03
27, 9.96262E-04, 3.79986E-04, 4.16683E-04, 7.59970E-05, 9.63778E-06, 8.22855E-06, 5.48722E-06, 1.50497E-03
28, 1.02494E-03, 4.11387E-04, 4.04699E-04, 7.48145E-05, 9.47445E-06, 8.11802E-06, 5.39816E-06, 1.40043E-03
29, 1.03215E-03, 4.40865E-04, 4.24742E-04, 7.48267E-05, 9.31701E-06, 8.00709E-06, 5.30607E-06, 1.40474E-03
30, 1.07887E-03, 4.67850E-04, 4.63805E-04, 8.18963E-05, 9.16236E-06, 7.89045E-06, 5.21320E-06, 1.54616E-03
31, 1.11383E-03, 4.91756E-04, 4.92093E-04, 8.71488E-05, 9.01637E-06, 7.77187E-06, 5.12667E-06, 1.64103E-03
32, 1.12579E-03, 5.11994E-04, 5.08752E-04, 9.04628E-05, 8.86168E-06, 7.66565E-06, 5.05153E-06, 1.68349E-03
33, 1.11517E-03, 5.27989E-04, 5.13363E-04, 9.17904E-05, 8.70798E-06, 7.56021E-06, 4.98637E-06, 1.67136E-03
34, 1.08467E-03, 5.39203E-04, 5.05942E-04, 9.18871E-05, 8.55972E-06, 7.45695E-06, 4.92491E-06, 1.60646E-03
35, 1.09234E-03, 5.45164E-04, 4.86921E-04, 9.07362E-05, 8.40790E-06, 7.35294E-06, 4.86294E-06, 1.49378E-03
36, 1.07679E-03, 5.45694E-04, 4.57107E-04, 8.74623E-05, 8.25117E-06, 7.25243E-06, 4.79978E-06, 1.34089E-03
37, 1.06194E-03, 5.40456E-04, 4.17631E-04, 8.22752E-05, 8.08398E-06, 7.15724E-06, 4.72987E-06, 1.15693E-03
38, 1.10969E-03, 5.29191E-04, 3.69891E-04, 7.54296E-05, 7.92557E-06, 7.06738E-06, 4.66176E-06, 9.51838E-04
39, 1.13868E-03, 5.11911E-04, 3.78492E-04, 7.91544E-05, 7.76421E-06, 6.97816E-06, 4.59695E-06, 8.83740E-04
40, 1.14824E-03, 4.88795E-04, 4.00210E-04, 8.43637E-05, 7.61052E-06, 6.89419E-06, 4.53231E-06, 9.77471E-04
41, 1.13828E-03, 4.60185E-04, 4.13007E-04, 8.75419E-05, 7.45700E-06, 6.81216E-06, 4.47268E-06, 1.04975E-03
42, 1.10936E-03, 4.26577E-04, 4.16928E-04, 8.87862E-05, 7.30459E-06, 6.72799E-06, 4.41109E-06, 1.09053E-03
43, 1.06256E-03, 3.88596E-04, 4.12331E-04, 8.82438E-05, 7.16279E-06, 6.65436E-06, 4.35549E-06, 1.10162E-03
44, 1.01304E-03, 3.46970E-04, 3.99814E-04, 8.60972E-05, 7.03454E-06, 6.58530E-06, 4.29856E-06, 1.08532E-03
45, 1.05764E-03, 3.48767E-04, 3.80177E-04, 8.25511E-05, 6.90953E-06, 6.51463E-06, 4.25643E-06, 1.04435E-03
46, 1.10618E-03, 3.52704E-04, 3.54375E-04, 7.78201E-05, 6.78227E-06, 6.44302E-06, 4.21218E-06, 9.81707E-04
47, 1.13289E-03, 3.52079E-04, 3.23471E-04, 7.21200E-05, 6.66292E-06, 6.37171E-06, 4.16479E-06, 9.00601E-04
48, 1.13807E-03, 3.46996E-04, 2.88596E-04, 6.56603E-05, 6.56653E-06, 6.30284E-06, 4.11795E-06, 8.04436E-04
49, 1.12266E-03, 3.37680E-04, 2.50901E-04, 5.86402E-05, 6.47567E-06, 6.23075E-06, 4.07129E-06, 7.05033E-04
50, 1.08810E-03, 3.24623E-04, 2.50202E-04, 5.12456E-05, 6.37991E-06, 6.16227E-06, 4.02688E-06, 7.35221E-04
51, 1.03620E-03, 3.07951E-04, 2.67574E-04, 4.36485E-05, 6.28777E-06, 6.09606E-06, 3.98459E-06, 7.48112E-04
52, 9.69146E-04, 2.88093E-04, 2.77330E-04, 4.58699E-05, 6.19576E-06, 6.03437E-06, 3.94115E-06, 7.45446E-04
53, 8.89337E-04, 2.65526E-04, 2.79821E-04, 4.86820E-05, 6.10305E-06, 5.97688E-06, 3.89528E-06, 7.28906E-04
54, 7.99359E-04, 2.40761E-04, 2.75581E-04, 5.04102E-05, 6.01871E-06, 5.91600E-06, 3.85199E-06, 7.00133E-04
55, 7.01880E-04, 2.14331E-04, 2.65292E-04, 5.11076E-05, 5.95072E-06, 5.85272E-06, 3.81629E-06, 6.60745E-04
56, 6.58941E-04, 1.86773E-04, 2.49757E-04, 5.08499E-05, 5.89724E-06, 5.78950E-06, 3.78177E-06, 6.12384E-04
57, 6.41545E-04, 1.89563E-04, 2.29864E-04, 4.97322E-05, 5.84827E-06, 5.72763E-06, 3.75110E-06, 5.56735E-04
58, 6.13728E-04, 2.07019E-04, 2.28233E-04, 4.78648E-05, 5.79382E-06, 5.66727E-06, 3.71877E-06, 4.95547E-04
59, 5.76835E-04, 2.25355E-04, 2.27144E-04, 4.53686E-05, 5.73990E-06, 5.60691E-06, 3.68881E-06, 4.30618E-04
60, 5.32360E-04, 2.40119E-04, 2.20759E-04, 4.23707E-05, 5.68399E-06, 5.54324E-06, 3.66080E-06, 3.63764E-04
61, 4.81891E-04, 2.51459E-04, 2.09680E-04, 3.89996E-05, 5.62765E-06, 5.48319E-06, 3.63332E-06, 3.60145E-04
62, 4.72726E-04, 2.59560E-04, 1.94604E-04, 3.69587E-05, 5.58241E-06, 5.42590E-06, 3.60777E-06, 3.74513E-04
63, 4.84943E-04, 2.64643E-04, 1.76288E-04, 3.76560E-05, 5.54118E-06, 5.36886E-06, 3.58134E-06, 3.77247E-04
64, 4.88909E-04, 2.66955E-04, 1.55525E-04, 3.82299E-05, 5.50082E-06, 5.31480E-06, 3.55437E-06, 3.69639E-04
65, 4.85531E-04, 2.66790E-04, 1.33113E-04, 3.86751E-05, 5.45911E-06, 5.26062E-06, 3.52623E-06, 3.53109E-04
66, 4.75789E-04, 2.64398E-04, 1.39901E-04, 3.89874E-05, 5.41699E-06, 5.20579E-06, 3.49756E-06, 3.29136E-04
67, 4.60709E-04, 2.60048E-04, 1.43863E-04, 3.91632E-05, 5.37296E-06, 5.15149E-06, 3.47340E-06, 2.99193E-04
68, 4.41381E-04, 2.54016E-04, 1.44623E-04, 3.91998E-05, 5.33021E-06, 5.09721E-06, 3.44982E-06, 2.64710E-04
69, 4.18787E-04, 2.46573E-04, 1.42463E-04, 3.90955E-05, 5.29027E-06, 5.04354E-06, 3.42712E-06, 2.27650E-04
70, 3.93880E-04, 2.37975E-04, 1.37710E-04, 3.89083E-05, 5.25435E-06, 4.98996E-06, 3.40415E-06, 1.95922E-04
71, 3.67576E-04, 2.28467E-04, 1.30754E-04, 3.94257E-05, 5.22301E-06, 4.93848E-06, 3.38162E-06, 1.74354E-04
72, 3.40704E-04, 2.18270E-04, 1.22009E-04, 3.97984E-05, 5.19340E-06, 4.89005E-06, 3.36132E-06, 1.85492E-04
73, 3.13997E-04, 2.07589E-04, 1.11903E-04, 4.00219E-05, 5.16277E-06, 4.84178E-06, 3.34196E-06, 1.91108E-04
74, 2.88078E-04, 1.96601E-04, 1.00857E-04, 4.00925E-05, 5.13363E-06, 4.79405E-06, 3.32392E-06, 1.91375E-04
75, 2.63457E-04, 1.85465E-04, 8.92812E-05, 4.00078E-05, 5.10707E-06, 4.74654E-06, 3.30611E-06, 1.86602E-04
76, 2.40527E-04, 1.74311E-04, 7.75563E-05, 3.97662E-05, 5.08318E-06, 4.69930E-06, 3.28945E-06, 1.77229E-04
77, 2.19567E-04, 1.63249E-04, 6.60288E-05, 3.93672E-05, 5.06091E-06, 4.65407E-06, 3.27369E-06, 1.65711E-04
78, 2.02771E-04, 1.52366E-04, 5.50743E-05, 3.93312E-05, 5.03955E-06, 4.61033E-06, 3.25734E-06, 1.64564E-04
79, 1.93220E-04, 1.41731E-04, 5.13544E-05, 3.96150E-05, 5.02003E-06, 4.56776E-06, 3.24129E-06, 1.65353E-04
80, 1.79638E-04, 1.31392E-04, 5.02730E-05, 3.97596E-05, 5.00234E-06, 4.52529E-06, 3.22478E-06, 1.64854E-04
81, 1.62805E-04, 1.21383E-04, 5.05238E-05, 3.97621E-05, 4.98656E-06, 4.48316E-06, 3.20769E-06, 1.63977E-04
82, 1.46937E-04, 1.11726E-04, 5.56266E-05, 3.96203E-05, 4.97033E-06, 4.44185E-06, 3.19255E-06, 1.61660E-04
83, 1.38395E-04, 1.02430E-04, 5.97720E-05, 3.93332E-05, 4.95393E-06, 4.40325E-06, 3.18018E-06, 1.59116E-04
84, 1.41455E-04, 9.34988E-05, 6.25043E-05, 3.90869E-05, 4.93696E-06, 4.36679E-06, 3.16823E-06, 1.61610E-04
85, 1.41389E-04, 8.49285E-05, 6.38474E-05, 3.95003E-05, 4.92094E-06, 4.33007E-06, 3.15636E-06, 1.62709E-04
86, 1.38464E-04, 7.67126E-05, 6.38630E-05, 3.98661E-05, 4.90388E-06, 4.29354E-06, 3.14409E-06, 1.62410E-04
87, 1.33028E-04, 6.88420E-05, 6.26447E-05, 4.01843E-05, 4.88896E-06, 4.25741E-06, 3.13314E-06, 1.60726E-04
88, 1.25472E-04, 6.28812E-05, 6.03123E-05, 4.04549E-05, 4.87487E-06, 4.22228E-06, 3.12207E-06, 1.57694E-04
89, 1.16210E-04, 6.31814E-05, 5.70058E-05, 4.07375E-05, 4.86152E-06, 4.18886E-06, 3.11055E-06, 1.53371E-04
90, 1.05669E-04, 6.31787E-05, 5.28789E-05, 4.11093E-05, 4.85033E-06, 4.15521E-06, 3.09895E-06, 1.53696E-04
91, 9.73014E-05, 6.28802E-05, 4.80934E-05, 4.16279E-05, 4.83934E-06, 4.12183E-06, 3.08792E-06, 1.53920E-04
92, 9.67041E-05, 6.22942E-05, 4.28128E-05, 4.20933E-05, 4.82962E-06, 4.08835E-06, 3.07808E-06, 1.53278E-04
93, 9.47740E-05, 6.14305E-05, 3.72003E-05, 4.25050E-05, 4.82078E-06, 4.05567E-06, 3.06961E-06, 1.51735E-04
94, 9.16331E-05, 6.03019E-05, 3.64235E-05, 4.30839E-05, 4.81256E-06, 4.02476E-06, 3.06066E-06, 1.48995E-04
95, 8.74268E-05, 5.89195E-05, 3.68056E-05, 4.36148E-05, 4.80615E-06, 3.99617E-06, 3.05066E-06, 1.50283E-04
96, 8.23168E-05, 5.91108E-05, 3.62134E-05, 4.40835E-05, 4.79942E-06, 3.96654E-06, 3.04025E-06, 1.51365E-04
97, 8.00459E-05, 5.91048E-05, 3.47262E-05, 4.44903E-05, 4.79313E-06, 3.93658E-06, 3.03098E-06, 1.51095E-04
98, 8.47597E-05, 5.88232E-05, 3.54679E-05, 4.48357E-05, 4.78531E-06, 3.90701E-06, 3.02226E-06, 1.49477E-04
99, 8.84205E-05, 5.82730E-05, 3.63915E-05, 4.51203E-05, 4.77629E-06, 3.87789E-06, 3.01409E-06, 1.46536E-04
100, 9.09134E-05, 5.74625E-05, 3.69620E-05, 4.53449E-05, 4.76695E-06, 3.84920E-06, 3.00592E-06, 1.43609E-04
101, 9.21310E-05, 5.64024E-05, 3.71730E-05, 4.55101E-05, 4.75731E-06, 3.82088E-06, 2.99715E-06, 1.42965E-04
102, 9.20325E-05, 5.53813E-05, 3.70259E-05, 4.57928E-05, 4.74734E-06, 3.79404E-06, 2.98772E-06, 1.44137E-04
103, 9.06200E-05, 5.55493E-05, 3.65253E-05, 4.62895E-05, 4.73990E-06, 3.76703E-06, 2.97788E-06, 1.44091E-04
104, 8.79345E-05, 5.54534E-05, 3.56857E-05, 4.67162E-05, 4.73243E-06, 3.74043E-06, 2.96812E-06, 1.42831E-04
105, 8.40508E-05, 5.51002E-05, 3.70215E-05, 4.70733E-05, 4.72456E-06, 3.71405E-06, 2.95914E-06, 1.43612E-04
106, 7.99888E-05, 5.44980E-05, 3.93554E-05, 4.73615E-05, 4.71581E-06, 3.68799E-06, 2.95039E-06, 1.43946E-04
107, 8.24034E-05, 5.37594E-05, 4.11827E-05, 4.75815E-05, 4.70819E-06, 3.66276E-06, 2.94202E-06, 1.43530E-04
108, 8.39272E-05, 5.38391E-05, 4.24987E-05, 4.77342E-05, 4.70284E-06, 3.63716E-06, 2.93375E-06, 1.42393E-04
109, 8.45951E-05, 5.37266E-05, 4.33236E-05, 4.78207E-05, 4.69781E-06, 3.61124E-06, 2.92506E-06, 1.40569E-04
110, 8.44579E-05, 5.34225E-05, 4.36857E-05, 4.78422E-05, 4.69303E-06, 3.58588E-06, 2.91570E-06, 1.38877E-04
111, 8.46692E-05, 5.29961E-05, 4.36195E-05, 4.78420E-05, 4.68884E-06, 3.56089E-06, 2.90612E-06, 1.40757E-04
112, 9.14368E-05, 5.35037E-05, 4.31640E-05, 4.81922E-05, 4.68558E-06, 3.53730E-06, 2.89704E-06, 1.41904E-04
113, 9.73951E-05, 5.38182E-05, 4.23607E-05, 4.84663E-05, 4.68304E-06, 3.51429E-06, 2.88796E-06, 1.42327E-04
114, 1.02535E-04, 5.39375E-05, 4.12527E-05, 4.86653E-05, 4.68022E-06, 3.49106E-06, 2.87910E-06, 1.42043E-04
115, 1.06860E-04, 5.38603E-05, 3.98827E-05, 4.87904E-05, 4.67752E-06, 3.46757E-06, 2.86998E-06, 1.41074E-04
116, 1.10387E-04, 5.35867E-05, 4.10180E-05, 4.88430E-05, 4.67633E-06, 3.44378E-06, 2.86172E-06, 1.39452E-04
117, 1.13144E-04, 5.31178E-05, 4.27440E-05, 4.88246E-05, 4.67570E-06, 3.42012E-06, 2.85303E-06, 1.37212E-04
118, 1.15168E-04, 5.30030E-05, 4.41227E-05, 4.88422E-05, 4.67443E-06, 3.39735E-06, 2.84406E-06, 1.37794E-04
119, 1.16502E-04, 5.34247E-05, 4.51610E-05, 4.88868E-05, 4.67398E-06, 3.37489E-06, 2.83474E-06, 1.39119E-04
120, 1.17196E-04, 5.36467E-05, 4.58694E-05, 4.88621E-05, 4.67434E-06, 3.35280E-06, 2.82532E-06, 1.39770E-04
121, 1.17304E-04, 5.36664E-05, 4.62611E-05, 4.87704E-05, 4.67601E-06, 3.33059E-06, 2.81579E-06, 1.39755E-04
122, 1.16882E-04, 5.34827E-05, 4.63515E-05, 4.89251E-05, 4.67936E-06, 3.30797E-06, 2.80642E-06, 1.39087E-04
123, 1.15986E-04, 5.30960E-05, 4.61574E-05, 4.91353E-05, 4.68301E-06, 3.28534E-06, 2.79738E-06, 1.37785E-04
124, 1.14672E-04, 5.33870E-05, 4.56966E-05, 4.92654E-05, 4.68640E-06, 3.26285E-06, 2.78832E-06, 1.35871E-04
125, 1.12996E-04, 5.39030E-05, 4.49876E-05, 4.93177E-05, 4.68972E-06, 3.24090E-06, 2.77931E-06, 1.33964E-04
126, 1.11010E-04, 5.42148E-05, 4.40489E-05, 4.92949E-05, 4.69378E-06, 3.21899E-06, 2.77063E-06, 1.35513E-04
127, 1.08766E-04, 5.43186E-05, 4.28987E-05, 4.91997E-05, 4.69895E-06, 3.19721E-06, 2.76209E-06, 1.36402E-04
128, 1.06310E-04, 5.42123E-05, 4.15550E-05, 4.90348E-05, 4.70457E-06, 3.17547E-06, 2.75400E-06, 1.36629E-04
129, 1.03678E-04, 5.38954E-05, 4.00349E-05, 4.88031E-05, 4.71106E-06, 3.15365E-06, 2.74513E-06, 1.36195E-04
130, 1.00907E-04, 5.34179E-05, 3.83554E-05, 4.86915E-05, 4.71759E-06, 3.13219E-06, 2.73587E-06, 1.35107E-04
131, 9.80285E-05, 5.40871E-05, 3.79119E-05, 4.87602E-05, 4.72413E-06, 3.11071E-06, 2.72640E-06, 1.33381E-04
132, 9.50708E-05, 5.45420E-05, 3.79143E-05, 4.87500E-05, 4.72943E-06, 3.08901E-06, 2.71704E-06, 1.31038E-04
133, 9.20574E-05, 5.47773E-05, 3.77455E-05, 4.86640E-05, 4.73440E-06, 3.06772E-06, 2.70844E-06, 1.29768E-04
134, 8.90077E-05, 5.59272E-05, 3.74193E-05, 4.85055E-05, 4.73926E-06, 3.04702E-06, 2.69998E-06, 1.30646E-04
135, 8.59375E-05, 5.83752E-05, 3.69495E-05, 4.82775E-05, 4.74425E-06, 3.02646E-06, 2.69131E-06, 1.30848E-04
136, 8.28594E-05, 6.07841E-05, 3.63500E-05, 4.79833E-05, 4.75031E-06, 3.00628E-06, 2.68237E-06, 1.30377E-04
137, 7.97828E-05, 6.31428E-05, 3.56338E-05, 4.76261E-05, 4.75757E-06, 2.98575E-06, 2.67310E-06, 1.29242E-04
138, 7.67148E-05, 6.54399E-05, 3.48141E-05, 4.72090E-05, 4.76498E-06, 2.96535E-06, 2.66382E-06, 1.27463E-04
139, 7.36601E-05, 6.76633E-05, 3.47130E-05, 4.71486E-05, 4.77259E-06, 2.94469E-06, 2.65426E-06, 1.25066E-04
140, 7.06217E-05, 6.98008E-05, 3.52256E-05, 4.70178E-05, 4.77996E-06, 2.92415E-06, 2.64469E-06, 1.22086E-04
141, 6.76014E-05, 7.18397E-05, 3.57161E-05, 4.68162E-05, 4.78753E-06, 2.90366E-06, 2.63535E-06, 1.20745E-04
142, 6.45997E-05, 7.37675E-05, 3.61844E-05, 4.65471E-05, 4.79710E-06, 2.88345E-06, 2.62567E-06, 1.20825E-04
143, 6.47599E-05, 7.55715E-05, 3.66302E-05, 4.62139E-05, 4.80686E-06, 2.86326E-06, 2.61559E-06, 1.20273E-04
144, 6.51453E-05, 7.72395E-05, 3.70533E-05, 4.58199E-05, 4.81638E-06, 2.84282E-06, 2.60518E-06, 1.19105E-04
145, 6.54879E-05, 7.87594E-05, 3.77274E-05, 4.53683E-05, 4.82558E-06, 2.82245E-06, 2.59452E-06, 1.17347E-04
146, 6.58517E-05, 8.01198E-05, 3.85623E-05, 4.48625E-05, 4.83503E-06, 2.80224E-06, 2.58363E-06, 1.15029E-04
147, 6.95202E-05, 8.13099E-05, 3.93697E-05, 4.44077E-05, 4.84447E-06, 2.78181E-06, 2.57274E-06, 1.12188E-04
148, 7.31877E-05, 8.23740E-05, 4.01486E-05, 4.41897E-05, 4.85443E-06, 2.76133E-06, 2.56174E-06, 1.15257E-04
149, 7.68428E-05, 8.35531E-05, 4.08974E-05, 4.39075E-05, 4.86345E-06, 2.74170E-06, 2.55066E-06, 1.19117E-04
150, 8.04742E-05, 8.45508E-05, 4.16150E-05, 4.35642E-05, 4.87166E-06, 2.72281E-06, 2.53910E-06, 1.22649E-04
151, 8.40709E-05, 8.53597E-05, 4.23001E-05, 4.31630E-05, 4.87938E-06, 2.70456E-06, 2.52726E-06, 1.25818E-04
152, 8.76224E-05, 8.59737E-05, 4.29513E-05, 4.27073E-05, 4.88674E-06, 2.68602E-06, 2.51501E-06, 1.28592E-04
153, 9.11182E-05, 8.63880E-05, 4.35672E-05, 4.22001E-05, 4.89361E-06, 2.66738E-06, 2.50240E-06, 1.30940E-04
154, 9.45486E-05, 8.65988E-05, 4.42916E-05, 4.16447E-05, 4.90031E-06, 2.64896E-06, 2.48966E-06, 1.32835E-04
155, 9.79039E-05, 8.66039E-05, 4.56938E-05, 4.10440E-05, 4.90684E-06, 2.63076E-06, 2.47660E-06, 1.34255E-04
156, 1.01175E-04, 8.64022E-05, 4.70712E-05, 4.04010E-05, 4.91330E-06, 2.61246E-06, 2.46342E-06, 1.35178E-04
157, 1.04353E-04, 8.59940E-05, 4.84219E-05, 4.00616E-05, 4.91928E-06, 2.59387E-06, 2.45001E-06, 1.35590E-04
158, 1.07429E-04, 8.53805E-05, 4.97440E-05, 3.96854E-05, 4.92494E-06, 2.57481E-06, 2.43649E-06, 1.35476E-04
159, 1.10395E-04, 8.45644E-05, 5.10357E-05, 4.08245E-05, 4.93042E-06, 2.55535E-06, 2.42278E-06, 1.34827E-04
160, 1.13244E-04, 8.35491E-05, 5.22952E-05, 4.20644E-05, 4.93572E-06, 2.53598E-06, 2.40889E-06, 1.33639E-04
161, 1.15968E-04, 8.23391E-05, 5.35208E-05, 4.32780E-05, 4.94114E-06, 2.51645E-06, 2.39469E-06, 1.31909E-04
162, 1.18560E-04, 8.09398E-05, 5.47107E-05, 4.44614E-05, 4.94600E-06, 2.49719E-06, 2.38034E-06, 1.29639E-04
163, 1.21483E-04, 7.93573E-05, 5.58631E-05, 4.56104E-05, 4.94968E-06, 2.47759E-06, 2.36609E-06, 1.26834E-04
164, 1.24675E-04, 7.80292E-05, 5.69764E-05, 4.67211E-05, 4.95311E-06, 2.45775E-06, 2.35189E-06, 1.23503E-04
165, 1.27758E-04, 7.65431E-05, 5.80489E-05, 4.77897E-05, 4.95553E-06, 2.43747E-06, 2.33738E-06, 1.19658E-04
166, 1.30723E-04, 7.48952E-05, 5.90789E-05, 4.88125E-05, 4.95711E-06, 2.41695E-06, 2.32243E-06, 1.15314E-04
167, 1.33563E-04, 7.30907E-05, 6.00647E-05, 4.97860E-05, 4.95740E-06, 2.39645E-06, 2.30741E-06, 1.10490E-04
168, 1.36269E-04, 7.11350E-05, 6.10046E-05, 5.07069E-05, 4.95734E-06, 2.37592E-06, 2.29299E-06, 1.05206E-04
169, 1.38835E-04, 6.90337E-05, 6.18970E-05, 5.15720E-05, 4.95655E-06, 2.35513E-06, 2.27874E-06, 9.94874E-05
170, 1.41252E-04, 6.87491E-05, 6.27402E-05, 5.23784E-05, 4.95399E-06, 2.33452E-06, 2.26441E-06, 9.81908E-05
171, 1.43516E-04, 6.89790E-05, 6.35327E-05, 5.31235E-05, 4.95039E-06, 2.31415E-06, 2.24969E-06, 9.82132E-05
172, 1.45619E-04, 6.91047E-05, 6.42728E-05, 5.38046E-05, 4.94564E-06, 2.29444E-06, 2.23501E-06, 9.81638E-05
173, 1.47555E-04, 7.00498E-05, 6.49589E-05, 5.44196E-05, 4.94072E-06, 2.27424E-06, 2.22017E-06, 9.79514E-05
174, 1.49319E-04, 7.31173E-05, 6.55894E-05, 5.49665E-05, 4.93530E-06, 2.25424E-06, 2.20525E-06, 9.75826E-05
175, 1.50905E-04, 7.61449E-05, 6.61633E-05, 5.54436E-05, 4.92903E-06, 2.23506E-06, 2.19046E-06, 9.70647E-05
176, 1.52309E-04, 7.91270E-05, 6.66816E-05, 5.58495E-05, 4.92230E-06, 2.21639E-06, 2.17582E-06, 9.70194E-05
177, 1.53526E-04, 8.26138E-05, 6.71397E-05, 5.61829E-05, 4.91504E-06, 2.19845E-06, 2.16123E-06, 9.70374E-05
178, 1.54552E-04, 8.60264E-05, 6.75364E-05, 5.64429E-05, 4.90660E-06, 2.18081E-06, 2.14686E-06, 9.69936E-05
179, 1.55385E-04, 8.93558E-05, 6.78703E-05, 5.66290E-05, 4.89721E-06, 2.16331E-06, 2.13246E-06, 9.67957E-05
180, 1.56248E-04, 9.25940E-05, 6.87063E-05, 5.67407E-05, 4.88676E-06, 2.14671E-06, 2.11803E-06, 9.64514E-05
181, 1.57021E-04, 9.57331E-05, 6.98644E-05, 5.67779E-05, 4.87488E-06, 2.13007E-06, 2.10360E-06, 9.59682E-05
182, 1.57567E-04, 9.87655E-05, 7.09540E-05, 5.67409E-05, 4.86232E-06, 2.11376E-06, 2.08924E-06, 9.53540E-05
183, 1.57886E-04, 1.01684E-04, 7.19722E-05, 5.66299E-05, 4.84945E-06, 2.09793E-06, 2.07515E-06, 9.46169E-05
184, 1.57975E-04, 1.04482E-04, 7.29162E-05, 5.64457E-05, 4.83576E-06, 2.08229E-06, 2.06115E-06, 9.37646E-05
185, 1.57834E-04, 1.07153E-04, 7.37835E-05, 5.61892E-05, 4.82108E-06, 2.06681E-06, 2.04748E-06, 9.32460E-05
186, 1.57463E-04, 1.09692E-04, 7.45714E-05, 5.58614E-05, 4.80523E-06, 2.05223E-06, 2.03382E-06, 9.30462E-05
187, 1.56863E-04, 1.12092E-04, 7.52777E-05, 5.54639E-05, 4.78833E-06, 2.03757E-06, 2.02038E-06, 9.27169E-05
188, 1.56035E-04, 1.14350E-04, 7.59000E-05, 5.49980E-05, 4.77019E-06, 2.02312E-06, 2.00718E-06, 9.22652E-05
189, 1.56650E-04, 1.16460E-04, 7.64363E-05, 5.44656E-05, 4.75164E-06, 2.00952E-06, 1.99398E-06, 9.16979E-05
190, 1.57388E-04, 1.18424E-04, 7.68845E-05, 5.38686E-05, 4.73283E-06, 1.99660E-06, 1.98063E-06, 9.10216E-05
191, 1.57934E-04, 1.20234E-04, 7.72429E-05, 5.32092E-05, 4.71283E-06, 1.98430E-06, 1.96760E-06, 9.02430E-05
192, 1.58284E-04, 1.21886E-04, 7.75098E-05, 5.24895E-05, 4.69158E-06, 1.97279E-06, 1.95487E-06, 8.93683E-05
193, 1.58437E-04, 1.23380E-04, 7.76836E-05, 5.17121E-05, 4.66957E-06, 1.96182E-06, 1.94214E-06, 8.84036E-05
194, 1.58389E-04, 1.24712E-04, 7.77630E-05, 5.08795E-05, 4.64637E-06, 1.95126E-06, 1.92916E-06, 9.02801E-05
195, 1.58139E-04, 1.25882E-04, 7.77469E-05, 4.99944E-05, 4.62213E-06, 1.94087E-06, 1.91632E-06, 9.62264E-05
196, 1.57688E-04, 1.26889E-04, 7.76344E-05, 4.90594E-05, 4.59711E-06, 1.93106E-06, 1.90363E-06, 1.01851E-04
197, 1.57034E-04, 1.27734E-04, 7.74248E-05, 4.80776E-05, 4.57161E-06, 1.92167E-06, 1.89099E-06, 1.07142E-04
198, 1.56177E-04, 1.28416E-04, 7.71213E-05, 4.70519E-05, 4.54546E-06, 1.91236E-06, 1.87839E-06, 1.12088E-04
199, 1.55120E-04, 1.28938E-04, 7.67221E-05, 4.59852E-05, 4.51924E-06, 1.90309E-06, 1.86602E-06, 1.16682E-04
200, 1.53863E-04, 1.29301E-04, 7.62249E-05, 4.48807E-05, 4.49316E-06, 1.89382E-06, 1.85381E-06, 1.20915E-04
201, 1.52408E-04, 1.29506E-04, 7.56298E-05, 4.37415E-05, 4.46761E-06, 1.88503E-06, 1.84161E-06, 1.25218E-04
202, 1.50760E-04, 1.29557E-04, 7.49373E-05, 4.25707E-05, 4.44271E-06, 1.87626E-06, 1.82941E-06, 1.29826E-04
203, 1.48920E-04, 1.29457E-04, 7.41483E-05, 4.13715E-05, 4.41871E-06, 1.86725E-06, 1.81729E-06, 1.34125E-04
204, 1.46894E-04, 1.29209E-04, 7.32637E-05, 4.01471E-05, 4.39562E-06, 1.85834E-06, 1.80533E-06, 1.38107E-04
205, 1.44687E-04, 1.28817E-04, 7.22850E-05, 3.89006E-05, 4.37214E-06, 1.84976E-06, 1.79339E-06, 1.41765E-04
206, 1.42303E-04, 1.28285E-04, 7.12138E-05, 3.76352E-05, 4.34915E-06, 1.84145E-06, 1.78133E-06, 1.45095E-04
207, 1.41641E-04, 1.27619E-04, 7.00522E-05, 3.63541E-05, 4.32587E-06, 1.83332E-06, 1.76934E-06, 1.48092E-04
208, 1.41350E-04, 1.26822E-04, 6.91233E-05, 3.50603E-05, 4.30188E-06, 1.82538E-06, 1.75767E-06, 1.50752E-04
209, 1.40916E-04, 1.25900E-04, 6.83327E-05, 3.37569E-05, 4.27866E-06, 1.81778E-06, 1.74603E-06, 1.53072E-04
210, 1.40342E-04, 1.24859E-04, 6.77619E-05, 3.24469E-05, 4.25466E-06, 1.81032E-06, 1.73439E-06, 1.55051E-04
211, 1.39627E-04, 1.23704E-04, 6.72642E-05, 3.11333E-05, 4.22995E-06, 1.80330E-06, 1.72274E-06, 1.56687E-04
212, 1.38774E-04, 1.22442E-04, 6.66927E-05, 2.98189E-05, 4.20542E-06, 1.79681E-06, 1.71122E-06, 1.57982E-04
213, 1.37785E-04, 1.21077E-04, 6.60472E-05, 2.85066E-05, 4.18076E-06, 1.79064E-06, 1.69988E-06, 1.58936E-04
214, 1.36661E-04, 1.19841E-04, 6.53277E-05, 2.71990E-05, 4.15570E-06, 1.78467E-06, 1.68872E-06, 1.59552E-04
215, 1.35406E-04, 1.18618E-04, 6.45343E-05, 2.58988E-05, 4.13099E-06, 1.77924E-06, 1.67766E-06, 1.59832E-04
216, 1.34022E-04, 1.17296E-04, 6.36676E-05, 2.46086E-05, 4.10623E-06, 1.77440E-06, 1.66681E-06, 1.59781E-04
217, 1.32513E-04, 1.15878E-04, 6.27282E-05, 2.34274E-05, 4.08135E-06, 1.76992E-06, 1.65611E-06, 1.59403E-04
218, 1.30881E-04, 1.14369E-04, 6.17172E-05, 2.24035E-05, 4.05623E-06, 1.76557E-06, 1.64551E-06, 1.58705E-04
219, 1.29131E-04, 1.12772E-04, 6.06358E-05, 2.13769E-05, 4.03132E-06, 1.76139E-06, 1.63502E-06, 1.57693E-04
220, 1.27266E-04, 1.11093E-04, 5.94856E-05, 2.03494E-05, 4.00630E-06, 1.75740E-06, 1.62455E-06, 1.56376E-04
221, 1.25290E-04, 1.09336E-04, 5.82684E-05, 1.93228E-05, 3.98171E-06, 1.75335E-06, 1.61414E-06, 1.54762E-04
222, 1.23207E-04, 1.07505E-04, 5.69866E-05, 1.82991E-05, 3.95716E-06, 1.74901E-06, 1.60382E-06, 1.52861E-04
223, 1.21023E-04, 1.05606E-04, 5.56424E-05, 1.72799E-05, 3.93291E-06, 1.74425E-06, 1.59375E-06, 1.50683E-04
224, 1.18741E-04, 1.03642E-04, 5.42387E-05, 1.62672E-05, 3.90926E-06, 1.73915E-06, 1.58376E-06, 1.48240E-04
225, 1.16366E-04, 1.01620E-04, 5.27785E-05, 1.52626E-05, 3.88618E-06, 1.73388E-06, 1.57399E-06, 1.45545E-04
226, 1.13903E-04, 9.95430E-05, 5.12652E-05, 1.42681E-05, 3.86396E-06, 1.72839E-06, 1.56437E-06, 1.42610E-04
227, 1.11358E-04, 9.74168E-05, 4.97024E-05, 1.38766E-05, 3.84223E-06, 1.72264E-06, 1.55485E-06, 1.39450E-04
228, 1.08735E-04, 9.52458E-05, 4.80939E-05, 1.38001E-05, 3.82009E-06, 1.71655E-06, 1.54551E-06, 1.36080E-04
229, 1.06039E-04, 9.30349E-05, 4.64439E-05, 1.37304E-05, 3.79756E-06, 1.70993E-06, 1.53645E-06, 1.32515E-04
230, 1.03276E-04, 9.07887E-05, 4.47566E-05, 1.39354E-05, 3.77450E-06, 1.70298E-06, 1.52724E-06, 1.28771E-04
231, 1.00451E-04, 8.85118E-05, 4.30367E-05, 1.41397E-05, 3.75122E-06, 1.69609E-06, 1.51814E-06, 1.25628E-04
232, 9.75702E-05, 8.62087E-05, 4.12888E-05, 1.43430E-05, 3.72788E-06, 1.68923E-06, 1.50925E-06, 1.23683E-04
233, 9.46385E-05, 8.38839E-05, 3.97975E-05, 1.45453E-05, 3.70442E-06, 1.68198E-06, 1.50090E-06, 1.21511E-04
234, 9.16615E-05, 8.15416E-05, 3.87420E-05, 1.47464E-05, 3.68103E-06, 1.67427E-06, 1.49266E-06, 1.19123E-04
235, 9.05356E-05, 7.91860E-05, 3.76488E-05, 1.49461E-05, 3.65770E-06, 1.66632E-06, 1.48445E-06, 1.16530E-04
236, 9.09599E-05, 7.68212E-05, 3.65202E-05, 1.51444E-05, 3.63422E-06, 1.65821E-06, 1.47644E-06, 1.13745E-04
237, 9.12945E-05, 7.44510E-05, 3.53587E-05, 1.53410E-05, 3.61098E-06, 1.64997E-06, 1.46867E-06, 1.10783E-04
238, 9.15367E-05, 7.20791E-05, 3.41669E-05, 1.55442E-05, 3.58774E-06, 1.64136E-06, 1.46100E-06, 1.07658E-04
239, 9.16843E-05, 6.97092E-05, 3.29476E-05, 1.57928E-05, 3.56460E-06, 1.63253E-06, 1.45353E-06, 1.04386E-04
240, 9.17348E-05, 6.73448E-05, 3.17039E-05, 1.60377E-05, 3.54124E-06, 1.62346E-06, 1.44611E-06, 1.00984E-04
241, 9.17717E-05, 6.49891E-05, 3.04387E-05, 1.62788E-05, 3.51764E-06, 1.61398E-06, 1.43864E-06, 9.74673E-05
242, 9.20747E-05, 6.26452E-05, 2.91552E-05, 1.65160E-05, 3.49422E-06, 1.60420E-06, 1.43142E-06, 9.38532E-05
243, 9.22867E-05, 6.05102E-05, 2.78566E-05, 1.67494E-05, 3.47085E-06, 1.59423E-06, 1.42441E-06, 9.01585E-05
244, 9.24052E-05, 5.84964E-05, 2.77038E-05, 1.69788E-05, 3.44763E-06, 1.58423E-06, 1.41773E-06, 8.63998E-05
245, 9.24277E-05, 5.64731E-05, 2.76436E-05, 1.72042E-05, 3.42416E-06, 1.57388E-06, 1.41125E-06, 8.25934E-05
246, 9.23517E-05, 5.44455E-05, 2.75604E-05, 1.74256E-05, 3.40039E-06, 1.56338E-06, 1.40481E-06, 7.87553E-05
247, 9.21749E-05, 5.24189E-05, 2.74538E-05, 1.76429E-05, 3.37628E-06, 1.55285E-06, 1.39852E-06, 7.49009E-05
248, 9.18947E-05, 5.03983E-05, 2.73235E-05, 1.78561E-05, 3.35213E-06, 1.54225E-06, 1.39234E-06, 7.10451E-05
249, 9.15087E-05, 4.83884E-05, 2.71694E-05, 1.80653E-05, 3.32869E-06, 1.53163E-06, 1.38633E-06, 6.72017E-05
250, 9.10144E-05, 4.63937E-05, 2.69913E-05, 1.82703E-05, 3.30508E-06, 1.52087E-06, 1.38058E-06, 6.39324E-05
