time_step, rel_err_u, rel_err_v, rel_err_w, rel_err_p, rel_err_u_m, rel_err_v_m, rel_err_w_m, rel_err_p_m
0, 0.00000E+00, 0.00000E+00, 0.00000E+00, 0.00000E+00, 0.00000E+00, 0.00000E+00, 0.00000E+00,    Infinity
1, 5.35415E-05, 4.16462E-05, 3.73179E-05, 2.35835E-03, 3.20813E-06, 2.74402E-06, 2.23116E-06, 1.12978E+03
2, 8.95111E-05, 7.37068E-05, 7.66049E-05, 2.13722E-03, 3.02966E-06, 2.48935E-06, 1.98038E-06, 4.03578E-01
3, 6.00232E-05, 4.56224E-05, 2.20742E-05, 7.65816E-05, 2.64408E-06, 2.14799E-06, 1.71010E-06, 1.86723E-01
4, 6.16012E-05, 3.90169E-05, 2.21028E-05, 4.92442E-05, 2.36043E-06, 1.86150E-06, 1.49875E-06, 2.01129E-02
5, 6.19785E-05, 3.92767E-05, 2.19424E-05, 1.86010E-05, 2.34837E-06, 1.85606E-06, 1.49203E-06, 1.27773E-02
6, 6.30528E-05, 4.04241E-05, 2.16341E-05, 1.69717E-05, 2.32829E-06, 1.84457E-06, 1.48120E-06, 3.41880E-03
7, 6.49672E-05, 4.14279E-05, 2.11762E-05, 1.72984E-05, 2.31191E-06, 1.83580E-06, 1.47160E-06, 8.85930E-04
8, 6.70158E-05, 4.23273E-05, 2.05694E-05, 1.71978E-05, 2.29491E-06, 1.82689E-06, 1.46235E-06, 3.63841E-04
9, 6.86928E-05, 4.31227E-05, 1.99835E-05, 1.71170E-05, 2.27866E-06, 1.81790E-06, 1.45329E-06, 1.83614E-04
10, 7.10133E-05, 4.37971E-05, 1.99595E-05, 1.73840E-05, 2.26254E-06, 1.80950E-06, 1.44416E-06, 1.56640E-04
11, 7.41612E-05, 4.43474E-05, 1.97748E-05, 1.78000E-05, 2.24766E-06, 1.80137E-06, 1.43537E-06, 1.57227E-04
12, 7.68932E-05, 4.47706E-05, 1.97963E-05, 1.81639E-05, 2.23227E-06, 1.79296E-06, 1.42670E-06, 1.60507E-04
13, 7.99579E-05, 4.50635E-05, 2.04581E-05, 1.84646E-05, 2.21690E-06, 1.78466E-06, 1.41808E-06, 1.60887E-04
14, 8.41017E-05, 4.52238E-05, 2.16763E-05, 1.86979E-05, 2.20173E-06, 1.77663E-06, 1.40925E-06, 1.59705E-04
15, 8.81189E-05, 4.53495E-05, 2.28676E-05, 1.88609E-05, 2.18665E-06, 1.76898E-06, 1.40041E-06, 1.56994E-04
16, 9.19786E-05, 4.53947E-05, 2.40192E-05, 1.89508E-05, 2.17301E-06, 1.76222E-06, 1.39218E-06, 1.54957E-04
17, 9.56521E-05, 4.53083E-05, 2.51182E-05, 1.89658E-05, 2.15970E-06, 1.75559E-06, 1.38436E-06, 1.57033E-04
18, 9.91110E-05, 4.50889E-05, 2.61512E-05, 1.89052E-05, 2.14621E-06, 1.74876E-06, 1.37660E-06, 1.59981E-04
19, 1.02328E-04, 4.52871E-05, 2.71047E-05, 1.87690E-05, 2.13222E-06, 1.74173E-06, 1.36890E-06, 1.61897E-04
20, 1.05275E-04, 4.61699E-05, 2.79656E-05, 1.85584E-05, 2.11843E-06, 1.73438E-06, 1.36162E-06, 1.62077E-04
21, 1.09315E-04, 4.69410E-05, 2.87207E-05, 1.82754E-05, 2.10430E-06, 1.72706E-06, 1.35441E-06, 1.60532E-04
22, 1.14210E-04, 4.75957E-05, 2.93576E-05, 1.84761E-05, 2.09026E-06, 1.71998E-06, 1.34727E-06, 1.57304E-04
23, 1.18876E-04, 4.81296E-05, 2.98645E-05, 1.88651E-05, 2.07719E-06, 1.71343E-06, 1.34036E-06, 1.53260E-04
24, 1.23279E-04, 4.85389E-05, 3.02303E-05, 1.91848E-05, 2.06404E-06, 1.70705E-06, 1.33363E-06, 1.54029E-04
25, 1.27380E-04, 4.88203E-05, 3.12262E-05, 1.94310E-05, 2.05102E-06, 1.70053E-06, 1.32667E-06, 1.57826E-04
26, 1.31143E-04, 4.89712E-05, 3.30080E-05, 1.96004E-05, 2.03798E-06, 1.69390E-06, 1.31968E-06, 1.60302E-04
27, 1.34535E-04, 4.89894E-05, 3.47246E-05, 1.96906E-05, 2.02470E-06, 1.68743E-06, 1.31290E-06, 1.61496E-04
28, 1.37521E-04, 4.89192E-05, 3.63582E-05, 1.97002E-05, 2.01225E-06, 1.68099E-06, 1.30630E-06, 1.61472E-04
29, 1.40073E-04, 4.89583E-05, 3.78913E-05, 1.96284E-05, 1.99983E-06, 1.67504E-06, 1.30023E-06, 1.60310E-04
30, 1.42163E-04, 4.88654E-05, 3.93062E-05, 1.94756E-05, 1.98763E-06, 1.66930E-06, 1.29408E-06, 1.60225E-04
31, 1.43765E-04, 4.86391E-05, 4.05860E-05, 1.92429E-05, 1.97619E-06, 1.66366E-06, 1.28804E-06, 1.63773E-04
32, 1.44858E-04, 4.82789E-05, 4.17143E-05, 1.89324E-05, 1.96480E-06, 1.65831E-06, 1.28236E-06, 1.65918E-04
33, 1.46809E-04, 4.77851E-05, 4.26758E-05, 1.85471E-05, 1.95358E-06, 1.65303E-06, 1.27655E-06, 1.66730E-04
34, 1.50291E-04, 4.71590E-05, 4.34563E-05, 1.80909E-05, 1.94195E-06, 1.64800E-06, 1.27073E-06, 1.66300E-04
35, 1.53292E-04, 4.66658E-05, 4.40429E-05, 1.75681E-05, 1.93084E-06, 1.64282E-06, 1.26476E-06, 1.64739E-04
36, 1.55776E-04, 4.64696E-05, 4.44247E-05, 1.73638E-05, 1.91957E-06, 1.63784E-06, 1.25887E-06, 1.62170E-04
37, 1.57712E-04, 4.67862E-05, 4.45921E-05, 1.72704E-05, 1.90784E-06, 1.63282E-06, 1.25313E-06, 1.61554E-04
38, 1.59072E-04, 4.69904E-05, 4.45380E-05, 1.71053E-05, 1.89629E-06, 1.62807E-06, 1.24763E-06, 1.62781E-04
39, 1.59832E-04, 4.70807E-05, 4.42571E-05, 1.68704E-05, 1.88469E-06, 1.62332E-06, 1.24246E-06, 1.63497E-04
40, 1.59970E-04, 4.70560E-05, 4.53198E-05, 1.70003E-05, 1.87292E-06, 1.61892E-06, 1.23731E-06, 1.71041E-04
41, 1.59472E-04, 4.69163E-05, 4.72989E-05, 1.73016E-05, 1.86159E-06, 1.61451E-06, 1.23217E-06, 1.77067E-04
42, 1.58326E-04, 4.66621E-05, 4.91040E-05, 1.75701E-05, 1.85045E-06, 1.60984E-06, 1.22687E-06, 1.81579E-04
43, 1.56525E-04, 4.65995E-05, 5.07141E-05, 1.78015E-05, 1.83895E-06, 1.60510E-06, 1.22153E-06, 1.84609E-04
44, 1.54206E-04, 4.72571E-05, 5.21095E-05, 1.79917E-05, 1.82731E-06, 1.60040E-06, 1.21601E-06, 1.86215E-04
45, 1.55209E-04, 4.77988E-05, 5.32718E-05, 1.81364E-05, 1.81668E-06, 1.59581E-06, 1.21070E-06, 1.86478E-04
46, 1.55599E-04, 4.82199E-05, 5.41841E-05, 1.82318E-05, 1.80592E-06, 1.59124E-06, 1.20543E-06, 1.85501E-04
47, 1.55356E-04, 4.85165E-05, 5.48317E-05, 1.82742E-05, 1.79474E-06, 1.58665E-06, 1.20052E-06, 1.83404E-04
48, 1.54464E-04, 4.86852E-05, 5.52017E-05, 1.82604E-05, 1.78313E-06, 1.58200E-06, 1.19533E-06, 1.80320E-04
49, 1.52911E-04, 4.87232E-05, 5.52835E-05, 1.81873E-05, 1.77041E-06, 1.57732E-06, 1.19016E-06, 1.76391E-04
50, 1.50693E-04, 4.93237E-05, 5.50691E-05, 1.80527E-05, 1.75732E-06, 1.57339E-06, 1.18494E-06, 1.71762E-04
51, 1.47809E-04, 5.18221E-05, 5.45531E-05, 1.78546E-05, 1.74511E-06, 1.56931E-06, 1.17969E-06, 1.66579E-04
52, 1.45033E-04, 5.42777E-05, 5.37326E-05, 1.81377E-05, 1.73259E-06, 1.56515E-06, 1.17445E-06, 1.60980E-04
53, 1.48048E-04, 5.66833E-05, 5.26075E-05, 1.86260E-05, 1.72016E-06, 1.56138E-06, 1.16949E-06, 1.62627E-04
54, 1.50314E-04, 5.90318E-05, 5.16445E-05, 1.90905E-05, 1.70702E-06, 1.55770E-06, 1.16451E-06, 1.65703E-04
55, 1.53216E-04, 6.13162E-05, 5.44483E-05, 1.95256E-05, 1.69389E-06, 1.55377E-06, 1.15935E-06, 1.67639E-04
56, 1.58875E-04, 6.35299E-05, 5.71153E-05, 1.99254E-05, 1.68181E-06, 1.54957E-06, 1.15405E-06, 1.68438E-04
57, 1.63773E-04, 6.56663E-05, 5.96266E-05, 2.02844E-05, 1.66919E-06, 1.54510E-06, 1.14847E-06, 1.68116E-04
58, 1.67883E-04, 6.77194E-05, 6.19641E-05, 2.05971E-05, 1.65636E-06, 1.54037E-06, 1.14259E-06, 1.66704E-04
59, 1.71184E-04, 6.96835E-05, 6.41106E-05, 2.08584E-05, 1.64353E-06, 1.53568E-06, 1.13649E-06, 1.64244E-04
60, 1.73665E-04, 7.15532E-05, 6.60500E-05, 2.10637E-05, 1.63060E-06, 1.53116E-06, 1.13045E-06, 1.63891E-04
61, 1.75322E-04, 7.33236E-05, 6.77678E-05, 2.12089E-05, 1.61856E-06, 1.52638E-06, 1.12481E-06, 1.73461E-04
62, 1.76156E-04, 7.49902E-05, 6.92507E-05, 2.12903E-05, 1.60645E-06, 1.52137E-06, 1.11935E-06, 1.81940E-04
63, 1.76179E-04, 7.65491E-05, 7.04872E-05, 2.13054E-05, 1.59458E-06, 1.51594E-06, 1.11375E-06, 1.89245E-04
64, 1.75406E-04, 7.80121E-05, 7.14707E-05, 2.12519E-05, 1.58242E-06, 1.51079E-06, 1.10816E-06, 1.95312E-04
65, 1.73862E-04, 7.97317E-05, 7.21930E-05, 2.11287E-05, 1.57006E-06, 1.50586E-06, 1.10241E-06, 2.00095E-04
66, 1.73298E-04, 8.13273E-05, 7.26452E-05, 2.09351E-05, 1.55891E-06, 1.50153E-06, 1.09672E-06, 2.03564E-04
67, 1.74328E-04, 8.27950E-05, 7.28232E-05, 2.06717E-05, 1.54738E-06, 1.49723E-06, 1.09101E-06, 2.05706E-04
68, 1.74501E-04, 8.41316E-05, 7.27252E-05, 2.03394E-05, 1.53566E-06, 1.49283E-06, 1.08531E-06, 2.06528E-04
69, 1.73825E-04, 8.53344E-05, 7.23513E-05, 1.99402E-05, 1.52429E-06, 1.48826E-06, 1.07938E-06, 2.06050E-04
70, 1.72312E-04, 8.64013E-05, 7.17037E-05, 1.94766E-05, 1.51265E-06, 1.48379E-06, 1.07375E-06, 2.04310E-04
71, 1.69983E-04, 8.73310E-05, 7.07870E-05, 1.89518E-05, 1.50207E-06, 1.47928E-06, 1.06859E-06, 2.01359E-04
72, 1.72005E-04, 8.81227E-05, 6.96076E-05, 1.83697E-05, 1.49205E-06, 1.47464E-06, 1.06315E-06, 1.97260E-04
73, 1.75729E-04, 8.87761E-05, 6.81736E-05, 1.77345E-05, 1.48245E-06, 1.47012E-06, 1.05751E-06, 1.92087E-04
74, 1.78740E-04, 8.92918E-05, 6.64953E-05, 1.70511E-05, 1.47350E-06, 1.46572E-06, 1.05162E-06, 1.85923E-04
75, 1.81020E-04, 8.96706E-05, 6.45846E-05, 1.63245E-05, 1.46548E-06, 1.46114E-06, 1.04562E-06, 1.78859E-04
76, 1.82556E-04, 8.99141E-05, 6.24549E-05, 1.55602E-05, 1.45696E-06, 1.45618E-06, 1.03962E-06, 1.70987E-04
77, 1.83341E-04, 9.00243E-05, 6.01212E-05, 1.47635E-05, 1.44820E-06, 1.45086E-06, 1.03359E-06, 1.69500E-04
78, 1.83372E-04, 9.00038E-05, 5.75994E-05, 1.39403E-05, 1.43928E-06, 1.44543E-06, 1.02762E-06, 1.74404E-04
79, 1.82653E-04, 8.98555E-05, 5.49069E-05, 1.30962E-05, 1.43034E-06, 1.44004E-06, 1.02170E-06, 1.78096E-04
80, 1.81192E-04, 8.95829E-05, 5.20616E-05, 1.22368E-05, 1.42167E-06, 1.43483E-06, 1.01612E-06, 1.80597E-04
81, 1.79002E-04, 8.94819E-05, 4.90825E-05, 1.13676E-05, 1.41318E-06, 1.42992E-06, 1.01046E-06, 1.81938E-04
82, 1.76100E-04, 8.93543E-05, 4.59888E-05, 1.04939E-05, 1.40585E-06, 1.42496E-06, 1.00478E-06, 1.82167E-04
83, 1.72510E-04, 8.90954E-05, 4.56064E-05, 9.62098E-06, 1.39996E-06, 1.41998E-06, 9.99156E-07, 1.81341E-04
84, 1.68257E-04, 8.87094E-05, 4.64522E-05, 9.00836E-06, 1.39367E-06, 1.41506E-06, 9.93435E-07, 1.79526E-04
85, 1.63370E-04, 8.82006E-05, 4.71419E-05, 9.04008E-06, 1.38726E-06, 1.41005E-06, 9.87641E-07, 1.76796E-04
86, 1.57884E-04, 8.75740E-05, 4.76756E-05, 9.06583E-06, 1.38123E-06, 1.40510E-06, 9.81873E-07, 1.73231E-04
87, 1.51834E-04, 8.68347E-05, 4.86381E-05, 9.08564E-06, 1.37533E-06, 1.40012E-06, 9.76062E-07, 1.68914E-04
88, 1.45260E-04, 8.91116E-05, 4.93613E-05, 9.09960E-06, 1.36910E-06, 1.39510E-06, 9.70287E-07, 1.63931E-04
89, 1.38202E-04, 9.20787E-05, 4.98255E-05, 9.10776E-06, 1.36293E-06, 1.38989E-06, 9.64551E-07, 1.58370E-04
90, 1.30705E-04, 9.48593E-05, 5.00344E-05, 9.11021E-06, 1.35680E-06, 1.38475E-06, 9.58743E-07, 1.52317E-04
91, 1.22812E-04, 9.74446E-05, 4.99935E-05, 9.10703E-06, 1.35043E-06, 1.37937E-06, 9.52850E-07, 1.45854E-04
92, 1.14571E-04, 9.98272E-05, 4.97098E-05, 9.11712E-06, 1.34401E-06, 1.37374E-06, 9.46867E-07, 1.39064E-04
93, 1.15510E-04, 1.02001E-04, 4.91914E-05, 9.16945E-06, 1.33805E-06, 1.36810E-06, 9.40906E-07, 1.32023E-04
94, 1.16422E-04, 1.03960E-04, 4.84480E-05, 9.21585E-06, 1.33317E-06, 1.36233E-06, 9.34976E-07, 1.24802E-04
95, 1.16821E-04, 1.05701E-04, 4.74902E-05, 9.25631E-06, 1.32841E-06, 1.35646E-06, 9.29589E-07, 1.17467E-04
96, 1.18923E-04, 1.07222E-04, 4.63299E-05, 9.29088E-06, 1.32339E-06, 1.35045E-06, 9.24591E-07, 1.10079E-04
97, 1.24645E-04, 1.08520E-04, 4.49797E-05, 9.31957E-06, 1.31858E-06, 1.34470E-06, 9.20011E-07, 1.02690E-04
98, 1.29914E-04, 1.09596E-04, 4.50667E-05, 9.34242E-06, 1.31356E-06, 1.33903E-06, 9.15725E-07, 9.53487E-05
99, 1.34716E-04, 1.10451E-04, 4.57455E-05, 9.35948E-06, 1.30833E-06, 1.33369E-06, 9.11530E-07, 8.80947E-05
100, 1.39042E-04, 1.11085E-04, 4.62138E-05, 9.37080E-06, 1.30332E-06, 1.32834E-06, 9.07356E-07, 8.09630E-05
101, 1.42884E-04, 1.11502E-04, 4.64729E-05, 9.37645E-06, 1.29814E-06, 1.32280E-06, 9.03103E-07, 7.51357E-05
102, 1.46240E-04, 1.11705E-04, 4.65258E-05, 9.37648E-06, 1.29270E-06, 1.31726E-06, 8.98858E-07, 7.33047E-05
103, 1.49108E-04, 1.11699E-04, 4.63766E-05, 9.37098E-06, 1.28700E-06, 1.31161E-06, 8.94505E-07, 7.07606E-05
104, 1.51488E-04, 1.11488E-04, 4.60307E-05, 9.38683E-06, 1.28128E-06, 1.30596E-06, 8.89980E-07, 6.75618E-05
105, 1.53386E-04, 1.11078E-04, 4.54949E-05, 9.44551E-06, 1.27589E-06, 1.30028E-06, 8.85313E-07, 6.52588E-05
106, 1.54807E-04, 1.10477E-04, 4.47771E-05, 9.49748E-06, 1.27101E-06, 1.29434E-06, 8.80645E-07, 6.74627E-05
107, 1.55760E-04, 1.09691E-04, 4.38860E-05, 9.54274E-06, 1.26619E-06, 1.28844E-06, 8.76078E-07, 6.92755E-05
108, 1.56256E-04, 1.08728E-04, 4.28314E-05, 9.58131E-06, 1.26155E-06, 1.28248E-06, 8.71519E-07, 7.08881E-05
109, 1.56307E-04, 1.07597E-04, 4.16241E-05, 9.61321E-06, 1.25690E-06, 1.27650E-06, 8.67051E-07, 7.20718E-05
110, 1.55927E-04, 1.06305E-04, 4.02752E-05, 9.63851E-06, 1.25219E-06, 1.27049E-06, 8.62519E-07, 7.28381E-05
111, 1.55132E-04, 1.04861E-04, 3.87967E-05, 9.65723E-06, 1.24730E-06, 1.26426E-06, 8.57932E-07, 7.32005E-05
112, 1.53940E-04, 1.03275E-04, 3.72012E-05, 9.66945E-06, 1.24245E-06, 1.25798E-06, 8.53408E-07, 7.31742E-05
113, 1.52368E-04, 1.01555E-04, 3.55014E-05, 9.67524E-06, 1.23760E-06, 1.25171E-06, 8.48885E-07, 7.27761E-05
114, 1.50438E-04, 9.97101E-05, 3.45226E-05, 9.67468E-06, 1.23274E-06, 1.24544E-06, 8.44388E-07, 7.20248E-05
115, 1.48168E-04, 9.77502E-05, 3.52983E-05, 9.68219E-06, 1.22773E-06, 1.23918E-06, 8.39877E-07, 7.09401E-05
116, 1.45582E-04, 9.56844E-05, 3.59332E-05, 9.69367E-06, 1.22272E-06, 1.23276E-06, 8.35463E-07, 6.95433E-05
117, 1.42699E-04, 9.35217E-05, 3.64287E-05, 9.74125E-06, 1.21767E-06, 1.22625E-06, 8.31108E-07, 6.78568E-05
118, 1.39545E-04, 9.12712E-05, 3.67855E-05, 9.79319E-06, 1.21254E-06, 1.21964E-06, 8.26952E-07, 6.59041E-05
119, 1.36142E-04, 8.89421E-05, 3.70051E-05, 9.83840E-06, 1.20725E-06, 1.21308E-06, 8.22997E-07, 6.37095E-05
120, 1.32512E-04, 8.65430E-05, 3.70905E-05, 9.87687E-06, 1.20187E-06, 1.20670E-06, 8.19005E-07, 6.12980E-05
121, 1.28678E-04, 8.40825E-05, 3.70451E-05, 9.90865E-06, 1.19636E-06, 1.20032E-06, 8.15004E-07, 5.86947E-05
122, 1.24661E-04, 8.15692E-05, 3.68731E-05, 9.93375E-06, 1.19112E-06, 1.19389E-06, 8.11047E-07, 5.59255E-05
123, 1.20486E-04, 7.90112E-05, 3.65793E-05, 9.95222E-06, 1.18612E-06, 1.18746E-06, 8.07120E-07, 5.30159E-05
124, 1.16175E-04, 7.64163E-05, 3.61692E-05, 9.96411E-06, 1.18123E-06, 1.18099E-06, 8.03288E-07, 5.12020E-05
125, 1.11749E-04, 7.37922E-05, 3.56486E-05, 9.99654E-06, 1.17663E-06, 1.17452E-06, 7.99512E-07, 5.07070E-05
126, 1.07230E-04, 7.11463E-05, 3.50237E-05, 1.00224E-05, 1.17225E-06, 1.16809E-06, 7.95723E-07, 5.01378E-05
127, 1.02639E-04, 6.84855E-05, 3.43014E-05, 1.00417E-05, 1.16806E-06, 1.16160E-06, 7.92023E-07, 5.01125E-05
128, 9.79954E-05, 6.58165E-05, 3.34887E-05, 1.00544E-05, 1.16396E-06, 1.15502E-06, 7.88358E-07, 5.02655E-05
129, 9.34320E-05, 6.31457E-05, 3.25929E-05, 1.00607E-05, 1.16040E-06, 1.14846E-06, 7.84683E-07, 5.03486E-05
130, 9.22477E-05, 6.04792E-05, 3.16215E-05, 1.00605E-05, 1.15707E-06, 1.14186E-06, 7.81069E-07, 5.03617E-05
131, 9.07795E-05, 5.78226E-05, 3.05822E-05, 1.00540E-05, 1.15363E-06, 1.13556E-06, 7.77464E-07, 5.03042E-05
132, 8.90498E-05, 5.51813E-05, 2.94829E-05, 1.00413E-05, 1.15016E-06, 1.12940E-06, 7.73891E-07, 5.01761E-05
133, 8.70811E-05, 5.25603E-05, 2.83314E-05, 1.00513E-05, 1.14653E-06, 1.12327E-06, 7.70386E-07, 4.99773E-05
134, 8.48965E-05, 4.99643E-05, 2.71355E-05, 1.01023E-05, 1.14280E-06, 1.11712E-06, 7.66912E-07, 4.97079E-05
135, 8.25193E-05, 4.73976E-05, 2.59030E-05, 1.01546E-05, 1.13907E-06, 1.11099E-06, 7.63425E-07, 4.93681E-05
136, 7.99725E-05, 4.48642E-05, 2.46417E-05, 1.02001E-05, 1.13525E-06, 1.10485E-06, 7.59983E-07, 4.89583E-05
137, 7.72792E-05, 4.23678E-05, 2.33590E-05, 1.02386E-05, 1.13133E-06, 1.09869E-06, 7.56508E-07, 4.84790E-05
138, 7.44621E-05, 3.99117E-05, 2.20624E-05, 1.02703E-05, 1.12746E-06, 1.09277E-06, 7.53079E-07, 4.79308E-05
139, 7.15434E-05, 3.74991E-05, 2.07589E-05, 1.02950E-05, 1.12348E-06, 1.08685E-06, 7.49780E-07, 4.76158E-05
140, 6.85448E-05, 3.56784E-05, 1.94553E-05, 1.03129E-05, 1.11953E-06, 1.08085E-06, 7.46526E-07, 4.77826E-05
141, 6.54873E-05, 3.46904E-05, 1.81583E-05, 1.03240E-05, 1.11557E-06, 1.07495E-06, 7.43294E-07, 4.78856E-05
142, 6.23911E-05, 3.36796E-05, 1.68740E-05, 1.03284E-05, 1.11156E-06, 1.06905E-06, 7.40112E-07, 4.79244E-05
143, 5.92755E-05, 3.26507E-05, 1.56082E-05, 1.03260E-05, 1.10765E-06, 1.06312E-06, 7.37034E-07, 4.78983E-05
144, 5.61588E-05, 3.16084E-05, 1.43664E-05, 1.03427E-05, 1.10399E-06, 1.05722E-06, 7.34000E-07, 4.78072E-05
145, 5.30582E-05, 3.05573E-05, 1.31536E-05, 1.03540E-05, 1.10032E-06, 1.05132E-06, 7.30902E-07, 4.76508E-05
146, 4.99899E-05, 2.95015E-05, 1.19743E-05, 1.03582E-05, 1.09663E-06, 1.04556E-06, 7.27738E-07, 4.74290E-05
147, 4.69688E-05, 2.84451E-05, 1.08871E-05, 1.03553E-05, 1.09285E-06, 1.03987E-06, 7.24606E-07, 4.71418E-05
148, 4.40086E-05, 2.73919E-05, 1.07409E-05, 1.03455E-05, 1.08936E-06, 1.03427E-06, 7.21519E-07, 4.67892E-05
149, 4.11218E-05, 2.63461E-05, 1.07149E-05, 1.03288E-05, 1.08590E-06, 1.02863E-06, 7.18534E-07, 4.63716E-05
150, 3.83196E-05, 2.60679E-05, 1.06805E-05, 1.03541E-05, 1.08232E-06, 1.02304E-06, 7.15648E-07, 4.58891E-05
151, 3.73854E-05, 2.59725E-05, 1.06335E-05, 1.03881E-05, 1.07878E-06, 1.01766E-06, 7.12753E-07, 4.53425E-05
152, 3.76552E-05, 2.58404E-05, 1.05744E-05, 1.04150E-05, 1.07530E-06, 1.01228E-06, 7.09821E-07, 4.50413E-05
153, 3.77969E-05, 2.56727E-05, 1.05037E-05, 1.04463E-05, 1.07183E-06, 1.00691E-06, 7.06877E-07, 4.51972E-05
154, 3.78117E-05, 2.54702E-05, 1.04902E-05, 1.04892E-05, 1.06830E-06, 1.00151E-06, 7.03969E-07, 4.52944E-05
155, 3.77021E-05, 2.52339E-05, 1.04801E-05, 1.05243E-05, 1.06484E-06, 9.96149E-07, 7.00995E-07, 4.53320E-05
156, 3.74702E-05, 2.49651E-05, 1.05123E-05, 1.05517E-05, 1.06179E-06, 9.90879E-07, 6.98011E-07, 4.53096E-05
157, 3.71192E-05, 2.46648E-05, 1.05974E-05, 1.05714E-05, 1.05883E-06, 9.85675E-07, 6.95079E-07, 4.52266E-05
158, 3.66532E-05, 2.43343E-05, 1.06752E-05, 1.05834E-05, 1.05578E-06, 9.80518E-07, 6.92251E-07, 4.50825E-05
159, 3.60768E-05, 2.39748E-05, 1.07453E-05, 1.05877E-05, 1.05272E-06, 9.75349E-07, 6.89521E-07, 4.48772E-05
160, 3.53953E-05, 2.35875E-05, 1.08078E-05, 1.05845E-05, 1.04969E-06, 9.70476E-07, 6.86803E-07, 4.46102E-05
161, 3.46142E-05, 2.31739E-05, 1.08625E-05, 1.05738E-05, 1.04666E-06, 9.65937E-07, 6.84077E-07, 4.42816E-05
162, 3.37399E-05, 2.29169E-05, 1.09094E-05, 1.05557E-05, 1.04357E-06, 9.61469E-07, 6.81341E-07, 4.38912E-05
163, 3.27789E-05, 2.28586E-05, 1.09484E-05, 1.05302E-05, 1.04040E-06, 9.56997E-07, 6.78569E-07, 4.34393E-05
164, 3.17380E-05, 2.27691E-05, 1.09795E-05, 1.05209E-05, 1.03718E-06, 9.52483E-07, 6.75814E-07, 4.29260E-05
165, 3.06244E-05, 2.26490E-05, 1.10026E-05, 1.05411E-05, 1.03399E-06, 9.47973E-07, 6.73183E-07, 4.23518E-05
166, 2.94456E-05, 2.24990E-05, 1.10178E-05, 1.05522E-05, 1.03090E-06, 9.43453E-07, 6.70750E-07, 4.24530E-05
167, 2.82091E-05, 2.23195E-05, 1.10252E-05, 1.05695E-05, 1.02783E-06, 9.38991E-07, 6.68386E-07, 4.25644E-05
168, 2.69226E-05, 2.21114E-05, 1.10247E-05, 1.06085E-05, 1.02479E-06, 9.34597E-07, 6.66055E-07, 4.26202E-05
169, 2.56708E-05, 2.18753E-05, 1.10165E-05, 1.06394E-05, 1.02173E-06, 9.30269E-07, 6.63716E-07, 4.26196E-05
170, 2.56607E-05, 2.16121E-05, 1.10008E-05, 1.06619E-05, 1.01868E-06, 9.25952E-07, 6.61407E-07, 4.25618E-05
171, 2.56710E-05, 2.13227E-05, 1.09775E-05, 1.06762E-05, 1.01567E-06, 9.21716E-07, 6.59183E-07, 4.24463E-05
172, 2.57007E-05, 2.10078E-05, 1.09676E-05, 1.06823E-05, 1.01273E-06, 9.17412E-07, 6.56952E-07, 4.22724E-05
173, 2.57485E-05, 2.06685E-05, 1.10430E-05, 1.06802E-05, 1.00984E-06, 9.13179E-07, 6.54631E-07, 4.20397E-05
174, 2.58127E-05, 2.03056E-05, 1.11108E-05, 1.06700E-05, 1.00704E-06, 9.08932E-07, 6.52215E-07, 4.17480E-05
175, 2.58915E-05, 2.00376E-05, 1.11709E-05, 1.06519E-05, 1.00417E-06, 9.04612E-07, 6.49836E-07, 4.13969E-05
176, 2.59827E-05, 2.00040E-05, 1.12233E-05, 1.06257E-05, 1.00128E-06, 9.00278E-07, 6.47479E-07, 4.09864E-05
177, 2.60841E-05, 1.99437E-05, 1.12679E-05, 1.05918E-05, 9.98452E-07, 8.96015E-07, 6.45202E-07, 4.05165E-05
178, 2.61931E-05, 1.98568E-05, 1.13046E-05, 1.06078E-05, 9.95609E-07, 8.91918E-07, 6.42974E-07, 3.99873E-05
179, 2.68368E-05, 1.97437E-05, 1.13336E-05, 1.06157E-05, 9.92843E-07, 8.87979E-07, 6.40771E-07, 3.96165E-05
180, 2.74991E-05, 1.96045E-05, 1.13547E-05, 1.06144E-05, 9.90138E-07, 8.84105E-07, 6.38563E-07, 3.96721E-05
181, 2.81486E-05, 1.94397E-05, 1.13682E-05, 1.06038E-05, 9.87400E-07, 8.80246E-07, 6.36383E-07, 3.97437E-05
182, 2.87858E-05, 1.92496E-05, 1.13740E-05, 1.05842E-05, 9.84674E-07, 8.76370E-07, 6.34271E-07, 3.97618E-05
183, 2.94109E-05, 1.90348E-05, 1.13723E-05, 1.05643E-05, 9.81982E-07, 8.72582E-07, 6.32130E-07, 3.97256E-05
184, 3.00237E-05, 1.87957E-05, 1.13631E-05, 1.05816E-05, 9.79278E-07, 8.68837E-07, 6.29983E-07, 3.96344E-05
185, 3.06238E-05, 1.85330E-05, 1.13466E-05, 1.05903E-05, 9.76577E-07, 8.65206E-07, 6.27899E-07, 3.94876E-05
186, 3.12106E-05, 1.82472E-05, 1.13230E-05, 1.05902E-05, 9.73877E-07, 8.61538E-07, 6.25845E-07, 3.92844E-05
187, 3.17833E-05, 1.83153E-05, 1.12924E-05, 1.05816E-05, 9.71172E-07, 8.57827E-07, 6.23811E-07, 3.90246E-05
188, 3.23409E-05, 1.85201E-05, 1.12550E-05, 1.05644E-05, 9.68453E-07, 8.54184E-07, 6.21808E-07, 3.87079E-05
189, 3.28822E-05, 1.87017E-05, 1.12214E-05, 1.05387E-05, 9.65840E-07, 8.50484E-07, 6.19882E-07, 3.83339E-05
190, 3.34058E-05, 1.88609E-05, 1.12804E-05, 1.05046E-05, 9.63322E-07, 8.46868E-07, 6.17928E-07, 3.79027E-05
191, 3.39102E-05, 1.89985E-05, 1.13322E-05, 1.04989E-05, 9.60918E-07, 8.43272E-07, 6.15974E-07, 3.74143E-05
192, 3.43939E-05, 1.91152E-05, 1.13765E-05, 1.05043E-05, 9.58533E-07, 8.39679E-07, 6.14097E-07, 3.69202E-05
193, 3.48551E-05, 1.92119E-05, 1.14757E-05, 1.04999E-05, 9.56087E-07, 8.36110E-07, 6.12272E-07, 3.67116E-05
194, 3.52922E-05, 1.92894E-05, 1.16661E-05, 1.04861E-05, 9.53646E-07, 8.32591E-07, 6.10459E-07, 3.66114E-05
195, 3.57035E-05, 1.93484E-05, 1.18444E-05, 1.04628E-05, 9.51115E-07, 8.29038E-07, 6.08628E-07, 3.66333E-05
196, 3.60870E-05, 1.93898E-05, 1.20106E-05, 1.04303E-05, 9.48651E-07, 8.25444E-07, 6.06830E-07, 3.66040E-05
197, 3.64412E-05, 1.94142E-05, 1.21643E-05, 1.03887E-05, 9.46247E-07, 8.21834E-07, 6.05013E-07, 3.65227E-05
198, 3.67641E-05, 1.94225E-05, 1.23057E-05, 1.03383E-05, 9.43829E-07, 8.18272E-07, 6.03182E-07, 3.63889E-05
199, 3.70541E-05, 1.94155E-05, 1.24345E-05, 1.02792E-05, 9.41418E-07, 8.14638E-07, 6.01358E-07, 3.62021E-05
200, 3.73096E-05, 1.93938E-05, 1.25508E-05, 1.02552E-05, 9.39113E-07, 8.10926E-07, 5.99570E-07, 3.59619E-05
201, 3.75290E-05, 1.93584E-05, 1.26925E-05, 1.02395E-05, 9.36919E-07, 8.07293E-07, 5.97829E-07, 3.56681E-05
202, 3.77107E-05, 1.93099E-05, 1.29564E-05, 1.02151E-05, 9.34751E-07, 8.03785E-07, 5.96082E-07, 3.53205E-05
203, 3.78534E-05, 1.92493E-05, 1.32072E-05, 1.01819E-05, 9.32667E-07, 8.00227E-07, 5.94304E-07, 3.49191E-05
204, 3.79559E-05, 1.91771E-05, 1.34444E-05, 1.01665E-05, 9.30585E-07, 7.96663E-07, 5.92541E-07, 3.44642E-05
205, 3.80169E-05, 1.90941E-05, 1.36677E-05, 1.01693E-05, 9.28542E-07, 7.93083E-07, 5.90863E-07, 3.39559E-05
206, 3.80355E-05, 1.90011E-05, 1.38766E-05, 1.01622E-05, 9.26525E-07, 7.89520E-07, 5.89207E-07, 3.37702E-05
207, 3.80108E-05, 1.88987E-05, 1.40708E-05, 1.01453E-05, 9.24507E-07, 7.85950E-07, 5.87613E-07, 3.35602E-05
208, 3.79421E-05, 1.87878E-05, 1.42500E-05, 1.01188E-05, 9.22541E-07, 7.82368E-07, 5.86084E-07, 3.33057E-05
209, 3.78288E-05, 1.86690E-05, 1.44141E-05, 1.00830E-05, 9.20607E-07, 7.78802E-07, 5.84542E-07, 3.32725E-05
210, 3.76704E-05, 1.85431E-05, 1.45629E-05, 1.00378E-05, 9.18624E-07, 7.75258E-07, 5.82981E-07, 3.31912E-05
211, 3.74667E-05, 1.84108E-05, 1.46962E-05, 9.98367E-06, 9.16691E-07, 7.71666E-07, 5.81434E-07, 3.30616E-05
212, 3.72177E-05, 1.82835E-05, 1.48140E-05, 9.92065E-06, 9.14716E-07, 7.68166E-07, 5.79835E-07, 3.28832E-05
213, 3.69233E-05, 1.82697E-05, 1.49162E-05, 9.84902E-06, 9.12771E-07, 7.64687E-07, 5.78278E-07, 3.26558E-05
214, 3.65838E-05, 1.82423E-05, 1.50029E-05, 9.76901E-06, 9.10923E-07, 7.61208E-07, 5.76714E-07, 3.23794E-05
215, 3.61995E-05, 1.82016E-05, 1.50742E-05, 9.68087E-06, 9.09167E-07, 7.57771E-07, 5.75194E-07, 3.20539E-05
216, 3.57710E-05, 1.81473E-05, 1.51301E-05, 9.58485E-06, 9.07458E-07, 7.54320E-07, 5.73714E-07, 3.16793E-05
217, 3.52990E-05, 1.80796E-05, 1.53540E-05, 9.58053E-06, 9.05824E-07, 7.50848E-07, 5.72276E-07, 3.12560E-05
218, 3.47841E-05, 1.79985E-05, 1.56020E-05, 9.58043E-06, 9.04178E-07, 7.47371E-07, 5.70871E-07, 3.07842E-05
219, 3.42274E-05, 1.79376E-05, 1.58339E-05, 9.57049E-06, 9.02499E-07, 7.43932E-07, 5.69437E-07, 3.06424E-05
220, 3.36300E-05, 1.80189E-05, 1.60494E-05, 9.55084E-06, 9.00733E-07, 7.40511E-07, 5.68005E-07, 3.04873E-05
221, 3.29930E-05, 1.80878E-05, 1.62480E-05, 9.52162E-06, 8.98910E-07, 7.37160E-07, 5.66595E-07, 3.02867E-05
222, 3.23177E-05, 1.81441E-05, 1.64294E-05, 9.48301E-06, 8.97072E-07, 7.33898E-07, 5.65177E-07, 3.00405E-05
223, 3.16057E-05, 1.81875E-05, 1.65934E-05, 9.43519E-06, 8.95214E-07, 7.30726E-07, 5.63743E-07, 2.98639E-05
224, 3.08584E-05, 1.82180E-05, 1.67398E-05, 9.37835E-06, 8.93394E-07, 7.27654E-07, 5.62299E-07, 2.97510E-05
225, 3.00773E-05, 1.82353E-05, 1.68685E-05, 9.31271E-06, 8.91654E-07, 7.24546E-07, 5.60854E-07, 2.95944E-05
226, 2.92642E-05, 1.82393E-05, 1.69795E-05, 9.23850E-06, 8.89942E-07, 7.21416E-07, 5.59389E-07, 2.93939E-05
227, 2.84206E-05, 1.83249E-05, 1.70726E-05, 9.15596E-06, 8.88294E-07, 7.18238E-07, 5.57951E-07, 2.91495E-05
228, 2.75483E-05, 1.84231E-05, 1.71479E-05, 9.06533E-06, 8.86687E-07, 7.15023E-07, 5.56545E-07, 2.88610E-05
229, 2.66493E-05, 1.85124E-05, 1.72056E-05, 8.96690E-06, 8.85136E-07, 7.11808E-07, 5.55165E-07, 2.85286E-05
230, 2.57254E-05, 1.85929E-05, 1.72458E-05, 8.86091E-06, 8.83600E-07, 7.08561E-07, 5.53799E-07, 2.84606E-05
231, 2.47785E-05, 1.86646E-05, 1.73406E-05, 8.74767E-06, 8.82115E-07, 7.05297E-07, 5.52412E-07, 2.84712E-05
232, 2.38104E-05, 1.87275E-05, 1.75465E-05, 8.71761E-06, 8.80658E-07, 7.02009E-07, 5.50998E-07, 2.84643E-05
233, 2.28232E-05, 1.87817E-05, 1.77374E-05, 8.69545E-06, 8.79185E-07, 6.98699E-07, 5.49548E-07, 2.84404E-05
234, 2.18187E-05, 1.88271E-05, 1.79129E-05, 8.66403E-06, 8.77795E-07, 6.95402E-07, 5.48176E-07, 2.84004E-05
235, 2.07989E-05, 1.88638E-05, 1.80727E-05, 8.62353E-06, 8.76477E-07, 6.92147E-07, 5.46843E-07, 2.83678E-05
236, 2.06589E-05, 1.88918E-05, 1.82164E-05, 8.57413E-06, 8.75222E-07, 6.88952E-07, 5.45485E-07, 2.85940E-05
237, 2.06191E-05, 1.89111E-05, 1.83437E-05, 8.51603E-06, 8.73930E-07, 6.85812E-07, 5.44106E-07, 2.87959E-05
238, 2.05433E-05, 1.89217E-05, 1.84545E-05, 8.44944E-06, 8.72798E-07, 6.82704E-07, 5.42716E-07, 2.89741E-05
239, 2.04325E-05, 1.89235E-05, 1.85485E-05, 8.37459E-06, 8.71826E-07, 6.79581E-07, 5.41320E-07, 2.91293E-05
240, 2.02879E-05, 1.89167E-05, 1.86255E-05, 8.29173E-06, 8.70893E-07, 6.76456E-07, 5.39978E-07, 2.92622E-05
241, 2.01106E-05, 1.89011E-05, 1.86856E-05, 8.20109E-06, 8.69975E-07, 6.73291E-07, 5.38682E-07, 2.93735E-05
242, 1.99018E-05, 1.88767E-05, 1.87580E-05, 8.10295E-06, 8.69018E-07, 6.70098E-07, 5.37397E-07, 2.94639E-05
243, 1.96630E-05, 1.88436E-05, 1.89560E-05, 8.03187E-06, 8.68084E-07, 6.66906E-07, 5.36081E-07, 2.95340E-05
244, 1.93955E-05, 1.88017E-05, 1.91417E-05, 7.96702E-06, 8.67235E-07, 6.63698E-07, 5.34769E-07, 2.95845E-05
245, 1.91008E-05, 1.87509E-05, 1.93147E-05, 7.89493E-06, 8.66389E-07, 6.60442E-07, 5.33497E-07, 2.96160E-05
246, 1.87804E-05, 1.86913E-05, 1.94746E-05, 7.81589E-06, 8.65595E-07, 6.57243E-07, 5.32248E-07, 2.96291E-05
247, 1.84358E-05, 1.86228E-05, 1.96211E-05, 7.73019E-06, 8.64806E-07, 6.54066E-07, 5.30982E-07, 2.96243E-05
248, 1.80686E-05, 1.85454E-05, 1.97539E-05, 7.63814E-06, 8.63978E-07, 6.50904E-07, 5.29707E-07, 2.96022E-05
249, 1.76803E-05, 1.84590E-05, 1.98726E-05, 7.54004E-06, 8.63110E-07, 6.47747E-07, 5.28420E-07, 2.95633E-05
250, 1.72725E-05, 1.83708E-05, 1.99769E-05, 7.44832E-06, 8.62305E-07, 6.44596E-07, 5.27147E-07, 2.96291E-05
251, 1.68469E-05, 1.82929E-05, 2.00667E-05, 7.38280E-06, 8.61479E-07, 6.41453E-07, 5.25850E-07, 2.98628E-05
252, 1.64049E-05, 1.82074E-05, 2.01418E-05, 7.30959E-06, 8.60633E-07, 6.38361E-07, 5.24566E-07, 3.00713E-05
253, 1.59481E-05, 1.81143E-05, 2.02019E-05, 7.25555E-06, 8.59873E-07, 6.35224E-07, 5.23256E-07, 3.02552E-05
254, 1.54781E-05, 1.80135E-05, 2.02469E-05, 7.21042E-06, 8.59216E-07, 6.32083E-07, 5.21981E-07, 3.04148E-05
255, 1.49963E-05, 1.79050E-05, 2.02767E-05, 7.15804E-06, 8.58579E-07, 6.28891E-07, 5.20716E-07, 3.05506E-05
256, 1.45042E-05, 1.77886E-05, 2.02913E-05, 7.09866E-06, 8.58139E-07, 6.25679E-07, 5.19436E-07, 3.06630E-05
257, 1.40032E-05, 1.76643E-05, 2.02907E-05, 7.03255E-06, 8.57703E-07, 6.22505E-07, 5.18119E-07, 3.07525E-05
258, 1.34947E-05, 1.75320E-05, 2.02748E-05, 6.95997E-06, 8.57297E-07, 6.19365E-07, 5.16821E-07, 3.08195E-05
259, 1.29801E-05, 1.73916E-05, 2.02437E-05, 6.88122E-06, 8.56835E-07, 6.16286E-07, 5.15552E-07, 3.08644E-05
260, 1.24606E-05, 1.72430E-05, 2.01974E-05, 6.79657E-06, 8.56390E-07, 6.13249E-07, 5.14260E-07, 3.08876E-05
261, 1.24425E-05, 1.70862E-05, 2.01362E-05, 6.70632E-06, 8.55993E-07, 6.10235E-07, 5.12961E-07, 3.08895E-05
262, 1.25787E-05, 1.69211E-05, 2.00602E-05, 6.61076E-06, 8.55542E-07, 6.07205E-07, 5.11652E-07, 3.08706E-05
263, 1.27058E-05, 1.67477E-05, 1.99695E-05, 6.51018E-06, 8.55073E-07, 6.04195E-07, 5.10338E-07, 3.08312E-05
264, 1.29183E-05, 1.65657E-05, 1.98644E-05, 6.40488E-06, 8.54584E-07, 6.01174E-07, 5.09012E-07, 3.07719E-05
265, 1.32858E-05, 1.63753E-05, 1.97451E-05, 6.31530E-06, 8.54030E-07, 5.98146E-07, 5.07700E-07, 3.08080E-05
266, 1.36475E-05, 1.61763E-05, 1.96666E-05, 6.27735E-06, 8.53431E-07, 5.95153E-07, 5.06418E-07, 3.10228E-05
267, 1.40032E-05, 1.59687E-05, 1.97120E-05, 6.23289E-06, 8.52802E-07, 5.92163E-07, 5.05153E-07, 3.12092E-05
268, 1.43527E-05, 1.57847E-05, 1.97468E-05, 6.18213E-06, 8.52129E-07, 5.89107E-07, 5.03894E-07, 3.13676E-05
269, 1.46958E-05, 1.56170E-05, 1.97710E-05, 6.12532E-06, 8.51447E-07, 5.86054E-07, 5.02653E-07, 3.14984E-05
270, 1.50324E-05, 1.54383E-05, 1.97846E-05, 6.06270E-06, 8.50739E-07, 5.83071E-07, 5.01376E-07, 3.16021E-05
271, 1.53622E-05, 1.52487E-05, 1.97875E-05, 5.99453E-06, 8.50098E-07, 5.80146E-07, 5.00082E-07, 3.16790E-05
272, 1.56853E-05, 1.50485E-05, 1.97798E-05, 5.92106E-06, 8.49452E-07, 5.77266E-07, 4.98825E-07, 3.17297E-05
273, 1.60013E-05, 1.50484E-05, 1.97614E-05, 5.84254E-06, 8.48817E-07, 5.74418E-07, 4.97533E-07, 3.17547E-05
274, 1.63103E-05, 1.51467E-05, 1.97325E-05, 5.75926E-06, 8.48217E-07, 5.71606E-07, 4.96237E-07, 3.17544E-05
275, 1.66121E-05, 1.52336E-05, 1.96929E-05, 5.67147E-06, 8.47660E-07, 5.68819E-07, 4.94958E-07, 3.17295E-05
276, 1.69066E-05, 1.53090E-05, 1.96429E-05, 5.59121E-06, 8.47104E-07, 5.66035E-07, 4.93675E-07, 3.16805E-05
277, 1.74603E-05, 1.53727E-05, 1.99039E-05, 5.59416E-06, 8.46525E-07, 5.63244E-07, 4.92355E-07, 3.16081E-05
278, 1.80364E-05, 1.54244E-05, 2.01678E-05, 5.60691E-06, 8.45882E-07, 5.60447E-07, 4.91068E-07, 3.15127E-05
279, 1.85946E-05, 1.54640E-05, 2.04190E-05, 5.61806E-06, 8.45255E-07, 5.57628E-07, 4.89771E-07, 3.13952E-05
280, 1.91351E-05, 1.54913E-05, 2.06578E-05, 5.62752E-06, 8.44608E-07, 5.54766E-07, 4.88479E-07, 3.12661E-05
281, 1.96582E-05, 1.55063E-05, 2.08839E-05, 5.63520E-06, 8.43879E-07, 5.51953E-07, 4.87163E-07, 3.14206E-05
282, 2.01640E-05, 1.55088E-05, 2.10975E-05, 5.64102E-06, 8.43153E-07, 5.49194E-07, 4.85855E-07, 3.15449E-05
283, 2.06527E-05, 1.54988E-05, 2.12984E-05, 5.65073E-06, 8.42427E-07, 5.46419E-07, 4.84529E-07, 3.16398E-05
284, 2.11245E-05, 1.54761E-05, 2.14869E-05, 5.68375E-06, 8.41650E-07, 5.43686E-07, 4.83201E-07, 3.17058E-05
285, 2.15797E-05, 1.54408E-05, 2.16629E-05, 5.71461E-06, 8.40859E-07, 5.41015E-07, 4.81859E-07, 3.17435E-05
286, 2.20184E-05, 1.53929E-05, 2.18264E-05, 5.74318E-06, 8.40064E-07, 5.38345E-07, 4.80515E-07, 3.17537E-05
287, 2.24408E-05, 1.53323E-05, 2.19776E-05, 5.76933E-06, 8.39300E-07, 5.35664E-07, 4.79172E-07, 3.17371E-05
288, 2.28470E-05, 1.52590E-05, 2.21164E-05, 5.79293E-06, 8.38569E-07, 5.32998E-07, 4.77851E-07, 3.16944E-05
289, 2.32373E-05, 1.51732E-05, 2.22430E-05, 5.81387E-06, 8.37847E-07, 5.30378E-07, 4.76521E-07, 3.16265E-05
290, 2.36117E-05, 1.50749E-05, 2.23576E-05, 5.83202E-06, 8.37082E-07, 5.27747E-07, 4.75167E-07, 3.15339E-05
291, 2.39704E-05, 1.49643E-05, 2.24601E-05, 5.84727E-06, 8.36326E-07, 5.25168E-07, 4.73790E-07, 3.14177E-05
292, 2.43137E-05, 1.48413E-05, 2.25506E-05, 5.85950E-06, 8.35589E-07, 5.22631E-07, 4.72391E-07, 3.12784E-05
293, 2.46417E-05, 1.47062E-05, 2.26294E-05, 5.86861E-06, 8.34834E-07, 5.20094E-07, 4.70993E-07, 3.11171E-05
294, 2.49544E-05, 1.46577E-05, 2.26966E-05, 5.87450E-06, 8.34085E-07, 5.17604E-07, 4.69590E-07, 3.09344E-05
295, 2.52522E-05, 1.47100E-05, 2.27522E-05, 5.87706E-06, 8.33249E-07, 5.15162E-07, 4.68183E-07, 3.07311E-05
296, 2.55350E-05, 1.47514E-05, 2.27963E-05, 5.87620E-06, 8.32381E-07, 5.12706E-07, 4.66766E-07, 3.05200E-05
297, 2.58032E-05, 1.47817E-05, 2.28293E-05, 5.87183E-06, 8.31470E-07, 5.10313E-07, 4.65367E-07, 3.05742E-05
298, 2.60567E-05, 1.48006E-05, 2.28511E-05, 5.86387E-06, 8.30528E-07, 5.07960E-07, 4.63971E-07, 3.06006E-05
299, 2.62956E-05, 1.48078E-05, 2.28620E-05, 5.85223E-06, 8.29577E-07, 5.05743E-07, 4.62593E-07, 3.05999E-05
300, 2.65203E-05, 1.48032E-05, 2.28621E-05, 5.83685E-06, 8.28545E-07, 5.03527E-07, 4.61208E-07, 3.05730E-05
301, 2.67306E-05, 1.47865E-05, 2.28516E-05, 5.81765E-06, 8.27450E-07, 5.01266E-07, 4.59836E-07, 3.05207E-05
302, 2.69267E-05, 1.47575E-05, 2.28307E-05, 5.79458E-06, 8.26384E-07, 4.99039E-07, 4.58448E-07, 3.04437E-05
303, 2.71088E-05, 1.47159E-05, 2.27995E-05, 5.76757E-06, 8.25353E-07, 4.96831E-07, 4.57036E-07, 3.03429E-05
304, 2.72770E-05, 1.46617E-05, 2.27582E-05, 5.73658E-06, 8.24367E-07, 4.94681E-07, 4.55610E-07, 3.02191E-05
305, 2.74312E-05, 1.45947E-05, 2.27070E-05, 5.70157E-06, 8.23399E-07, 4.92529E-07, 4.54160E-07, 3.00731E-05
306, 2.75717E-05, 1.45148E-05, 2.26461E-05, 5.66250E-06, 8.22489E-07, 4.90364E-07, 4.52721E-07, 2.99058E-05
307, 2.76985E-05, 1.44219E-05, 2.25756E-05, 5.61934E-06, 8.21584E-07, 4.88223E-07, 4.51281E-07, 2.97180E-05
308, 2.78117E-05, 1.43158E-05, 2.24958E-05, 5.57206E-06, 8.20677E-07, 4.86060E-07, 4.49846E-07, 2.95106E-05
309, 2.79114E-05, 1.41967E-05, 2.24069E-05, 5.52066E-06, 8.19729E-07, 4.83911E-07, 4.48435E-07, 2.92842E-05
310, 2.79977E-05, 1.40643E-05, 2.23090E-05, 5.46510E-06, 8.18757E-07, 4.81756E-07, 4.47033E-07, 2.90398E-05
311, 2.80706E-05, 1.39188E-05, 2.22024E-05, 5.43512E-06, 8.17736E-07, 4.79690E-07, 4.45625E-07, 2.87781E-05
312, 2.81303E-05, 1.37767E-05, 2.20873E-05, 5.45510E-06, 8.16724E-07, 4.77723E-07, 4.44207E-07, 2.84999E-05
313, 2.81768E-05, 1.36474E-05, 2.19638E-05, 5.47393E-06, 8.15731E-07, 4.75763E-07, 4.42799E-07, 2.83687E-05
314, 2.82103E-05, 1.35068E-05, 2.18322E-05, 5.49036E-06, 8.14753E-07, 4.73748E-07, 4.41390E-07, 2.83157E-05
315, 2.82309E-05, 1.33551E-05, 2.16927E-05, 5.50444E-06, 8.13730E-07, 4.71716E-07, 4.39967E-07, 2.82396E-05
316, 2.82386E-05, 1.31922E-05, 2.15454E-05, 5.51620E-06, 8.12642E-07, 4.69667E-07, 4.38554E-07, 2.81413E-05
317, 2.82335E-05, 1.30183E-05, 2.13907E-05, 5.52568E-06, 8.11490E-07, 4.67663E-07, 4.37144E-07, 2.80216E-05
318, 2.82158E-05, 1.30459E-05, 2.12287E-05, 5.53294E-06, 8.10302E-07, 4.65700E-07, 4.35713E-07, 2.78813E-05
319, 2.81856E-05, 1.33163E-05, 2.10595E-05, 5.53802E-06, 8.09096E-07, 4.63731E-07, 4.34292E-07, 2.77210E-05
320, 2.81431E-05, 1.35792E-05, 2.08836E-05, 5.54225E-06, 8.07897E-07, 4.61775E-07, 4.32879E-07, 2.75417E-05
321, 2.80882E-05, 1.38343E-05, 2.07009E-05, 5.57170E-06, 8.06635E-07, 4.59866E-07, 4.31476E-07, 2.73442E-05
322, 2.80213E-05, 1.40814E-05, 2.05118E-05, 5.59863E-06, 8.05348E-07, 4.57941E-07, 4.30084E-07, 2.71290E-05
323, 2.79424E-05, 1.43202E-05, 2.03165E-05, 5.62309E-06, 8.04076E-07, 4.56041E-07, 4.28692E-07, 2.68972E-05
324, 2.78786E-05, 1.45505E-05, 2.01152E-05, 5.64513E-06, 8.02785E-07, 4.54115E-07, 4.27299E-07, 2.66493E-05
325, 2.78059E-05, 1.47722E-05, 1.99081E-05, 5.66477E-06, 8.01528E-07, 4.52183E-07, 4.25900E-07, 2.67904E-05
326, 2.77197E-05, 1.50552E-05, 1.96953E-05, 5.68206E-06, 8.00303E-07, 4.50267E-07, 4.24478E-07, 2.69196E-05
327, 2.76203E-05, 1.53771E-05, 1.94772E-05, 5.69704E-06, 7.99051E-07, 4.48336E-07, 4.23039E-07, 2.70208E-05
328, 2.75082E-05, 1.56890E-05, 1.92539E-05, 5.70976E-06, 7.97782E-07, 4.46408E-07, 4.21585E-07, 2.70941E-05
329, 2.73835E-05, 1.59906E-05, 1.90257E-05, 5.72025E-06, 7.96443E-07, 4.44493E-07, 4.20136E-07, 2.71397E-05
330, 2.72468E-05, 1.62815E-05, 1.87927E-05, 5.72856E-06, 7.95060E-07, 4.42621E-07, 4.18691E-07, 2.73009E-05
331, 2.70984E-05, 1.65617E-05, 1.85552E-05, 5.73474E-06, 7.93649E-07, 4.40722E-07, 4.17259E-07, 2.79209E-05
332, 2.69386E-05, 1.68307E-05, 1.83134E-05, 5.73882E-06, 7.92153E-07, 4.38790E-07, 4.15829E-07, 2.85268E-05
333, 2.67678E-05, 1.70885E-05, 1.80674E-05, 5.75252E-06, 7.90645E-07, 4.36889E-07, 4.14410E-07, 2.91177E-05
334, 2.65864E-05, 1.73348E-05, 1.78176E-05, 5.78024E-06, 7.89102E-07, 4.34980E-07, 4.12995E-07, 2.96930E-05
335, 2.63947E-05, 1.75694E-05, 1.75640E-05, 5.80556E-06, 7.87561E-07, 4.33085E-07, 4.11578E-07, 3.02520E-05
336, 2.61933E-05, 1.77921E-05, 1.73070E-05, 5.82852E-06, 7.85969E-07, 4.31221E-07, 4.10152E-07, 3.07939E-05
337, 2.59823E-05, 1.80028E-05, 1.70466E-05, 5.84916E-06, 7.84311E-07, 4.29358E-07, 4.08730E-07, 3.13181E-05
338, 2.57622E-05, 1.82013E-05, 1.67832E-05, 5.86751E-06, 7.82628E-07, 4.27465E-07, 4.07297E-07, 3.18241E-05
339, 2.55334E-05, 1.83875E-05, 1.65169E-05, 5.88362E-06, 7.80925E-07, 4.25598E-07, 4.05872E-07, 3.23113E-05
340, 2.52963E-05, 1.85612E-05, 1.62479E-05, 5.89752E-06, 7.79204E-07, 4.23738E-07, 4.04463E-07, 3.27791E-05
341, 2.50512E-05, 1.87225E-05, 1.59764E-05, 5.90926E-06, 7.77468E-07, 4.21888E-07, 4.03089E-07, 3.32270E-05
342, 2.47985E-05, 1.88711E-05, 1.57027E-05, 5.91887E-06, 7.75782E-07, 4.20067E-07, 4.01749E-07, 3.36546E-05
343, 2.45385E-05, 1.90070E-05, 1.54269E-05, 5.92639E-06, 7.74078E-07, 4.18244E-07, 4.00436E-07, 3.40614E-05
344, 2.42717E-05, 1.91319E-05, 1.51492E-05, 5.93188E-06, 7.72348E-07, 4.16436E-07, 3.99133E-07, 3.44470E-05
345, 2.39983E-05, 1.93035E-05, 1.48699E-05, 5.93535E-06, 7.70609E-07, 4.14613E-07, 3.97816E-07, 3.48112E-05
346, 2.37187E-05, 1.94612E-05, 1.45890E-05, 5.94214E-06, 7.68847E-07, 4.12792E-07, 3.96484E-07, 3.51535E-05
347, 2.34333E-05, 1.96049E-05, 1.43069E-05, 5.96849E-06, 7.67070E-07, 4.11000E-07, 3.95164E-07, 3.54737E-05
348, 2.31424E-05, 1.97347E-05, 1.40237E-05, 5.99257E-06, 7.65316E-07, 4.09187E-07, 3.93870E-07, 3.57716E-05
349, 2.28463E-05, 1.98507E-05, 1.37396E-05, 6.01442E-06, 7.63572E-07, 4.07376E-07, 3.92562E-07, 3.60470E-05
350, 2.25454E-05, 1.99528E-05, 1.34547E-05, 6.03406E-06, 7.61789E-07, 4.05574E-07, 3.91239E-07, 3.62997E-05
351, 2.22399E-05, 2.00412E-05, 1.31694E-05, 6.05155E-06, 7.59973E-07, 4.03832E-07, 3.89924E-07, 3.65295E-05
352, 2.19301E-05, 2.01160E-05, 1.28837E-05, 6.06690E-06, 7.58135E-07, 4.02095E-07, 3.88641E-07, 3.67364E-05
353, 2.16165E-05, 2.01773E-05, 1.25979E-05, 6.08016E-06, 7.56375E-07, 4.00414E-07, 3.87391E-07, 3.69203E-05
354, 2.12991E-05, 2.02252E-05, 1.23121E-05, 6.09136E-06, 7.54658E-07, 3.98778E-07, 3.86128E-07, 3.70812E-05
355, 2.11148E-05, 2.02598E-05, 1.20265E-05, 6.10054E-06, 7.52909E-07, 3.97164E-07, 3.84865E-07, 3.72191E-05
356, 2.09883E-05, 2.02814E-05, 1.17414E-05, 6.10774E-06, 7.51128E-07, 3.95647E-07, 3.83592E-07, 3.73341E-05
357, 2.08565E-05, 2.02902E-05, 1.14569E-05, 6.11300E-06, 7.49358E-07, 3.94192E-07, 3.82317E-07, 3.74262E-05
358, 2.07196E-05, 2.02862E-05, 1.11731E-05, 6.11635E-06, 7.47557E-07, 3.92733E-07, 3.81044E-07, 3.74955E-05
359, 2.06114E-05, 2.02697E-05, 1.08903E-05, 6.11783E-06, 7.45734E-07, 3.91313E-07, 3.79786E-07, 3.75421E-05
360, 2.05536E-05, 2.02410E-05, 1.06085E-05, 6.11748E-06, 7.43894E-07, 3.89945E-07, 3.78550E-07, 3.75663E-05
361, 2.04894E-05, 2.02003E-05, 1.03281E-05, 6.11533E-06, 7.42062E-07, 3.88571E-07, 3.77345E-07, 3.75681E-05
362, 2.04187E-05, 2.01477E-05, 1.00491E-05, 6.12554E-06, 7.40321E-07, 3.87246E-07, 3.76169E-07, 3.75479E-05
363, 2.03413E-05, 2.00837E-05, 9.77180E-06, 6.14473E-06, 7.38691E-07, 3.85972E-07, 3.75020E-07, 3.75057E-05
364, 2.02573E-05, 2.00084E-05, 9.49626E-06, 6.16189E-06, 7.37073E-07, 3.84751E-07, 3.73902E-07, 3.74419E-05
365, 2.01665E-05, 1.99220E-05, 9.22266E-06, 6.21414E-06, 7.35446E-07, 3.83514E-07, 3.72825E-07, 3.73568E-05
366, 2.00688E-05, 1.98250E-05, 9.19404E-06, 6.29651E-06, 7.33838E-07, 3.82264E-07, 3.71816E-07, 3.72506E-05
367, 1.99643E-05, 1.97176E-05, 9.21625E-06, 6.37718E-06, 7.32263E-07, 3.81024E-07, 3.70861E-07, 3.71235E-05
368, 1.98528E-05, 1.96000E-05, 9.23475E-06, 6.45616E-06, 7.30676E-07, 3.79768E-07, 3.69918E-07, 3.69760E-05
369, 1.97344E-05, 1.94726E-05, 9.24959E-06, 6.53344E-06, 7.29090E-07, 3.78528E-07, 3.68974E-07, 3.68084E-05
370, 1.96090E-05, 1.93357E-05, 9.26085E-06, 6.60902E-06, 7.27511E-07, 3.77253E-07, 3.68048E-07, 3.66209E-05
371, 1.94765E-05, 1.91896E-05, 9.26860E-06, 6.68291E-06, 7.25919E-07, 3.76004E-07, 3.67155E-07, 3.64140E-05
372, 1.93369E-05, 1.90345E-05, 9.27292E-06, 6.75512E-06, 7.24354E-07, 3.74793E-07, 3.66288E-07, 3.61879E-05
373, 1.91903E-05, 1.88709E-05, 9.27389E-06, 6.82565E-06, 7.22869E-07, 3.73553E-07, 3.65425E-07, 3.59431E-05
374, 1.90365E-05, 1.86991E-05, 9.27159E-06, 6.89450E-06, 7.21447E-07, 3.72303E-07, 3.64543E-07, 3.56798E-05
375, 1.88757E-05, 1.85192E-05, 9.26612E-06, 6.96168E-06, 7.20051E-07, 3.71059E-07, 3.63649E-07, 3.53985E-05
376, 1.87079E-05, 1.83318E-05, 9.25755E-06, 7.02720E-06, 7.18686E-07, 3.69796E-07, 3.62764E-07, 3.50996E-05
377, 1.85330E-05, 1.81371E-05, 9.24599E-06, 7.09107E-06, 7.17364E-07, 3.68504E-07, 3.61884E-07, 3.47833E-05
378, 1.83511E-05, 1.79353E-05, 9.23152E-06, 7.15329E-06, 7.16068E-07, 3.67194E-07, 3.61007E-07, 3.44501E-05
379, 1.81622E-05, 1.77269E-05, 9.21424E-06, 7.21387E-06, 7.14758E-07, 3.65892E-07, 3.60145E-07, 3.41003E-05
380, 1.79664E-05, 1.75122E-05, 9.19426E-06, 7.27282E-06, 7.13456E-07, 3.64596E-07, 3.59281E-07, 3.37343E-05
381, 1.78276E-05, 1.72914E-05, 9.17167E-06, 7.33014E-06, 7.12127E-07, 3.63285E-07, 3.58450E-07, 3.33525E-05
382, 1.80801E-05, 1.70649E-05, 9.14657E-06, 7.38585E-06, 7.10785E-07, 3.61963E-07, 3.57630E-07, 3.29552E-05
383, 1.83288E-05, 1.68330E-05, 9.11906E-06, 7.43995E-06, 7.09480E-07, 3.60634E-07, 3.56798E-07, 3.25428E-05
384, 1.85735E-05, 1.65959E-05, 9.08926E-06, 7.49245E-06, 7.08150E-07, 3.59284E-07, 3.55965E-07, 3.21157E-05
385, 1.88141E-05, 1.63540E-05, 9.05725E-06, 7.54335E-06, 7.06804E-07, 3.57943E-07, 3.55138E-07, 3.16742E-05
386, 1.90504E-05, 1.61076E-05, 9.02315E-06, 7.59267E-06, 7.05461E-07, 3.56623E-07, 3.54300E-07, 3.12186E-05
387, 1.92822E-05, 1.58570E-05, 8.98705E-06, 7.64041E-06, 7.04137E-07, 3.55313E-07, 3.53462E-07, 3.07494E-05
388, 1.95095E-05, 1.56024E-05, 8.96283E-06, 7.68657E-06, 7.02831E-07, 3.54006E-07, 3.52632E-07, 3.02668E-05
389, 1.97335E-05, 1.53441E-05, 8.94810E-06, 7.73117E-06, 7.01518E-07, 3.52701E-07, 3.51802E-07, 2.97712E-05
390, 2.00423E-05, 1.50825E-05, 8.93169E-06, 7.77420E-06, 7.00167E-07, 3.51422E-07, 3.50970E-07, 2.92629E-05
391, 2.03463E-05, 1.48176E-05, 8.91365E-06, 7.81568E-06, 6.98813E-07, 3.50184E-07, 3.50145E-07, 2.87424E-05
392, 2.06454E-05, 1.45499E-05, 8.89405E-06, 7.85561E-06, 6.97443E-07, 3.48991E-07, 3.49329E-07, 2.82098E-05
393, 2.09394E-05, 1.42796E-05, 8.87294E-06, 7.89399E-06, 6.96081E-07, 3.47807E-07, 3.48513E-07, 2.76655E-05
394, 2.12281E-05, 1.40570E-05, 8.85036E-06, 7.93083E-06, 6.94725E-07, 3.46631E-07, 3.47702E-07, 2.71100E-05
395, 2.15113E-05, 1.38655E-05, 8.87238E-06, 7.96613E-06, 6.93351E-07, 3.45442E-07, 3.46888E-07, 2.65433E-05
396, 2.17888E-05, 1.36718E-05, 8.93704E-06, 7.99989E-06, 6.91980E-07, 3.44244E-07, 3.46084E-07, 2.59660E-05
397, 2.20603E-05, 1.35984E-05, 8.99753E-06, 8.03211E-06, 6.90620E-07, 3.43047E-07, 3.45297E-07, 2.53783E-05
398, 2.23258E-05, 1.37136E-05, 9.11189E-06, 8.06281E-06, 6.89268E-07, 3.41862E-07, 3.44514E-07, 2.47805E-05
399, 2.25851E-05, 1.38235E-05, 9.22404E-06, 8.10965E-06, 6.87889E-07, 3.40648E-07, 3.43752E-07, 2.41730E-05
400, 2.28379E-05, 1.39282E-05, 9.33209E-06, 8.20608E-06, 6.86474E-07, 3.39419E-07, 3.42996E-07, 2.35560E-05
401, 2.30841E-05, 1.40275E-05, 9.43598E-06, 8.29952E-06, 6.85113E-07, 3.38229E-07, 3.42225E-07, 2.29299E-05
402, 2.33235E-05, 1.41215E-05, 9.53565E-06, 8.38992E-06, 6.83743E-07, 3.37097E-07, 3.41439E-07, 2.22949E-05
403, 2.35559E-05, 1.42100E-05, 9.63103E-06, 8.47728E-06, 6.82364E-07, 3.35964E-07, 3.40667E-07, 2.16514E-05
404, 2.37812E-05, 1.42931E-05, 9.72210E-06, 8.56158E-06, 6.80979E-07, 3.34824E-07, 3.39901E-07, 2.09998E-05
405, 2.39993E-05, 1.43707E-05, 9.80879E-06, 8.64280E-06, 6.79595E-07, 3.33696E-07, 3.39138E-07, 2.03402E-05
406, 2.42099E-05, 1.44427E-05, 9.89107E-06, 8.72092E-06, 6.78208E-07, 3.32564E-07, 3.38373E-07, 1.96730E-05
407, 2.44130E-05, 1.45092E-05, 1.00016E-05, 8.79593E-06, 6.76808E-07, 3.31419E-07, 3.37607E-07, 1.89986E-05
408, 2.46083E-05, 1.45702E-05, 1.01400E-05, 8.86782E-06, 6.75439E-07, 3.30277E-07, 3.36829E-07, 1.83172E-05
409, 2.47958E-05, 1.46255E-05, 1.02744E-05, 8.93659E-06, 6.74036E-07, 3.29138E-07, 3.36046E-07, 1.80005E-05
410, 2.49752E-05, 1.46753E-05, 1.04050E-05, 9.00222E-06, 6.72659E-07, 3.27983E-07, 3.35266E-07, 1.80642E-05
411, 2.51466E-05, 1.47569E-05, 1.05314E-05, 9.06470E-06, 6.71296E-07, 3.26813E-07, 3.34480E-07, 1.81080E-05
412, 2.53097E-05, 1.48595E-05, 1.06538E-05, 9.12404E-06, 6.69899E-07, 3.25644E-07, 3.33711E-07, 1.81319E-05
413, 2.54644E-05, 1.49565E-05, 1.07721E-05, 9.18023E-06, 6.68492E-07, 3.24483E-07, 3.32948E-07, 1.81357E-05
414, 2.56107E-05, 1.50479E-05, 1.08862E-05, 9.23328E-06, 6.67075E-07, 3.23319E-07, 3.32184E-07, 1.81195E-05
415, 2.57484E-05, 1.51336E-05, 1.09961E-05, 9.28317E-06, 6.65741E-07, 3.22153E-07, 3.31419E-07, 1.80834E-05
416, 2.58775E-05, 1.52138E-05, 1.11017E-05, 9.32991E-06, 6.64453E-07, 3.20992E-07, 3.30648E-07, 1.80274E-05
417, 2.59978E-05, 1.52885E-05, 1.12030E-05, 9.37351E-06, 6.63152E-07, 3.19811E-07, 3.29871E-07, 1.79517E-05
418, 2.61092E-05, 1.53577E-05, 1.13000E-05, 9.41397E-06, 6.61854E-07, 3.18633E-07, 3.29098E-07, 1.78565E-05
419, 2.62117E-05, 1.54214E-05, 1.13926E-05, 9.45131E-06, 6.60581E-07, 3.17523E-07, 3.28325E-07, 1.77421E-05
420, 2.63053E-05, 1.54797E-05, 1.14808E-05, 9.48551E-06, 6.59276E-07, 3.16404E-07, 3.27554E-07, 1.76088E-05
421, 2.63898E-05, 1.55326E-05, 1.15646E-05, 9.51661E-06, 6.57973E-07, 3.15284E-07, 3.26800E-07, 1.74570E-05
422, 2.64652E-05, 1.55801E-05, 1.16439E-05, 9.54460E-06, 6.56652E-07, 3.14189E-07, 3.26054E-07, 1.72871E-05
423, 2.65315E-05, 1.56222E-05, 1.17401E-05, 9.56951E-06, 6.55310E-07, 3.13098E-07, 3.25299E-07, 1.70996E-05
424, 2.65886E-05, 1.56590E-05, 1.18871E-05, 9.59134E-06, 6.54000E-07, 3.12001E-07, 3.24543E-07, 1.68950E-05
425, 2.66365E-05, 1.56904E-05, 1.20305E-05, 9.61011E-06, 6.52687E-07, 3.10889E-07, 3.23785E-07, 1.66738E-05
426, 2.66751E-05, 1.57166E-05, 1.21703E-05, 9.62585E-06, 6.51356E-07, 3.09768E-07, 3.23021E-07, 1.64366E-05
427, 2.67045E-05, 1.57376E-05, 1.23065E-05, 9.63855E-06, 6.50031E-07, 3.08660E-07, 3.22247E-07, 1.61842E-05
428, 2.67246E-05, 1.57533E-05, 1.24389E-05, 9.64826E-06, 6.48715E-07, 3.07567E-07, 3.21482E-07, 1.59173E-05
429, 2.67355E-05, 1.57637E-05, 1.25675E-05, 9.65498E-06, 6.47444E-07, 3.06483E-07, 3.20710E-07, 1.56364E-05
430, 2.68615E-05, 1.57690E-05, 1.26923E-05, 9.65874E-06, 6.46177E-07, 3.05395E-07, 3.19931E-07, 1.53425E-05
431, 2.69813E-05, 1.57691E-05, 1.28131E-05, 9.65957E-06, 6.44919E-07, 3.04304E-07, 3.19149E-07, 1.50363E-05
432, 2.70935E-05, 1.57641E-05, 1.29300E-05, 9.65749E-06, 6.43646E-07, 3.03221E-07, 3.18355E-07, 1.48042E-05
433, 2.71983E-05, 1.57540E-05, 1.30428E-05, 9.65252E-06, 6.42380E-07, 3.02187E-07, 3.17568E-07, 1.50326E-05
434, 2.72954E-05, 1.57388E-05, 1.31515E-05, 9.64469E-06, 6.41128E-07, 3.01155E-07, 3.16793E-07, 1.52513E-05
435, 2.73848E-05, 1.57185E-05, 1.32560E-05, 9.63404E-06, 6.39881E-07, 3.00127E-07, 3.16021E-07, 1.54601E-05
436, 2.74664E-05, 1.56932E-05, 1.33564E-05, 9.62058E-06, 6.38686E-07, 2.99094E-07, 3.15242E-07, 1.56591E-05
437, 2.75402E-05, 1.56629E-05, 1.34525E-05, 9.60436E-06, 6.37541E-07, 2.98053E-07, 3.14465E-07, 1.58481E-05
438, 2.76062E-05, 1.56277E-05, 1.35443E-05, 9.58540E-06, 6.36449E-07, 2.96998E-07, 3.13699E-07, 1.60270E-05
439, 2.76643E-05, 1.55875E-05, 1.36318E-05, 9.56374E-06, 6.35357E-07, 2.95939E-07, 3.12931E-07, 1.61958E-05
440, 2.77145E-05, 1.55424E-05, 1.37149E-05, 9.53941E-06, 6.34229E-07, 2.94880E-07, 3.12161E-07, 1.63545E-05
441, 2.77567E-05, 1.54925E-05, 1.37936E-05, 9.51245E-06, 6.33076E-07, 2.93809E-07, 3.11398E-07, 1.65234E-05
442, 2.77909E-05, 1.54807E-05, 1.38678E-05, 9.48289E-06, 6.31939E-07, 2.92736E-07, 3.10630E-07, 1.68333E-05
443, 2.78170E-05, 1.56293E-05, 1.39376E-05, 9.45077E-06, 6.30832E-07, 2.91671E-07, 3.09860E-07, 1.71329E-05
444, 2.78352E-05, 1.57756E-05, 1.40028E-05, 9.41613E-06, 6.29735E-07, 2.90605E-07, 3.09088E-07, 1.74219E-05
445, 2.78453E-05, 1.59179E-05, 1.40636E-05, 9.37900E-06, 6.28645E-07, 2.89543E-07, 3.08312E-07, 1.76999E-05
446, 2.78473E-05, 1.60565E-05, 1.41198E-05, 9.33943E-06, 6.27505E-07, 2.88472E-07, 3.07535E-07, 1.79666E-05
447, 2.78414E-05, 1.61910E-05, 1.41714E-05, 9.29747E-06, 6.26356E-07, 2.87401E-07, 3.06755E-07, 1.82218E-05
448, 2.78273E-05, 1.63216E-05, 1.42184E-05, 9.25314E-06, 6.25187E-07, 2.86328E-07, 3.05981E-07, 1.84653E-05
449, 2.78053E-05, 1.64481E-05, 1.42609E-05, 9.22065E-06, 6.23975E-07, 2.85276E-07, 3.05207E-07, 1.86968E-05
450, 2.77752E-05, 1.65704E-05, 1.42987E-05, 9.19348E-06, 6.22752E-07, 2.84221E-07, 3.04437E-07, 1.89160E-05
451, 2.77372E-05, 1.66887E-05, 1.43319E-05, 9.16412E-06, 6.21488E-07, 2.83169E-07, 3.03659E-07, 1.91228E-05
452, 2.76912E-05, 1.68027E-05, 1.43605E-05, 9.13260E-06, 6.20209E-07, 2.82104E-07, 3.02882E-07, 1.93170E-05
453, 2.76374E-05, 1.69124E-05, 1.43844E-05, 9.09893E-06, 6.18898E-07, 2.81019E-07, 3.02097E-07, 1.94985E-05
454, 2.75756E-05, 1.70178E-05, 1.44038E-05, 9.06316E-06, 6.17545E-07, 2.79931E-07, 3.01302E-07, 1.96670E-05
455, 2.75060E-05, 1.71189E-05, 1.45070E-05, 9.02529E-06, 6.16128E-07, 2.78840E-07, 3.00505E-07, 1.98226E-05
456, 2.74287E-05, 1.72155E-05, 1.46101E-05, 8.98537E-06, 6.14675E-07, 2.77763E-07, 2.99710E-07, 1.99650E-05
457, 2.73436E-05, 1.73078E-05, 1.47098E-05, 8.94342E-06, 6.13185E-07, 2.76743E-07, 2.98929E-07, 2.00942E-05
458, 2.72509E-05, 1.73955E-05, 1.48061E-05, 8.89948E-06, 6.11677E-07, 2.75764E-07, 2.98141E-07, 2.02102E-05
459, 2.71507E-05, 1.74788E-05, 1.48990E-05, 8.85357E-06, 6.10143E-07, 2.74830E-07, 2.97346E-07, 2.03129E-05
460, 2.70429E-05, 1.75575E-05, 1.49883E-05, 8.80572E-06, 6.08604E-07, 2.73895E-07, 2.96540E-07, 2.04023E-05
461, 2.69277E-05, 1.76317E-05, 1.50739E-05, 8.75598E-06, 6.07048E-07, 2.72970E-07, 2.95731E-07, 2.04783E-05
462, 2.68052E-05, 1.77012E-05, 1.51559E-05, 8.70438E-06, 6.05477E-07, 2.72045E-07, 2.94924E-07, 2.05411E-05
463, 2.66754E-05, 1.77662E-05, 1.52342E-05, 8.65095E-06, 6.03899E-07, 2.71113E-07, 2.94112E-07, 2.05906E-05
464, 2.65385E-05, 1.78265E-05, 1.53086E-05, 8.59574E-06, 6.02296E-07, 2.70200E-07, 2.93307E-07, 2.07465E-05
465, 2.63945E-05, 1.78821E-05, 1.53792E-05, 8.53877E-06, 6.00700E-07, 2.69289E-07, 2.92507E-07, 2.09981E-05
466, 2.62436E-05, 1.79331E-05, 1.54458E-05, 8.48008E-06, 5.99080E-07, 2.68371E-07, 2.91702E-07, 2.13811E-05
467, 2.60859E-05, 1.79793E-05, 1.55085E-05, 8.41972E-06, 5.97433E-07, 2.67449E-07, 2.90887E-07, 2.17743E-05
468, 2.59214E-05, 1.80209E-05, 1.55672E-05, 8.35773E-06, 5.95760E-07, 2.66529E-07, 2.90069E-07, 2.22368E-05
469, 2.57504E-05, 1.80578E-05, 1.56217E-05, 8.29415E-06, 5.94057E-07, 2.65597E-07, 2.89250E-07, 2.26858E-05
470, 2.55729E-05, 1.80899E-05, 1.56722E-05, 8.22901E-06, 5.92310E-07, 2.64649E-07, 2.88435E-07, 2.31211E-05
471, 2.53890E-05, 1.81174E-05, 1.57184E-05, 8.16236E-06, 5.90523E-07, 2.63703E-07, 2.87614E-07, 2.35424E-05
472, 2.51989E-05, 1.81401E-05, 1.57605E-05, 8.09424E-06, 5.88723E-07, 2.62759E-07, 2.86795E-07, 2.39497E-05
473, 2.50028E-05, 1.81581E-05, 1.57983E-05, 8.02470E-06, 5.86901E-07, 2.61809E-07, 2.85978E-07, 2.43427E-05
474, 2.48007E-05, 1.81714E-05, 1.58318E-05, 7.95378E-06, 5.85074E-07, 2.60857E-07, 2.85157E-07, 2.47214E-05
475, 2.45929E-05, 1.81800E-05, 1.58610E-05, 7.88152E-06, 5.83232E-07, 2.59909E-07, 2.84333E-07, 2.50855E-05
476, 2.43794E-05, 1.81839E-05, 1.58858E-05, 7.80797E-06, 5.81357E-07, 2.58956E-07, 2.83504E-07, 2.54350E-05
477, 2.41604E-05, 1.81832E-05, 1.59063E-05, 7.73317E-06, 5.79460E-07, 2.57998E-07, 2.82669E-07, 2.57697E-05
478, 2.39362E-05, 1.81779E-05, 1.59223E-05, 7.65717E-06, 5.77558E-07, 2.57048E-07, 2.81830E-07, 2.60895E-05
479, 2.37571E-05, 1.81679E-05, 1.59339E-05, 7.58000E-06, 5.75654E-07, 2.56098E-07, 2.80986E-07, 2.63944E-05
480, 2.36005E-05, 1.81534E-05, 1.59410E-05, 7.50173E-06, 5.73717E-07, 2.55152E-07, 2.80136E-07, 2.66843E-05
481, 2.34376E-05, 1.81342E-05, 1.59437E-05, 7.42239E-06, 5.71754E-07, 2.54208E-07, 2.79282E-07, 2.69590E-05
482, 2.32685E-05, 1.81105E-05, 1.59419E-05, 7.34203E-06, 5.69795E-07, 2.53259E-07, 2.78414E-07, 2.72186E-05
483, 2.30934E-05, 1.80823E-05, 1.59356E-05, 7.26069E-06, 5.67823E-07, 2.52319E-07, 2.77546E-07, 2.74630E-05
484, 2.29123E-05, 1.80495E-05, 1.59248E-05, 7.17843E-06, 5.65829E-07, 2.51383E-07, 2.76672E-07, 2.76922E-05
485, 2.27255E-05, 1.80223E-05, 1.59096E-05, 7.09528E-06, 5.63818E-07, 2.50447E-07, 2.75793E-07, 2.79061E-05
486, 2.25329E-05, 1.80249E-05, 1.58898E-05, 7.01130E-06, 5.61763E-07, 2.49515E-07, 2.74915E-07, 2.81048E-05
487, 2.23349E-05, 1.80235E-05, 1.58655E-05, 6.92652E-06, 5.59680E-07, 2.48596E-07, 2.74041E-07, 2.82883E-05
488, 2.21316E-05, 1.80722E-05, 1.58368E-05, 6.84100E-06, 5.57585E-07, 2.47679E-07, 2.73175E-07, 2.84565E-05
489, 2.19231E-05, 1.81306E-05, 1.58036E-05, 6.75478E-06, 5.55464E-07, 2.46774E-07, 2.72311E-07, 2.86096E-05
490, 2.17095E-05, 1.81855E-05, 1.57659E-05, 6.66791E-06, 5.53322E-07, 2.45878E-07, 2.71440E-07, 2.87474E-05
491, 2.15714E-05, 1.82368E-05, 1.57238E-05, 6.58043E-06, 5.51152E-07, 2.44990E-07, 2.70565E-07, 2.88702E-05
492, 2.14464E-05, 1.82845E-05, 1.56773E-05, 6.49239E-06, 5.48959E-07, 2.44111E-07, 2.69688E-07, 2.89779E-05
493, 2.13160E-05, 1.83286E-05, 1.56264E-05, 6.40384E-06, 5.46738E-07, 2.43242E-07, 2.68814E-07, 2.90707E-05
494, 2.11804E-05, 1.83690E-05, 1.55711E-05, 6.31481E-06, 5.44499E-07, 2.42376E-07, 2.67943E-07, 2.91485E-05
495, 2.10396E-05, 1.84055E-05, 1.55115E-05, 6.22535E-06, 5.42242E-07, 2.41507E-07, 2.67065E-07, 2.92116E-05
496, 2.08938E-05, 1.84383E-05, 1.54476E-05, 6.13551E-06, 5.39980E-07, 2.40648E-07, 2.66182E-07, 2.92599E-05
497, 2.07431E-05, 1.84672E-05, 1.53795E-05, 6.04533E-06, 5.37704E-07, 2.39793E-07, 2.65295E-07, 2.92936E-05
498, 2.05875E-05, 1.84923E-05, 1.53071E-05, 5.95486E-06, 5.35428E-07, 2.38941E-07, 2.64407E-07, 2.93128E-05
499, 2.04272E-05, 1.85133E-05, 1.52306E-05, 5.86414E-06, 5.33136E-07, 2.38092E-07, 2.63512E-07, 2.93176E-05
500, 2.02623E-05, 1.85304E-05, 1.51500E-05, 5.77320E-06, 5.30809E-07, 2.37243E-07, 2.62628E-07, 2.93082E-05
