time_step, rel_err_u, rel_err_v, rel_err_w, rel_err_p, rel_err_u_m, rel_err_v_m, rel_err_w_m, rel_err_p_m
0, 0.00000E+00, 0.00000E+00, 0.00000E+00, 0.00000E+00, 0.00000E+00, 0.00000E+00, 0.00000E+00,    Infinity
1, 2.38419E-05, 1.86166E-05, 1.61308E-05, 1.57463E-03, 1.42784E-06, 1.21993E-06, 9.89076E-07, 7.10463E+02
2, 5.73155E-05, 4.44092E-05, 5.05389E-05, 9.49066E-04, 1.47101E-06, 1.25547E-06, 9.79087E-07, 2.33333E-01
3, 2.62764E-05, 2.01038E-05, 9.80539E-06, 4.97208E-05, 1.17952E-06, 9.57406E-07, 7.63003E-07, 8.30030E-02
4, 2.74795E-05, 1.72109E-05, 9.81421E-06, 2.30000E-05, 1.05071E-06, 8.28854E-07, 6.68156E-07, 1.33413E-02
5, 2.73801E-05, 1.73780E-05, 9.73861E-06, 8.47718E-06, 1.04621E-06, 8.27626E-07, 6.65487E-07, 5.83965E-03
6, 2.78450E-05, 1.78819E-05, 9.59700E-06, 7.58038E-06, 1.03672E-06, 8.21907E-07, 6.60492E-07, 1.48253E-03
7, 2.87883E-05, 1.83253E-05, 9.38905E-06, 7.69649E-06, 1.02940E-06, 8.18004E-07, 6.56144E-07, 3.86541E-04
8, 2.96884E-05, 1.87203E-05, 9.11502E-06, 7.64894E-06, 1.02179E-06, 8.13917E-07, 6.51958E-07, 1.44131E-04
9, 3.04258E-05, 1.90693E-05, 8.88055E-06, 7.61702E-06, 1.01451E-06, 8.09900E-07, 6.47868E-07, 7.68627E-05
10, 3.14726E-05, 1.93648E-05, 8.86739E-06, 7.74373E-06, 1.00729E-06, 8.06161E-07, 6.43767E-07, 6.96925E-05
11, 3.28609E-05, 1.96051E-05, 8.83341E-06, 7.92646E-06, 1.00059E-06, 8.02506E-07, 6.39837E-07, 7.01011E-05
12, 3.40641E-05, 1.97889E-05, 9.03868E-06, 8.08713E-06, 9.93643E-07, 7.98743E-07, 6.35930E-07, 7.16589E-05
13, 3.58269E-05, 1.99151E-05, 9.23135E-06, 8.21955E-06, 9.86731E-07, 7.95036E-07, 6.32091E-07, 7.17923E-05
14, 3.76701E-05, 1.99824E-05, 9.63032E-06, 8.32178E-06, 9.79959E-07, 7.91394E-07, 6.28097E-07, 7.12246E-05
15, 3.94558E-05, 2.00371E-05, 1.01537E-05, 8.39267E-06, 9.73173E-07, 7.87941E-07, 6.24127E-07, 6.99888E-05
16, 4.11704E-05, 2.00531E-05, 1.06589E-05, 8.43104E-06, 9.67087E-07, 7.84865E-07, 6.20438E-07, 6.89313E-05
17, 4.28010E-05, 2.00108E-05, 1.11402E-05, 8.43611E-06, 9.61106E-07, 7.81850E-07, 6.16940E-07, 6.98221E-05
18, 4.43350E-05, 1.99096E-05, 1.15916E-05, 8.40754E-06, 9.55053E-07, 7.78732E-07, 6.13430E-07, 7.13389E-05
19, 4.57602E-05, 2.00591E-05, 1.20072E-05, 8.34540E-06, 9.48796E-07, 7.75554E-07, 6.09953E-07, 7.21677E-05
20, 4.70646E-05, 2.04471E-05, 1.23812E-05, 8.25021E-06, 9.42627E-07, 7.72248E-07, 6.06656E-07, 7.22236E-05
21, 4.88529E-05, 2.07855E-05, 1.27078E-05, 8.12289E-06, 9.36338E-07, 7.68947E-07, 6.03414E-07, 7.15121E-05
22, 5.10255E-05, 2.10721E-05, 1.29815E-05, 8.22868E-06, 9.30051E-07, 7.65786E-07, 6.00226E-07, 7.00525E-05
23, 5.30951E-05, 2.13050E-05, 1.31971E-05, 8.40101E-06, 9.24228E-07, 7.62866E-07, 5.97105E-07, 6.81001E-05
24, 5.50465E-05, 2.14825E-05, 1.33498E-05, 8.54234E-06, 9.18332E-07, 7.59994E-07, 5.94056E-07, 6.86102E-05
25, 5.68625E-05, 2.16032E-05, 1.38881E-05, 8.65089E-06, 9.12520E-07, 7.57061E-07, 5.90938E-07, 7.02693E-05
26, 5.85269E-05, 2.16658E-05, 1.46736E-05, 8.72521E-06, 9.06706E-07, 7.54145E-07, 5.87829E-07, 7.13416E-05
27, 6.00246E-05, 2.16696E-05, 1.54294E-05, 8.76424E-06, 9.00821E-07, 7.51316E-07, 5.84770E-07, 7.18457E-05
28, 6.13415E-05, 2.16584E-05, 1.61479E-05, 8.76732E-06, 8.95287E-07, 7.48420E-07, 5.81773E-07, 7.18096E-05
29, 6.24640E-05, 2.16718E-05, 1.68211E-05, 8.73419E-06, 8.89713E-07, 7.45736E-07, 5.79029E-07, 7.12694E-05
30, 6.33799E-05, 2.16266E-05, 1.74412E-05, 8.66498E-06, 8.84300E-07, 7.43150E-07, 5.76256E-07, 7.13053E-05
31, 6.40782E-05, 2.15221E-05, 1.80009E-05, 8.56025E-06, 8.79192E-07, 7.40613E-07, 5.73535E-07, 7.28528E-05
32, 6.45493E-05, 2.13583E-05, 1.84928E-05, 8.42094E-06, 8.74110E-07, 7.38178E-07, 5.70937E-07, 7.37782E-05
33, 6.54296E-05, 2.11352E-05, 1.89102E-05, 8.24840E-06, 8.69076E-07, 7.35791E-07, 5.68334E-07, 7.41126E-05
34, 6.69634E-05, 2.08535E-05, 1.92469E-05, 8.04431E-06, 8.63922E-07, 7.33523E-07, 5.65714E-07, 7.38972E-05
35, 6.82820E-05, 2.06666E-05, 1.94973E-05, 7.81069E-06, 8.58996E-07, 7.31182E-07, 5.63053E-07, 7.31812E-05
36, 6.93699E-05, 2.06003E-05, 1.96564E-05, 7.71592E-06, 8.53954E-07, 7.28921E-07, 5.60432E-07, 7.20202E-05
37, 7.02135E-05, 2.07387E-05, 1.97203E-05, 7.67355E-06, 8.48770E-07, 7.26627E-07, 5.57902E-07, 7.20036E-05
38, 7.08001E-05, 2.08273E-05, 1.96857E-05, 7.59933E-06, 8.43596E-07, 7.24476E-07, 5.55461E-07, 7.25313E-05
39, 7.11190E-05, 2.08653E-05, 1.95504E-05, 7.49411E-06, 8.38431E-07, 7.22333E-07, 5.53124E-07, 7.28905E-05
40, 7.11613E-05, 2.08524E-05, 2.01271E-05, 7.59388E-06, 8.33198E-07, 7.20354E-07, 5.50826E-07, 7.62264E-05
41, 7.09200E-05, 2.07886E-05, 2.09979E-05, 7.72603E-06, 8.28138E-07, 7.18344E-07, 5.48500E-07, 7.88865E-05
42, 7.03902E-05, 2.06740E-05, 2.17907E-05, 7.84347E-06, 8.23159E-07, 7.16232E-07, 5.46140E-07, 8.08731E-05
43, 6.95692E-05, 2.07297E-05, 2.24964E-05, 7.94430E-06, 8.17998E-07, 7.14105E-07, 5.43716E-07, 8.22007E-05
44, 6.85918E-05, 2.10162E-05, 2.31062E-05, 8.02665E-06, 8.12841E-07, 7.11978E-07, 5.41226E-07, 8.28953E-05
45, 6.90171E-05, 2.12511E-05, 2.36119E-05, 8.08869E-06, 8.08097E-07, 7.09927E-07, 5.38839E-07, 8.29935E-05
46, 6.91693E-05, 2.14323E-05, 2.40063E-05, 8.12868E-06, 8.03262E-07, 7.07867E-07, 5.36490E-07, 8.25411E-05
47, 6.90397E-05, 2.15580E-05, 2.42828E-05, 8.14502E-06, 7.98245E-07, 7.05822E-07, 5.34319E-07, 8.15917E-05
48, 6.86212E-05, 2.16268E-05, 2.44357E-05, 8.13624E-06, 7.93054E-07, 7.03744E-07, 5.32000E-07, 8.02045E-05
49, 6.79092E-05, 2.16376E-05, 2.44606E-05, 8.10108E-06, 7.87357E-07, 7.01683E-07, 5.29675E-07, 7.84427E-05
50, 6.69012E-05, 2.20043E-05, 2.43538E-05, 8.03849E-06, 7.81551E-07, 6.99911E-07, 5.27341E-07, 7.63711E-05
51, 6.55972E-05, 2.31136E-05, 2.41130E-05, 7.94766E-06, 7.76094E-07, 6.98053E-07, 5.24975E-07, 7.40542E-05
52, 6.45539E-05, 2.42036E-05, 2.37371E-05, 8.11007E-06, 7.70530E-07, 6.96187E-07, 5.22653E-07, 7.15541E-05
53, 6.58733E-05, 2.52712E-05, 2.32262E-05, 8.32551E-06, 7.64996E-07, 6.94489E-07, 5.20368E-07, 7.25665E-05
54, 6.68593E-05, 2.63131E-05, 2.29685E-05, 8.53021E-06, 7.59129E-07, 6.92813E-07, 5.18113E-07, 7.38986E-05
55, 6.82393E-05, 2.73263E-05, 2.42076E-05, 8.72163E-06, 7.53326E-07, 6.91037E-07, 5.15793E-07, 7.47233E-05
56, 7.07325E-05, 2.83079E-05, 2.53854E-05, 8.89722E-06, 7.47953E-07, 6.89114E-07, 5.13412E-07, 7.50416E-05
57, 7.28865E-05, 2.92549E-05, 2.64934E-05, 9.05447E-06, 7.42310E-07, 6.87104E-07, 5.10891E-07, 7.48614E-05
58, 7.46892E-05, 3.01647E-05, 2.75238E-05, 9.19099E-06, 7.36605E-07, 6.84986E-07, 5.08242E-07, 7.41967E-05
59, 7.61321E-05, 3.10348E-05, 2.84688E-05, 9.30452E-06, 7.30909E-07, 6.82925E-07, 5.05510E-07, 7.30671E-05
60, 7.72099E-05, 3.18627E-05, 2.93215E-05, 9.39301E-06, 7.25141E-07, 6.80871E-07, 5.02847E-07, 7.33338E-05
61, 7.79210E-05, 3.26464E-05, 3.00753E-05, 9.45465E-06, 7.19796E-07, 6.78740E-07, 5.00307E-07, 7.75544E-05
62, 7.82668E-05, 3.33839E-05, 3.07246E-05, 9.48789E-06, 7.14443E-07, 6.76500E-07, 4.97859E-07, 8.12863E-05
63, 7.82520E-05, 3.40734E-05, 3.12641E-05, 9.49151E-06, 7.09157E-07, 6.74092E-07, 4.95333E-07, 8.44940E-05
64, 7.78842E-05, 3.47233E-05, 3.16912E-05, 9.46461E-06, 7.03769E-07, 6.71795E-07, 4.92829E-07, 8.71494E-05
65, 7.71740E-05, 3.54849E-05, 3.20021E-05, 9.40666E-06, 6.98322E-07, 6.69580E-07, 4.90281E-07, 8.92319E-05
66, 7.70024E-05, 3.61912E-05, 3.21929E-05, 9.31746E-06, 6.93347E-07, 6.67630E-07, 4.87742E-07, 9.07290E-05
67, 7.74313E-05, 3.68405E-05, 3.22620E-05, 9.19717E-06, 6.88221E-07, 6.65687E-07, 4.85173E-07, 9.16358E-05
68, 7.74797E-05, 3.74314E-05, 3.22085E-05, 9.04632E-06, 6.83028E-07, 6.63734E-07, 4.82616E-07, 9.19551E-05
69, 7.71507E-05, 3.79627E-05, 3.20327E-05, 8.86576E-06, 6.78006E-07, 6.61731E-07, 4.79967E-07, 9.16970E-05
70, 7.64504E-05, 3.84336E-05, 3.17356E-05, 8.65665E-06, 6.72790E-07, 6.59751E-07, 4.77492E-07, 9.08784E-05
71, 7.53880E-05, 3.88435E-05, 3.13192E-05, 8.42045E-06, 6.68128E-07, 6.57743E-07, 4.75133E-07, 8.95223E-05
72, 7.65167E-05, 3.91920E-05, 3.07864E-05, 8.15886E-06, 6.63698E-07, 6.55651E-07, 4.72692E-07, 8.76574E-05
73, 7.81456E-05, 3.94790E-05, 3.01411E-05, 7.87384E-06, 6.59457E-07, 6.53630E-07, 4.70170E-07, 8.53168E-05
74, 7.94570E-05, 3.97047E-05, 2.93877E-05, 7.56750E-06, 6.55556E-07, 6.51632E-07, 4.67547E-07, 8.25377E-05
75, 8.04430E-05, 3.98697E-05, 2.85316E-05, 7.24213E-06, 6.51973E-07, 6.49549E-07, 4.64876E-07, 7.93603E-05
76, 8.10979E-05, 3.99746E-05, 2.75788E-05, 6.90012E-06, 6.48159E-07, 6.47351E-07, 4.62187E-07, 7.58270E-05
77, 8.14186E-05, 4.00203E-05, 2.65359E-05, 6.54397E-06, 6.44278E-07, 6.44966E-07, 4.59493E-07, 7.57650E-05
78, 8.14045E-05, 4.00079E-05, 2.54103E-05, 6.17618E-06, 6.40331E-07, 6.42554E-07, 4.56824E-07, 7.79045E-05
79, 8.10570E-05, 3.99389E-05, 2.42094E-05, 5.79929E-06, 6.36369E-07, 6.40142E-07, 4.54184E-07, 7.95044E-05
80, 8.03800E-05, 3.98146E-05, 2.29415E-05, 5.41580E-06, 6.32529E-07, 6.37815E-07, 4.51696E-07, 8.05738E-05
81, 7.93795E-05, 3.97689E-05, 2.16148E-05, 5.02817E-06, 6.28749E-07, 6.35656E-07, 4.49171E-07, 8.11279E-05
82, 7.80637E-05, 3.97083E-05, 2.02380E-05, 4.63876E-06, 6.25610E-07, 6.33409E-07, 4.46644E-07, 8.11878E-05
83, 7.64423E-05, 3.95894E-05, 2.02497E-05, 4.24985E-06, 6.22981E-07, 6.31185E-07, 4.44126E-07, 8.07792E-05
84, 7.45274E-05, 3.94141E-05, 2.06209E-05, 3.99335E-06, 6.20162E-07, 6.28963E-07, 4.41567E-07, 7.99319E-05
85, 7.23321E-05, 3.91843E-05, 2.09228E-05, 4.00725E-06, 6.17308E-07, 6.26707E-07, 4.38981E-07, 7.86792E-05
86, 6.98716E-05, 3.89023E-05, 2.12474E-05, 4.01850E-06, 6.14637E-07, 6.24488E-07, 4.36374E-07, 7.70567E-05
87, 6.71619E-05, 3.85704E-05, 2.16723E-05, 4.02711E-06, 6.12001E-07, 6.22278E-07, 4.33768E-07, 7.51018E-05
88, 6.42206E-05, 3.96951E-05, 2.19813E-05, 4.03313E-06, 6.09241E-07, 6.20062E-07, 4.31200E-07, 7.28530E-05
89, 6.10661E-05, 4.10116E-05, 2.21752E-05, 4.03656E-06, 6.06499E-07, 6.17741E-07, 4.28631E-07, 7.03489E-05
90, 5.77177E-05, 4.22448E-05, 2.22560E-05, 4.03747E-06, 6.03764E-07, 6.15443E-07, 4.26026E-07, 6.76280E-05
91, 5.41954E-05, 4.33908E-05, 2.22261E-05, 4.03587E-06, 6.00924E-07, 6.13035E-07, 4.23382E-07, 6.47277E-05
92, 5.07825E-05, 4.44463E-05, 2.20886E-05, 4.03792E-06, 5.98088E-07, 6.10516E-07, 4.20709E-07, 6.16839E-05
93, 5.14017E-05, 4.54085E-05, 2.18473E-05, 4.06091E-06, 5.95450E-07, 6.08022E-07, 4.18041E-07, 5.85308E-05
94, 5.17863E-05, 4.62752E-05, 2.15064E-05, 4.08126E-06, 5.93293E-07, 6.05457E-07, 4.15410E-07, 5.53002E-05
95, 5.19437E-05, 4.70447E-05, 2.10707E-05, 4.09898E-06, 5.91153E-07, 6.02856E-07, 4.13021E-07, 5.20213E-05
96, 5.31627E-05, 4.77157E-05, 2.05456E-05, 4.11407E-06, 5.88918E-07, 6.00185E-07, 4.10800E-07, 4.87208E-05
97, 5.56891E-05, 4.82878E-05, 1.99367E-05, 4.12656E-06, 5.86791E-07, 5.97631E-07, 4.08789E-07, 4.54223E-05
98, 5.80132E-05, 4.87606E-05, 2.00752E-05, 4.13646E-06, 5.84549E-07, 5.95127E-07, 4.06889E-07, 4.21467E-05
99, 6.01293E-05, 4.91352E-05, 2.03674E-05, 4.14379E-06, 5.82206E-07, 5.92756E-07, 4.05021E-07, 3.89120E-05
100, 6.20334E-05, 4.94118E-05, 2.05661E-05, 4.14857E-06, 5.79978E-07, 5.90378E-07, 4.03160E-07, 3.57335E-05
101, 6.37223E-05, 4.95916E-05, 2.06719E-05, 4.15083E-06, 5.77650E-07, 5.87930E-07, 4.01269E-07, 3.33522E-05
102, 6.51945E-05, 4.96760E-05, 2.06862E-05, 4.15060E-06, 5.75224E-07, 5.85436E-07, 3.99374E-07, 3.25178E-05
103, 6.64496E-05, 4.96673E-05, 2.06108E-05, 4.14791E-06, 5.72667E-07, 5.82914E-07, 3.97431E-07, 3.13677E-05
104, 6.74882E-05, 4.95677E-05, 2.04484E-05, 4.15923E-06, 5.70122E-07, 5.80406E-07, 3.95414E-07, 2.99278E-05
105, 6.83122E-05, 4.93800E-05, 2.02019E-05, 4.18507E-06, 5.67760E-07, 5.77869E-07, 3.93333E-07, 2.91602E-05
106, 6.89245E-05, 4.91071E-05, 1.98748E-05, 4.20792E-06, 5.65597E-07, 5.75220E-07, 3.91259E-07, 3.01207E-05
107, 6.93289E-05, 4.87522E-05, 1.94712E-05, 4.22780E-06, 5.63431E-07, 5.72598E-07, 3.89225E-07, 3.09042E-05
108, 6.95304E-05, 4.83188E-05, 1.89953E-05, 4.24470E-06, 5.61346E-07, 5.69932E-07, 3.87199E-07, 3.16043E-05
109, 6.95345E-05, 4.78104E-05, 1.84520E-05, 4.25864E-06, 5.59260E-07, 5.67275E-07, 3.85195E-07, 3.21139E-05
110, 6.93477E-05, 4.72310E-05, 1.78463E-05, 4.26965E-06, 5.57147E-07, 5.64583E-07, 3.83172E-07, 3.24381E-05
111, 6.89771E-05, 4.65842E-05, 1.71835E-05, 4.27773E-06, 5.54973E-07, 5.61830E-07, 3.81122E-07, 3.25832E-05
112, 6.84303E-05, 4.58742E-05, 1.64693E-05, 4.28293E-06, 5.52822E-07, 5.59042E-07, 3.79084E-07, 3.25560E-05
113, 6.77158E-05, 4.51050E-05, 1.57093E-05, 4.28527E-06, 5.50670E-07, 5.56235E-07, 3.77058E-07, 3.23641E-05
114, 6.68424E-05, 4.42806E-05, 1.53977E-05, 4.28479E-06, 5.48508E-07, 5.53446E-07, 3.75056E-07, 3.20158E-05
115, 6.58191E-05, 4.34053E-05, 1.57358E-05, 4.28650E-06, 5.46271E-07, 5.50660E-07, 3.73061E-07, 3.15200E-05
116, 6.46556E-05, 4.24831E-05, 1.60113E-05, 4.29137E-06, 5.44045E-07, 5.47807E-07, 3.71109E-07, 3.08862E-05
117, 6.33617E-05, 4.15180E-05, 1.62249E-05, 4.31255E-06, 5.41808E-07, 5.44920E-07, 3.69174E-07, 3.01245E-05
118, 6.19477E-05, 4.05143E-05, 1.63769E-05, 4.33534E-06, 5.39521E-07, 5.41996E-07, 3.67339E-07, 2.92454E-05
119, 6.04242E-05, 3.94758E-05, 1.64680E-05, 4.35513E-06, 5.37161E-07, 5.39083E-07, 3.65572E-07, 2.82596E-05
120, 5.88005E-05, 3.84065E-05, 1.64997E-05, 4.37193E-06, 5.34760E-07, 5.36249E-07, 3.63800E-07, 2.71784E-05
121, 5.70868E-05, 3.73102E-05, 1.64734E-05, 4.38576E-06, 5.32316E-07, 5.33390E-07, 3.62016E-07, 2.60129E-05
122, 5.52933E-05, 3.61907E-05, 1.63910E-05, 4.39662E-06, 5.29988E-07, 5.30520E-07, 3.60258E-07, 2.47747E-05
123, 5.34302E-05, 3.50515E-05, 1.62548E-05, 4.40453E-06, 5.27776E-07, 5.27652E-07, 3.58508E-07, 2.34750E-05
124, 5.15073E-05, 3.38963E-05, 1.60671E-05, 4.40952E-06, 5.25588E-07, 5.24772E-07, 3.56785E-07, 2.27321E-05
125, 4.95344E-05, 3.27283E-05, 1.58306E-05, 4.42234E-06, 5.23544E-07, 5.21908E-07, 3.55098E-07, 2.25122E-05
126, 4.75211E-05, 3.15509E-05, 1.55480E-05, 4.43354E-06, 5.21591E-07, 5.19060E-07, 3.53415E-07, 2.22593E-05
127, 4.54766E-05, 3.03672E-05, 1.52225E-05, 4.44182E-06, 5.19734E-07, 5.16198E-07, 3.51780E-07, 2.22406E-05
128, 4.34098E-05, 2.91801E-05, 1.48571E-05, 4.44720E-06, 5.17911E-07, 5.13291E-07, 3.50148E-07, 2.23088E-05
129, 4.15250E-05, 2.79924E-05, 1.44551E-05, 4.44970E-06, 5.16359E-07, 5.10368E-07, 3.48508E-07, 2.23459E-05
130, 4.09856E-05, 2.68068E-05, 1.40198E-05, 4.44935E-06, 5.14867E-07, 5.07435E-07, 3.46899E-07, 2.23519E-05
131, 4.03210E-05, 2.56259E-05, 1.35548E-05, 4.44619E-06, 5.13333E-07, 5.04633E-07, 3.45297E-07, 2.23266E-05
132, 3.95410E-05, 2.44521E-05, 1.30634E-05, 4.44025E-06, 5.11776E-07, 5.01907E-07, 3.43699E-07, 2.22699E-05
133, 3.86557E-05, 2.32874E-05, 1.25492E-05, 4.44600E-06, 5.10149E-07, 4.99176E-07, 3.42150E-07, 2.21817E-05
134, 3.76754E-05, 2.21341E-05, 1.20155E-05, 4.46704E-06, 5.08486E-07, 4.96451E-07, 3.40593E-07, 2.20622E-05
135, 3.66105E-05, 2.09940E-05, 1.14660E-05, 4.48997E-06, 5.06806E-07, 4.93723E-07, 3.39030E-07, 2.19113E-05
136, 3.54711E-05, 1.98689E-05, 1.09040E-05, 4.50983E-06, 5.05091E-07, 4.90986E-07, 3.37493E-07, 2.17293E-05
137, 3.42676E-05, 1.87604E-05, 1.03329E-05, 4.52662E-06, 5.03337E-07, 4.88263E-07, 3.35945E-07, 2.15164E-05
138, 3.30099E-05, 1.76700E-05, 9.75587E-06, 4.54035E-06, 5.01608E-07, 4.85623E-07, 3.34427E-07, 2.12729E-05
139, 3.17080E-05, 1.65990E-05, 9.17611E-06, 4.55103E-06, 4.99832E-07, 4.82983E-07, 3.32966E-07, 2.11299E-05
140, 3.03715E-05, 1.58278E-05, 8.59664E-06, 4.55866E-06, 4.98073E-07, 4.80318E-07, 3.31521E-07, 2.12041E-05
141, 2.90097E-05, 1.53872E-05, 8.02035E-06, 4.56327E-06, 4.96297E-07, 4.77692E-07, 3.30074E-07, 2.12499E-05
142, 2.76315E-05, 1.49366E-05, 7.44998E-06, 4.56487E-06, 4.94499E-07, 4.75072E-07, 3.28655E-07, 2.12672E-05
143, 2.62455E-05, 1.44782E-05, 6.88811E-06, 4.56350E-06, 4.92744E-07, 4.72435E-07, 3.27278E-07, 2.12556E-05
144, 2.48597E-05, 1.40141E-05, 6.33712E-06, 4.57043E-06, 4.91096E-07, 4.69817E-07, 3.25923E-07, 2.12152E-05
145, 2.34818E-05, 1.35463E-05, 5.79924E-06, 4.57510E-06, 4.89454E-07, 4.67199E-07, 3.24534E-07, 2.11458E-05
146, 2.21188E-05, 1.30765E-05, 5.27648E-06, 4.57662E-06, 4.87778E-07, 4.64643E-07, 3.23125E-07, 2.10472E-05
147, 2.07775E-05, 1.26067E-05, 4.83568E-06, 4.57501E-06, 4.86087E-07, 4.62121E-07, 3.21735E-07, 2.09196E-05
148, 1.94638E-05, 1.21384E-05, 4.76858E-06, 4.57032E-06, 4.84517E-07, 4.59638E-07, 3.20352E-07, 2.07629E-05
149, 1.81833E-05, 1.16732E-05, 4.75633E-06, 4.56745E-06, 4.82958E-07, 4.57126E-07, 3.19020E-07, 2.05773E-05
150, 1.69408E-05, 1.15504E-05, 4.74062E-06, 4.57547E-06, 4.81347E-07, 4.54652E-07, 3.17734E-07, 2.03629E-05
151, 1.66325E-05, 1.15075E-05, 4.71933E-06, 4.59021E-06, 4.79770E-07, 4.52253E-07, 3.16445E-07, 2.01199E-05
152, 1.67478E-05, 1.14485E-05, 4.69268E-06, 4.60175E-06, 4.78221E-07, 4.49863E-07, 3.15142E-07, 1.99866E-05
153, 1.68064E-05, 1.13738E-05, 4.66086E-06, 4.61459E-06, 4.76662E-07, 4.47488E-07, 3.13830E-07, 2.00557E-05
154, 1.68085E-05, 1.12837E-05, 4.63040E-06, 4.63329E-06, 4.75085E-07, 4.45086E-07, 3.12540E-07, 2.00987E-05
155, 1.67555E-05, 1.11788E-05, 4.62590E-06, 4.64853E-06, 4.73532E-07, 4.42693E-07, 3.11221E-07, 2.01153E-05
156, 1.66481E-05, 1.10596E-05, 4.64270E-06, 4.66035E-06, 4.72177E-07, 4.40344E-07, 3.09876E-07, 2.01051E-05
157, 1.64880E-05, 1.09264E-05, 4.68040E-06, 4.66873E-06, 4.70855E-07, 4.38035E-07, 3.08570E-07, 2.00681E-05
158, 1.62770E-05, 1.07800E-05, 4.71482E-06, 4.67371E-06, 4.69486E-07, 4.35742E-07, 3.07312E-07, 2.00039E-05
159, 1.60171E-05, 1.06208E-05, 4.74589E-06, 4.67530E-06, 4.68123E-07, 4.33442E-07, 3.06104E-07, 1.99124E-05
160, 1.57107E-05, 1.04495E-05, 4.77355E-06, 4.67352E-06, 4.66755E-07, 4.31280E-07, 3.04907E-07, 1.97936E-05
161, 1.53602E-05, 1.02664E-05, 4.79778E-06, 4.66840E-06, 4.65374E-07, 4.29272E-07, 3.03689E-07, 1.96473E-05
162, 1.49686E-05, 1.01410E-05, 4.81852E-06, 4.65999E-06, 4.63978E-07, 4.27308E-07, 3.02464E-07, 1.94736E-05
163, 1.45387E-05, 1.01152E-05, 4.83577E-06, 4.64832E-06, 4.62548E-07, 4.25326E-07, 3.01232E-07, 1.92725E-05
164, 1.40736E-05, 1.00756E-05, 4.84949E-06, 4.65128E-06, 4.61111E-07, 4.23319E-07, 3.00004E-07, 1.90442E-05
165, 1.35764E-05, 1.00226E-05, 4.85971E-06, 4.65990E-06, 4.59670E-07, 4.21308E-07, 2.98846E-07, 1.87888E-05
166, 1.30506E-05, 9.95641E-06, 4.86641E-06, 4.66452E-06, 4.58277E-07, 4.19282E-07, 2.97762E-07, 1.88372E-05
167, 1.24993E-05, 9.87726E-06, 4.86963E-06, 4.66694E-06, 4.56914E-07, 4.17284E-07, 2.96714E-07, 1.88863E-05
168, 1.19262E-05, 9.78547E-06, 4.86938E-06, 4.68392E-06, 4.55555E-07, 4.15335E-07, 2.95675E-07, 1.89106E-05
169, 1.13971E-05, 9.68138E-06, 4.86572E-06, 4.69723E-06, 4.54173E-07, 4.13407E-07, 2.94635E-07, 1.89099E-05
170, 1.13938E-05, 9.56533E-06, 4.85868E-06, 4.70686E-06, 4.52793E-07, 4.11506E-07, 2.93611E-07, 1.88838E-05
171, 1.13995E-05, 9.43771E-06, 4.84833E-06, 4.71283E-06, 4.51441E-07, 4.09632E-07, 2.92617E-07, 1.88320E-05
172, 1.14138E-05, 9.29889E-06, 4.84629E-06, 4.71516E-06, 4.50109E-07, 4.07714E-07, 2.91619E-07, 1.87543E-05
173, 1.14360E-05, 9.14928E-06, 4.87971E-06, 4.71386E-06, 4.48818E-07, 4.05822E-07, 2.90586E-07, 1.86505E-05
174, 1.14656E-05, 8.98931E-06, 4.90976E-06, 4.70897E-06, 4.47545E-07, 4.03929E-07, 2.89508E-07, 1.85204E-05
175, 1.15015E-05, 8.85474E-06, 4.93639E-06, 4.70051E-06, 4.46258E-07, 4.02018E-07, 2.88445E-07, 1.83639E-05
176, 1.15429E-05, 8.84048E-06, 4.95959E-06, 4.68853E-06, 4.44964E-07, 4.00110E-07, 2.87374E-07, 1.81810E-05
177, 1.15887E-05, 8.81445E-06, 4.97933E-06, 4.67959E-06, 4.43690E-07, 3.98232E-07, 2.86355E-07, 1.79717E-05
178, 1.16378E-05, 8.77673E-06, 4.99561E-06, 4.68693E-06, 4.42398E-07, 3.96415E-07, 2.85361E-07, 1.77360E-05
179, 1.19329E-05, 8.72743E-06, 5.00843E-06, 4.69008E-06, 4.41145E-07, 3.94666E-07, 2.84379E-07, 1.75610E-05
180, 1.22269E-05, 8.66666E-06, 5.01780E-06, 4.68909E-06, 4.39934E-07, 3.92938E-07, 2.83396E-07, 1.76014E-05
181, 1.25152E-05, 8.59459E-06, 5.02374E-06, 4.68402E-06, 4.38702E-07, 3.91216E-07, 2.82431E-07, 1.76325E-05
182, 1.27980E-05, 8.51139E-06, 5.02629E-06, 4.67492E-06, 4.37479E-07, 3.89492E-07, 2.81499E-07, 1.76399E-05
183, 1.30755E-05, 8.41727E-06, 5.02549E-06, 4.66252E-06, 4.36284E-07, 3.87813E-07, 2.80555E-07, 1.76231E-05
184, 1.33475E-05, 8.31245E-06, 5.02139E-06, 4.66983E-06, 4.35070E-07, 3.86152E-07, 2.79612E-07, 1.75819E-05
185, 1.36138E-05, 8.19718E-06, 5.01405E-06, 4.67326E-06, 4.33859E-07, 3.84528E-07, 2.78685E-07, 1.75160E-05
186, 1.38743E-05, 8.07173E-06, 5.00354E-06, 4.67284E-06, 4.32645E-07, 3.82885E-07, 2.77771E-07, 1.74250E-05
187, 1.41284E-05, 8.12069E-06, 4.98994E-06, 4.66858E-06, 4.31423E-07, 3.81239E-07, 2.76879E-07, 1.73089E-05
188, 1.43758E-05, 8.21075E-06, 4.97334E-06, 4.66053E-06, 4.30206E-07, 3.79616E-07, 2.75996E-07, 1.71675E-05
189, 1.46159E-05, 8.29052E-06, 4.96074E-06, 4.64872E-06, 4.29047E-07, 3.77974E-07, 2.75132E-07, 1.70006E-05
190, 1.48481E-05, 8.36035E-06, 4.98694E-06, 4.63319E-06, 4.27905E-07, 3.76383E-07, 2.74268E-07, 1.68083E-05
191, 1.50717E-05, 8.42062E-06, 5.00987E-06, 4.63700E-06, 4.26817E-07, 3.74793E-07, 2.73404E-07, 1.65906E-05
192, 1.52860E-05, 8.47167E-06, 5.02953E-06, 4.63897E-06, 4.25733E-07, 3.73201E-07, 2.72577E-07, 1.63638E-05
193, 1.54903E-05, 8.51386E-06, 5.07767E-06, 4.63665E-06, 4.24643E-07, 3.71634E-07, 2.71774E-07, 1.62700E-05
194, 1.56838E-05, 8.54752E-06, 5.16209E-06, 4.63009E-06, 4.23524E-07, 3.70073E-07, 2.70950E-07, 1.62407E-05
195, 1.58658E-05, 8.57302E-06, 5.24117E-06, 4.61935E-06, 4.22376E-07, 3.68495E-07, 2.70136E-07, 1.62495E-05
196, 1.60354E-05, 8.59069E-06, 5.31483E-06, 4.60451E-06, 4.21256E-07, 3.66892E-07, 2.69348E-07, 1.62356E-05
197, 1.61918E-05, 8.60088E-06, 5.38300E-06, 4.58564E-06, 4.20177E-07, 3.65287E-07, 2.68540E-07, 1.61987E-05
198, 1.63343E-05, 8.60393E-06, 5.44565E-06, 4.56283E-06, 4.19083E-07, 3.63707E-07, 2.67726E-07, 1.61384E-05
199, 1.64622E-05, 8.60019E-06, 5.50275E-06, 4.53617E-06, 4.18008E-07, 3.62090E-07, 2.66918E-07, 1.60545E-05
200, 1.65746E-05, 8.58999E-06, 5.55430E-06, 4.52349E-06, 4.16976E-07, 3.60444E-07, 2.66116E-07, 1.59469E-05
201, 1.66709E-05, 8.57368E-06, 5.62286E-06, 4.51613E-06, 4.15989E-07, 3.58847E-07, 2.65332E-07, 1.58155E-05
202, 1.67505E-05, 8.55163E-06, 5.73986E-06, 4.50484E-06, 4.15019E-07, 3.57295E-07, 2.64553E-07, 1.56602E-05
203, 1.68126E-05, 8.52419E-06, 5.85103E-06, 4.48967E-06, 4.14074E-07, 3.55718E-07, 2.63769E-07, 1.54810E-05
204, 1.68568E-05, 8.49164E-06, 5.95615E-06, 4.48878E-06, 4.13138E-07, 3.54116E-07, 2.62988E-07, 1.52780E-05
205, 1.68826E-05, 8.45432E-06, 6.05505E-06, 4.48957E-06, 4.12221E-07, 3.52540E-07, 2.62256E-07, 1.50513E-05
206, 1.68895E-05, 8.41256E-06, 6.14757E-06, 4.48598E-06, 4.11303E-07, 3.50982E-07, 2.61526E-07, 1.49641E-05
207, 1.68771E-05, 8.36668E-06, 6.23356E-06, 4.47806E-06, 4.10383E-07, 3.49393E-07, 2.60821E-07, 1.48696E-05
208, 1.68451E-05, 8.31702E-06, 6.31291E-06, 4.46588E-06, 4.09507E-07, 3.47815E-07, 2.60137E-07, 1.47710E-05
209, 1.67933E-05, 8.26389E-06, 6.38552E-06, 4.44951E-06, 4.08617E-07, 3.46221E-07, 2.59451E-07, 1.47553E-05
210, 1.67215E-05, 8.20761E-06, 6.45131E-06, 4.42904E-06, 4.07714E-07, 3.44642E-07, 2.58759E-07, 1.47182E-05
211, 1.66295E-05, 8.14851E-06, 6.51025E-06, 4.40455E-06, 4.06823E-07, 3.43046E-07, 2.58067E-07, 1.46596E-05
212, 1.65173E-05, 8.10614E-06, 6.56229E-06, 4.37613E-06, 4.05942E-07, 3.41477E-07, 2.57349E-07, 1.45794E-05
213, 1.63850E-05, 8.09964E-06, 6.60743E-06, 4.34389E-06, 4.05066E-07, 3.39930E-07, 2.56657E-07, 1.44774E-05
214, 1.62327E-05, 8.08715E-06, 6.64568E-06, 4.30792E-06, 4.04227E-07, 3.38390E-07, 2.55964E-07, 1.43536E-05
215, 1.60605E-05, 8.06869E-06, 6.67708E-06, 4.26835E-06, 4.03439E-07, 3.36851E-07, 2.55286E-07, 1.42080E-05
216, 1.58687E-05, 8.04423E-06, 6.70168E-06, 4.22527E-06, 4.02678E-07, 3.35323E-07, 2.54624E-07, 1.40407E-05
217, 1.56575E-05, 8.01380E-06, 6.80291E-06, 4.22873E-06, 4.01935E-07, 3.33798E-07, 2.53985E-07, 1.38516E-05
218, 1.54273E-05, 7.97742E-06, 6.91279E-06, 4.22824E-06, 4.01175E-07, 3.32257E-07, 2.53362E-07, 1.36411E-05
219, 1.51786E-05, 7.95321E-06, 7.01550E-06, 4.22337E-06, 4.00414E-07, 3.30732E-07, 2.52730E-07, 1.35761E-05
220, 1.49119E-05, 7.98897E-06, 7.11088E-06, 4.21419E-06, 3.99618E-07, 3.29199E-07, 2.52097E-07, 1.35060E-05
221, 1.46275E-05, 8.01920E-06, 7.19877E-06, 4.20076E-06, 3.98797E-07, 3.27700E-07, 2.51472E-07, 1.34156E-05
222, 1.43263E-05, 8.04381E-06, 7.27902E-06, 4.18316E-06, 3.97979E-07, 3.26264E-07, 2.50845E-07, 1.33049E-05
223, 1.40087E-05, 8.06271E-06, 7.35155E-06, 4.16147E-06, 3.97145E-07, 3.24865E-07, 2.50209E-07, 1.32402E-05
224, 1.36756E-05, 8.07583E-06, 7.41626E-06, 4.13577E-06, 3.96326E-07, 3.23504E-07, 2.49575E-07, 1.31890E-05
225, 1.33275E-05, 8.08311E-06, 7.47311E-06, 4.10617E-06, 3.95528E-07, 3.22131E-07, 2.48944E-07, 1.31184E-05
226, 1.29651E-05, 8.08726E-06, 7.52206E-06, 4.07277E-06, 3.94751E-07, 3.20731E-07, 2.48300E-07, 1.30283E-05
227, 1.25894E-05, 8.13477E-06, 7.56310E-06, 4.03567E-06, 3.94000E-07, 3.19326E-07, 2.47666E-07, 1.29186E-05
228, 1.22009E-05, 8.17833E-06, 7.59626E-06, 3.99498E-06, 3.93266E-07, 3.17904E-07, 2.47041E-07, 1.27894E-05
229, 1.18007E-05, 8.21796E-06, 7.62157E-06, 3.95082E-06, 3.92561E-07, 3.16476E-07, 2.46411E-07, 1.26538E-05
230, 1.13894E-05, 8.25366E-06, 7.63910E-06, 3.90331E-06, 3.91870E-07, 3.15033E-07, 2.45799E-07, 1.26657E-05
231, 1.09679E-05, 8.28546E-06, 7.68630E-06, 3.85924E-06, 3.91188E-07, 3.13582E-07, 2.45178E-07, 1.26693E-05
232, 1.05372E-05, 8.31336E-06, 7.77734E-06, 3.84556E-06, 3.90517E-07, 3.12121E-07, 2.44548E-07, 1.26651E-05
233, 1.00980E-05, 8.33736E-06, 7.86174E-06, 3.83525E-06, 3.89847E-07, 3.10648E-07, 2.43898E-07, 1.26534E-05
234, 9.65121E-06, 8.35748E-06, 7.93931E-06, 3.82083E-06, 3.89207E-07, 3.09183E-07, 2.43286E-07, 1.26345E-05
235, 9.19768E-06, 8.37373E-06, 8.00988E-06, 3.80238E-06, 3.88592E-07, 3.07751E-07, 2.42688E-07, 1.26329E-05
236, 9.17641E-06, 8.38609E-06, 8.07331E-06, 3.77998E-06, 3.88018E-07, 3.06333E-07, 2.42091E-07, 1.27324E-05
237, 9.15750E-06, 8.39459E-06, 8.12946E-06, 3.75371E-06, 3.87420E-07, 3.04948E-07, 2.41489E-07, 1.28210E-05
238, 9.12264E-06, 8.39921E-06, 8.17824E-06, 3.72368E-06, 3.86909E-07, 3.03557E-07, 2.40870E-07, 1.28990E-05
239, 9.07228E-06, 8.39996E-06, 8.21956E-06, 3.68998E-06, 3.86462E-07, 3.02167E-07, 2.40252E-07, 1.29668E-05
240, 9.00691E-06, 8.39683E-06, 8.25338E-06, 3.65273E-06, 3.86037E-07, 3.00766E-07, 2.39655E-07, 1.30247E-05
241, 8.92706E-06, 8.38982E-06, 8.27966E-06, 3.61203E-06, 3.85606E-07, 2.99351E-07, 2.39065E-07, 1.30730E-05
242, 8.83331E-06, 8.37893E-06, 8.31318E-06, 3.57008E-06, 3.85167E-07, 2.97946E-07, 2.38485E-07, 1.31120E-05
243, 8.72624E-06, 8.36413E-06, 8.40081E-06, 3.54421E-06, 3.84738E-07, 2.96535E-07, 2.37894E-07, 1.31419E-05
244, 8.60649E-06, 8.34542E-06, 8.48297E-06, 3.51500E-06, 3.84352E-07, 2.95109E-07, 2.37308E-07, 1.31632E-05
245, 8.47471E-06, 8.32279E-06, 8.55948E-06, 3.48258E-06, 3.83962E-07, 2.93664E-07, 2.36741E-07, 1.31759E-05
246, 8.33156E-06, 8.29622E-06, 8.63018E-06, 3.44706E-06, 3.83594E-07, 2.92240E-07, 2.36175E-07, 1.31805E-05
247, 8.17773E-06, 8.26570E-06, 8.69490E-06, 3.40858E-06, 3.83223E-07, 2.90836E-07, 2.35618E-07, 1.31771E-05
248, 8.01391E-06, 8.23120E-06, 8.75351E-06, 3.36728E-06, 3.82832E-07, 2.89432E-07, 2.35054E-07, 1.31660E-05
249, 7.84079E-06, 8.19270E-06, 8.80587E-06, 3.32331E-06, 3.82431E-07, 2.88042E-07, 2.34491E-07, 1.31474E-05
250, 7.65908E-06, 8.15019E-06, 8.85186E-06, 3.28124E-06, 3.82069E-07, 2.86643E-07, 2.33928E-07, 1.31920E-05
251, 7.46947E-06, 8.11308E-06, 8.89137E-06, 3.25168E-06, 3.81682E-07, 2.85256E-07, 2.33350E-07, 1.32945E-05
252, 7.27267E-06, 8.07494E-06, 8.92433E-06, 3.21896E-06, 3.81272E-07, 2.83873E-07, 2.32774E-07, 1.33859E-05
253, 7.06936E-06, 8.03340E-06, 8.95064E-06, 3.20185E-06, 3.80915E-07, 2.82480E-07, 2.32191E-07, 1.34663E-05
254, 6.86021E-06, 7.98845E-06, 8.97026E-06, 3.18141E-06, 3.80600E-07, 2.81083E-07, 2.31615E-07, 1.35359E-05
255, 6.64590E-06, 7.94005E-06, 8.98314E-06, 3.15775E-06, 3.80304E-07, 2.79659E-07, 2.31055E-07, 1.35948E-05
256, 6.42706E-06, 7.88816E-06, 8.98926E-06, 3.13098E-06, 3.80088E-07, 2.78232E-07, 2.30482E-07, 1.36434E-05
257, 6.20433E-06, 7.83275E-06, 8.98860E-06, 3.10122E-06, 3.79881E-07, 2.76821E-07, 2.29899E-07, 1.36818E-05
258, 5.97833E-06, 7.77379E-06, 8.98118E-06, 3.06859E-06, 3.79685E-07, 2.75418E-07, 2.29313E-07, 1.37101E-05
259, 5.74963E-06, 7.71123E-06, 8.96701E-06, 3.03321E-06, 3.79475E-07, 2.74055E-07, 2.28743E-07, 1.37287E-05
260, 5.51881E-06, 7.64505E-06, 8.94614E-06, 2.99522E-06, 3.79266E-07, 2.72711E-07, 2.28173E-07, 1.37375E-05
261, 5.54877E-06, 7.57521E-06, 8.91862E-06, 2.95474E-06, 3.79066E-07, 2.71367E-07, 2.27595E-07, 1.37369E-05
262, 5.60885E-06, 7.50168E-06, 8.88452E-06, 2.91191E-06, 3.78869E-07, 2.70023E-07, 2.27014E-07, 1.37270E-05
263, 5.66490E-06, 7.42442E-06, 8.84392E-06, 2.86684E-06, 3.78654E-07, 2.68692E-07, 2.26436E-07, 1.37080E-05
264, 5.72345E-06, 7.34341E-06, 8.79694E-06, 2.81968E-06, 3.78425E-07, 2.67359E-07, 2.25857E-07, 1.36802E-05
265, 5.88599E-06, 7.25862E-06, 8.74367E-06, 2.78655E-06, 3.78178E-07, 2.66018E-07, 2.25279E-07, 1.37146E-05
266, 6.04594E-06, 7.17003E-06, 8.70928E-06, 2.76932E-06, 3.77896E-07, 2.64685E-07, 2.24712E-07, 1.38085E-05
267, 6.20322E-06, 7.07761E-06, 8.72911E-06, 2.74919E-06, 3.77608E-07, 2.63348E-07, 2.24159E-07, 1.38898E-05
268, 6.35773E-06, 6.98247E-06, 8.74424E-06, 2.72627E-06, 3.77311E-07, 2.61986E-07, 2.23600E-07, 1.39587E-05
269, 6.50939E-06, 6.90752E-06, 8.75466E-06, 2.70066E-06, 3.77004E-07, 2.60622E-07, 2.23048E-07, 1.40152E-05
270, 6.65814E-06, 6.82765E-06, 8.76037E-06, 2.67248E-06, 3.76670E-07, 2.59298E-07, 2.22481E-07, 1.40597E-05
271, 6.80390E-06, 6.74296E-06, 8.76134E-06, 2.64182E-06, 3.76358E-07, 2.57987E-07, 2.21900E-07, 1.40923E-05
272, 6.94660E-06, 6.65358E-06, 8.75760E-06, 2.60882E-06, 3.76061E-07, 2.56701E-07, 2.21329E-07, 1.41132E-05
273, 7.08619E-06, 6.66761E-06, 8.74913E-06, 2.57357E-06, 3.75773E-07, 2.55438E-07, 2.20762E-07, 1.41226E-05
274, 7.22264E-06, 6.71073E-06, 8.73597E-06, 2.53621E-06, 3.75489E-07, 2.54187E-07, 2.20198E-07, 1.41208E-05
275, 7.35589E-06, 6.74880E-06, 8.71812E-06, 2.49685E-06, 3.75237E-07, 2.52960E-07, 2.19635E-07, 1.41081E-05
276, 7.52133E-06, 6.78174E-06, 8.69816E-06, 2.46838E-06, 3.74991E-07, 2.51720E-07, 2.19067E-07, 1.40846E-05
277, 7.78462E-06, 6.80944E-06, 8.82019E-06, 2.46639E-06, 3.74722E-07, 2.50477E-07, 2.18492E-07, 1.40507E-05
278, 8.03993E-06, 6.83184E-06, 8.93667E-06, 2.47160E-06, 3.74420E-07, 2.49226E-07, 2.17918E-07, 1.40067E-05
279, 8.28732E-06, 6.84885E-06, 9.04756E-06, 2.47610E-06, 3.74120E-07, 2.47970E-07, 2.17344E-07, 1.39527E-05
280, 8.52688E-06, 6.86042E-06, 9.15286E-06, 2.47984E-06, 3.73805E-07, 2.46699E-07, 2.16769E-07, 1.39170E-05
281, 8.75867E-06, 6.86649E-06, 9.25257E-06, 2.48280E-06, 3.73478E-07, 2.45437E-07, 2.16186E-07, 1.39839E-05
282, 8.98279E-06, 6.86702E-06, 9.34670E-06, 2.48491E-06, 3.73146E-07, 2.44207E-07, 2.15604E-07, 1.40374E-05
283, 9.19931E-06, 6.86196E-06, 9.43524E-06, 2.48794E-06, 3.72802E-07, 2.42973E-07, 2.15017E-07, 1.40778E-05
284, 9.40833E-06, 6.85130E-06, 9.51822E-06, 2.50215E-06, 3.72448E-07, 2.41753E-07, 2.14423E-07, 1.41053E-05
285, 9.60997E-06, 6.83502E-06, 9.59565E-06, 2.51539E-06, 3.72091E-07, 2.40559E-07, 2.13830E-07, 1.41203E-05
286, 9.80432E-06, 6.81311E-06, 9.66755E-06, 2.52762E-06, 3.71745E-07, 2.39369E-07, 2.13233E-07, 1.41230E-05
287, 9.99140E-06, 6.78558E-06, 9.73397E-06, 2.53876E-06, 3.71406E-07, 2.38177E-07, 2.12642E-07, 1.41138E-05
288, 1.01713E-05, 6.75244E-06, 9.79492E-06, 2.54878E-06, 3.71068E-07, 2.37006E-07, 2.12060E-07, 1.40930E-05
289, 1.03441E-05, 6.71372E-06, 9.85045E-06, 2.55760E-06, 3.70727E-07, 2.35835E-07, 2.11473E-07, 1.40610E-05
290, 1.05099E-05, 6.66945E-06, 9.90060E-06, 2.56519E-06, 3.70375E-07, 2.34666E-07, 2.10872E-07, 1.40180E-05
291, 1.06687E-05, 6.61968E-06, 9.94542E-06, 2.57149E-06, 3.70029E-07, 2.33508E-07, 2.10262E-07, 1.39645E-05
292, 1.08207E-05, 6.56445E-06, 9.98496E-06, 2.57645E-06, 3.69691E-07, 2.32371E-07, 2.09638E-07, 1.39007E-05
293, 1.09658E-05, 6.50384E-06, 1.00193E-05, 2.58002E-06, 3.69349E-07, 2.31240E-07, 2.09017E-07, 1.38271E-05
294, 1.11042E-05, 6.50053E-06, 1.00484E-05, 2.58216E-06, 3.69008E-07, 2.30132E-07, 2.08404E-07, 1.37441E-05
295, 1.12359E-05, 6.52325E-06, 1.00724E-05, 2.58281E-06, 3.68634E-07, 2.29045E-07, 2.07779E-07, 1.36519E-05
296, 1.13611E-05, 6.54115E-06, 1.00914E-05, 2.58195E-06, 3.68241E-07, 2.27948E-07, 2.07156E-07, 1.35829E-05
297, 1.14796E-05, 6.55410E-06, 1.01053E-05, 2.57953E-06, 3.67828E-07, 2.26886E-07, 2.06541E-07, 1.36051E-05
298, 1.15917E-05, 6.56199E-06, 1.01144E-05, 2.57552E-06, 3.67409E-07, 2.25840E-07, 2.05925E-07, 1.36149E-05
299, 1.16974E-05, 6.56471E-06, 1.01186E-05, 2.56987E-06, 3.66960E-07, 2.24856E-07, 2.05306E-07, 1.36127E-05
300, 1.17966E-05, 6.56214E-06, 1.01180E-05, 2.56256E-06, 3.66486E-07, 2.23865E-07, 2.04684E-07, 1.35989E-05
301, 1.18895E-05, 6.55418E-06, 1.01127E-05, 2.55355E-06, 3.65987E-07, 2.22859E-07, 2.04069E-07, 1.35737E-05
302, 1.19762E-05, 6.54075E-06, 1.01028E-05, 2.54282E-06, 3.65495E-07, 2.21868E-07, 2.03452E-07, 1.35375E-05
303, 1.20565E-05, 6.52177E-06, 1.00884E-05, 2.53035E-06, 3.65020E-07, 2.20885E-07, 2.02832E-07, 1.34908E-05
304, 1.21307E-05, 6.49715E-06, 1.00695E-05, 2.51612E-06, 3.64572E-07, 2.19921E-07, 2.02201E-07, 1.34338E-05
305, 1.21987E-05, 6.46685E-06, 1.00462E-05, 2.50009E-06, 3.64151E-07, 2.18960E-07, 2.01563E-07, 1.33670E-05
306, 1.22606E-05, 6.43080E-06, 1.00186E-05, 2.48227E-06, 3.63752E-07, 2.17997E-07, 2.00921E-07, 1.32908E-05
307, 1.23165E-05, 6.38897E-06, 9.98677E-06, 2.46263E-06, 3.63336E-07, 2.17036E-07, 2.00295E-07, 1.32053E-05
308, 1.23663E-05, 6.34132E-06, 9.95083E-06, 2.44117E-06, 3.62913E-07, 2.16077E-07, 1.99671E-07, 1.31112E-05
309, 1.24100E-05, 6.28783E-06, 9.91085E-06, 2.42141E-06, 3.62483E-07, 2.15120E-07, 1.99047E-07, 1.30087E-05
310, 1.24479E-05, 6.22850E-06, 9.86692E-06, 2.43268E-06, 3.62050E-07, 2.14159E-07, 1.98424E-07, 1.28981E-05
311, 1.24798E-05, 6.16333E-06, 9.81912E-06, 2.44283E-06, 3.61599E-07, 2.13244E-07, 1.97801E-07, 1.27799E-05
312, 1.25058E-05, 6.09667E-06, 9.76755E-06, 2.45187E-06, 3.61145E-07, 2.12375E-07, 1.97178E-07, 1.26543E-05
313, 1.25260E-05, 6.03871E-06, 9.71230E-06, 2.45983E-06, 3.60698E-07, 2.11494E-07, 1.96553E-07, 1.26235E-05
314, 1.25405E-05, 5.97577E-06, 9.65346E-06, 2.46671E-06, 3.60264E-07, 2.10598E-07, 1.95934E-07, 1.25980E-05
315, 1.25491E-05, 5.90785E-06, 9.59113E-06, 2.47255E-06, 3.59813E-07, 2.09688E-07, 1.95307E-07, 1.25623E-05
316, 1.25521E-05, 5.83498E-06, 9.52539E-06, 2.47736E-06, 3.59316E-07, 2.08779E-07, 1.94682E-07, 1.25167E-05
317, 1.25494E-05, 5.75719E-06, 9.45634E-06, 2.48117E-06, 3.58796E-07, 2.07882E-07, 1.94057E-07, 1.24615E-05
318, 1.25411E-05, 5.73607E-06, 9.38408E-06, 2.48398E-06, 3.58260E-07, 2.07012E-07, 1.93427E-07, 1.23972E-05
319, 1.25273E-05, 5.85505E-06, 9.30870E-06, 2.48582E-06, 3.57718E-07, 2.06141E-07, 1.92797E-07, 1.23241E-05
320, 1.25079E-05, 5.97067E-06, 9.23029E-06, 2.49047E-06, 3.57192E-07, 2.05271E-07, 1.92165E-07, 1.22425E-05
321, 1.24832E-05, 6.08282E-06, 9.14895E-06, 2.50314E-06, 3.56628E-07, 2.04415E-07, 1.91540E-07, 1.21527E-05
322, 1.24530E-05, 6.19140E-06, 9.06477E-06, 2.51469E-06, 3.56057E-07, 2.03559E-07, 1.90923E-07, 1.20552E-05
323, 1.24176E-05, 6.29632E-06, 8.97785E-06, 2.52514E-06, 3.55487E-07, 2.02700E-07, 1.90307E-07, 1.19502E-05
324, 1.23769E-05, 6.39746E-06, 8.88828E-06, 2.53450E-06, 3.54931E-07, 2.01839E-07, 1.89691E-07, 1.18406E-05
325, 1.23430E-05, 6.49538E-06, 8.79617E-06, 2.54281E-06, 3.54366E-07, 2.00979E-07, 1.89064E-07, 1.19087E-05
326, 1.23044E-05, 6.64167E-06, 8.70159E-06, 2.55007E-06, 3.53803E-07, 2.00127E-07, 1.88426E-07, 1.19643E-05
327, 1.22600E-05, 6.78362E-06, 8.60465E-06, 2.55631E-06, 3.53241E-07, 1.99273E-07, 1.87787E-07, 1.20074E-05
328, 1.22099E-05, 6.92109E-06, 8.50544E-06, 2.56154E-06, 3.52666E-07, 1.98413E-07, 1.87149E-07, 1.20381E-05
329, 1.21543E-05, 7.05397E-06, 8.40406E-06, 2.56578E-06, 3.52083E-07, 1.97561E-07, 1.86515E-07, 1.20600E-05
330, 1.20934E-05, 7.18215E-06, 8.30060E-06, 2.56905E-06, 3.51475E-07, 1.96725E-07, 1.85884E-07, 1.22070E-05
331, 1.20273E-05, 7.30550E-06, 8.19515E-06, 2.57137E-06, 3.50838E-07, 1.95872E-07, 1.85249E-07, 1.24809E-05
332, 1.19562E-05, 7.42392E-06, 8.08781E-06, 2.57276E-06, 3.50167E-07, 1.95011E-07, 1.84613E-07, 1.27485E-05
333, 1.18802E-05, 7.53733E-06, 7.97867E-06, 2.58156E-06, 3.49483E-07, 1.94162E-07, 1.83983E-07, 1.30094E-05
334, 1.17996E-05, 7.64561E-06, 7.86782E-06, 2.59346E-06, 3.48800E-07, 1.93317E-07, 1.83354E-07, 1.32633E-05
335, 1.17144E-05, 7.74870E-06, 7.75535E-06, 2.60429E-06, 3.48106E-07, 1.92473E-07, 1.82717E-07, 1.35098E-05
336, 1.16249E-05, 7.84651E-06, 7.64136E-06, 2.61407E-06, 3.47385E-07, 1.91639E-07, 1.82080E-07, 1.37487E-05
337, 1.15312E-05, 7.93897E-06, 7.52594E-06, 2.62282E-06, 3.46648E-07, 1.90802E-07, 1.81445E-07, 1.39797E-05
338, 1.14336E-05, 8.02600E-06, 7.40917E-06, 2.63055E-06, 3.45900E-07, 1.89962E-07, 1.80808E-07, 1.42026E-05
339, 1.13320E-05, 8.10757E-06, 7.29115E-06, 2.63728E-06, 3.45143E-07, 1.89127E-07, 1.80183E-07, 1.44170E-05
340, 1.12268E-05, 8.18361E-06, 7.17197E-06, 2.64304E-06, 3.44383E-07, 1.88305E-07, 1.79564E-07, 1.46227E-05
341, 1.11181E-05, 8.25407E-06, 7.05172E-06, 2.64783E-06, 3.43641E-07, 1.87491E-07, 1.78955E-07, 1.48196E-05
342, 1.10060E-05, 8.31893E-06, 6.93049E-06, 2.65167E-06, 3.42888E-07, 1.86686E-07, 1.78363E-07, 1.50074E-05
343, 1.08908E-05, 8.37816E-06, 6.80836E-06, 2.65460E-06, 3.42126E-07, 1.85879E-07, 1.77777E-07, 1.51858E-05
344, 1.07725E-05, 8.45582E-06, 6.68542E-06, 2.65661E-06, 3.41348E-07, 1.85066E-07, 1.77194E-07, 1.53549E-05
345, 1.06514E-05, 8.53085E-06, 6.56176E-06, 2.65773E-06, 3.40564E-07, 1.84256E-07, 1.76608E-07, 1.55143E-05
346, 1.05275E-05, 8.59967E-06, 6.43746E-06, 2.66353E-06, 3.39776E-07, 1.83451E-07, 1.76016E-07, 1.56640E-05
347, 1.04011E-05, 8.66230E-06, 6.31262E-06, 2.67483E-06, 3.38991E-07, 1.82648E-07, 1.75437E-07, 1.58038E-05
348, 1.02723E-05, 8.71874E-06, 6.18731E-06, 2.68511E-06, 3.38213E-07, 1.81841E-07, 1.74856E-07, 1.59337E-05
349, 1.01412E-05, 8.76900E-06, 6.06163E-06, 2.69441E-06, 3.37436E-07, 1.81037E-07, 1.74270E-07, 1.60535E-05
350, 1.00080E-05, 8.81313E-06, 5.93565E-06, 2.70272E-06, 3.36649E-07, 1.80242E-07, 1.73687E-07, 1.61631E-05
351, 9.87283E-06, 8.85115E-06, 5.80946E-06, 2.71008E-06, 3.35847E-07, 1.79465E-07, 1.73103E-07, 1.62626E-05
352, 9.73579E-06, 8.88311E-06, 5.68315E-06, 2.71648E-06, 3.35056E-07, 1.78699E-07, 1.72537E-07, 1.63518E-05
353, 9.59703E-06, 8.90906E-06, 5.55679E-06, 2.72196E-06, 3.34306E-07, 1.77956E-07, 1.71980E-07, 1.64309E-05
354, 9.45669E-06, 8.92906E-06, 5.43047E-06, 2.72652E-06, 3.33548E-07, 1.77233E-07, 1.71419E-07, 1.64996E-05
355, 9.33092E-06, 8.94318E-06, 5.30428E-06, 2.73019E-06, 3.32775E-07, 1.76533E-07, 1.70855E-07, 1.65581E-05
356, 9.27603E-06, 8.95149E-06, 5.17829E-06, 2.73298E-06, 3.31971E-07, 1.75863E-07, 1.70285E-07, 1.66064E-05
357, 9.21890E-06, 8.95407E-06, 5.05258E-06, 2.73490E-06, 3.31177E-07, 1.75219E-07, 1.69716E-07, 1.66445E-05
358, 9.15953E-06, 8.95101E-06, 4.92722E-06, 2.73597E-06, 3.30363E-07, 1.74578E-07, 1.69159E-07, 1.66724E-05
359, 9.09790E-06, 8.94240E-06, 4.80229E-06, 2.73622E-06, 3.29535E-07, 1.73959E-07, 1.68605E-07, 1.66902E-05
360, 9.05445E-06, 8.92834E-06, 4.67788E-06, 2.73565E-06, 3.28715E-07, 1.73358E-07, 1.68062E-07, 1.66981E-05
361, 9.02758E-06, 8.90893E-06, 4.55405E-06, 2.73429E-06, 3.27916E-07, 1.72757E-07, 1.67529E-07, 1.66960E-05
362, 8.99788E-06, 8.88429E-06, 4.43088E-06, 2.74182E-06, 3.27141E-07, 1.72173E-07, 1.67007E-07, 1.66840E-05
363, 8.96533E-06, 8.85452E-06, 4.30844E-06, 2.74995E-06, 3.26404E-07, 1.71616E-07, 1.66500E-07, 1.66624E-05
364, 8.92988E-06, 8.81974E-06, 4.18681E-06, 2.75718E-06, 3.25671E-07, 1.71070E-07, 1.66012E-07, 1.66311E-05
365, 8.89151E-06, 8.78008E-06, 4.06606E-06, 2.78641E-06, 3.24941E-07, 1.70516E-07, 1.65538E-07, 1.65903E-05
366, 8.85019E-06, 8.73566E-06, 4.06393E-06, 2.82289E-06, 3.24233E-07, 1.69960E-07, 1.65092E-07, 1.65401E-05
367, 8.80590E-06, 8.68661E-06, 4.07381E-06, 2.85860E-06, 3.23538E-07, 1.69402E-07, 1.64662E-07, 1.64807E-05
368, 8.75860E-06, 8.63307E-06, 4.08204E-06, 2.89355E-06, 3.22836E-07, 1.68848E-07, 1.64240E-07, 1.64122E-05
369, 8.70828E-06, 8.57515E-06, 4.08865E-06, 2.92775E-06, 3.22141E-07, 1.68292E-07, 1.63823E-07, 1.63348E-05
370, 8.65492E-06, 8.51301E-06, 4.09367E-06, 2.96119E-06, 3.21451E-07, 1.67722E-07, 1.63410E-07, 1.62485E-05
371, 8.59851E-06, 8.44678E-06, 4.09713E-06, 2.99387E-06, 3.20767E-07, 1.67187E-07, 1.63019E-07, 1.61536E-05
372, 8.53903E-06, 8.37659E-06, 4.09907E-06, 3.02580E-06, 3.20081E-07, 1.66645E-07, 1.62635E-07, 1.60502E-05
373, 8.47648E-06, 8.30260E-06, 4.09953E-06, 3.05699E-06, 3.19438E-07, 1.66095E-07, 1.62248E-07, 1.59385E-05
374, 8.41085E-06, 8.22493E-06, 4.09853E-06, 3.08742E-06, 3.18816E-07, 1.65543E-07, 1.61853E-07, 1.58187E-05
375, 8.34215E-06, 8.14374E-06, 4.09612E-06, 3.11711E-06, 3.18199E-07, 1.64988E-07, 1.61458E-07, 1.56908E-05
376, 8.27038E-06, 8.05917E-06, 4.09233E-06, 3.14606E-06, 3.17604E-07, 1.64423E-07, 1.61063E-07, 1.55551E-05
377, 8.19555E-06, 7.97135E-06, 4.08721E-06, 3.17427E-06, 3.17025E-07, 1.63843E-07, 1.60670E-07, 1.54117E-05
378, 8.11766E-06, 7.88044E-06, 4.08080E-06, 3.20175E-06, 3.16456E-07, 1.63257E-07, 1.60283E-07, 1.52609E-05
379, 8.03675E-06, 7.78656E-06, 4.07314E-06, 3.22849E-06, 3.15883E-07, 1.62677E-07, 1.59897E-07, 1.51027E-05
380, 7.95282E-06, 7.68987E-06, 4.06427E-06, 3.25451E-06, 3.15308E-07, 1.62100E-07, 1.59517E-07, 1.49373E-05
381, 8.04288E-06, 7.59051E-06, 4.05424E-06, 3.27981E-06, 3.14726E-07, 1.61518E-07, 1.59140E-07, 1.47650E-05
382, 8.15526E-06, 7.48860E-06, 4.04309E-06, 3.30438E-06, 3.14142E-07, 1.60928E-07, 1.58769E-07, 1.45858E-05
383, 8.26592E-06, 7.38429E-06, 4.03087E-06, 3.32823E-06, 3.13562E-07, 1.60334E-07, 1.58395E-07, 1.43999E-05
384, 8.37479E-06, 7.27771E-06, 4.01762E-06, 3.35137E-06, 3.12970E-07, 1.59746E-07, 1.58022E-07, 1.42075E-05
385, 8.48179E-06, 7.16900E-06, 4.00338E-06, 3.37381E-06, 3.12372E-07, 1.59154E-07, 1.57651E-07, 1.40088E-05
386, 8.58687E-06, 7.05829E-06, 3.98821E-06, 3.39553E-06, 3.11767E-07, 1.58558E-07, 1.57279E-07, 1.38039E-05
387, 8.68995E-06, 6.94570E-06, 3.97214E-06, 3.41655E-06, 3.11176E-07, 1.57966E-07, 1.56905E-07, 1.35929E-05
388, 8.79096E-06, 6.83136E-06, 3.95523E-06, 3.43687E-06, 3.10587E-07, 1.57379E-07, 1.56528E-07, 1.33761E-05
389, 8.91240E-06, 6.71540E-06, 3.94591E-06, 3.45649E-06, 3.09994E-07, 1.56798E-07, 1.56154E-07, 1.31535E-05
390, 9.04957E-06, 6.59793E-06, 3.93825E-06, 3.47541E-06, 3.09386E-07, 1.56231E-07, 1.55787E-07, 1.29254E-05
391, 9.18460E-06, 6.47908E-06, 3.92986E-06, 3.49365E-06, 3.08778E-07, 1.55687E-07, 1.55417E-07, 1.26918E-05
392, 9.31741E-06, 6.35897E-06, 3.92077E-06, 3.51119E-06, 3.08167E-07, 1.55159E-07, 1.55047E-07, 1.24530E-05
393, 9.44791E-06, 6.23769E-06, 3.91101E-06, 3.52804E-06, 3.07558E-07, 1.54626E-07, 1.54675E-07, 1.22090E-05
394, 9.57602E-06, 6.14445E-06, 3.92517E-06, 3.54420E-06, 3.06951E-07, 1.54097E-07, 1.54309E-07, 1.19601E-05
395, 9.70164E-06, 6.05781E-06, 3.95534E-06, 3.55968E-06, 3.06335E-07, 1.53563E-07, 1.53944E-07, 1.17063E-05
396, 9.82469E-06, 6.01916E-06, 3.98366E-06, 3.57448E-06, 3.05728E-07, 1.53020E-07, 1.53585E-07, 1.14479E-05
397, 9.94508E-06, 6.07190E-06, 4.01892E-06, 3.58859E-06, 3.05126E-07, 1.52477E-07, 1.53233E-07, 1.11849E-05
398, 1.00627E-05, 6.12231E-06, 4.07006E-06, 3.60202E-06, 3.04525E-07, 1.51940E-07, 1.52884E-07, 1.09174E-05
399, 1.01776E-05, 6.17039E-06, 4.11940E-06, 3.64226E-06, 3.03913E-07, 1.51397E-07, 1.52542E-07, 1.06457E-05
400, 1.02895E-05, 6.21611E-06, 4.16692E-06, 3.68466E-06, 3.03302E-07, 1.50860E-07, 1.52204E-07, 1.03699E-05
401, 1.03985E-05, 6.25944E-06, 4.21258E-06, 3.72573E-06, 3.02707E-07, 1.50352E-07, 1.51859E-07, 1.00901E-05
402, 1.05044E-05, 6.30038E-06, 4.25637E-06, 3.76545E-06, 3.02109E-07, 1.49842E-07, 1.51512E-07, 9.80645E-06
403, 1.06072E-05, 6.33889E-06, 4.29825E-06, 3.80380E-06, 3.01503E-07, 1.49334E-07, 1.51162E-07, 9.51907E-06
404, 1.07068E-05, 6.37497E-06, 4.33821E-06, 3.84080E-06, 3.00892E-07, 1.48825E-07, 1.50816E-07, 9.22812E-06
405, 1.08031E-05, 6.40861E-06, 4.37623E-06, 3.87642E-06, 3.00282E-07, 1.48321E-07, 1.50477E-07, 8.93373E-06
406, 1.08960E-05, 6.43978E-06, 4.41229E-06, 3.91066E-06, 2.99662E-07, 1.47813E-07, 1.50134E-07, 8.63605E-06
407, 1.09856E-05, 6.46848E-06, 4.47231E-06, 3.94351E-06, 2.99039E-07, 1.47299E-07, 1.49793E-07, 8.33521E-06
408, 1.10717E-05, 6.49470E-06, 4.53334E-06, 3.97498E-06, 2.98421E-07, 1.46792E-07, 1.49444E-07, 8.03135E-06
409, 1.11543E-05, 6.51844E-06, 4.59262E-06, 4.00505E-06, 2.97792E-07, 1.46279E-07, 1.49094E-07, 7.86454E-06
410, 1.12332E-05, 6.53968E-06, 4.65014E-06, 4.03373E-06, 2.97167E-07, 1.45756E-07, 1.48747E-07, 7.89351E-06
411, 1.13086E-05, 6.57477E-06, 4.70587E-06, 4.06101E-06, 2.96549E-07, 1.45226E-07, 1.48399E-07, 7.91382E-06
412, 1.13802E-05, 6.61960E-06, 4.75977E-06, 4.08690E-06, 2.95921E-07, 1.44696E-07, 1.48052E-07, 7.92540E-06
413, 1.14481E-05, 6.66189E-06, 4.81184E-06, 4.11138E-06, 2.95288E-07, 1.44170E-07, 1.47710E-07, 7.92825E-06
414, 1.15121E-05, 6.70166E-06, 4.86205E-06, 4.13446E-06, 2.94652E-07, 1.43642E-07, 1.47369E-07, 7.92236E-06
415, 1.15724E-05, 6.73892E-06, 4.91037E-06, 4.15614E-06, 2.94046E-07, 1.43116E-07, 1.47028E-07, 7.90777E-06
416, 1.16287E-05, 6.77370E-06, 4.95681E-06, 4.17642E-06, 2.93465E-07, 1.42589E-07, 1.46683E-07, 7.88451E-06
417, 1.16811E-05, 6.80602E-06, 5.00133E-06, 4.19530E-06, 2.92882E-07, 1.42063E-07, 1.46336E-07, 7.85266E-06
418, 1.17296E-05, 6.83588E-06, 5.04392E-06, 4.21280E-06, 2.92288E-07, 1.41559E-07, 1.45991E-07, 7.81231E-06
419, 1.17740E-05, 6.86330E-06, 5.08456E-06, 4.22890E-06, 2.91711E-07, 1.41053E-07, 1.45653E-07, 7.76358E-06
420, 1.18145E-05, 6.88829E-06, 5.12325E-06, 4.24361E-06, 2.91134E-07, 1.40546E-07, 1.45312E-07, 7.70660E-06
421, 1.18509E-05, 6.91086E-06, 5.15997E-06, 4.25694E-06, 2.90557E-07, 1.40044E-07, 1.44978E-07, 7.64153E-06
422, 1.18832E-05, 6.93102E-06, 5.19470E-06, 4.26890E-06, 2.89973E-07, 1.39542E-07, 1.44643E-07, 7.56857E-06
423, 1.19114E-05, 6.94878E-06, 5.24825E-06, 4.27948E-06, 2.89376E-07, 1.39049E-07, 1.44302E-07, 7.48791E-06
424, 1.19355E-05, 6.96416E-06, 5.31315E-06, 4.28870E-06, 2.88783E-07, 1.38555E-07, 1.43959E-07, 7.39978E-06
425, 1.19554E-05, 6.97716E-06, 5.37647E-06, 4.29657E-06, 2.88185E-07, 1.38061E-07, 1.43616E-07, 7.30442E-06
426, 1.19713E-05, 6.98781E-06, 5.43819E-06, 4.30309E-06, 2.87587E-07, 1.37560E-07, 1.43277E-07, 7.20211E-06
427, 1.19830E-05, 6.99610E-06, 5.49828E-06, 4.30826E-06, 2.86989E-07, 1.37058E-07, 1.42938E-07, 7.09313E-06
428, 1.19905E-05, 7.00206E-06, 5.55669E-06, 4.31210E-06, 2.86382E-07, 1.36563E-07, 1.42595E-07, 6.97779E-06
429, 1.19939E-05, 7.00569E-06, 5.61342E-06, 4.31463E-06, 2.85814E-07, 1.36080E-07, 1.42246E-07, 6.85640E-06
430, 1.20447E-05, 7.00700E-06, 5.66841E-06, 4.31584E-06, 2.85253E-07, 1.35592E-07, 1.41897E-07, 6.72929E-06
431, 1.20972E-05, 7.00601E-06, 5.72166E-06, 4.31575E-06, 2.84684E-07, 1.35104E-07, 1.41546E-07, 6.59683E-06
432, 1.21463E-05, 7.00273E-06, 5.77313E-06, 4.31437E-06, 2.84106E-07, 1.34641E-07, 1.41200E-07, 6.63048E-06
433, 1.21920E-05, 6.99717E-06, 5.82280E-06, 4.31171E-06, 2.83536E-07, 1.34179E-07, 1.40855E-07, 6.73106E-06
434, 1.22343E-05, 6.98934E-06, 5.87064E-06, 4.30779E-06, 2.82960E-07, 1.33711E-07, 1.40509E-07, 6.82727E-06
435, 1.22731E-05, 6.97926E-06, 5.91663E-06, 4.30261E-06, 2.82392E-07, 1.33248E-07, 1.40162E-07, 6.91909E-06
436, 1.23085E-05, 6.96694E-06, 5.96075E-06, 4.29620E-06, 2.81842E-07, 1.32782E-07, 1.39814E-07, 7.00647E-06
437, 1.23404E-05, 6.95240E-06, 6.00298E-06, 4.28856E-06, 2.81298E-07, 1.32312E-07, 1.39468E-07, 7.08939E-06
438, 1.23687E-05, 6.93566E-06, 6.04329E-06, 4.27971E-06, 2.80784E-07, 1.31841E-07, 1.39126E-07, 7.16782E-06
439, 1.23936E-05, 6.91672E-06, 6.08168E-06, 4.26967E-06, 2.80279E-07, 1.31366E-07, 1.38780E-07, 7.24175E-06
440, 1.24148E-05, 6.89561E-06, 6.11811E-06, 4.25844E-06, 2.79769E-07, 1.30889E-07, 1.38438E-07, 7.31115E-06
441, 1.24325E-05, 6.89699E-06, 6.15258E-06, 4.24605E-06, 2.79244E-07, 1.30411E-07, 1.38096E-07, 7.38253E-06
442, 1.24466E-05, 6.96496E-06, 6.18507E-06, 4.23251E-06, 2.78706E-07, 1.29929E-07, 1.37756E-07, 7.51958E-06
443, 1.24572E-05, 7.03127E-06, 6.21557E-06, 4.21784E-06, 2.78185E-07, 1.29450E-07, 1.37413E-07, 7.65202E-06
444, 1.24641E-05, 7.09590E-06, 6.24406E-06, 4.20206E-06, 2.77684E-07, 1.28970E-07, 1.37071E-07, 7.77969E-06
445, 1.24674E-05, 7.15881E-06, 6.27054E-06, 4.18517E-06, 2.77194E-07, 1.28493E-07, 1.36726E-07, 7.90246E-06
446, 1.24672E-05, 7.21999E-06, 6.29499E-06, 4.16721E-06, 2.76693E-07, 1.28011E-07, 1.36379E-07, 8.02021E-06
447, 1.24633E-05, 7.27941E-06, 6.31741E-06, 4.14819E-06, 2.76180E-07, 1.27534E-07, 1.36036E-07, 8.13282E-06
448, 1.24558E-05, 7.33703E-06, 6.33778E-06, 4.12812E-06, 2.75653E-07, 1.27068E-07, 1.35699E-07, 8.24017E-06
449, 1.24448E-05, 7.39284E-06, 6.35611E-06, 4.11362E-06, 2.75118E-07, 1.26600E-07, 1.35362E-07, 8.34216E-06
450, 1.24301E-05, 7.44681E-06, 6.37239E-06, 4.10122E-06, 2.74564E-07, 1.26124E-07, 1.35018E-07, 8.43869E-06
451, 1.24119E-05, 7.49892E-06, 6.38662E-06, 4.08785E-06, 2.73998E-07, 1.25645E-07, 1.34672E-07, 8.52968E-06
452, 1.23902E-05, 7.54914E-06, 6.39879E-06, 4.07353E-06, 2.73424E-07, 1.25165E-07, 1.34326E-07, 8.61504E-06
453, 1.23649E-05, 7.59745E-06, 6.40891E-06, 4.05825E-06, 2.72842E-07, 1.24681E-07, 1.33976E-07, 8.69472E-06
454, 1.23361E-05, 7.64384E-06, 6.42001E-06, 4.04204E-06, 2.72244E-07, 1.24190E-07, 1.33624E-07, 8.76864E-06
455, 1.23038E-05, 7.68828E-06, 6.46696E-06, 4.02490E-06, 2.71622E-07, 1.23698E-07, 1.33270E-07, 8.83676E-06
456, 1.22680E-05, 7.73076E-06, 6.51246E-06, 4.00685E-06, 2.70976E-07, 1.23230E-07, 1.32921E-07, 8.89903E-06
457, 1.22288E-05, 7.77126E-06, 6.55647E-06, 3.98791E-06, 2.70312E-07, 1.22795E-07, 1.32571E-07, 8.95542E-06
458, 1.21862E-05, 7.80975E-06, 6.59896E-06, 3.96808E-06, 2.69633E-07, 1.22378E-07, 1.32219E-07, 9.00590E-06
459, 1.21402E-05, 7.84624E-06, 6.63989E-06, 3.94738E-06, 2.68954E-07, 1.21961E-07, 1.31868E-07, 9.05046E-06
460, 1.20908E-05, 7.88070E-06, 6.67924E-06, 3.92582E-06, 2.68270E-07, 1.21541E-07, 1.31512E-07, 9.08910E-06
461, 1.20382E-05, 7.91311E-06, 6.71698E-06, 3.90343E-06, 2.67581E-07, 1.21124E-07, 1.31155E-07, 9.12181E-06
462, 1.19822E-05, 7.94348E-06, 6.75308E-06, 3.88021E-06, 2.66879E-07, 1.20706E-07, 1.30796E-07, 9.14861E-06
463, 1.19231E-05, 7.97178E-06, 6.78750E-06, 3.85618E-06, 2.66168E-07, 1.20282E-07, 1.30437E-07, 9.16951E-06
464, 1.18607E-05, 7.99801E-06, 6.82023E-06, 3.83136E-06, 2.65449E-07, 1.19864E-07, 1.30079E-07, 9.26064E-06
465, 1.17952E-05, 8.02216E-06, 6.85124E-06, 3.80577E-06, 2.64723E-07, 1.19453E-07, 1.29721E-07, 9.37613E-06
466, 1.17266E-05, 8.04422E-06, 6.88049E-06, 3.77942E-06, 2.63991E-07, 1.19037E-07, 1.29363E-07, 9.54505E-06
467, 1.16550E-05, 8.06419E-06, 6.90798E-06, 3.75233E-06, 2.63256E-07, 1.18619E-07, 1.29003E-07, 9.74310E-06
468, 1.15803E-05, 8.08206E-06, 6.93367E-06, 3.72451E-06, 2.62516E-07, 1.18201E-07, 1.28643E-07, 9.94708E-06
469, 1.15028E-05, 8.09783E-06, 6.95754E-06, 3.69599E-06, 2.61763E-07, 1.17782E-07, 1.28281E-07, 1.01451E-05
470, 1.14223E-05, 8.11150E-06, 6.97957E-06, 3.66679E-06, 2.60987E-07, 1.17357E-07, 1.27921E-07, 1.03370E-05
471, 1.13391E-05, 8.12306E-06, 6.99974E-06, 3.63692E-06, 2.60195E-07, 1.16931E-07, 1.27556E-07, 1.05227E-05
472, 1.12530E-05, 8.13251E-06, 7.01803E-06, 3.60640E-06, 2.59396E-07, 1.16504E-07, 1.27193E-07, 1.07022E-05
473, 1.11643E-05, 8.13987E-06, 7.03443E-06, 3.57525E-06, 2.58590E-07, 1.16075E-07, 1.26834E-07, 1.08754E-05
474, 1.10729E-05, 8.14512E-06, 7.04892E-06, 3.54349E-06, 2.57774E-07, 1.15650E-07, 1.26474E-07, 1.10422E-05
475, 1.09790E-05, 8.14827E-06, 7.06148E-06, 3.51115E-06, 2.56954E-07, 1.15227E-07, 1.26110E-07, 1.12026E-05
476, 1.08826E-05, 8.14934E-06, 7.07210E-06, 3.47823E-06, 2.56122E-07, 1.14803E-07, 1.25743E-07, 1.13565E-05
477, 1.07837E-05, 8.14832E-06, 7.08077E-06, 3.44476E-06, 2.55281E-07, 1.14378E-07, 1.25370E-07, 1.15038E-05
478, 1.06825E-05, 8.14526E-06, 7.08747E-06, 3.41076E-06, 2.54448E-07, 1.13954E-07, 1.24995E-07, 1.16446E-05
479, 1.06103E-05, 8.14014E-06, 7.09220E-06, 3.37625E-06, 2.53607E-07, 1.13530E-07, 1.24617E-07, 1.17788E-05
480, 1.05391E-05, 8.13297E-06, 7.09495E-06, 3.34125E-06, 2.52755E-07, 1.13107E-07, 1.24239E-07, 1.19063E-05
481, 1.04651E-05, 8.12374E-06, 7.09571E-06, 3.30578E-06, 2.51890E-07, 1.12686E-07, 1.23861E-07, 1.20271E-05
482, 1.03883E-05, 8.11248E-06, 7.09448E-06, 3.26986E-06, 2.51022E-07, 1.12265E-07, 1.23478E-07, 1.21412E-05
483, 1.03089E-05, 8.09920E-06, 7.09126E-06, 3.23351E-06, 2.50151E-07, 1.11848E-07, 1.23093E-07, 1.22486E-05
484, 1.02268E-05, 8.08390E-06, 7.08603E-06, 3.19675E-06, 2.49271E-07, 1.11432E-07, 1.22704E-07, 1.23493E-05
485, 1.01422E-05, 8.06662E-06, 7.07880E-06, 3.15961E-06, 2.48377E-07, 1.11017E-07, 1.22316E-07, 1.24433E-05
486, 1.00550E-05, 8.04736E-06, 7.06958E-06, 3.12209E-06, 2.47473E-07, 1.10604E-07, 1.21927E-07, 1.25305E-05
487, 9.96544E-06, 8.03040E-06, 7.05836E-06, 3.08423E-06, 2.46561E-07, 1.10199E-07, 1.21539E-07, 1.26110E-05
488, 9.87351E-06, 8.05237E-06, 7.04514E-06, 3.04604E-06, 2.45636E-07, 1.09794E-07, 1.21152E-07, 1.26847E-05
489, 9.77927E-06, 8.07788E-06, 7.02994E-06, 3.00755E-06, 2.44702E-07, 1.09393E-07, 1.20765E-07, 1.27518E-05
490, 9.68281E-06, 8.10182E-06, 7.01276E-06, 2.96877E-06, 2.43754E-07, 1.08991E-07, 1.20379E-07, 1.28121E-05
491, 9.62772E-06, 8.12418E-06, 6.99360E-06, 2.92972E-06, 2.42795E-07, 1.08595E-07, 1.19992E-07, 1.28658E-05
492, 9.57092E-06, 8.14493E-06, 6.97249E-06, 2.89043E-06, 2.41824E-07, 1.08208E-07, 1.19606E-07, 1.29129E-05
493, 9.51176E-06, 8.16405E-06, 6.94942E-06, 2.85091E-06, 2.40844E-07, 1.07820E-07, 1.19226E-07, 1.29533E-05
494, 9.45026E-06, 8.18150E-06, 6.92442E-06, 2.81118E-06, 2.39858E-07, 1.07431E-07, 1.18845E-07, 1.29872E-05
495, 9.38649E-06, 8.19728E-06, 6.89749E-06, 2.77127E-06, 2.38871E-07, 1.07046E-07, 1.18456E-07, 1.30145E-05
496, 9.32047E-06, 8.21136E-06, 6.86866E-06, 2.73119E-06, 2.37884E-07, 1.06659E-07, 1.18068E-07, 1.30353E-05
497, 9.25226E-06, 8.22371E-06, 6.83794E-06, 2.69096E-06, 2.36888E-07, 1.06277E-07, 1.17676E-07, 1.30497E-05
498, 9.18190E-06, 8.23433E-06, 6.80536E-06, 2.65061E-06, 2.35878E-07, 1.05896E-07, 1.17283E-07, 1.30577E-05
499, 9.10945E-06, 8.24318E-06, 6.77092E-06, 2.61015E-06, 2.34866E-07, 1.05516E-07, 1.16888E-07, 1.30594E-05
500, 9.03495E-06, 8.25026E-06, 6.73466E-06, 2.56959E-06, 2.33846E-07, 1.05138E-07, 1.16494E-07, 1.30547E-05
