time_step, rel_err_u, rel_err_v, rel_err_w, rel_err_p, rel_err_u_m, rel_err_v_m, rel_err_w_m, rel_err_p_m
0, 0.00000E+00, 0.00000E+00, 0.00000E+00, 0.00000E+00, 0.00000E+00, 0.00000E+00, 0.00000E+00,    Infinity
1, 3.83324E-04, 3.07623E-04, 2.69817E-04, 6.72876E-03, 2.27169E-05, 1.92198E-05, 1.56241E-05, 1.41652E+03
2, 5.72813E-04, 4.27649E-04, 4.52472E-04, 7.60295E-03, 1.96345E-05, 1.62287E-05, 1.33173E-05, 6.08358E-01
3, 4.71953E-04, 3.48811E-04, 1.53211E-04, 3.53287E-04, 1.82717E-05, 1.48139E-05, 1.19020E-05, 3.27518E-01
4, 5.11877E-04, 3.10856E-04, 1.51360E-04, 2.86659E-04, 1.60373E-05, 1.27325E-05, 1.03138E-05, 5.58958E-02
5, 5.50342E-04, 3.06717E-04, 1.43805E-04, 1.23235E-04, 1.58579E-05, 1.26588E-05, 1.02267E-05, 3.80092E-02
6, 6.07907E-04, 3.06575E-04, 1.56798E-04, 1.35136E-04, 1.55831E-05, 1.25052E-05, 1.00807E-05, 1.24079E-02
7, 6.63366E-04, 3.05212E-04, 1.66410E-04, 1.37493E-04, 1.53873E-05, 1.24045E-05, 9.95748E-06, 6.75546E-03
8, 7.13744E-04, 3.17815E-04, 1.72802E-04, 1.34736E-04, 1.51787E-05, 1.22956E-05, 9.83859E-06, 5.12123E-03
9, 7.61569E-04, 3.27711E-04, 1.83748E-04, 1.32397E-04, 1.49747E-05, 1.21916E-05, 9.72755E-06, 4.47588E-03
10, 8.31891E-04, 3.34302E-04, 1.90736E-04, 1.35973E-04, 1.47797E-05, 1.20932E-05, 9.62101E-06, 3.35174E-03
11, 8.94847E-04, 3.37220E-04, 2.07006E-04, 1.41121E-04, 1.45903E-05, 1.20036E-05, 9.51620E-06, 2.95215E-03
12, 9.48178E-04, 3.37362E-04, 2.31720E-04, 1.44261E-04, 1.43971E-05, 1.19146E-05, 9.41578E-06, 2.21186E-03
13, 9.89892E-04, 3.36226E-04, 2.53869E-04, 1.45079E-04, 1.42112E-05, 1.18245E-05, 9.31749E-06, 2.03554E-03
14, 1.01837E-03, 3.31325E-04, 2.72311E-04, 1.43403E-04, 1.40350E-05, 1.17442E-05, 9.23014E-06, 1.50845E-03
15, 1.03352E-03, 3.22680E-04, 2.86049E-04, 1.39334E-04, 1.38674E-05, 1.16724E-05, 9.13727E-06, 1.45395E-03
16, 1.08068E-03, 3.27654E-04, 2.94222E-04, 1.33061E-04, 1.37030E-05, 1.15985E-05, 9.04507E-06, 1.18913E-03
17, 1.11289E-03, 3.31241E-04, 2.96145E-04, 1.24845E-04, 1.35387E-05, 1.15300E-05, 8.96103E-06, 1.15095E-03
18, 1.12847E-03, 3.31566E-04, 2.97844E-04, 1.24973E-04, 1.33775E-05, 1.14635E-05, 8.88232E-06, 1.17358E-03
19, 1.12619E-03, 3.28610E-04, 3.26889E-04, 1.29201E-04, 1.32213E-05, 1.13992E-05, 8.80560E-06, 1.22873E-03
20, 1.10538E-03, 3.28524E-04, 3.50582E-04, 1.32400E-04, 1.30588E-05, 1.13414E-05, 8.72905E-06, 1.30835E-03
21, 1.08295E-03, 3.35670E-04, 3.67710E-04, 1.34318E-04, 1.28965E-05, 1.12800E-05, 8.65506E-06, 1.34204E-03
22, 1.08240E-03, 3.39243E-04, 3.77245E-04, 1.34721E-04, 1.27329E-05, 1.12155E-05, 8.58523E-06, 1.33355E-03
23, 1.06322E-03, 3.42832E-04, 3.78408E-04, 1.33411E-04, 1.25588E-05, 1.11582E-05, 8.51139E-06, 1.28979E-03
24, 1.02508E-03, 3.77180E-04, 3.70717E-04, 1.33475E-04, 1.23794E-05, 1.11030E-05, 8.43873E-06, 1.21924E-03
25, 1.06384E-03, 4.10168E-04, 3.54023E-04, 1.40294E-04, 1.22061E-05, 1.10482E-05, 8.36661E-06, 1.18462E-03
26, 1.12057E-03, 4.41388E-04, 3.83904E-04, 1.46379E-04, 1.20221E-05, 1.09925E-05, 8.28896E-06, 1.21393E-03
27, 1.18882E-03, 4.70476E-04, 4.19833E-04, 1.51384E-04, 1.18324E-05, 1.09316E-05, 8.20892E-06, 1.20955E-03
28, 1.23353E-03, 4.97103E-04, 4.50459E-04, 1.54979E-04, 1.16467E-05, 1.08675E-05, 8.12968E-06, 1.17335E-03
29, 1.25420E-03, 5.21179E-04, 4.74851E-04, 1.56875E-04, 1.14607E-05, 1.08016E-05, 8.04988E-06, 1.30278E-03
30, 1.25124E-03, 5.47570E-04, 4.92255E-04, 1.56855E-04, 1.12935E-05, 1.07302E-05, 7.97289E-06, 1.41430E-03
31, 1.22858E-03, 5.70601E-04, 5.02306E-04, 1.54791E-04, 1.11179E-05, 1.06681E-05, 7.89090E-06, 1.48816E-03
32, 1.24021E-03, 5.90046E-04, 5.04693E-04, 1.50653E-04, 1.09598E-05, 1.06108E-05, 7.80865E-06, 1.52245E-03
33, 1.22711E-03, 6.05745E-04, 4.99141E-04, 1.44515E-04, 1.07993E-05, 1.05504E-05, 7.72992E-06, 1.51735E-03
34, 1.19031E-03, 6.17614E-04, 4.85816E-04, 1.36537E-04, 1.06510E-05, 1.04854E-05, 7.65556E-06, 1.47503E-03
35, 1.23447E-03, 6.25635E-04, 4.65129E-04, 1.26957E-04, 1.05179E-05, 1.04221E-05, 7.57542E-06, 1.39927E-03
36, 1.26136E-03, 6.29862E-04, 4.37718E-04, 1.16070E-04, 1.03989E-05, 1.03563E-05, 7.49157E-06, 1.29505E-03
37, 1.26667E-03, 6.30406E-04, 4.04415E-04, 1.04201E-04, 1.02773E-05, 1.02867E-05, 7.40498E-06, 1.27304E-03
38, 1.25053E-03, 6.28342E-04, 3.66205E-04, 9.16927E-05, 1.01536E-05, 1.02121E-05, 7.32413E-06, 1.33107E-03
39, 1.21366E-03, 6.27164E-04, 3.24179E-04, 7.88778E-05, 1.00370E-05, 1.01451E-05, 7.24148E-06, 1.35347E-03
40, 1.15732E-03, 6.22363E-04, 3.22682E-04, 6.60692E-05, 9.94067E-06, 1.00753E-05, 7.15820E-06, 1.34301E-03
41, 1.08329E-03, 6.14195E-04, 3.36213E-04, 6.34530E-05, 9.84782E-06, 1.00060E-05, 7.07481E-06, 1.30375E-03
42, 9.93696E-04, 6.18664E-04, 3.45810E-04, 6.38844E-05, 9.75802E-06, 9.93422E-06, 6.99179E-06, 1.24044E-03
43, 8.90981E-04, 6.57234E-04, 3.48064E-04, 6.41468E-05, 9.66688E-06, 9.86101E-06, 6.90780E-06, 1.15825E-03
44, 8.03262E-04, 6.90507E-04, 3.43354E-04, 6.42443E-05, 9.57566E-06, 9.78594E-06, 6.82336E-06, 1.06229E-03
45, 7.98320E-04, 7.18124E-04, 3.32224E-04, 6.41820E-05, 9.49236E-06, 9.70887E-06, 6.74477E-06, 9.57350E-04
46, 8.05052E-04, 7.39857E-04, 3.15353E-04, 6.47815E-05, 9.42559E-06, 9.62961E-06, 6.67057E-06, 8.47661E-04
47, 8.78355E-04, 7.55610E-04, 2.95687E-04, 6.53306E-05, 9.35808E-06, 9.55385E-06, 6.60190E-06, 7.36787E-04
48, 9.38895E-04, 7.65507E-04, 3.00382E-04, 6.57125E-05, 9.29250E-06, 9.47938E-06, 6.53775E-06, 6.27562E-04
49, 9.86316E-04, 7.69572E-04, 2.99404E-04, 6.59300E-05, 9.22258E-06, 9.40316E-06, 6.47377E-06, 5.22125E-04
50, 1.02058E-03, 7.68044E-04, 2.93076E-04, 6.59864E-05, 9.14863E-06, 9.32638E-06, 6.40861E-06, 4.46654E-04
51, 1.04195E-03, 7.61246E-04, 2.81859E-04, 6.60393E-05, 9.08185E-06, 9.24595E-06, 6.34339E-06, 4.82546E-04
52, 1.05093E-03, 7.49568E-04, 2.66327E-04, 6.68505E-05, 9.01703E-06, 9.16477E-06, 6.27655E-06, 5.03213E-04
53, 1.04826E-03, 7.33448E-04, 2.47136E-04, 6.74699E-05, 8.95095E-06, 9.08270E-06, 6.21041E-06, 5.14801E-04
54, 1.03484E-03, 7.13357E-04, 2.25003E-04, 6.78989E-05, 8.88147E-06, 9.00005E-06, 6.14337E-06, 5.18805E-04
55, 1.01171E-03, 6.89784E-04, 2.20809E-04, 6.81406E-05, 8.81237E-06, 8.91417E-06, 6.07631E-06, 5.11683E-04
56, 9.80029E-04, 6.63223E-04, 2.27932E-04, 6.81988E-05, 8.74475E-06, 8.82646E-06, 6.01012E-06, 4.94654E-04
57, 9.40995E-04, 6.34165E-04, 2.31514E-04, 6.83117E-05, 8.67489E-06, 8.73797E-06, 5.94893E-06, 4.69107E-04
58, 8.95879E-04, 6.03085E-04, 2.31661E-04, 6.88428E-05, 8.60381E-06, 8.64897E-06, 5.89257E-06, 4.36552E-04
59, 8.45956E-04, 5.70440E-04, 2.28600E-04, 6.94545E-05, 8.53390E-06, 8.56069E-06, 5.83660E-06, 3.98567E-04
60, 7.92319E-04, 5.36657E-04, 2.22630E-04, 6.98754E-05, 8.46563E-06, 8.47407E-06, 5.78015E-06, 3.76218E-04
61, 7.36109E-04, 5.02136E-04, 2.14098E-04, 7.01077E-05, 8.40385E-06, 8.38588E-06, 5.72586E-06, 3.72048E-04
62, 6.78394E-04, 4.67241E-04, 2.03386E-04, 7.04871E-05, 8.34683E-06, 8.29854E-06, 5.67081E-06, 3.65653E-04
63, 6.20145E-04, 4.32300E-04, 1.90899E-04, 7.07263E-05, 8.29075E-06, 8.21207E-06, 5.61682E-06, 3.59388E-04
64, 5.70258E-04, 3.97605E-04, 1.77054E-04, 7.07808E-05, 8.23228E-06, 8.12366E-06, 5.56506E-06, 3.61409E-04
65, 5.44112E-04, 3.63412E-04, 1.62260E-04, 7.06547E-05, 8.17521E-06, 8.03832E-06, 5.51545E-06, 3.61386E-04
66, 5.13815E-04, 3.29939E-04, 1.46916E-04, 7.09255E-05, 8.11943E-06, 7.95393E-06, 5.46584E-06, 3.59299E-04
67, 4.80551E-04, 2.97370E-04, 1.31396E-04, 7.16349E-05, 8.06203E-06, 7.86978E-06, 5.41770E-06, 3.55142E-04
68, 4.45433E-04, 2.65856E-04, 1.16043E-04, 7.21474E-05, 8.00627E-06, 7.78601E-06, 5.36997E-06, 3.48928E-04
69, 4.09489E-04, 2.35516E-04, 1.01158E-04, 7.24639E-05, 7.95275E-06, 7.70436E-06, 5.32333E-06, 3.41022E-04
70, 3.73635E-04, 2.15240E-04, 8.70032E-05, 7.25866E-05, 7.89760E-06, 7.62258E-06, 5.27578E-06, 3.43260E-04
71, 3.38666E-04, 2.03869E-04, 7.37889E-05, 7.26806E-05, 7.84315E-06, 7.54050E-06, 5.22882E-06, 3.43627E-04
72, 3.05244E-04, 1.98992E-04, 7.20857E-05, 7.28045E-05, 7.79058E-06, 7.46150E-06, 5.18164E-06, 3.42096E-04
73, 2.73895E-04, 1.93154E-04, 7.28632E-05, 7.27274E-05, 7.74024E-06, 7.38450E-06, 5.13510E-06, 3.38651E-04
74, 2.70575E-04, 1.87192E-04, 7.34254E-05, 7.27645E-05, 7.69005E-06, 7.30725E-06, 5.09305E-06, 3.33291E-04
75, 2.69366E-04, 1.86007E-04, 7.37685E-05, 7.31353E-05, 7.64105E-06, 7.23186E-06, 5.05204E-06, 3.26030E-04
76, 2.64856E-04, 1.83807E-04, 7.38914E-05, 7.36240E-05, 7.59378E-06, 7.15782E-06, 5.01073E-06, 3.23559E-04
77, 2.57309E-04, 1.80642E-04, 7.37955E-05, 7.40920E-05, 7.54759E-06, 7.08332E-06, 4.96873E-06, 3.24771E-04
78, 2.47051E-04, 1.76572E-04, 7.48341E-05, 7.43394E-05, 7.49985E-06, 7.01150E-06, 4.92653E-06, 3.24237E-04
79, 2.34452E-04, 1.71659E-04, 7.58858E-05, 7.43685E-05, 7.45609E-06, 6.94064E-06, 4.88845E-06, 3.21925E-04
80, 2.19911E-04, 1.65973E-04, 7.67207E-05, 7.41828E-05, 7.41297E-06, 6.87517E-06, 4.85105E-06, 3.17813E-04
81, 2.03840E-04, 1.62856E-04, 7.73340E-05, 7.40817E-05, 7.36936E-06, 6.81345E-06, 4.81389E-06, 3.11897E-04
82, 1.86658E-04, 1.61422E-04, 7.77234E-05, 7.43389E-05, 7.32894E-06, 6.75070E-06, 4.77871E-06, 3.04185E-04
83, 1.68772E-04, 1.59152E-04, 7.78893E-05, 7.44590E-05, 7.28764E-06, 6.68728E-06, 4.74481E-06, 3.04425E-04
84, 1.70625E-04, 1.56079E-04, 7.78349E-05, 7.48684E-05, 7.24551E-06, 6.62715E-06, 4.71204E-06, 3.05018E-04
85, 1.76548E-04, 1.52241E-04, 7.75658E-05, 7.50419E-05, 7.20408E-06, 6.56727E-06, 4.68048E-06, 3.03955E-04
86, 1.82329E-04, 1.47685E-04, 7.81646E-05, 7.49816E-05, 7.16271E-06, 6.50674E-06, 4.64816E-06, 3.01199E-04
87, 1.87820E-04, 1.42460E-04, 7.90958E-05, 7.46912E-05, 7.12099E-06, 6.44743E-06, 4.61444E-06, 2.96723E-04
88, 1.92868E-04, 1.41614E-04, 7.98072E-05, 7.47068E-05, 7.07920E-06, 6.38929E-06, 4.58088E-06, 2.90515E-04
89, 1.97324E-04, 1.40344E-04, 8.02973E-05, 7.47903E-05, 7.03950E-06, 6.33453E-06, 4.54885E-06, 2.82579E-04
90, 2.01048E-04, 1.38339E-04, 8.05668E-05, 7.46089E-05, 6.99969E-06, 6.28067E-06, 4.51876E-06, 2.83812E-04
91, 2.04531E-04, 1.35615E-04, 8.06189E-05, 7.43233E-05, 6.96088E-06, 6.22718E-06, 4.48925E-06, 2.83858E-04
92, 2.16379E-04, 1.32196E-04, 8.04596E-05, 7.44170E-05, 6.92226E-06, 6.17446E-06, 4.45965E-06, 2.82316E-04
93, 2.27440E-04, 1.28112E-04, 8.00968E-05, 7.42632E-05, 6.88462E-06, 6.12253E-06, 4.43120E-06, 2.79147E-04
94, 2.37614E-04, 1.26398E-04, 7.96713E-05, 7.38660E-05, 6.84934E-06, 6.07167E-06, 4.40386E-06, 2.74325E-04
95, 2.46800E-04, 1.28782E-04, 8.05140E-05, 7.40119E-05, 6.81421E-06, 6.02121E-06, 4.37643E-06, 2.67841E-04
96, 2.54899E-04, 1.30575E-04, 8.34061E-05, 7.39201E-05, 6.77950E-06, 5.97156E-06, 4.35012E-06, 2.60966E-04
97, 2.61821E-04, 1.31815E-04, 8.59380E-05, 7.35570E-05, 6.74353E-06, 5.92142E-06, 4.32392E-06, 2.61118E-04
98, 2.67485E-04, 1.32546E-04, 8.81055E-05, 7.29319E-05, 6.70891E-06, 5.87041E-06, 4.29783E-06, 2.60495E-04
99, 2.71822E-04, 1.32810E-04, 8.99087E-05, 7.20774E-05, 6.67693E-06, 5.81920E-06, 4.27194E-06, 2.58361E-04
100, 2.74778E-04, 1.32650E-04, 9.35655E-05, 7.18238E-05, 6.64597E-06, 5.76927E-06, 4.24643E-06, 2.54686E-04
101, 2.76317E-04, 1.32118E-04, 9.71915E-05, 7.16274E-05, 6.61690E-06, 5.71905E-06, 4.22297E-06, 2.49453E-04
102, 2.76418E-04, 1.31257E-04, 1.00382E-04, 7.16370E-05, 6.58977E-06, 5.66882E-06, 4.19994E-06, 2.42663E-04
103, 2.75076E-04, 1.30211E-04, 1.03123E-04, 7.13652E-05, 6.56299E-06, 5.61878E-06, 4.17744E-06, 2.37987E-04
104, 2.72307E-04, 1.30702E-04, 1.05406E-04, 7.08207E-05, 6.53469E-06, 5.56861E-06, 4.15522E-06, 2.36679E-04
105, 2.68140E-04, 1.30812E-04, 1.07228E-04, 7.00138E-05, 6.50586E-06, 5.51880E-06, 4.13311E-06, 2.35328E-04
106, 2.62620E-04, 1.30534E-04, 1.08592E-04, 6.89568E-05, 6.47874E-06, 5.46961E-06, 4.11102E-06, 2.32576E-04
107, 2.55807E-04, 1.29866E-04, 1.09834E-04, 6.76634E-05, 6.45337E-06, 5.42116E-06, 4.08939E-06, 2.28407E-04
108, 2.47772E-04, 1.28809E-04, 1.13586E-04, 6.75240E-05, 6.42917E-06, 5.37167E-06, 4.06882E-06, 2.22821E-04
109, 2.38599E-04, 1.28716E-04, 1.16836E-04, 6.73519E-05, 6.40451E-06, 5.32222E-06, 4.04885E-06, 2.16732E-04
110, 2.28384E-04, 1.29627E-04, 1.19567E-04, 6.69030E-05, 6.37919E-06, 5.27485E-06, 4.02825E-06, 2.14221E-04
111, 2.17229E-04, 1.30167E-04, 1.21773E-04, 6.61869E-05, 6.35447E-06, 5.23064E-06, 4.00771E-06, 2.11911E-04
112, 2.05226E-04, 1.30330E-04, 1.23450E-04, 6.52151E-05, 6.32947E-06, 5.18675E-06, 3.98718E-06, 2.10114E-04
113, 1.92481E-04, 1.30107E-04, 1.24602E-04, 6.40008E-05, 6.30537E-06, 5.14168E-06, 3.96702E-06, 2.07058E-04
114, 1.79100E-04, 1.30175E-04, 1.25550E-04, 6.25585E-05, 6.28230E-06, 5.09584E-06, 3.94743E-06, 2.03765E-04
115, 1.65190E-04, 1.31126E-04, 1.28675E-04, 6.14929E-05, 6.26014E-06, 5.04919E-06, 3.92774E-06, 2.03883E-04
116, 1.50854E-04, 1.31820E-04, 1.31316E-04, 6.11113E-05, 6.23908E-06, 5.00145E-06, 3.90760E-06, 2.03498E-04
117, 1.46030E-04, 1.32256E-04, 1.33458E-04, 6.05014E-05, 6.21909E-06, 4.95621E-06, 3.88846E-06, 2.03721E-04
118, 1.44046E-04, 1.32437E-04, 1.35090E-04, 5.96385E-05, 6.20188E-06, 4.91168E-06, 3.86925E-06, 2.06585E-04
119, 1.41226E-04, 1.32361E-04, 1.36209E-04, 5.85348E-05, 6.18723E-06, 4.86662E-06, 3.84966E-06, 2.08767E-04
120, 1.37643E-04, 1.32029E-04, 1.36816E-04, 5.73427E-05, 6.17282E-06, 4.82164E-06, 3.83041E-06, 2.10312E-04
121, 1.33375E-04, 1.31439E-04, 1.39621E-04, 5.64940E-05, 6.15965E-06, 4.77622E-06, 3.81194E-06, 2.11259E-04
122, 1.28498E-04, 1.30656E-04, 1.42222E-04, 5.54316E-05, 6.14794E-06, 4.72915E-06, 3.79354E-06, 2.11648E-04
123, 1.23091E-04, 1.29823E-04, 1.44374E-04, 5.41723E-05, 6.13598E-06, 4.68365E-06, 3.77546E-06, 2.11515E-04
124, 1.17232E-04, 1.28771E-04, 1.46064E-04, 5.27339E-05, 6.12358E-06, 4.63939E-06, 3.75770E-06, 2.10893E-04
125, 1.10997E-04, 1.27500E-04, 1.47283E-04, 5.16900E-05, 6.11051E-06, 4.59526E-06, 3.73919E-06, 2.13741E-04
126, 1.04457E-04, 1.26004E-04, 1.48025E-04, 5.11280E-05, 6.09963E-06, 4.55019E-06, 3.72126E-06, 2.16344E-04
127, 9.76813E-05, 1.24280E-04, 1.48292E-04, 5.03521E-05, 6.09117E-06, 4.50482E-06, 3.70314E-06, 2.18259E-04
128, 9.07351E-05, 1.22323E-04, 1.48087E-04, 4.93770E-05, 6.08375E-06, 4.45940E-06, 3.68415E-06, 2.19512E-04
129, 8.89797E-05, 1.20130E-04, 1.47420E-04, 4.82185E-05, 6.07716E-06, 4.41543E-06, 3.66569E-06, 2.20129E-04
130, 9.09272E-05, 1.17697E-04, 1.46304E-04, 4.68933E-05, 6.06993E-06, 4.37177E-06, 3.64739E-06, 2.20134E-04
131, 9.26081E-05, 1.16125E-04, 1.44755E-04, 4.54182E-05, 6.06292E-06, 4.32840E-06, 3.62888E-06, 2.19553E-04
132, 9.55931E-05, 1.14283E-04, 1.42793E-04, 4.45123E-05, 6.05546E-06, 4.28519E-06, 3.61086E-06, 2.20168E-04
133, 1.00328E-04, 1.12102E-04, 1.43015E-04, 4.38541E-05, 6.04680E-06, 4.24165E-06, 3.59296E-06, 2.22870E-04
134, 1.04870E-04, 1.09595E-04, 1.43362E-04, 4.30165E-05, 6.03702E-06, 4.19796E-06, 3.57515E-06, 2.24778E-04
135, 1.09211E-04, 1.06774E-04, 1.43372E-04, 4.20135E-05, 6.02705E-06, 4.15518E-06, 3.55685E-06, 2.25914E-04
136, 1.13347E-04, 1.07868E-04, 1.43050E-04, 4.08602E-05, 6.01875E-06, 4.11407E-06, 3.53917E-06, 2.26306E-04
137, 1.20841E-04, 1.09008E-04, 1.42402E-04, 3.99814E-05, 6.00996E-06, 4.07396E-06, 3.52116E-06, 2.25983E-04
138, 1.29216E-04, 1.09810E-04, 1.44557E-04, 3.90759E-05, 6.00093E-06, 4.03339E-06, 3.50299E-06, 2.24977E-04
139, 1.37099E-04, 1.10263E-04, 1.48020E-04, 3.90316E-05, 5.99081E-06, 3.99263E-06, 3.48466E-06, 2.23322E-04
140, 1.44495E-04, 1.10360E-04, 1.51122E-04, 3.95421E-05, 5.97985E-06, 3.95194E-06, 3.46629E-06, 2.24354E-04
141, 1.51409E-04, 1.10096E-04, 1.53865E-04, 3.99978E-05, 5.96898E-06, 3.91169E-06, 3.44769E-06, 2.25792E-04
142, 1.57848E-04, 1.09467E-04, 1.56247E-04, 4.03912E-05, 5.95796E-06, 3.87230E-06, 3.42871E-06, 2.26404E-04
143, 1.63831E-04, 1.08474E-04, 1.58272E-04, 4.07151E-05, 5.94789E-06, 3.83449E-06, 3.41012E-06, 2.26231E-04
144, 1.69353E-04, 1.07119E-04, 1.59943E-04, 4.09622E-05, 5.93742E-06, 3.79697E-06, 3.39102E-06, 2.25313E-04
145, 1.74421E-04, 1.05406E-04, 1.61266E-04, 4.11259E-05, 5.92674E-06, 3.75986E-06, 3.37135E-06, 2.23694E-04
146, 1.79040E-04, 1.03922E-04, 1.62246E-04, 4.11998E-05, 5.91678E-06, 3.72307E-06, 3.35189E-06, 2.21421E-04
147, 1.83217E-04, 1.04538E-04, 1.62891E-04, 4.11781E-05, 5.90502E-06, 3.68727E-06, 3.33215E-06, 2.18540E-04
148, 1.86960E-04, 1.04837E-04, 1.63210E-04, 4.10553E-05, 5.89216E-06, 3.65337E-06, 3.31256E-06, 2.18328E-04
149, 1.90274E-04, 1.04804E-04, 1.63212E-04, 4.08269E-05, 5.87839E-06, 3.62102E-06, 3.29271E-06, 2.18401E-04
150, 1.93166E-04, 1.04426E-04, 1.62907E-04, 4.04886E-05, 5.86345E-06, 3.58885E-06, 3.27319E-06, 2.17722E-04
151, 1.95642E-04, 1.03692E-04, 1.62306E-04, 4.00371E-05, 5.84889E-06, 3.55825E-06, 3.25343E-06, 2.16337E-04
152, 1.97708E-04, 1.02595E-04, 1.61421E-04, 3.94697E-05, 5.83565E-06, 3.52697E-06, 3.23345E-06, 2.14295E-04
153, 1.99369E-04, 1.01127E-04, 1.60262E-04, 3.95021E-05, 5.82274E-06, 3.49523E-06, 3.21357E-06, 2.11642E-04
154, 2.00633E-04, 9.92871E-05, 1.58844E-04, 3.98770E-05, 5.80949E-06, 3.46453E-06, 3.19319E-06, 2.08426E-04
155, 2.01506E-04, 9.70738E-05, 1.57177E-04, 4.01785E-05, 5.79572E-06, 3.43575E-06, 3.17308E-06, 2.04693E-04
156, 2.01994E-04, 9.44897E-05, 1.55276E-04, 4.04089E-05, 5.78141E-06, 3.40668E-06, 3.15316E-06, 2.02729E-04
157, 2.02106E-04, 9.20652E-05, 1.53153E-04, 4.05709E-05, 5.76647E-06, 3.37703E-06, 3.13356E-06, 2.01712E-04
158, 2.01849E-04, 9.54183E-05, 1.50821E-04, 4.06669E-05, 5.75052E-06, 3.34815E-06, 3.11362E-06, 2.00056E-04
159, 2.01231E-04, 9.90292E-05, 1.48293E-04, 4.07666E-05, 5.73347E-06, 3.31976E-06, 3.09391E-06, 1.97807E-04
160, 2.00262E-04, 1.02407E-04, 1.45583E-04, 4.11507E-05, 5.71610E-06, 3.29174E-06, 3.07406E-06, 1.95010E-04
161, 1.98952E-04, 1.05866E-04, 1.42704E-04, 4.14631E-05, 5.69857E-06, 3.26423E-06, 3.05421E-06, 1.91710E-04
162, 1.97311E-04, 1.10477E-04, 1.39667E-04, 4.17063E-05, 5.68085E-06, 3.23636E-06, 3.03425E-06, 1.93328E-04
163, 1.95353E-04, 1.14802E-04, 1.36486E-04, 4.18825E-05, 5.66251E-06, 3.20824E-06, 3.01416E-06, 1.95204E-04
164, 1.93089E-04, 1.18827E-04, 1.33174E-04, 4.19945E-05, 5.64380E-06, 3.18065E-06, 2.99389E-06, 1.96506E-04
165, 1.90532E-04, 1.22536E-04, 1.29743E-04, 4.20446E-05, 5.62427E-06, 3.15276E-06, 2.97376E-06, 2.03805E-04
166, 1.87699E-04, 1.25919E-04, 1.26204E-04, 4.23461E-05, 5.60297E-06, 3.12521E-06, 2.95329E-06, 2.12254E-04
167, 1.84602E-04, 1.28964E-04, 1.22570E-04, 4.26730E-05, 5.58067E-06, 3.09748E-06, 2.93314E-06, 2.20241E-04
168, 1.81260E-04, 1.31662E-04, 1.18853E-04, 4.29328E-05, 5.55776E-06, 3.07011E-06, 2.91286E-06, 2.27724E-04
169, 1.77688E-04, 1.34134E-04, 1.15062E-04, 4.31276E-05, 5.53470E-06, 3.04343E-06, 2.89334E-06, 2.34670E-04
170, 1.73903E-04, 1.37123E-04, 1.11211E-04, 4.32599E-05, 5.51111E-06, 3.01729E-06, 2.87427E-06, 2.41044E-04
171, 1.69924E-04, 1.39714E-04, 1.07309E-04, 4.33320E-05, 5.48642E-06, 2.99086E-06, 2.85545E-06, 2.46819E-04
172, 1.65768E-04, 1.41907E-04, 1.03367E-04, 4.33859E-05, 5.46145E-06, 2.96480E-06, 2.83708E-06, 2.51972E-04
173, 1.61454E-04, 1.43700E-04, 9.93954E-05, 4.37308E-05, 5.43690E-06, 2.93875E-06, 2.81891E-06, 2.56484E-04
174, 1.57266E-04, 1.45096E-04, 9.54045E-05, 4.40112E-05, 5.41328E-06, 2.91259E-06, 2.80068E-06, 2.60338E-04
175, 1.53058E-04, 1.46099E-04, 9.14042E-05, 4.42290E-05, 5.38995E-06, 2.88767E-06, 2.78271E-06, 2.63527E-04
176, 1.48748E-04, 1.46716E-04, 8.74040E-05, 4.43864E-05, 5.36606E-06, 2.86383E-06, 2.76460E-06, 2.66043E-04
177, 1.44406E-04, 1.46955E-04, 8.34153E-05, 4.44856E-05, 5.34148E-06, 2.84155E-06, 2.74658E-06, 2.67885E-04
178, 1.42758E-04, 1.46825E-04, 7.94460E-05, 4.45288E-05, 5.31621E-06, 2.82115E-06, 2.72948E-06, 2.69055E-04
179, 1.40966E-04, 1.46339E-04, 7.55048E-05, 4.45181E-05, 5.29111E-06, 2.80144E-06, 2.71301E-06, 2.69559E-04
180, 1.40067E-04, 1.45510E-04, 7.16005E-05, 4.45491E-05, 5.26673E-06, 2.78303E-06, 2.69665E-06, 2.69407E-04
181, 1.39135E-04, 1.44351E-04, 6.77418E-05, 4.52694E-05, 5.24385E-06, 2.76483E-06, 2.68115E-06, 2.68610E-04
182, 1.38016E-04, 1.42879E-04, 6.53234E-05, 4.64486E-05, 5.22198E-06, 2.74642E-06, 2.66657E-06, 2.67183E-04
183, 1.36707E-04, 1.41109E-04, 6.56405E-05, 4.75772E-05, 5.20052E-06, 2.72814E-06, 2.65302E-06, 2.65144E-04
184, 1.35202E-04, 1.39059E-04, 6.58565E-05, 4.86554E-05, 5.17933E-06, 2.71013E-06, 2.64014E-06, 2.62511E-04
185, 1.33501E-04, 1.36746E-04, 6.59749E-05, 4.96832E-05, 5.15895E-06, 2.69224E-06, 2.62747E-06, 2.59305E-04
186, 1.31601E-04, 1.34187E-04, 6.59995E-05, 5.06611E-05, 5.13951E-06, 2.67414E-06, 2.61465E-06, 2.55546E-04
187, 1.29500E-04, 1.31402E-04, 6.59346E-05, 5.15895E-05, 5.12140E-06, 2.65562E-06, 2.60192E-06, 2.51256E-04
188, 1.27200E-04, 1.28409E-04, 6.57846E-05, 5.24688E-05, 5.10342E-06, 2.63661E-06, 2.58961E-06, 2.46458E-04
189, 1.28885E-04, 1.25225E-04, 6.58196E-05, 5.32994E-05, 5.08514E-06, 2.61740E-06, 2.57713E-06, 2.41173E-04
190, 1.32218E-04, 1.21869E-04, 6.58032E-05, 5.40820E-05, 5.06644E-06, 2.59797E-06, 2.56476E-06, 2.35426E-04
191, 1.35373E-04, 1.18357E-04, 6.57212E-05, 5.48170E-05, 5.04733E-06, 2.57898E-06, 2.55256E-06, 2.29236E-04
192, 1.38897E-04, 1.14709E-04, 6.55772E-05, 5.55049E-05, 5.02815E-06, 2.55963E-06, 2.54022E-06, 2.22627E-04
193, 1.43278E-04, 1.10939E-04, 6.53749E-05, 5.61462E-05, 5.00960E-06, 2.54022E-06, 2.52796E-06, 2.15619E-04
194, 1.47533E-04, 1.07065E-04, 6.51177E-05, 5.67413E-05, 4.99103E-06, 2.52112E-06, 2.51562E-06, 2.08233E-04
195, 1.51652E-04, 1.03414E-04, 6.48090E-05, 5.72906E-05, 4.97213E-06, 2.50307E-06, 2.50357E-06, 2.00490E-04
196, 1.55624E-04, 1.00476E-04, 6.50166E-05, 5.77945E-05, 4.95340E-06, 2.48536E-06, 2.49159E-06, 1.92410E-04
197, 1.59438E-04, 9.82029E-05, 6.61855E-05, 5.82532E-05, 4.93454E-06, 2.46773E-06, 2.47966E-06, 1.84011E-04
198, 1.63083E-04, 9.98023E-05, 6.78278E-05, 5.96029E-05, 4.91550E-06, 2.45026E-06, 2.46786E-06, 1.75315E-04
199, 1.66551E-04, 1.01251E-04, 6.93533E-05, 6.09717E-05, 4.89676E-06, 2.43314E-06, 2.45659E-06, 1.66338E-04
200, 1.69831E-04, 1.02547E-04, 7.07584E-05, 6.22518E-05, 4.87808E-06, 2.41593E-06, 2.44523E-06, 1.57101E-04
201, 1.72914E-04, 1.03688E-04, 7.20403E-05, 6.34422E-05, 4.85898E-06, 2.39891E-06, 2.43370E-06, 1.47622E-04
202, 1.75792E-04, 1.04672E-04, 7.39382E-05, 6.45419E-05, 4.83920E-06, 2.38180E-06, 2.42232E-06, 1.37920E-04
203, 1.78457E-04, 1.05498E-04, 7.59007E-05, 6.55503E-05, 4.81913E-06, 2.36502E-06, 2.41105E-06, 1.28014E-04
204, 1.80900E-04, 1.06187E-04, 7.77487E-05, 6.64667E-05, 4.79890E-06, 2.34776E-06, 2.39962E-06, 1.25964E-04
205, 1.83115E-04, 1.07677E-04, 7.94791E-05, 6.72909E-05, 4.77871E-06, 2.33026E-06, 2.38851E-06, 1.27106E-04
206, 1.85095E-04, 1.09003E-04, 8.10891E-05, 6.80228E-05, 4.75869E-06, 2.31285E-06, 2.37744E-06, 1.27683E-04
207, 1.86836E-04, 1.10166E-04, 8.25773E-05, 6.86626E-05, 4.73966E-06, 2.29541E-06, 2.36630E-06, 1.27690E-04
208, 1.88330E-04, 1.11169E-04, 8.39409E-05, 6.92104E-05, 4.72089E-06, 2.27846E-06, 2.35494E-06, 1.27131E-04
209, 1.89575E-04, 1.12013E-04, 8.51774E-05, 6.96668E-05, 4.70204E-06, 2.26140E-06, 2.34346E-06, 1.26012E-04
210, 1.90567E-04, 1.12699E-04, 8.66402E-05, 7.00324E-05, 4.68317E-06, 2.24430E-06, 2.33221E-06, 1.24349E-04
211, 1.91602E-04, 1.13228E-04, 8.87242E-05, 7.03081E-05, 4.66413E-06, 2.22746E-06, 2.32106E-06, 1.22160E-04
212, 1.92744E-04, 1.13601E-04, 9.07052E-05, 7.04950E-05, 4.64543E-06, 2.21066E-06, 2.30997E-06, 1.19473E-04
213, 1.93626E-04, 1.13820E-04, 9.25790E-05, 7.05941E-05, 4.62669E-06, 2.19384E-06, 2.29859E-06, 1.16317E-04
214, 1.94247E-04, 1.13885E-04, 9.43421E-05, 7.06069E-05, 4.60810E-06, 2.17737E-06, 2.28701E-06, 1.12730E-04
215, 1.95103E-04, 1.13798E-04, 9.59909E-05, 7.05348E-05, 4.58957E-06, 2.16159E-06, 2.27564E-06, 1.08751E-04
216, 1.96410E-04, 1.13560E-04, 9.75221E-05, 7.03795E-05, 4.57109E-06, 2.14590E-06, 2.26430E-06, 1.10459E-04
217, 1.97501E-04, 1.13174E-04, 9.89328E-05, 7.01429E-05, 4.55311E-06, 2.13031E-06, 2.25318E-06, 1.13296E-04
218, 1.98373E-04, 1.12641E-04, 1.00220E-04, 6.98268E-05, 4.53667E-06, 2.11470E-06, 2.24197E-06, 1.15847E-04
219, 1.99023E-04, 1.12761E-04, 1.01382E-04, 6.94333E-05, 4.52040E-06, 2.09893E-06, 2.23085E-06, 1.18109E-04
220, 1.99449E-04, 1.14911E-04, 1.02416E-04, 6.89647E-05, 4.50373E-06, 2.08323E-06, 2.21984E-06, 1.20081E-04
221, 1.99651E-04, 1.16952E-04, 1.03321E-04, 6.84231E-05, 4.48838E-06, 2.06720E-06, 2.20885E-06, 1.23941E-04
222, 1.99628E-04, 1.18879E-04, 1.04094E-04, 6.78111E-05, 4.47276E-06, 2.05132E-06, 2.19775E-06, 1.27786E-04
223, 1.99378E-04, 1.20692E-04, 1.04736E-04, 6.71311E-05, 4.45632E-06, 2.03569E-06, 2.18663E-06, 1.31310E-04
224, 1.98904E-04, 1.22385E-04, 1.05244E-04, 6.66032E-05, 4.43897E-06, 2.02000E-06, 2.17555E-06, 1.34500E-04
225, 1.98205E-04, 1.23957E-04, 1.05620E-04, 6.61217E-05, 4.42048E-06, 2.00406E-06, 2.16437E-06, 1.37343E-04
226, 1.97285E-04, 1.25405E-04, 1.05862E-04, 6.55786E-05, 4.40125E-06, 1.98810E-06, 2.15313E-06, 1.39828E-04
227, 1.96144E-04, 1.26728E-04, 1.06621E-04, 6.49756E-05, 4.38096E-06, 1.97284E-06, 2.14199E-06, 1.41947E-04
228, 1.94787E-04, 1.27922E-04, 1.07983E-04, 6.43146E-05, 4.35914E-06, 1.95913E-06, 2.13064E-06, 1.43696E-04
229, 1.93217E-04, 1.28986E-04, 1.09245E-04, 6.35973E-05, 4.33683E-06, 1.94530E-06, 2.11938E-06, 1.45070E-04
230, 1.91438E-04, 1.29919E-04, 1.10404E-04, 6.28259E-05, 4.31428E-06, 1.93127E-06, 2.10810E-06, 1.46069E-04
231, 1.89455E-04, 1.30720E-04, 1.11455E-04, 6.20026E-05, 4.29142E-06, 1.91749E-06, 2.09669E-06, 1.49753E-04
232, 1.87273E-04, 1.31387E-04, 1.12397E-04, 6.11295E-05, 4.26793E-06, 1.90372E-06, 2.08517E-06, 1.56084E-04
233, 1.84899E-04, 1.31921E-04, 1.13224E-04, 6.02091E-05, 4.24410E-06, 1.88985E-06, 2.07365E-06, 1.62620E-04
234, 1.82338E-04, 1.32321E-04, 1.13936E-04, 5.92439E-05, 4.21958E-06, 1.87582E-06, 2.06213E-06, 1.68765E-04
235, 1.79598E-04, 1.32586E-04, 1.14527E-04, 5.82362E-05, 4.19388E-06, 1.86172E-06, 2.05049E-06, 1.74509E-04
236, 1.76686E-04, 1.32718E-04, 1.14998E-04, 5.71887E-05, 4.16761E-06, 1.84766E-06, 2.03866E-06, 1.79844E-04
237, 1.73876E-04, 1.32717E-04, 1.15345E-04, 5.61040E-05, 4.14111E-06, 1.83368E-06, 2.02680E-06, 1.84763E-04
238, 1.71773E-04, 1.32584E-04, 1.15566E-04, 5.49847E-05, 4.11427E-06, 1.81975E-06, 2.01474E-06, 1.89261E-04
239, 1.69484E-04, 1.32325E-04, 1.15661E-04, 5.38336E-05, 4.08700E-06, 1.80582E-06, 2.00270E-06, 1.93334E-04
240, 1.67017E-04, 1.31938E-04, 1.15629E-04, 5.26533E-05, 4.05893E-06, 1.79200E-06, 1.99052E-06, 1.96978E-04
241, 1.64378E-04, 1.31423E-04, 1.15468E-04, 5.14466E-05, 4.03051E-06, 1.77826E-06, 1.97814E-06, 2.00193E-04
242, 1.61576E-04, 1.30783E-04, 1.15179E-04, 5.02161E-05, 4.00143E-06, 1.76466E-06, 1.96583E-06, 2.02978E-04
243, 1.58618E-04, 1.30020E-04, 1.14761E-04, 4.89645E-05, 3.97191E-06, 1.75150E-06, 1.95339E-06, 2.05335E-04
244, 1.55514E-04, 1.30064E-04, 1.14216E-04, 4.76945E-05, 3.94174E-06, 1.73857E-06, 1.94085E-06, 2.07267E-04
245, 1.52727E-04, 1.30723E-04, 1.13544E-04, 4.64088E-05, 3.91097E-06, 1.72572E-06, 1.92832E-06, 2.08775E-04
246, 1.50784E-04, 1.31279E-04, 1.12746E-04, 4.51099E-05, 3.87975E-06, 1.71282E-06, 1.91593E-06, 2.09866E-04
247, 1.48696E-04, 1.31730E-04, 1.11825E-04, 4.38005E-05, 3.84818E-06, 1.69995E-06, 1.90357E-06, 2.10543E-04
248, 1.46467E-04, 1.32073E-04, 1.10782E-04, 4.24831E-05, 3.81647E-06, 1.68725E-06, 1.89104E-06, 2.10815E-04
249, 1.44105E-04, 1.32306E-04, 1.09620E-04, 4.11601E-05, 3.78420E-06, 1.67465E-06, 1.87843E-06, 2.10687E-04
250, 1.41614E-04, 1.32426E-04, 1.08342E-04, 3.98340E-05, 3.75120E-06, 1.66204E-06, 1.86588E-06, 2.10169E-04
