time_step, rel_err_u, rel_err_v, rel_err_w, rel_err_p
0, 0.00000E+00, 0.00000E+00, 0.00000E+00, 0.00000E+00
1, 2.90514E-04, 3.10199E-04, 3.65423E-04, 4.81495E-03
2, 2.48670E-04, 1.95798E-04, 1.65400E-04, 8.13988E-03
3, 2.42791E-04, 1.81622E-04, 8.84275E-05, 2.71156E-04
4, 2.45322E-04, 1.58617E-04, 8.86907E-05, 2.18950E-04
5, 2.49395E-04, 1.57765E-04, 8.81947E-05, 7.50610E-05
6, 2.54083E-04, 1.62433E-04, 8.71071E-05, 7.51735E-05
7, 2.59826E-04, 1.66618E-04, 8.54176E-05, 7.67335E-05
8, 2.68346E-04, 1.70357E-04, 8.31259E-05, 7.77839E-05
9, 2.75386E-04, 1.73664E-04, 8.02524E-05, 7.82659E-05
10, 2.83134E-04, 1.76493E-04, 8.01066E-05, 7.95706E-05
11, 2.96125E-04, 1.78826E-04, 7.95056E-05, 8.21342E-05
12, 3.07469E-04, 1.80649E-04, 7.82559E-05, 8.45080E-05
13, 3.17062E-04, 1.81949E-04, 8.15226E-05, 8.66491E-05
14, 3.31473E-04, 1.82716E-04, 8.64785E-05, 8.85541E-05
15, 3.47665E-04, 1.83276E-04, 9.13389E-05, 9.02089E-05
16, 3.63255E-04, 1.83578E-04, 9.60533E-05, 9.16003E-05
17, 3.78128E-04, 1.83352E-04, 1.00569E-04, 9.27205E-05
18, 3.92168E-04, 1.82590E-04, 1.04834E-04, 9.35651E-05
19, 4.05265E-04, 1.81824E-04, 1.08792E-04, 9.41328E-05
20, 4.17310E-04, 1.85472E-04, 1.12391E-04, 9.44260E-05
21, 4.31838E-04, 1.88676E-04, 1.15578E-04, 9.44502E-05
22, 4.51627E-04, 1.91416E-04, 1.18302E-04, 9.57169E-05
23, 4.70536E-04, 1.93672E-04, 1.20514E-04, 9.84586E-05
24, 4.88421E-04, 1.95431E-04, 1.22170E-04, 1.00939E-04
25, 5.05135E-04, 1.96677E-04, 1.24004E-04, 1.03138E-04
26, 5.20527E-04, 1.97400E-04, 1.31243E-04, 1.05037E-04
27, 5.34459E-04, 1.97591E-04, 1.38237E-04, 1.06619E-04
28, 5.46800E-04, 1.97244E-04, 1.44914E-04, 1.07872E-04
29, 5.57426E-04, 1.97302E-04, 1.51204E-04, 1.08786E-04
30, 5.66224E-04, 1.97042E-04, 1.57036E-04, 1.09354E-04
31, 5.73090E-04, 1.96246E-04, 1.62341E-04, 1.09572E-04
32, 5.77935E-04, 1.94911E-04, 1.67052E-04, 1.09440E-04
33, 5.83744E-04, 1.93039E-04, 1.71106E-04, 1.08960E-04
34, 5.98137E-04, 1.90633E-04, 1.74447E-04, 1.08138E-04
35, 6.10632E-04, 1.88085E-04, 1.77020E-04, 1.06982E-04
36, 6.21086E-04, 1.87009E-04, 1.78780E-04, 1.06741E-04
37, 6.29372E-04, 1.88379E-04, 1.79688E-04, 1.07144E-04
38, 6.35372E-04, 1.89298E-04, 1.79711E-04, 1.07170E-04
39, 6.38985E-04, 1.89758E-04, 1.78828E-04, 1.06818E-04
40, 6.40125E-04, 1.89755E-04, 1.80394E-04, 1.06092E-04
41, 6.38725E-04, 1.89289E-04, 1.88512E-04, 1.04999E-04
42, 6.34734E-04, 1.88360E-04, 1.95951E-04, 1.03552E-04
43, 6.28123E-04, 1.86974E-04, 2.02626E-04, 1.01767E-04
44, 6.18882E-04, 1.88268E-04, 2.08457E-04, 9.96644E-05
45, 6.21050E-04, 1.90580E-04, 2.13368E-04, 9.72671E-05
46, 6.23219E-04, 1.92414E-04, 2.17291E-04, 9.46026E-05
47, 6.22864E-04, 1.93753E-04, 2.20164E-04, 9.17005E-05
48, 6.19917E-04, 1.94581E-04, 2.21934E-04, 8.85931E-05
49, 6.14331E-04, 1.94888E-04, 2.22555E-04, 8.53144E-05
50, 6.06077E-04, 1.95599E-04, 2.21995E-04, 8.18998E-05
51, 5.95148E-04, 2.05620E-04, 2.20228E-04, 8.17301E-05
52, 5.81560E-04, 2.15476E-04, 2.17241E-04, 8.15692E-05
53, 5.89764E-04, 2.25139E-04, 2.13031E-04, 8.13161E-05
54, 5.99492E-04, 2.34580E-04, 2.07607E-04, 8.09869E-05
55, 6.07723E-04, 2.43771E-04, 2.16120E-04, 8.05981E-05
56, 6.31032E-04, 2.52685E-04, 2.26975E-04, 8.01666E-05
57, 6.51325E-04, 2.61295E-04, 2.37223E-04, 7.97093E-05
58, 6.68485E-04, 2.69578E-04, 2.46789E-04, 7.92422E-05
59, 6.82428E-04, 2.77509E-04, 2.55604E-04, 7.87805E-05
60, 6.93097E-04, 2.85067E-04, 2.63602E-04, 7.83375E-05
61, 7.00469E-04, 2.92232E-04, 2.70724E-04, 7.79247E-05
62, 7.04550E-04, 2.98986E-04, 2.76914E-04, 7.75510E-05
63, 7.05375E-04, 3.05312E-04, 2.82125E-04, 7.72228E-05
64, 7.03004E-04, 3.11196E-04, 2.86324E-04, 7.69434E-05
65, 6.97526E-04, 3.17876E-04, 2.89486E-04, 7.67129E-05
66, 6.92816E-04, 3.24357E-04, 2.91569E-04, 7.65891E-05
67, 6.97732E-04, 3.30329E-04, 2.92555E-04, 7.65401E-05
68, 6.99221E-04, 3.35780E-04, 2.92433E-04, 7.65158E-05
69, 6.97301E-04, 3.40697E-04, 2.91204E-04, 7.65033E-05
70, 6.92019E-04, 3.45074E-04, 2.88874E-04, 7.64880E-05
71, 6.83451E-04, 3.48902E-04, 2.85459E-04, 7.64532E-05
72, 6.85369E-04, 3.52179E-04, 2.80983E-04, 7.63810E-05
73, 7.00974E-04, 3.54904E-04, 2.75477E-04, 7.62530E-05
74, 7.13747E-04, 3.57077E-04, 2.68981E-04, 7.61162E-05
75, 7.23609E-04, 3.58702E-04, 2.61542E-04, 7.60666E-05
76, 7.30503E-04, 3.59785E-04, 2.53210E-04, 7.59225E-05
77, 7.34395E-04, 3.60332E-04, 2.44046E-04, 7.56677E-05
78, 7.35270E-04, 3.60355E-04, 2.34111E-04, 7.52881E-05
79, 7.33138E-04, 3.59865E-04, 2.23475E-04, 7.47718E-05
80, 7.28026E-04, 3.58874E-04, 2.12209E-04, 7.41097E-05
81, 7.19981E-04, 3.58225E-04, 2.00388E-04, 7.32956E-05
82, 7.09072E-04, 3.57830E-04, 1.88088E-04, 7.23263E-05
83, 6.95381E-04, 3.56907E-04, 1.81866E-04, 7.12017E-05
84, 6.79010E-04, 3.55472E-04, 1.85414E-04, 7.06180E-05
85, 6.60074E-04, 3.53543E-04, 1.88336E-04, 7.01590E-05
86, 6.38704E-04, 3.51139E-04, 1.90632E-04, 6.95573E-05
87, 6.15040E-04, 3.48279E-04, 1.93434E-04, 6.88219E-05
88, 5.89238E-04, 3.53319E-04, 1.96619E-04, 6.79640E-05
89, 5.61459E-04, 3.65348E-04, 1.98763E-04, 6.69965E-05
90, 5.31874E-04, 3.76641E-04, 1.99881E-04, 6.59337E-05
91, 5.00662E-04, 3.87161E-04, 1.99992E-04, 6.47906E-05
92, 4.68005E-04, 3.96878E-04, 1.99123E-04, 6.36428E-05
93, 4.61121E-04, 4.05765E-04, 1.97305E-04, 6.26536E-05
94, 4.65309E-04, 4.13801E-04, 1.94575E-04, 6.16285E-05
95, 4.67429E-04, 4.20969E-04, 1.90974E-04, 6.05820E-05
96, 4.68790E-04, 4.27257E-04, 1.86549E-04, 5.95276E-05
97, 4.92164E-04, 4.32658E-04, 1.81350E-04, 5.84778E-05
98, 5.13739E-04, 4.37171E-04, 1.79375E-04, 5.74439E-05
99, 5.33461E-04, 4.40798E-04, 1.82327E-04, 5.64355E-05
100, 5.51287E-04, 4.43547E-04, 1.84437E-04, 5.54609E-05
101, 5.67187E-04, 4.45424E-04, 1.85706E-04, 5.45267E-05
102, 5.81142E-04, 4.46442E-04, 1.86146E-04, 5.36379E-05
103, 5.93145E-04, 4.46619E-04, 1.85772E-04, 5.27978E-05
104, 6.03198E-04, 4.45975E-04, 1.84604E-04, 5.20212E-05
105, 6.11315E-04, 4.44532E-04, 1.82668E-04, 5.15818E-05
106, 6.17518E-04, 4.42317E-04, 1.79993E-04, 5.11893E-05
107, 6.21838E-04, 4.39359E-04, 1.76615E-04, 5.08394E-05
108, 6.24317E-04, 4.35686E-04, 1.72572E-04, 5.05289E-05
109, 6.25002E-04, 4.31331E-04, 1.67904E-04, 5.02536E-05
110, 6.23948E-04, 4.26328E-04, 1.62657E-04, 5.00089E-05
111, 6.21217E-04, 4.20710E-04, 1.56878E-04, 4.97896E-05
112, 6.16877E-04, 4.14513E-04, 1.50616E-04, 4.95901E-05
113, 6.11000E-04, 4.07773E-04, 1.43923E-04, 4.94048E-05
114, 6.03664E-04, 4.00526E-04, 1.37084E-04, 4.92278E-05
115, 5.94950E-04, 3.92810E-04, 1.40355E-04, 4.91161E-05
116, 5.84943E-04, 3.84662E-04, 1.43063E-04, 4.90372E-05
117, 5.73729E-04, 3.76117E-04, 1.45210E-04, 4.90839E-05
118, 5.61399E-04, 3.67212E-04, 1.46801E-04, 4.91955E-05
119, 5.48054E-04, 3.57984E-04, 1.47840E-04, 4.92865E-05
120, 5.33773E-04, 3.48467E-04, 1.48337E-04, 4.93523E-05
121, 5.18649E-04, 3.38697E-04, 1.48307E-04, 4.93894E-05
122, 5.02773E-04, 3.28706E-04, 1.47764E-04, 4.93944E-05
123, 4.86237E-04, 3.18528E-04, 1.46728E-04, 4.93647E-05
124, 4.69130E-04, 3.08194E-04, 1.45219E-04, 4.93029E-05
125, 4.51541E-04, 2.97736E-04, 1.43261E-04, 4.93065E-05
126, 4.33556E-04, 2.87182E-04, 1.40878E-04, 4.92700E-05
127, 4.15259E-04, 2.76561E-04, 1.38096E-04, 4.91930E-05
128, 3.96733E-04, 2.65901E-04, 1.34945E-04, 4.90752E-05
129, 3.78055E-04, 2.55226E-04, 1.31451E-04, 4.89168E-05
130, 3.70492E-04, 2.44562E-04, 1.27647E-04, 4.87184E-05
131, 3.64909E-04, 2.33931E-04, 1.23562E-04, 4.84810E-05
132, 3.58253E-04, 2.23356E-04, 1.19227E-04, 4.82059E-05
133, 3.50616E-04, 2.12856E-04, 1.14674E-04, 4.79558E-05
134, 3.42090E-04, 2.02450E-04, 1.09934E-04, 4.79195E-05
135, 3.32768E-04, 1.92157E-04, 1.05039E-04, 4.78751E-05
136, 3.22741E-04, 1.81992E-04, 1.00019E-04, 4.77956E-05
137, 3.12104E-04, 1.71971E-04, 9.49056E-05, 4.76824E-05
138, 3.00946E-04, 1.62108E-04, 8.97277E-05, 4.75371E-05
139, 2.89358E-04, 1.52414E-04, 8.45143E-05, 4.73612E-05
140, 2.77427E-04, 1.43697E-04, 7.92930E-05, 4.71561E-05
141, 2.65238E-04, 1.39777E-04, 7.40905E-05, 4.69234E-05
142, 2.52873E-04, 1.35760E-04, 6.89319E-05, 4.66644E-05
143, 2.40410E-04, 1.31665E-04, 6.38410E-05, 4.63804E-05
144, 2.27924E-04, 1.27512E-04, 5.88400E-05, 4.61669E-05
145, 2.15484E-04, 1.23318E-04, 5.39496E-05, 4.59441E-05
146, 2.03156E-04, 1.19102E-04, 4.91886E-05, 4.56973E-05
147, 1.91002E-04, 1.14878E-04, 4.45741E-05, 4.54274E-05
148, 1.79079E-04, 1.10663E-04, 4.31049E-05, 4.51351E-05
149, 1.67436E-04, 1.06470E-04, 4.30149E-05, 4.48212E-05
150, 1.56121E-04, 1.04934E-04, 4.28907E-05, 4.46191E-05
151, 1.49375E-04, 1.04563E-04, 4.27156E-05, 4.45215E-05
152, 1.50585E-04, 1.04044E-04, 4.24914E-05, 4.44016E-05
153, 1.51282E-04, 1.03379E-04, 4.22987E-05, 4.43028E-05
154, 1.51468E-04, 1.02575E-04, 4.22930E-05, 4.42598E-05
155, 1.51153E-04, 1.01633E-04, 4.22563E-05, 4.41920E-05
156, 1.50345E-04, 1.00559E-04, 4.23138E-05, 4.40993E-05
157, 1.49057E-04, 9.93577E-05, 4.26581E-05, 4.39814E-05
158, 1.47302E-04, 9.80337E-05, 4.29728E-05, 4.38385E-05
159, 1.45101E-04, 9.65921E-05, 4.32573E-05, 4.36703E-05
160, 1.42472E-04, 9.50381E-05, 4.35110E-05, 4.34768E-05
161, 1.39438E-04, 9.33770E-05, 4.37337E-05, 4.32581E-05
162, 1.36024E-04, 9.24230E-05, 4.39249E-05, 4.30143E-05
163, 1.32255E-04, 9.21920E-05, 4.40846E-05, 4.27453E-05
164, 1.28158E-04, 9.18350E-05, 4.42124E-05, 4.24515E-05
165, 1.23763E-04, 9.13540E-05, 4.43085E-05, 4.23415E-05
166, 1.19099E-04, 9.07514E-05, 4.43729E-05, 4.22314E-05
167, 1.14195E-04, 9.00298E-05, 4.44057E-05, 4.21884E-05
168, 1.09083E-04, 8.91920E-05, 4.44073E-05, 4.21974E-05
169, 1.03793E-04, 8.82411E-05, 4.43779E-05, 4.21763E-05
170, 1.02859E-04, 8.71802E-05, 4.43180E-05, 4.21251E-05
171, 1.02871E-04, 8.60130E-05, 4.42282E-05, 4.20438E-05
172, 1.02962E-04, 8.47429E-05, 4.41179E-05, 4.19324E-05
173, 1.03127E-04, 8.33738E-05, 4.44230E-05, 4.17909E-05
174, 1.03359E-04, 8.19096E-05, 4.46976E-05, 4.16196E-05
175, 1.03652E-04, 8.09670E-05, 4.49415E-05, 4.14186E-05
176, 1.03998E-04, 8.08276E-05, 4.51543E-05, 4.11883E-05
177, 1.04386E-04, 8.05800E-05, 4.53360E-05, 4.09289E-05
178, 1.04808E-04, 8.02248E-05, 4.54864E-05, 4.07518E-05
179, 1.06937E-04, 7.97631E-05, 4.56055E-05, 4.06653E-05
180, 1.09598E-04, 7.91961E-05, 4.56936E-05, 4.05439E-05
181, 1.12207E-04, 7.85254E-05, 4.57507E-05, 4.03881E-05
182, 1.14766E-04, 7.77525E-05, 4.57771E-05, 4.01983E-05
183, 1.17277E-04, 7.68796E-05, 4.57734E-05, 4.00242E-05
184, 1.19739E-04, 7.59087E-05, 4.57398E-05, 3.99881E-05
185, 1.22151E-04, 7.48422E-05, 4.56769E-05, 3.99195E-05
186, 1.24511E-04, 7.36826E-05, 4.55855E-05, 3.98188E-05
187, 1.26815E-04, 7.32008E-05, 4.54661E-05, 3.96862E-05
188, 1.29060E-04, 7.40462E-05, 4.53195E-05, 3.95221E-05
189, 1.31241E-04, 7.47978E-05, 4.51466E-05, 3.93268E-05
190, 1.33352E-04, 7.54587E-05, 4.53516E-05, 3.91008E-05
191, 1.35389E-04, 7.60323E-05, 4.55617E-05, 3.88770E-05
192, 1.37345E-04, 7.65218E-05, 4.57423E-05, 3.88152E-05
193, 1.39212E-04, 7.69303E-05, 4.58933E-05, 3.87178E-05
194, 1.40985E-04, 7.72610E-05, 4.65841E-05, 3.85854E-05
195, 1.42656E-04, 7.75170E-05, 4.73076E-05, 3.84187E-05
196, 1.44219E-04, 7.77015E-05, 4.79823E-05, 3.82183E-05
197, 1.45665E-04, 7.78176E-05, 4.86076E-05, 3.79850E-05
198, 1.46989E-04, 7.78683E-05, 4.91832E-05, 3.77196E-05
199, 1.48182E-04, 7.78568E-05, 4.97088E-05, 3.74228E-05
200, 1.49239E-04, 7.77861E-05, 5.01842E-05, 3.72623E-05
201, 1.50154E-04, 7.76594E-05, 5.06094E-05, 3.71474E-05
202, 1.50919E-04, 7.74797E-05, 5.16301E-05, 3.70004E-05
203, 1.51529E-04, 7.72508E-05, 5.26439E-05, 3.68218E-05
204, 1.51980E-04, 7.69748E-05, 5.36037E-05, 3.66117E-05
205, 1.52266E-04, 7.66549E-05, 5.45079E-05, 3.65820E-05
206, 1.52383E-04, 7.62941E-05, 5.53550E-05, 3.65173E-05
207, 1.52328E-04, 7.58952E-05, 5.61436E-05, 3.64163E-05
208, 1.52097E-04, 7.54613E-05, 5.68726E-05, 3.62796E-05
209, 1.51688E-04, 7.49953E-05, 5.75411E-05, 3.61073E-05
210, 1.51100E-04, 7.45001E-05, 5.81483E-05, 3.59001E-05
211, 1.50330E-04, 7.39785E-05, 5.86938E-05, 3.56585E-05
212, 1.49379E-04, 7.34334E-05, 5.91773E-05, 3.53829E-05
213, 1.48246E-04, 7.33249E-05, 5.95985E-05, 3.50740E-05
214, 1.46932E-04, 7.32270E-05, 5.99576E-05, 3.47323E-05
215, 1.45439E-04, 7.30753E-05, 6.02548E-05, 3.43584E-05
216, 1.43768E-04, 7.28696E-05, 6.04905E-05, 3.39531E-05
217, 1.41922E-04, 7.26101E-05, 6.12299E-05, 3.37890E-05
218, 1.39904E-04, 7.22970E-05, 6.22338E-05, 3.37684E-05
219, 1.37717E-04, 7.19305E-05, 6.31737E-05, 3.37074E-05
220, 1.35366E-04, 7.22628E-05, 6.40480E-05, 3.36061E-05
221, 1.32856E-04, 7.25504E-05, 6.48551E-05, 3.34649E-05
222, 1.30191E-04, 7.27874E-05, 6.55939E-05, 3.32839E-05
223, 1.27377E-04, 7.29732E-05, 6.62632E-05, 3.30636E-05
224, 1.24421E-04, 7.31072E-05, 6.68624E-05, 3.28043E-05
225, 1.21328E-04, 7.31886E-05, 6.73908E-05, 3.25067E-05
226, 1.18105E-04, 7.32171E-05, 6.78481E-05, 3.21714E-05
227, 1.14758E-04, 7.33352E-05, 6.82342E-05, 3.17989E-05
228, 1.11296E-04, 7.37359E-05, 6.85492E-05, 3.13902E-05
229, 1.07724E-04, 7.41012E-05, 6.87934E-05, 3.09459E-05
230, 1.04050E-04, 7.44313E-05, 6.89672E-05, 3.04670E-05
231, 1.00283E-04, 7.47263E-05, 6.91894E-05, 2.99545E-05
232, 9.64289E-05, 7.49862E-05, 7.00239E-05, 2.96349E-05
233, 9.24965E-05, 7.52111E-05, 7.07992E-05, 2.94793E-05
234, 8.84932E-05, 7.54011E-05, 7.15135E-05, 2.92819E-05
235, 8.44269E-05, 7.55563E-05, 7.21651E-05, 2.90433E-05
236, 8.27036E-05, 7.56766E-05, 7.27528E-05, 2.87643E-05
237, 8.25794E-05, 7.57621E-05, 7.32753E-05, 2.84457E-05
238, 8.23102E-05, 7.58128E-05, 7.37317E-05, 2.82158E-05
239, 8.18998E-05, 7.58287E-05, 7.41211E-05, 2.82168E-05
240, 8.13525E-05, 7.58097E-05, 7.44431E-05, 2.82156E-05
241, 8.06730E-05, 7.57558E-05, 7.46972E-05, 2.82119E-05
242, 7.98664E-05, 7.56670E-05, 7.49222E-05, 2.82054E-05
243, 7.89379E-05, 7.55431E-05, 7.57227E-05, 2.81957E-05
244, 7.78931E-05, 7.53840E-05, 7.64743E-05, 2.81826E-05
245, 7.67379E-05, 7.51897E-05, 7.71756E-05, 2.81656E-05
246, 7.54781E-05, 7.49600E-05, 7.78250E-05, 2.81445E-05
247, 7.41200E-05, 7.46946E-05, 7.84211E-05, 2.81188E-05
248, 7.26696E-05, 7.43936E-05, 7.89625E-05, 2.80882E-05
249, 7.11334E-05, 7.40566E-05, 7.94480E-05, 2.80523E-05
250, 6.95176E-05, 7.37434E-05, 7.98764E-05, 2.80106E-05
251, 6.78286E-05, 7.34410E-05, 8.02469E-05, 2.79629E-05
252, 6.60726E-05, 7.31085E-05, 8.05586E-05, 2.80618E-05
253, 6.42559E-05, 7.27456E-05, 8.08107E-05, 2.83184E-05
254, 6.23846E-05, 7.23519E-05, 8.10027E-05, 2.85764E-05
255, 6.04648E-05, 7.19272E-05, 8.11341E-05, 2.88353E-05
256, 5.85023E-05, 7.14712E-05, 8.12046E-05, 2.90944E-05
257, 5.65029E-05, 7.09835E-05, 8.12142E-05, 2.93531E-05
258, 5.44721E-05, 7.04639E-05, 8.11629E-05, 2.96111E-05
259, 5.24154E-05, 6.99119E-05, 8.10507E-05, 2.98676E-05
260, 5.03380E-05, 6.93273E-05, 8.08780E-05, 3.01221E-05
261, 4.94342E-05, 6.87098E-05, 8.06452E-05, 3.03742E-05
262, 4.99893E-05, 6.80590E-05, 8.03530E-05, 3.06231E-05
263, 5.05083E-05, 6.73746E-05, 8.00020E-05, 3.08685E-05
264, 5.16132E-05, 6.66564E-05, 7.95932E-05, 3.11097E-05
265, 5.30972E-05, 6.59041E-05, 7.91274E-05, 3.13463E-05
266, 5.45585E-05, 6.51176E-05, 7.87318E-05, 3.15777E-05
267, 5.59961E-05, 6.42966E-05, 7.89223E-05, 3.18034E-05
268, 5.74091E-05, 6.36393E-05, 7.90705E-05, 3.20229E-05
269, 5.87970E-05, 6.29806E-05, 7.91763E-05, 3.22357E-05
270, 6.01589E-05, 6.22773E-05, 7.92395E-05, 3.24414E-05
271, 6.14942E-05, 6.15304E-05, 7.92601E-05, 3.26396E-05
272, 6.28024E-05, 6.07409E-05, 7.92381E-05, 3.28296E-05
273, 6.40828E-05, 6.03885E-05, 7.91736E-05, 3.30113E-05
274, 6.53351E-05, 6.07954E-05, 7.90665E-05, 3.31840E-05
275, 6.65589E-05, 6.11572E-05, 7.89172E-05, 3.33474E-05
276, 6.77537E-05, 6.14730E-05, 7.87258E-05, 3.35011E-05
277, 6.90065E-05, 6.17418E-05, 7.95857E-05, 3.36447E-05
278, 7.13260E-05, 6.19630E-05, 8.06561E-05, 3.37779E-05
279, 7.35741E-05, 6.21360E-05, 8.16763E-05, 3.39003E-05
280, 7.57515E-05, 6.22600E-05, 8.26462E-05, 3.40115E-05
281, 7.78588E-05, 6.23346E-05, 8.35658E-05, 3.41113E-05
282, 7.98969E-05, 6.23594E-05, 8.44351E-05, 3.41994E-05
283, 8.18665E-05, 6.23341E-05, 8.52542E-05, 3.42753E-05
284, 8.37683E-05, 6.22583E-05, 8.60231E-05, 3.44623E-05
285, 8.56035E-05, 6.21320E-05, 8.67420E-05, 3.46379E-05
286, 8.73730E-05, 6.19550E-05, 8.74111E-05, 3.48004E-05
287, 8.90770E-05, 6.17274E-05, 8.80306E-05, 3.49493E-05
288, 9.07162E-05, 6.14492E-05, 8.86009E-05, 3.50843E-05
289, 9.22913E-05, 6.11208E-05, 8.91222E-05, 3.52049E-05
290, 9.38031E-05, 6.07423E-05, 8.95950E-05, 3.53109E-05
291, 9.52522E-05, 6.03141E-05, 9.00196E-05, 3.54018E-05
292, 9.66394E-05, 5.98368E-05, 9.03964E-05, 3.54775E-05
293, 9.79651E-05, 5.93181E-05, 9.07259E-05, 3.55376E-05
294, 9.92301E-05, 5.88653E-05, 9.10086E-05, 3.55818E-05
295, 1.00435E-04, 5.90074E-05, 9.12451E-05, 3.56100E-05
296, 1.01580E-04, 5.91862E-05, 9.14357E-05, 3.56220E-05
297, 1.02666E-04, 5.93207E-05, 9.15813E-05, 3.56174E-05
298, 1.03694E-04, 5.94098E-05, 9.16822E-05, 3.55962E-05
299, 1.04664E-04, 5.94525E-05, 9.17391E-05, 3.55583E-05
300, 1.05576E-04, 5.94477E-05, 9.17527E-05, 3.55035E-05
301, 1.06431E-04, 5.93946E-05, 9.17237E-05, 3.54318E-05
302, 1.07229E-04, 5.92923E-05, 9.16526E-05, 3.53430E-05
303, 1.07971E-04, 5.91401E-05, 9.15402E-05, 3.52372E-05
304, 1.08657E-04, 5.89373E-05, 9.13873E-05, 3.51143E-05
305, 1.09287E-04, 5.86833E-05, 9.11944E-05, 3.49743E-05
306, 1.09862E-04, 5.83776E-05, 9.09624E-05, 3.48174E-05
307, 1.10383E-04, 5.80198E-05, 9.06920E-05, 3.46434E-05
308, 1.10849E-04, 5.76096E-05, 9.03840E-05, 3.44526E-05
309, 1.11260E-04, 5.71469E-05, 9.00391E-05, 3.42451E-05
310, 1.11618E-04, 5.66314E-05, 8.96581E-05, 3.40209E-05
311, 1.11923E-04, 5.60632E-05, 8.92418E-05, 3.37951E-05
312, 1.12175E-04, 5.55474E-05, 8.87911E-05, 3.36770E-05
313, 1.12374E-04, 5.50429E-05, 8.83067E-05, 3.35427E-05
314, 1.12520E-04, 5.44935E-05, 8.77894E-05, 3.33924E-05
315, 1.12615E-04, 5.38991E-05, 8.72401E-05, 3.32438E-05
316, 1.12658E-04, 5.32600E-05, 8.66595E-05, 3.32905E-05
317, 1.12650E-04, 5.25764E-05, 8.60486E-05, 3.33292E-05
318, 1.12591E-04, 5.27792E-05, 8.54081E-05, 3.33602E-05
319, 1.12482E-04, 5.38828E-05, 8.47389E-05, 3.33838E-05
320, 1.12324E-04, 5.49564E-05, 8.40419E-05, 3.34003E-05
321, 1.12116E-04, 5.59990E-05, 8.33178E-05, 3.34652E-05
322, 1.11965E-04, 5.70098E-05, 8.25675E-05, 3.35812E-05
323, 1.11798E-04, 5.79879E-05, 8.17919E-05, 3.36892E-05
324, 1.11574E-04, 5.89323E-05, 8.09918E-05, 3.37893E-05
325, 1.11294E-04, 5.98421E-05, 8.01680E-05, 3.38818E-05
326, 1.10960E-04, 6.07167E-05, 7.93215E-05, 3.39670E-05
327, 1.10572E-04, 6.19181E-05, 7.84530E-05, 3.40450E-05
328, 1.10133E-04, 6.31873E-05, 7.75634E-05, 3.41160E-05
329, 1.09644E-04, 6.44154E-05, 7.66535E-05, 3.41804E-05
330, 1.09105E-04, 6.56015E-05, 7.57243E-05, 3.42382E-05
331, 1.08520E-04, 6.67444E-05, 7.47764E-05, 3.42896E-05
332, 1.07888E-04, 6.78433E-05, 7.38108E-05, 3.43349E-05
333, 1.07211E-04, 6.88972E-05, 7.28283E-05, 3.43742E-05
334, 1.06492E-04, 6.99053E-05, 7.18298E-05, 3.45028E-05
335, 1.05731E-04, 7.08668E-05, 7.08160E-05, 3.46398E-05
336, 1.04930E-04, 7.17809E-05, 6.97878E-05, 3.47695E-05
337, 1.04091E-04, 7.26471E-05, 6.87460E-05, 3.48921E-05
338, 1.03214E-04, 7.34646E-05, 6.76915E-05, 3.50075E-05
339, 1.02302E-04, 7.42329E-05, 6.66250E-05, 3.51159E-05
340, 1.01356E-04, 7.49516E-05, 6.55475E-05, 3.52174E-05
341, 1.00378E-04, 7.56202E-05, 6.44596E-05, 3.53120E-05
342, 9.93681E-05, 7.62385E-05, 6.33621E-05, 3.53997E-05
343, 9.83290E-05, 7.68060E-05, 6.22560E-05, 3.54807E-05
344, 9.72617E-05, 7.73225E-05, 6.11420E-05, 3.55550E-05
345, 9.61676E-05, 7.77880E-05, 6.00209E-05, 3.56225E-05
346, 9.50482E-05, 7.83019E-05, 5.88935E-05, 3.56834E-05
347, 9.39049E-05, 7.89008E-05, 5.77606E-05, 3.58037E-05
348, 9.27388E-05, 7.94441E-05, 5.66229E-05, 3.59567E-05
349, 9.15515E-05, 7.99320E-05, 5.54812E-05, 3.61014E-05
350, 9.03441E-05, 8.03647E-05, 5.43364E-05, 3.62378E-05
351, 8.91180E-05, 8.07426E-05, 5.31891E-05, 3.63659E-05
352, 8.78743E-05, 8.10659E-05, 5.20402E-05, 3.64855E-05
353, 8.66143E-05, 8.13353E-05, 5.08904E-05, 3.65967E-05
354, 8.57009E-05, 8.15511E-05, 4.97404E-05, 3.66993E-05
355, 8.52019E-05, 8.17139E-05, 4.85911E-05, 3.67933E-05
356, 8.46813E-05, 8.18245E-05, 4.74433E-05, 3.68785E-05
357, 8.41390E-05, 8.18835E-05, 4.62975E-05, 3.69549E-05
358, 8.37664E-05, 8.18917E-05, 4.51545E-05, 3.70225E-05
359, 8.35456E-05, 8.18499E-05, 4.40150E-05, 3.70810E-05
360, 8.32982E-05, 8.17590E-05, 4.28798E-05, 3.71305E-05
361, 8.30240E-05, 8.16199E-05, 4.17495E-05, 3.71707E-05
362, 8.27226E-05, 8.14335E-05, 4.06248E-05, 3.72016E-05
363, 8.23937E-05, 8.12009E-05, 3.95065E-05, 3.73165E-05
364, 8.20369E-05, 8.09232E-05, 3.83952E-05, 3.74263E-05
365, 8.16521E-05, 8.06014E-05, 3.72915E-05, 3.75250E-05
366, 8.12390E-05, 8.02366E-05, 3.70413E-05, 3.76126E-05
367, 8.07973E-05, 7.98299E-05, 3.71309E-05, 3.76889E-05
368, 8.03269E-05, 7.93826E-05, 3.72056E-05, 3.77538E-05
369, 7.98276E-05, 7.88959E-05, 3.72656E-05, 3.78071E-05
370, 7.92993E-05, 7.83709E-05, 3.73111E-05, 3.78488E-05
371, 7.87418E-05, 7.78089E-05, 3.73425E-05, 3.78786E-05
372, 7.81551E-05, 7.72111E-05, 3.73601E-05, 3.78966E-05
373, 7.75391E-05, 7.65789E-05, 3.73643E-05, 3.79026E-05
374, 7.68939E-05, 7.59133E-05, 3.73553E-05, 3.78964E-05
375, 7.62195E-05, 7.52159E-05, 3.73335E-05, 3.78781E-05
376, 7.55159E-05, 7.44877E-05, 3.72993E-05, 3.78475E-05
377, 7.47834E-05, 7.37301E-05, 3.72531E-05, 3.78046E-05
378, 7.40219E-05, 7.29444E-05, 3.71953E-05, 3.77493E-05
379, 7.32319E-05, 7.21318E-05, 3.71262E-05, 3.76816E-05
380, 7.24134E-05, 7.12935E-05, 3.70463E-05, 3.76014E-05
381, 7.15669E-05, 7.04309E-05, 3.69559E-05, 3.75088E-05
382, 7.06926E-05, 6.95452E-05, 3.68555E-05, 3.74625E-05
383, 7.15319E-05, 6.86375E-05, 3.67456E-05, 3.74317E-05
384, 7.25120E-05, 6.77091E-05, 3.66264E-05, 3.73873E-05
385, 7.34759E-05, 6.67612E-05, 3.64985E-05, 3.73292E-05
386, 7.44230E-05, 6.57950E-05, 3.63622E-05, 3.72575E-05
387, 7.53528E-05, 6.48115E-05, 3.62181E-05, 3.71722E-05
388, 7.62646E-05, 6.38120E-05, 3.61667E-05, 3.70735E-05
389, 7.71580E-05, 6.27975E-05, 3.61129E-05, 3.69614E-05
390, 7.80322E-05, 6.17691E-05, 3.60526E-05, 3.68361E-05
391, 7.92175E-05, 6.07279E-05, 3.59859E-05, 3.66976E-05
392, 8.04187E-05, 5.96749E-05, 3.59131E-05, 3.65462E-05
393, 8.16000E-05, 5.86111E-05, 3.58343E-05, 3.63820E-05
394, 8.27605E-05, 5.75592E-05, 3.57497E-05, 3.62052E-05
395, 8.38996E-05, 5.68156E-05, 3.56595E-05, 3.60160E-05
396, 8.50164E-05, 5.60634E-05, 3.55639E-05, 3.58147E-05
397, 8.61103E-05, 5.53030E-05, 3.56690E-05, 3.56015E-05
398, 8.71803E-05, 5.45347E-05, 3.59595E-05, 3.53767E-05
399, 8.82259E-05, 5.48222E-05, 3.64168E-05, 3.51406E-05
400, 8.92463E-05, 5.52544E-05, 3.68577E-05, 3.48935E-05
401, 9.02408E-05, 5.56652E-05, 3.72821E-05, 3.46357E-05
402, 9.12086E-05, 5.60547E-05, 3.76896E-05, 3.43676E-05
403, 9.21493E-05, 5.64226E-05, 3.80802E-05, 3.40894E-05
404, 9.30620E-05, 5.67688E-05, 3.84535E-05, 3.38017E-05
405, 9.39461E-05, 5.70930E-05, 3.88094E-05, 3.35048E-05
406, 9.48011E-05, 5.73953E-05, 3.91477E-05, 3.31991E-05
407, 9.56262E-05, 5.76754E-05, 3.94682E-05, 3.28850E-05
408, 9.64211E-05, 5.79333E-05, 3.99648E-05, 3.25630E-05
409, 9.71850E-05, 5.81688E-05, 4.05109E-05, 3.22909E-05
410, 9.79174E-05, 5.83820E-05, 4.10412E-05, 3.20254E-05
411, 9.86179E-05, 5.86894E-05, 4.15556E-05, 3.17521E-05
412, 9.92860E-05, 5.91132E-05, 4.20537E-05, 3.14715E-05
413, 9.99211E-05, 5.95144E-05, 4.25355E-05, 3.11841E-05
414, 1.00523E-04, 5.98934E-05, 4.30006E-05, 3.08903E-05
415, 1.01091E-04, 6.02501E-05, 4.34489E-05, 3.05905E-05
416, 1.01624E-04, 6.05847E-05, 4.38802E-05, 3.02853E-05
417, 1.02124E-04, 6.08974E-05, 4.42944E-05, 3.01452E-05
418, 1.02588E-04, 6.11885E-05, 4.46914E-05, 3.05621E-05
419, 1.03017E-04, 6.14578E-05, 4.50710E-05, 3.09668E-05
420, 1.03411E-04, 6.17055E-05, 4.54331E-05, 3.13589E-05
421, 1.03769E-04, 6.19318E-05, 4.57775E-05, 3.17381E-05
422, 1.04091E-04, 6.21366E-05, 4.61042E-05, 3.21040E-05
423, 1.04376E-04, 6.23202E-05, 4.64131E-05, 3.24565E-05
424, 1.04626E-04, 6.24826E-05, 4.68979E-05, 3.27951E-05
425, 1.04839E-04, 6.26238E-05, 4.74788E-05, 3.31197E-05
426, 1.05015E-04, 6.27441E-05, 4.80454E-05, 3.34300E-05
427, 1.05155E-04, 6.28434E-05, 4.85974E-05, 3.37258E-05
428, 1.05258E-04, 6.29220E-05, 4.91347E-05, 3.40067E-05
429, 1.05332E-04, 6.29798E-05, 4.96569E-05, 3.42728E-05
430, 1.05854E-04, 6.30169E-05, 5.01638E-05, 3.45237E-05
431, 1.06347E-04, 6.30335E-05, 5.06551E-05, 3.47593E-05
432, 1.06811E-04, 6.30296E-05, 5.11306E-05, 3.49796E-05
433, 1.07245E-04, 6.30053E-05, 5.15901E-05, 3.51842E-05
434, 1.07649E-04, 6.29608E-05, 5.20333E-05, 3.53733E-05
435, 1.08022E-04, 6.28961E-05, 5.24600E-05, 3.55466E-05
436, 1.08365E-04, 6.28114E-05, 5.28700E-05, 3.57041E-05
437, 1.08677E-04, 6.27067E-05, 5.32631E-05, 3.58459E-05
438, 1.08957E-04, 6.25821E-05, 5.36391E-05, 3.59718E-05
439, 1.09207E-04, 6.24379E-05, 5.39979E-05, 3.60819E-05
440, 1.09425E-04, 6.22741E-05, 5.43393E-05, 3.61762E-05
441, 1.09612E-04, 6.20909E-05, 5.46632E-05, 3.62548E-05
442, 1.09767E-04, 6.18884E-05, 5.49693E-05, 3.63178E-05
443, 1.09890E-04, 6.19076E-05, 5.52577E-05, 3.63652E-05
444, 1.09982E-04, 6.19668E-05, 5.55281E-05, 3.63971E-05
445, 1.10042E-04, 6.23182E-05, 5.57804E-05, 3.64136E-05
446, 1.10069E-04, 6.28796E-05, 5.60146E-05, 3.64150E-05
447, 1.10065E-04, 6.34253E-05, 5.62306E-05, 3.64014E-05
448, 1.10029E-04, 6.39552E-05, 5.64283E-05, 3.63729E-05
449, 1.09961E-04, 6.44691E-05, 5.66077E-05, 3.63800E-05
450, 1.09862E-04, 6.49668E-05, 5.67686E-05, 3.64088E-05
451, 1.09731E-04, 6.54479E-05, 5.69112E-05, 3.64237E-05
452, 1.09568E-04, 6.59124E-05, 5.70353E-05, 3.64247E-05
453, 1.09374E-04, 6.63600E-05, 5.71410E-05, 3.64121E-05
454, 1.09148E-04, 6.67906E-05, 5.72282E-05, 3.63861E-05
455, 1.08892E-04, 6.72039E-05, 5.75693E-05, 3.63468E-05
456, 1.08604E-04, 6.75999E-05, 5.79873E-05, 3.62944E-05
457, 1.08286E-04, 6.79783E-05, 5.83921E-05, 3.62293E-05
458, 1.07938E-04, 6.83389E-05, 5.87834E-05, 3.61515E-05
459, 1.07559E-04, 6.86817E-05, 5.91608E-05, 3.60615E-05
460, 1.07150E-04, 6.90066E-05, 5.95242E-05, 3.59594E-05
461, 1.06712E-04, 6.93133E-05, 5.98732E-05, 3.58454E-05
462, 1.06245E-04, 6.96018E-05, 6.02077E-05, 3.57200E-05
463, 1.05749E-04, 6.98720E-05, 6.05272E-05, 3.55833E-05
464, 1.05224E-04, 7.01238E-05, 6.08316E-05, 3.54357E-05
465, 1.04671E-04, 7.03572E-05, 6.11207E-05, 3.52774E-05
466, 1.04091E-04, 7.05719E-05, 6.13942E-05, 3.51088E-05
467, 1.03483E-04, 7.07681E-05, 6.16519E-05, 3.49301E-05
468, 1.02848E-04, 7.09456E-05, 6.18935E-05, 3.47417E-05
469, 1.02187E-04, 7.11045E-05, 6.21190E-05, 3.45439E-05
470, 1.01500E-04, 7.12446E-05, 6.23280E-05, 3.43369E-05
471, 1.00788E-04, 7.13660E-05, 6.25204E-05, 3.41212E-05
472, 1.00051E-04, 7.14686E-05, 6.26960E-05, 3.38970E-05
473, 9.92890E-05, 7.15526E-05, 6.28547E-05, 3.36647E-05
474, 9.85036E-05, 7.16178E-05, 6.29963E-05, 3.34245E-05
475, 9.76951E-05, 7.16644E-05, 6.31207E-05, 3.31768E-05
476, 9.68639E-05, 7.16923E-05, 6.32277E-05, 3.29219E-05
477, 9.60108E-05, 7.17016E-05, 6.33172E-05, 3.26601E-05
478, 9.51364E-05, 7.16927E-05, 6.33891E-05, 3.23918E-05
479, 9.42557E-05, 7.16655E-05, 6.34434E-05, 3.21172E-05
480, 9.36543E-05, 7.16199E-05, 6.34799E-05, 3.18367E-05
481, 9.30276E-05, 7.15560E-05, 6.34986E-05, 3.15505E-05
482, 9.23759E-05, 7.15737E-05, 6.34994E-05, 3.12591E-05
483, 9.16999E-05, 7.16440E-05, 6.34823E-05, 3.09625E-05
484, 9.09999E-05, 7.16985E-05, 6.34473E-05, 3.06613E-05
485, 9.02767E-05, 7.17370E-05, 6.33943E-05, 3.03556E-05
486, 8.95306E-05, 7.17594E-05, 6.33234E-05, 3.00458E-05
487, 8.87624E-05, 7.17658E-05, 6.32345E-05, 2.97321E-05
488, 8.79725E-05, 7.19442E-05, 6.31277E-05, 2.94148E-05
489, 8.71617E-05, 7.21858E-05, 6.30031E-05, 2.90942E-05
490, 8.63304E-05, 7.24136E-05, 6.28606E-05, 2.87706E-05
491, 8.57138E-05, 7.26273E-05, 6.27003E-05, 2.84441E-05
492, 8.52319E-05, 7.28266E-05, 6.25225E-05, 2.81152E-05
493, 8.47287E-05, 7.30114E-05, 6.23270E-05, 2.77840E-05
494, 8.42046E-05, 7.31814E-05, 6.21141E-05, 2.74508E-05
495, 8.36598E-05, 7.33365E-05, 6.18839E-05, 2.71158E-05
496, 8.30949E-05, 7.34764E-05, 6.16364E-05, 2.67793E-05
497, 8.25101E-05, 7.36011E-05, 6.13720E-05, 2.64415E-05
498, 8.19060E-05, 7.37102E-05, 6.10906E-05, 2.61026E-05
499, 8.12829E-05, 7.38036E-05, 6.07926E-05, 2.57629E-05
500, 8.06412E-05, 7.38812E-05, 6.04780E-05, 2.54225E-05
