time_step, rel_err_u, rel_err_v, rel_err_w, rel_err_p, rel_err_u_m, rel_err_v_m, rel_err_w_m, rel_err_p_m
0, 0.00000E+00, 0.00000E+00, 0.00000E+00, 0.00000E+00, 0.00000E+00, 0.00000E+00, 0.00000E+00,    Infinity
1, 9.50669E-05, 7.53657E-05, 6.43583E-05, 3.26201E-03, 5.77440E-06, 4.88835E-06, 3.95445E-06, 1.36549E+03
2, 1.30193E-04, 1.05741E-04, 1.08769E-04, 3.79638E-03, 5.09174E-06, 4.14817E-06, 3.35335E-06, 6.08860E-01
3, 1.07325E-04, 8.15629E-05, 3.92749E-05, 9.08648E-05, 4.67041E-06, 3.80306E-06, 3.02502E-06, 3.30859E-01
4, 1.09346E-04, 7.00059E-05, 3.93479E-05, 7.35943E-05, 4.19654E-06, 3.30880E-06, 2.65746E-06, 2.54998E-02
5, 1.10496E-04, 7.02031E-05, 3.90832E-05, 3.06311E-05, 4.16961E-06, 3.29505E-06, 2.64451E-06, 1.91095E-02
6, 1.12458E-04, 7.22536E-05, 3.85551E-05, 3.00251E-05, 4.13667E-06, 3.27671E-06, 2.62596E-06, 4.91835E-03
7, 1.15592E-04, 7.40650E-05, 3.77606E-05, 3.07531E-05, 4.10742E-06, 3.26090E-06, 2.60904E-06, 1.06566E-03
8, 1.19273E-04, 7.56811E-05, 3.67007E-05, 3.06056E-05, 4.07738E-06, 3.24530E-06, 2.59269E-06, 4.22125E-04
9, 1.22294E-04, 7.71124E-05, 3.55574E-05, 3.04557E-05, 4.04841E-06, 3.22953E-06, 2.57672E-06, 2.99201E-04
10, 1.26242E-04, 7.83295E-05, 3.55328E-05, 3.08507E-05, 4.01990E-06, 3.21477E-06, 2.56057E-06, 2.78930E-04
11, 1.31888E-04, 7.93254E-05, 3.52223E-05, 3.15984E-05, 3.99345E-06, 3.20037E-06, 2.54509E-06, 2.78694E-04
12, 1.36797E-04, 8.00948E-05, 3.46248E-05, 3.22513E-05, 3.96627E-06, 3.18571E-06, 2.52986E-06, 2.84535E-04
13, 1.41022E-04, 8.06322E-05, 3.64138E-05, 3.27926E-05, 3.93903E-06, 3.17120E-06, 2.51480E-06, 2.85459E-04
14, 1.48391E-04, 8.09333E-05, 3.85994E-05, 3.32146E-05, 3.91219E-06, 3.15729E-06, 2.49940E-06, 2.83522E-04
15, 1.55540E-04, 8.11926E-05, 4.07391E-05, 3.35118E-05, 3.88551E-06, 3.14379E-06, 2.48390E-06, 2.78870E-04
16, 1.62413E-04, 8.12882E-05, 4.28105E-05, 3.36793E-05, 3.86132E-06, 3.13208E-06, 2.46932E-06, 2.75158E-04
17, 1.68960E-04, 8.11491E-05, 4.47903E-05, 3.37139E-05, 3.83785E-06, 3.12047E-06, 2.45551E-06, 2.78982E-04
18, 1.75130E-04, 8.07729E-05, 4.66548E-05, 3.36140E-05, 3.81401E-06, 3.10843E-06, 2.44189E-06, 2.83750E-04
19, 1.80873E-04, 8.08582E-05, 4.83801E-05, 3.33796E-05, 3.78919E-06, 3.09617E-06, 2.42837E-06, 2.87304E-04
20, 1.86143E-04, 8.24417E-05, 4.99424E-05, 3.30128E-05, 3.76482E-06, 3.08337E-06, 2.41556E-06, 2.87773E-04
21, 1.93176E-04, 8.38266E-05, 5.13184E-05, 3.25170E-05, 3.73967E-06, 3.07066E-06, 2.40302E-06, 2.85176E-04
22, 2.01898E-04, 8.50045E-05, 5.24858E-05, 3.27678E-05, 3.71471E-06, 3.05830E-06, 2.39042E-06, 2.79585E-04
23, 2.10219E-04, 8.59674E-05, 5.34233E-05, 3.34644E-05, 3.69138E-06, 3.04700E-06, 2.37817E-06, 2.72347E-04
24, 2.18077E-04, 8.67085E-05, 5.41114E-05, 3.40382E-05, 3.66806E-06, 3.03602E-06, 2.36614E-06, 2.73180E-04
25, 2.25404E-04, 8.72218E-05, 5.54910E-05, 3.44818E-05, 3.64498E-06, 3.02463E-06, 2.35382E-06, 2.80056E-04
26, 2.32135E-04, 8.75025E-05, 5.86816E-05, 3.47894E-05, 3.62183E-06, 3.01293E-06, 2.34151E-06, 2.84580E-04
27, 2.38210E-04, 8.75471E-05, 6.17587E-05, 3.49565E-05, 3.59823E-06, 3.00172E-06, 2.32962E-06, 2.86824E-04
28, 2.43570E-04, 8.73824E-05, 6.46906E-05, 3.49804E-05, 3.57582E-06, 2.99057E-06, 2.31795E-06, 2.86896E-04
29, 2.48161E-04, 8.74624E-05, 6.74458E-05, 3.48599E-05, 3.55388E-06, 2.98013E-06, 2.30740E-06, 2.84938E-04
30, 2.51934E-04, 8.73073E-05, 6.99931E-05, 3.45954E-05, 3.53234E-06, 2.97020E-06, 2.29671E-06, 2.84294E-04
31, 2.54844E-04, 8.69145E-05, 7.23021E-05, 3.41889E-05, 3.51196E-06, 2.96048E-06, 2.28610E-06, 2.90734E-04
32, 2.56852E-04, 8.62830E-05, 7.43436E-05, 3.36441E-05, 3.49168E-06, 2.95107E-06, 2.27589E-06, 2.94677E-04
33, 2.60118E-04, 8.54133E-05, 7.60901E-05, 3.29663E-05, 3.47182E-06, 2.94190E-06, 2.26560E-06, 2.96243E-04
34, 2.66370E-04, 8.43075E-05, 7.75161E-05, 3.21620E-05, 3.45102E-06, 2.93320E-06, 2.25523E-06, 2.95595E-04
35, 2.71771E-04, 8.33373E-05, 7.85986E-05, 3.12393E-05, 3.43118E-06, 2.92415E-06, 2.24460E-06, 2.92925E-04
36, 2.76257E-04, 8.31628E-05, 7.93176E-05, 3.08665E-05, 3.41115E-06, 2.91515E-06, 2.23415E-06, 2.88456E-04
37, 2.79774E-04, 8.37427E-05, 7.96563E-05, 3.07059E-05, 3.39019E-06, 2.90634E-06, 2.22407E-06, 2.86463E-04
38, 2.82270E-04, 8.41220E-05, 7.96013E-05, 3.04179E-05, 3.36963E-06, 2.89820E-06, 2.21437E-06, 2.88740E-04
39, 2.83701E-04, 8.42978E-05, 7.91430E-05, 3.00059E-05, 3.34903E-06, 2.88989E-06, 2.20516E-06, 2.89547E-04
40, 2.84031E-04, 8.42683E-05, 8.05757E-05, 3.00477E-05, 3.32813E-06, 2.88208E-06, 2.19603E-06, 3.03059E-04
41, 2.83230E-04, 8.40332E-05, 8.41275E-05, 3.05894E-05, 3.30797E-06, 2.87442E-06, 2.18693E-06, 3.13875E-04
42, 2.81279E-04, 8.35935E-05, 8.73722E-05, 3.10735E-05, 3.28813E-06, 2.86618E-06, 2.17760E-06, 3.22003E-04
43, 2.78164E-04, 8.29515E-05, 9.02724E-05, 3.14923E-05, 3.26783E-06, 2.85785E-06, 2.16824E-06, 3.27497E-04
44, 2.73883E-04, 8.36249E-05, 9.27930E-05, 3.18383E-05, 3.24714E-06, 2.84970E-06, 2.15860E-06, 3.30458E-04
45, 2.75614E-04, 8.46122E-05, 9.49007E-05, 3.21042E-05, 3.22827E-06, 2.84167E-06, 2.14932E-06, 3.31030E-04
46, 2.76394E-04, 8.53861E-05, 9.65657E-05, 3.22828E-05, 3.20934E-06, 2.83363E-06, 2.13986E-06, 3.29395E-04
47, 2.76051E-04, 8.59393E-05, 9.77611E-05, 3.23678E-05, 3.18963E-06, 2.82546E-06, 2.13114E-06, 3.25763E-04
48, 2.74555E-04, 8.62657E-05, 9.84639E-05, 3.23531E-05, 3.16919E-06, 2.81729E-06, 2.12198E-06, 3.20372E-04
49, 2.71886E-04, 8.63603E-05, 9.86549E-05, 3.22336E-05, 3.14683E-06, 2.80901E-06, 2.11285E-06, 3.13471E-04
50, 2.68034E-04, 8.79140E-05, 9.83196E-05, 3.20049E-05, 3.12355E-06, 2.80205E-06, 2.10367E-06, 3.05320E-04
51, 2.62997E-04, 9.23490E-05, 9.74479E-05, 3.16637E-05, 3.10182E-06, 2.79506E-06, 2.09441E-06, 2.96177E-04
52, 2.57269E-04, 9.67091E-05, 9.60344E-05, 3.20429E-05, 3.07966E-06, 2.78778E-06, 2.08538E-06, 2.86290E-04
53, 2.62718E-04, 1.00981E-04, 9.40786E-05, 3.29164E-05, 3.05757E-06, 2.78094E-06, 2.07687E-06, 2.87921E-04
54, 2.66837E-04, 1.05153E-04, 9.16937E-05, 3.37484E-05, 3.03434E-06, 2.77439E-06, 2.06810E-06, 2.93523E-04
55, 2.71536E-04, 1.09212E-04, 9.67058E-05, 3.45288E-05, 3.01089E-06, 2.76744E-06, 2.05892E-06, 2.97103E-04
56, 2.81686E-04, 1.13146E-04, 1.01477E-04, 3.52472E-05, 2.98944E-06, 2.75997E-06, 2.04955E-06, 2.98665E-04
57, 2.90487E-04, 1.16944E-04, 1.05973E-04, 3.58937E-05, 2.96695E-06, 2.75199E-06, 2.03977E-06, 2.98234E-04
58, 2.97891E-04, 1.20594E-04, 1.10162E-04, 3.64586E-05, 2.94416E-06, 2.74360E-06, 2.02943E-06, 2.95865E-04
59, 3.03860E-04, 1.24088E-04, 1.14014E-04, 3.69329E-05, 2.92135E-06, 2.73526E-06, 2.01868E-06, 2.91632E-04
60, 3.08373E-04, 1.27414E-04, 1.17499E-04, 3.73080E-05, 2.89838E-06, 2.72715E-06, 2.00794E-06, 2.89376E-04
61, 3.11421E-04, 1.30564E-04, 1.20591E-04, 3.75768E-05, 2.87692E-06, 2.71870E-06, 1.99815E-06, 3.06519E-04
62, 3.13007E-04, 1.33530E-04, 1.23267E-04, 3.77329E-05, 2.85537E-06, 2.70979E-06, 1.98856E-06, 3.21732E-04
63, 3.13150E-04, 1.36306E-04, 1.25505E-04, 3.77712E-05, 2.83425E-06, 2.70017E-06, 1.97872E-06, 3.34870E-04
64, 3.11878E-04, 1.38897E-04, 1.27293E-04, 3.76880E-05, 2.81259E-06, 2.69087E-06, 1.96890E-06, 3.45817E-04
65, 3.09231E-04, 1.41957E-04, 1.28619E-04, 3.74810E-05, 2.79050E-06, 2.68200E-06, 1.95878E-06, 3.54488E-04
66, 3.07941E-04, 1.44797E-04, 1.29464E-04, 3.71492E-05, 2.77068E-06, 2.67426E-06, 1.94883E-06, 3.60828E-04
67, 3.09885E-04, 1.47411E-04, 1.29821E-04, 3.66930E-05, 2.75019E-06, 2.66662E-06, 1.93883E-06, 3.64814E-04
68, 3.10308E-04, 1.49792E-04, 1.29687E-04, 3.61145E-05, 2.72931E-06, 2.65869E-06, 1.92874E-06, 3.66453E-04
69, 3.09220E-04, 1.51935E-04, 1.29062E-04, 3.54167E-05, 2.70891E-06, 2.65054E-06, 1.91823E-06, 3.65782E-04
70, 3.06642E-04, 1.53838E-04, 1.27950E-04, 3.46043E-05, 2.68827E-06, 2.64239E-06, 1.90827E-06, 3.62865E-04
71, 3.02610E-04, 1.55497E-04, 1.26358E-04, 3.36828E-05, 2.66938E-06, 2.63439E-06, 1.89932E-06, 3.57791E-04
72, 3.05252E-04, 1.56911E-04, 1.24297E-04, 3.26589E-05, 2.65150E-06, 2.62604E-06, 1.88976E-06, 3.50671E-04
73, 3.11974E-04, 1.58080E-04, 1.21782E-04, 3.15403E-05, 2.63427E-06, 2.61805E-06, 1.87978E-06, 3.41635E-04
74, 3.17431E-04, 1.59004E-04, 1.18830E-04, 3.03354E-05, 2.61799E-06, 2.61026E-06, 1.86939E-06, 3.30830E-04
75, 3.21591E-04, 1.59685E-04, 1.15463E-04, 2.90531E-05, 2.60378E-06, 2.60219E-06, 1.85879E-06, 3.18414E-04
76, 3.24431E-04, 1.60125E-04, 1.11705E-04, 2.77030E-05, 2.58875E-06, 2.59340E-06, 1.84807E-06, 3.04554E-04
77, 3.25936E-04, 1.60328E-04, 1.07581E-04, 2.62949E-05, 2.57311E-06, 2.58395E-06, 1.83728E-06, 2.99663E-04
78, 3.26101E-04, 1.60299E-04, 1.03121E-04, 2.48387E-05, 2.55713E-06, 2.57441E-06, 1.82673E-06, 3.08536E-04
79, 3.24932E-04, 1.60042E-04, 9.83536E-05, 2.33447E-05, 2.54123E-06, 2.56473E-06, 1.81632E-06, 3.15258E-04
80, 3.22443E-04, 1.59564E-04, 9.33122E-05, 2.18227E-05, 2.52573E-06, 2.55546E-06, 1.80642E-06, 3.19863E-04
81, 3.18656E-04, 1.59352E-04, 8.80298E-05, 2.02826E-05, 2.51067E-06, 2.54670E-06, 1.79641E-06, 3.22409E-04
82, 3.13601E-04, 1.59135E-04, 8.25407E-05, 1.87339E-05, 2.49720E-06, 2.53787E-06, 1.78632E-06, 3.22977E-04
83, 3.07319E-04, 1.58684E-04, 8.10199E-05, 1.71856E-05, 2.48676E-06, 2.52897E-06, 1.77641E-06, 3.21666E-04
84, 2.99855E-04, 1.58007E-04, 8.25476E-05, 1.60520E-05, 2.47565E-06, 2.52029E-06, 1.76631E-06, 3.18593E-04
85, 2.91260E-04, 1.57111E-04, 8.37975E-05, 1.61095E-05, 2.46431E-06, 2.51142E-06, 1.75613E-06, 3.13889E-04
86, 2.81595E-04, 1.56006E-04, 8.47699E-05, 1.61563E-05, 2.45353E-06, 2.50254E-06, 1.74603E-06, 3.07694E-04
87, 2.70922E-04, 1.54699E-04, 8.61450E-05, 1.61925E-05, 2.44302E-06, 2.49368E-06, 1.73588E-06, 3.00157E-04
88, 2.59311E-04, 1.58212E-04, 8.74762E-05, 1.62184E-05, 2.43194E-06, 2.48480E-06, 1.72571E-06, 2.91429E-04
89, 2.46835E-04, 1.63501E-04, 8.83463E-05, 1.62339E-05, 2.42094E-06, 2.47554E-06, 1.71554E-06, 2.81664E-04
90, 2.33571E-04, 1.68460E-04, 8.87619E-05, 1.62393E-05, 2.41001E-06, 2.46639E-06, 1.70530E-06, 2.71014E-04
91, 2.19597E-04, 1.73073E-04, 8.87325E-05, 1.62346E-05, 2.39869E-06, 2.45674E-06, 1.69487E-06, 2.59630E-04
92, 2.04997E-04, 1.77327E-04, 8.82701E-05, 1.62598E-05, 2.38718E-06, 2.44673E-06, 1.68430E-06, 2.47653E-04
93, 2.05241E-04, 1.81210E-04, 8.73891E-05, 1.63542E-05, 2.37660E-06, 2.43678E-06, 1.67372E-06, 2.35221E-04
94, 2.06939E-04, 1.84714E-04, 8.61063E-05, 1.64379E-05, 2.36780E-06, 2.42650E-06, 1.66326E-06, 2.22461E-04
95, 2.07725E-04, 1.87831E-04, 8.44407E-05, 1.65111E-05, 2.35938E-06, 2.41605E-06, 1.65367E-06, 2.09491E-04
96, 2.10350E-04, 1.90557E-04, 8.24129E-05, 1.65738E-05, 2.35044E-06, 2.40538E-06, 1.64471E-06, 1.96416E-04
97, 2.20588E-04, 1.92888E-04, 8.00455E-05, 1.66261E-05, 2.34183E-06, 2.39510E-06, 1.63639E-06, 1.83333E-04
98, 2.30021E-04, 1.94823E-04, 7.98482E-05, 1.66680E-05, 2.33298E-06, 2.38491E-06, 1.62870E-06, 1.70326E-04
99, 2.38628E-04, 1.96366E-04, 8.10921E-05, 1.66996E-05, 2.32374E-06, 2.37540E-06, 1.62131E-06, 1.57467E-04
100, 2.46390E-04, 1.97519E-04, 8.19617E-05, 1.67209E-05, 2.31485E-06, 2.36594E-06, 1.61386E-06, 1.44818E-04
101, 2.53294E-04, 1.98284E-04, 8.24593E-05, 1.67322E-05, 2.30572E-06, 2.35609E-06, 1.60632E-06, 1.33827E-04
102, 2.59334E-04, 1.98669E-04, 8.25895E-05, 1.67335E-05, 2.29610E-06, 2.34616E-06, 1.59874E-06, 1.30652E-04
103, 2.64506E-04, 1.98681E-04, 8.23597E-05, 1.67249E-05, 2.28605E-06, 2.33602E-06, 1.59098E-06, 1.26204E-04
104, 2.68813E-04, 1.98330E-04, 8.17794E-05, 1.67353E-05, 2.27589E-06, 2.32609E-06, 1.58294E-06, 1.20587E-04
105, 2.72261E-04, 1.97625E-04, 8.08602E-05, 1.68408E-05, 2.26628E-06, 2.31596E-06, 1.57468E-06, 1.15532E-04
106, 2.74861E-04, 1.96579E-04, 7.96160E-05, 1.69343E-05, 2.25766E-06, 2.30545E-06, 1.56638E-06, 1.19521E-04
107, 2.76628E-04, 1.95204E-04, 7.80623E-05, 1.70159E-05, 2.24911E-06, 2.29496E-06, 1.55824E-06, 1.22806E-04
108, 2.77580E-04, 1.93515E-04, 7.62164E-05, 1.70856E-05, 2.24099E-06, 2.28430E-06, 1.55021E-06, 1.25736E-04
109, 2.77740E-04, 1.91524E-04, 7.40969E-05, 1.71435E-05, 2.23277E-06, 2.27364E-06, 1.54237E-06, 1.27902E-04
110, 2.77132E-04, 1.89247E-04, 7.17240E-05, 1.71896E-05, 2.22446E-06, 2.26297E-06, 1.53435E-06, 1.29325E-04
111, 2.75784E-04, 1.86700E-04, 6.91187E-05, 1.72241E-05, 2.21577E-06, 2.25195E-06, 1.52624E-06, 1.30029E-04
112, 2.73727E-04, 1.83898E-04, 6.63032E-05, 1.72469E-05, 2.20716E-06, 2.24074E-06, 1.51828E-06, 1.30040E-04
113, 2.70994E-04, 1.80857E-04, 6.33002E-05, 1.72584E-05, 2.19859E-06, 2.22951E-06, 1.51022E-06, 1.29387E-04
114, 2.67619E-04, 1.77594E-04, 6.11197E-05, 1.72585E-05, 2.18999E-06, 2.21839E-06, 1.50225E-06, 1.28104E-04
115, 2.63638E-04, 1.74125E-04, 6.25251E-05, 1.72768E-05, 2.18110E-06, 2.20726E-06, 1.49426E-06, 1.26226E-04
116, 2.59090E-04, 1.70467E-04, 6.36803E-05, 1.72983E-05, 2.17222E-06, 2.19576E-06, 1.48637E-06, 1.23789E-04
117, 2.54014E-04, 1.66635E-04, 6.45872E-05, 1.73841E-05, 2.16322E-06, 2.18423E-06, 1.47860E-06, 1.20835E-04
118, 2.48450E-04, 1.62646E-04, 6.52473E-05, 1.74778E-05, 2.15411E-06, 2.17247E-06, 1.47124E-06, 1.17404E-04
119, 2.42441E-04, 1.58516E-04, 6.56633E-05, 1.75595E-05, 2.14473E-06, 2.16080E-06, 1.46421E-06, 1.13539E-04
120, 2.36024E-04, 1.54261E-04, 6.58400E-05, 1.76293E-05, 2.13524E-06, 2.14946E-06, 1.45711E-06, 1.09284E-04
121, 2.29241E-04, 1.49895E-04, 6.57834E-05, 1.76871E-05, 2.12547E-06, 2.13817E-06, 1.45004E-06, 1.04686E-04
122, 2.22130E-04, 1.45434E-04, 6.55011E-05, 1.77331E-05, 2.11615E-06, 2.12676E-06, 1.44301E-06, 9.97881E-05
123, 2.14734E-04, 1.40893E-04, 6.50014E-05, 1.77672E-05, 2.10728E-06, 2.11532E-06, 1.43612E-06, 9.46371E-05
124, 2.07092E-04, 1.36285E-04, 6.42937E-05, 1.77945E-05, 2.09866E-06, 2.10373E-06, 1.42929E-06, 9.10623E-05
125, 1.99242E-04, 1.31624E-04, 6.33885E-05, 1.78534E-05, 2.09053E-06, 2.09217E-06, 1.42261E-06, 9.01839E-05
126, 1.91224E-04, 1.26923E-04, 6.22970E-05, 1.79006E-05, 2.08276E-06, 2.08069E-06, 1.41592E-06, 8.91737E-05
127, 1.83075E-04, 1.22195E-04, 6.10309E-05, 1.79361E-05, 2.07534E-06, 2.06910E-06, 1.40931E-06, 8.91553E-05
128, 1.74829E-04, 1.17451E-04, 5.96028E-05, 1.79600E-05, 2.06806E-06, 2.05736E-06, 1.40280E-06, 8.94274E-05
129, 1.66523E-04, 1.12703E-04, 5.80257E-05, 1.79724E-05, 2.06159E-06, 2.04564E-06, 1.39622E-06, 8.95756E-05
130, 1.64195E-04, 1.07962E-04, 5.63128E-05, 1.79734E-05, 2.05575E-06, 2.03396E-06, 1.38976E-06, 8.95990E-05
131, 1.61628E-04, 1.03237E-04, 5.44780E-05, 1.79631E-05, 2.04968E-06, 2.02268E-06, 1.38339E-06, 8.94972E-05
132, 1.58593E-04, 9.85392E-05, 5.25349E-05, 1.79417E-05, 2.04358E-06, 2.01175E-06, 1.37709E-06, 8.92699E-05
133, 1.55129E-04, 9.38763E-05, 5.04976E-05, 1.79550E-05, 2.03722E-06, 2.00083E-06, 1.37087E-06, 8.89169E-05
134, 1.51277E-04, 8.92572E-05, 4.83801E-05, 1.80530E-05, 2.03065E-06, 1.98981E-06, 1.36474E-06, 8.84386E-05
135, 1.47080E-04, 8.46894E-05, 4.61962E-05, 1.81474E-05, 2.02407E-06, 1.97887E-06, 1.35861E-06, 8.78352E-05
136, 1.42577E-04, 8.01803E-05, 4.39597E-05, 1.82296E-05, 2.01740E-06, 1.96798E-06, 1.35249E-06, 8.71074E-05
137, 1.37810E-04, 7.57363E-05, 4.16839E-05, 1.82995E-05, 2.01054E-06, 1.95701E-06, 1.34636E-06, 8.62561E-05
138, 1.32819E-04, 7.13634E-05, 3.93819E-05, 1.83571E-05, 2.00373E-06, 1.94642E-06, 1.34023E-06, 8.52825E-05
139, 1.27645E-04, 6.70672E-05, 3.70665E-05, 1.84025E-05, 1.99673E-06, 1.93586E-06, 1.33433E-06, 8.47392E-05
140, 1.22324E-04, 6.36052E-05, 3.47499E-05, 1.84358E-05, 1.98978E-06, 1.92513E-06, 1.32859E-06, 8.50361E-05
141, 1.16896E-04, 6.18527E-05, 3.24437E-05, 1.84569E-05, 1.98283E-06, 1.91460E-06, 1.32288E-06, 8.52196E-05
142, 1.11396E-04, 6.00587E-05, 3.01591E-05, 1.84660E-05, 1.97582E-06, 1.90406E-06, 1.31724E-06, 8.52888E-05
143, 1.05859E-04, 5.82320E-05, 2.79064E-05, 1.84632E-05, 1.96893E-06, 1.89356E-06, 1.31175E-06, 8.52429E-05
144, 1.00316E-04, 5.63808E-05, 2.56953E-05, 1.84959E-05, 1.96244E-06, 1.88311E-06, 1.30632E-06, 8.50814E-05
145, 9.48000E-05, 5.45131E-05, 2.35349E-05, 1.85172E-05, 1.95600E-06, 1.87260E-06, 1.30088E-06, 8.48039E-05
146, 8.93386E-05, 5.26365E-05, 2.14335E-05, 1.85259E-05, 1.94953E-06, 1.86227E-06, 1.29527E-06, 8.44101E-05
147, 8.39588E-05, 5.07582E-05, 1.93984E-05, 1.85221E-05, 1.94294E-06, 1.85209E-06, 1.28968E-06, 8.39000E-05
148, 7.86853E-05, 4.88849E-05, 1.91440E-05, 1.85060E-05, 1.93676E-06, 1.84201E-06, 1.28420E-06, 8.32739E-05
149, 7.35403E-05, 4.71903E-05, 1.91078E-05, 1.84776E-05, 1.93066E-06, 1.83199E-06, 1.27888E-06, 8.25321E-05
150, 6.85440E-05, 4.66737E-05, 1.90482E-05, 1.85172E-05, 1.92441E-06, 1.82202E-06, 1.27377E-06, 8.16752E-05
151, 6.64742E-05, 4.65009E-05, 1.89662E-05, 1.85791E-05, 1.91812E-06, 1.81236E-06, 1.26862E-06, 8.07042E-05
152, 6.69714E-05, 4.62623E-05, 1.88626E-05, 1.86283E-05, 1.91202E-06, 1.80277E-06, 1.26340E-06, 8.01760E-05
153, 6.72408E-05, 4.59598E-05, 1.87423E-05, 1.86894E-05, 1.90594E-06, 1.79316E-06, 1.25824E-06, 8.04542E-05
154, 6.72844E-05, 4.55950E-05, 1.87386E-05, 1.87671E-05, 1.89982E-06, 1.78356E-06, 1.25308E-06, 8.06277E-05
155, 6.71063E-05, 4.51698E-05, 1.87211E-05, 1.88309E-05, 1.89372E-06, 1.77410E-06, 1.24780E-06, 8.06956E-05
156, 6.67102E-05, 4.46862E-05, 1.87720E-05, 1.88810E-05, 1.88836E-06, 1.76470E-06, 1.24249E-06, 8.06567E-05
157, 6.61020E-05, 4.41463E-05, 1.89238E-05, 1.89174E-05, 1.88309E-06, 1.75539E-06, 1.23730E-06, 8.05100E-05
158, 6.52886E-05, 4.35522E-05, 1.90625E-05, 1.89401E-05, 1.87773E-06, 1.74619E-06, 1.23223E-06, 8.02549E-05
159, 6.42782E-05, 4.29062E-05, 1.91877E-05, 1.89493E-05, 1.87230E-06, 1.73695E-06, 1.22735E-06, 7.98908E-05
160, 6.30799E-05, 4.22106E-05, 1.92992E-05, 1.89450E-05, 1.86699E-06, 1.72823E-06, 1.22250E-06, 7.94172E-05
161, 6.17039E-05, 4.14677E-05, 1.93969E-05, 1.89273E-05, 1.86169E-06, 1.72009E-06, 1.21771E-06, 7.88340E-05
162, 6.01609E-05, 4.10863E-05, 1.94807E-05, 1.88964E-05, 1.85631E-06, 1.71209E-06, 1.21288E-06, 7.81411E-05
163, 5.84628E-05, 4.09784E-05, 1.95504E-05, 1.88525E-05, 1.85078E-06, 1.70401E-06, 1.20800E-06, 7.73387E-05
164, 5.66216E-05, 4.08146E-05, 1.96060E-05, 1.88104E-05, 1.84519E-06, 1.69596E-06, 1.20311E-06, 7.64273E-05
165, 5.46501E-05, 4.05961E-05, 1.96475E-05, 1.88476E-05, 1.83958E-06, 1.68797E-06, 1.19845E-06, 7.54077E-05
166, 5.25614E-05, 4.03237E-05, 1.96750E-05, 1.88688E-05, 1.83412E-06, 1.67996E-06, 1.19404E-06, 7.55863E-05
167, 5.03690E-05, 3.99987E-05, 1.96884E-05, 1.89196E-05, 1.82871E-06, 1.67204E-06, 1.18981E-06, 7.57861E-05
168, 4.80864E-05, 3.96222E-05, 1.96879E-05, 1.89906E-05, 1.82340E-06, 1.66417E-06, 1.18565E-06, 7.58869E-05
169, 4.57273E-05, 3.91957E-05, 1.96737E-05, 1.90469E-05, 1.81803E-06, 1.65647E-06, 1.18150E-06, 7.58874E-05
170, 4.56582E-05, 3.87206E-05, 1.96460E-05, 1.90885E-05, 1.81267E-06, 1.64876E-06, 1.17738E-06, 7.57864E-05
171, 4.56729E-05, 3.81984E-05, 1.96049E-05, 1.91153E-05, 1.80742E-06, 1.64119E-06, 1.17346E-06, 7.55826E-05
172, 4.57221E-05, 3.76308E-05, 1.95812E-05, 1.91276E-05, 1.80224E-06, 1.63353E-06, 1.16952E-06, 7.52751E-05
173, 4.58036E-05, 3.70193E-05, 1.97157E-05, 1.91254E-05, 1.79721E-06, 1.62596E-06, 1.16539E-06, 7.48631E-05
174, 4.59147E-05, 3.63658E-05, 1.98366E-05, 1.91088E-05, 1.79230E-06, 1.61836E-06, 1.16111E-06, 7.43460E-05
175, 4.60519E-05, 3.59746E-05, 1.99438E-05, 1.90779E-05, 1.78728E-06, 1.61070E-06, 1.15693E-06, 7.37234E-05
176, 4.62116E-05, 3.59095E-05, 2.00373E-05, 1.90329E-05, 1.78224E-06, 1.60301E-06, 1.15280E-06, 7.29952E-05
177, 4.63896E-05, 3.57965E-05, 2.01169E-05, 1.89740E-05, 1.77727E-06, 1.59536E-06, 1.14877E-06, 7.21614E-05
178, 4.65816E-05, 3.56359E-05, 2.01826E-05, 1.89785E-05, 1.77233E-06, 1.58801E-06, 1.14481E-06, 7.12222E-05
179, 4.77009E-05, 3.54280E-05, 2.02344E-05, 1.89940E-05, 1.76752E-06, 1.58094E-06, 1.14089E-06, 7.06107E-05
180, 4.88805E-05, 3.51735E-05, 2.02723E-05, 1.89930E-05, 1.76278E-06, 1.57401E-06, 1.13700E-06, 7.06549E-05
181, 5.00372E-05, 3.48730E-05, 2.02966E-05, 1.89755E-05, 1.75795E-06, 1.56716E-06, 1.13312E-06, 7.07846E-05
182, 5.11719E-05, 3.45273E-05, 2.03072E-05, 1.89420E-05, 1.75313E-06, 1.56028E-06, 1.12932E-06, 7.08192E-05
183, 5.22850E-05, 3.41372E-05, 2.03044E-05, 1.89201E-05, 1.74836E-06, 1.55353E-06, 1.12552E-06, 7.07573E-05
184, 5.33763E-05, 3.37037E-05, 2.02883E-05, 1.89525E-05, 1.74360E-06, 1.54685E-06, 1.12173E-06, 7.05974E-05
185, 5.44452E-05, 3.32278E-05, 2.02593E-05, 1.89695E-05, 1.73885E-06, 1.54036E-06, 1.11805E-06, 7.03386E-05
186, 5.54906E-05, 3.27107E-05, 2.02175E-05, 1.89709E-05, 1.73412E-06, 1.53386E-06, 1.11435E-06, 6.99798E-05
187, 5.65111E-05, 3.25415E-05, 2.01634E-05, 1.89571E-05, 1.72936E-06, 1.52729E-06, 1.11070E-06, 6.95201E-05
188, 5.75048E-05, 3.29103E-05, 2.00971E-05, 1.89280E-05, 1.72461E-06, 1.52078E-06, 1.10714E-06, 6.89591E-05
189, 5.84697E-05, 3.32377E-05, 2.00298E-05, 1.88839E-05, 1.71999E-06, 1.51423E-06, 1.10371E-06, 6.82963E-05
190, 5.94034E-05, 3.35251E-05, 2.01352E-05, 1.88248E-05, 1.71561E-06, 1.50770E-06, 1.10023E-06, 6.75318E-05
191, 6.03033E-05, 3.37740E-05, 2.02276E-05, 1.87925E-05, 1.71136E-06, 1.50124E-06, 1.09673E-06, 6.66656E-05
192, 6.11665E-05, 3.39857E-05, 2.03067E-05, 1.88035E-05, 1.70720E-06, 1.49481E-06, 1.09338E-06, 6.58218E-05
193, 6.19901E-05, 3.41617E-05, 2.03728E-05, 1.87973E-05, 1.70297E-06, 1.48842E-06, 1.09014E-06, 6.54551E-05
194, 6.27711E-05, 3.43033E-05, 2.06969E-05, 1.87741E-05, 1.69870E-06, 1.48208E-06, 1.08696E-06, 6.52253E-05
195, 6.35064E-05, 3.44120E-05, 2.10173E-05, 1.87342E-05, 1.69433E-06, 1.47573E-06, 1.08372E-06, 6.52672E-05
196, 6.41927E-05, 3.44892E-05, 2.13160E-05, 1.86778E-05, 1.69004E-06, 1.46934E-06, 1.08052E-06, 6.52180E-05
197, 6.48270E-05, 3.45362E-05, 2.15927E-05, 1.86053E-05, 1.68585E-06, 1.46291E-06, 1.07729E-06, 6.50764E-05
198, 6.54061E-05, 3.45544E-05, 2.18473E-05, 1.85171E-05, 1.68167E-06, 1.45654E-06, 1.07402E-06, 6.48414E-05
199, 6.59269E-05, 3.45452E-05, 2.20796E-05, 1.84134E-05, 1.67744E-06, 1.45005E-06, 1.07077E-06, 6.45121E-05
200, 6.63866E-05, 3.45099E-05, 2.22896E-05, 1.83778E-05, 1.67338E-06, 1.44343E-06, 1.06767E-06, 6.40879E-05
201, 6.67823E-05, 3.44499E-05, 2.24937E-05, 1.83517E-05, 1.66949E-06, 1.43693E-06, 1.06459E-06, 6.35682E-05
202, 6.71113E-05, 3.43667E-05, 2.29660E-05, 1.83098E-05, 1.66570E-06, 1.43066E-06, 1.06151E-06, 6.29528E-05
203, 6.73712E-05, 3.42617E-05, 2.34151E-05, 1.82524E-05, 1.66199E-06, 1.42433E-06, 1.05837E-06, 6.22418E-05
204, 6.75596E-05, 3.41361E-05, 2.38400E-05, 1.82048E-05, 1.65837E-06, 1.41797E-06, 1.05518E-06, 6.14353E-05
205, 6.76747E-05, 3.39912E-05, 2.42402E-05, 1.82112E-05, 1.65478E-06, 1.41157E-06, 1.05215E-06, 6.05339E-05
206, 6.77144E-05, 3.38283E-05, 2.46148E-05, 1.82001E-05, 1.65129E-06, 1.40515E-06, 1.04916E-06, 6.02284E-05
207, 6.76772E-05, 3.36487E-05, 2.49634E-05, 1.81717E-05, 1.64784E-06, 1.39878E-06, 1.04631E-06, 5.98596E-05
208, 6.75618E-05, 3.34537E-05, 2.52854E-05, 1.81262E-05, 1.64442E-06, 1.39233E-06, 1.04355E-06, 5.94023E-05
209, 6.73673E-05, 3.32447E-05, 2.55805E-05, 1.80639E-05, 1.64103E-06, 1.38602E-06, 1.04082E-06, 5.93027E-05
210, 6.70927E-05, 3.30229E-05, 2.58483E-05, 1.79851E-05, 1.63763E-06, 1.37971E-06, 1.03810E-06, 5.91617E-05
211, 6.67376E-05, 3.27896E-05, 2.60886E-05, 1.78903E-05, 1.63430E-06, 1.37335E-06, 1.03535E-06, 5.89345E-05
212, 6.63018E-05, 3.25812E-05, 2.63013E-05, 1.77797E-05, 1.63088E-06, 1.36711E-06, 1.03250E-06, 5.86205E-05
213, 6.57854E-05, 3.25579E-05, 2.64863E-05, 1.76538E-05, 1.62757E-06, 1.36095E-06, 1.02975E-06, 5.82194E-05
214, 6.51887E-05, 3.25107E-05, 2.66437E-05, 1.75130E-05, 1.62435E-06, 1.35478E-06, 1.02699E-06, 5.77309E-05
215, 6.45124E-05, 3.24395E-05, 2.67736E-05, 1.73577E-05, 1.62125E-06, 1.34866E-06, 1.02432E-06, 5.71551E-05
216, 6.37574E-05, 3.23443E-05, 2.68762E-05, 1.71884E-05, 1.61818E-06, 1.34253E-06, 1.02170E-06, 5.64920E-05
217, 6.29247E-05, 3.22252E-05, 2.72455E-05, 1.71622E-05, 1.61531E-06, 1.33628E-06, 1.01917E-06, 5.57421E-05
218, 6.20159E-05, 3.20823E-05, 2.76894E-05, 1.71637E-05, 1.61247E-06, 1.33002E-06, 1.01664E-06, 5.49059E-05
219, 6.10325E-05, 3.19656E-05, 2.81048E-05, 1.71476E-05, 1.60954E-06, 1.32390E-06, 1.01410E-06, 5.46652E-05
220, 5.99765E-05, 3.21118E-05, 2.84909E-05, 1.71143E-05, 1.60652E-06, 1.31782E-06, 1.01156E-06, 5.43944E-05
221, 5.88500E-05, 3.22359E-05, 2.88471E-05, 1.70640E-05, 1.60334E-06, 1.31187E-06, 1.00904E-06, 5.40424E-05
222, 5.76551E-05, 3.23376E-05, 2.91728E-05, 1.69969E-05, 1.60014E-06, 1.30608E-06, 1.00651E-06, 5.36095E-05
223, 5.63948E-05, 3.24163E-05, 2.94675E-05, 1.69134E-05, 1.59692E-06, 1.30037E-06, 1.00397E-06, 5.32492E-05
224, 5.50715E-05, 3.24720E-05, 2.97311E-05, 1.68139E-05, 1.59380E-06, 1.29485E-06, 1.00140E-06, 5.30523E-05
225, 5.36880E-05, 3.25044E-05, 2.99631E-05, 1.66987E-05, 1.59075E-06, 1.28931E-06, 9.98818E-07, 5.27775E-05
226, 5.22471E-05, 3.25132E-05, 3.01635E-05, 1.65683E-05, 1.58775E-06, 1.28373E-06, 9.96167E-07, 5.24245E-05
227, 5.07518E-05, 3.25434E-05, 3.03322E-05, 1.64230E-05, 1.58488E-06, 1.27808E-06, 9.93582E-07, 5.19932E-05
228, 4.92054E-05, 3.27185E-05, 3.04693E-05, 1.62634E-05, 1.58211E-06, 1.27233E-06, 9.91086E-07, 5.14836E-05
229, 4.76111E-05, 3.28779E-05, 3.05750E-05, 1.60898E-05, 1.57942E-06, 1.26656E-06, 9.88694E-07, 5.08958E-05
230, 4.59721E-05, 3.30217E-05, 3.06494E-05, 1.59028E-05, 1.57680E-06, 1.26079E-06, 9.86330E-07, 5.05449E-05
231, 4.42920E-05, 3.31497E-05, 3.07840E-05, 1.57028E-05, 1.57427E-06, 1.25497E-06, 9.83875E-07, 5.05680E-05
232, 4.25741E-05, 3.32622E-05, 3.11528E-05, 1.56269E-05, 1.57179E-06, 1.24911E-06, 9.81340E-07, 5.05598E-05
233, 4.08218E-05, 3.33591E-05, 3.14951E-05, 1.55892E-05, 1.56931E-06, 1.24322E-06, 9.78800E-07, 5.05217E-05
234, 3.90385E-05, 3.34405E-05, 3.18101E-05, 1.55350E-05, 1.56690E-06, 1.23733E-06, 9.76323E-07, 5.04549E-05
235, 3.72278E-05, 3.35063E-05, 3.20972E-05, 1.54646E-05, 1.56465E-06, 1.23152E-06, 9.73962E-07, 5.03608E-05
236, 3.67297E-05, 3.35566E-05, 3.23557E-05, 1.53784E-05, 1.56252E-06, 1.22580E-06, 9.71519E-07, 5.07564E-05
237, 3.66642E-05, 3.35915E-05, 3.25852E-05, 1.52767E-05, 1.56036E-06, 1.22016E-06, 9.69046E-07, 5.11197E-05
238, 3.65347E-05, 3.36108E-05, 3.27853E-05, 1.51598E-05, 1.55841E-06, 1.21464E-06, 9.66627E-07, 5.14410E-05
239, 3.63427E-05, 3.36146E-05, 3.29555E-05, 1.50283E-05, 1.55672E-06, 1.20911E-06, 9.64189E-07, 5.17214E-05
240, 3.60904E-05, 3.36029E-05, 3.30956E-05, 1.48825E-05, 1.55516E-06, 1.20359E-06, 9.61833E-07, 5.19623E-05
241, 3.57797E-05, 3.35757E-05, 3.32056E-05, 1.47228E-05, 1.55359E-06, 1.19796E-06, 9.59538E-07, 5.21647E-05
242, 3.54129E-05, 3.35329E-05, 3.33275E-05, 1.45497E-05, 1.55199E-06, 1.19231E-06, 9.57236E-07, 5.23301E-05
243, 3.49924E-05, 3.34745E-05, 3.36817E-05, 1.43939E-05, 1.55038E-06, 1.18660E-06, 9.54956E-07, 5.24594E-05
244, 3.45207E-05, 3.34005E-05, 3.40142E-05, 1.42799E-05, 1.54895E-06, 1.18083E-06, 9.52683E-07, 5.25539E-05
245, 3.40004E-05, 3.33107E-05, 3.43241E-05, 1.41530E-05, 1.54756E-06, 1.17504E-06, 9.50431E-07, 5.26146E-05
246, 3.34342E-05, 3.32052E-05, 3.46109E-05, 1.40137E-05, 1.54622E-06, 1.16934E-06, 9.48202E-07, 5.26426E-05
247, 3.28247E-05, 3.30838E-05, 3.48738E-05, 1.38625E-05, 1.54490E-06, 1.16364E-06, 9.45941E-07, 5.26390E-05
248, 3.21747E-05, 3.29465E-05, 3.51123E-05, 1.37001E-05, 1.54354E-06, 1.15799E-06, 9.43653E-07, 5.26046E-05
249, 3.14871E-05, 3.27932E-05, 3.53259E-05, 1.35269E-05, 1.54209E-06, 1.15234E-06, 9.41382E-07, 5.25404E-05
250, 3.07645E-05, 3.26620E-05, 3.55141E-05, 1.33707E-05, 1.54069E-06, 1.14672E-06, 9.39099E-07, 5.26009E-05
251, 3.00100E-05, 3.25242E-05, 3.56764E-05, 1.32558E-05, 1.53929E-06, 1.14112E-06, 9.36816E-07, 5.30215E-05
252, 2.92261E-05, 3.23730E-05, 3.58124E-05, 1.31272E-05, 1.53787E-06, 1.13559E-06, 9.34517E-07, 5.33974E-05
253, 2.84157E-05, 3.22082E-05, 3.59220E-05, 1.30042E-05, 1.53662E-06, 1.13001E-06, 9.32236E-07, 5.37294E-05
254, 2.75814E-05, 3.20298E-05, 3.60047E-05, 1.29253E-05, 1.53556E-06, 1.12444E-06, 9.30020E-07, 5.40185E-05
255, 2.67261E-05, 3.18375E-05, 3.60605E-05, 1.28334E-05, 1.53450E-06, 1.11883E-06, 9.27774E-07, 5.42652E-05
256, 2.58522E-05, 3.16313E-05, 3.60892E-05, 1.27291E-05, 1.53377E-06, 1.11314E-06, 9.25493E-07, 5.44705E-05
257, 2.49623E-05, 3.14110E-05, 3.60907E-05, 1.26127E-05, 1.53315E-06, 1.10742E-06, 9.23159E-07, 5.46350E-05
258, 2.40589E-05, 3.11764E-05, 3.60652E-05, 1.24849E-05, 1.53246E-06, 1.10188E-06, 9.20927E-07, 5.47595E-05
259, 2.31443E-05, 3.09275E-05, 3.60126E-05, 1.23461E-05, 1.53170E-06, 1.09644E-06, 9.18672E-07, 5.48448E-05
260, 2.22208E-05, 3.06640E-05, 3.59331E-05, 1.21968E-05, 1.53096E-06, 1.09104E-06, 9.16376E-07, 5.48916E-05
261, 2.20272E-05, 3.03859E-05, 3.58269E-05, 1.20375E-05, 1.53028E-06, 1.08564E-06, 9.14041E-07, 5.49006E-05
262, 2.22705E-05, 3.00930E-05, 3.56943E-05, 1.18688E-05, 1.52952E-06, 1.08023E-06, 9.11720E-07, 5.48727E-05
263, 2.24978E-05, 2.97852E-05, 3.55356E-05, 1.16911E-05, 1.52872E-06, 1.07484E-06, 9.09375E-07, 5.48084E-05
264, 2.29773E-05, 2.94623E-05, 3.53512E-05, 1.15050E-05, 1.52791E-06, 1.06947E-06, 9.07025E-07, 5.47087E-05
265, 2.36332E-05, 2.91243E-05, 3.51415E-05, 1.13223E-05, 1.52701E-06, 1.06409E-06, 9.04670E-07, 5.47045E-05
266, 2.42788E-05, 2.87711E-05, 3.49880E-05, 1.12561E-05, 1.52601E-06, 1.05876E-06, 9.02368E-07, 5.50923E-05
267, 2.49137E-05, 2.84728E-05, 3.50710E-05, 1.11782E-05, 1.52497E-06, 1.05344E-06, 9.00089E-07, 5.54297E-05
268, 2.55378E-05, 2.81964E-05, 3.51352E-05, 1.10892E-05, 1.52390E-06, 1.04805E-06, 8.97858E-07, 5.57175E-05
269, 2.61505E-05, 2.78999E-05, 3.51806E-05, 1.09894E-05, 1.52280E-06, 1.04265E-06, 8.95615E-07, 5.59563E-05
270, 2.67516E-05, 2.75837E-05, 3.52070E-05, 1.08792E-05, 1.52166E-06, 1.03740E-06, 8.93377E-07, 5.61468E-05
271, 2.73408E-05, 2.72481E-05, 3.52144E-05, 1.07591E-05, 1.52055E-06, 1.03221E-06, 8.91144E-07, 5.62898E-05
272, 2.79179E-05, 2.68936E-05, 3.52029E-05, 1.06297E-05, 1.51948E-06, 1.02710E-06, 8.88911E-07, 5.63863E-05
273, 2.84827E-05, 2.68466E-05, 3.51724E-05, 1.04912E-05, 1.51847E-06, 1.02204E-06, 8.86635E-07, 5.64370E-05
274, 2.90348E-05, 2.70237E-05, 3.51231E-05, 1.03442E-05, 1.51748E-06, 1.01701E-06, 8.84351E-07, 5.64429E-05
275, 2.95743E-05, 2.71806E-05, 3.50549E-05, 1.01892E-05, 1.51655E-06, 1.01202E-06, 8.82051E-07, 5.64051E-05
276, 3.01008E-05, 2.73171E-05, 3.49681E-05, 1.00267E-05, 1.51558E-06, 1.00707E-06, 8.79734E-07, 5.63245E-05
277, 3.08415E-05, 2.74326E-05, 3.54028E-05, 1.00316E-05, 1.51457E-06, 1.00211E-06, 8.77359E-07, 5.62022E-05
278, 3.18677E-05, 2.75269E-05, 3.58753E-05, 1.00563E-05, 1.51350E-06, 9.97155E-07, 8.75075E-07, 5.60393E-05
279, 3.28623E-05, 2.75997E-05, 3.63254E-05, 1.00782E-05, 1.51250E-06, 9.92175E-07, 8.72803E-07, 5.58370E-05
280, 3.38255E-05, 2.76507E-05, 3.67532E-05, 1.00971E-05, 1.51142E-06, 9.87097E-07, 8.70481E-07, 5.55962E-05
281, 3.47576E-05, 2.76797E-05, 3.71586E-05, 1.01128E-05, 1.51021E-06, 9.82167E-07, 8.68155E-07, 5.58074E-05
282, 3.56589E-05, 2.76865E-05, 3.75417E-05, 1.01253E-05, 1.50899E-06, 9.77290E-07, 8.65834E-07, 5.60354E-05
283, 3.65298E-05, 2.76710E-05, 3.79024E-05, 1.01549E-05, 1.50773E-06, 9.72379E-07, 8.63520E-07, 5.62110E-05
284, 3.73706E-05, 2.76331E-05, 3.82409E-05, 1.02158E-05, 1.50643E-06, 9.67502E-07, 8.61161E-07, 5.63353E-05
285, 3.81819E-05, 2.75727E-05, 3.85571E-05, 1.02729E-05, 1.50509E-06, 9.62759E-07, 8.58794E-07, 5.64094E-05
286, 3.89639E-05, 2.74897E-05, 3.88512E-05, 1.03259E-05, 1.50369E-06, 9.58006E-07, 8.56373E-07, 5.64346E-05
287, 3.97169E-05, 2.73843E-05, 3.91233E-05, 1.03747E-05, 1.50231E-06, 9.53236E-07, 8.53983E-07, 5.64122E-05
288, 4.04411E-05, 2.72564E-05, 3.93736E-05, 1.04189E-05, 1.50105E-06, 9.48503E-07, 8.51577E-07, 5.63435E-05
289, 4.11369E-05, 2.71061E-05, 3.96021E-05, 1.04584E-05, 1.49979E-06, 9.43866E-07, 8.49196E-07, 5.62298E-05
290, 4.18045E-05, 2.69336E-05, 3.98090E-05, 1.04930E-05, 1.49847E-06, 9.39172E-07, 8.46804E-07, 5.60724E-05
291, 4.24443E-05, 2.67390E-05, 3.99945E-05, 1.05223E-05, 1.49715E-06, 9.34620E-07, 8.44346E-07, 5.58729E-05
292, 4.30565E-05, 2.65226E-05, 4.01589E-05, 1.05464E-05, 1.49591E-06, 9.30139E-07, 8.41836E-07, 5.56326E-05
293, 4.36415E-05, 2.62846E-05, 4.03022E-05, 1.05649E-05, 1.49465E-06, 9.25666E-07, 8.39352E-07, 5.53530E-05
294, 4.41995E-05, 2.61153E-05, 4.04248E-05, 1.05776E-05, 1.49337E-06, 9.21226E-07, 8.36833E-07, 5.50354E-05
295, 4.47308E-05, 2.62103E-05, 4.05269E-05, 1.05845E-05, 1.49197E-06, 9.16889E-07, 8.34316E-07, 5.46813E-05
296, 4.52356E-05, 2.62860E-05, 4.06086E-05, 1.05852E-05, 1.49050E-06, 9.12532E-07, 8.31823E-07, 5.42921E-05
297, 4.57142E-05, 2.63420E-05, 4.06703E-05, 1.05798E-05, 1.48899E-06, 9.08300E-07, 8.29353E-07, 5.43153E-05
298, 4.61667E-05, 2.63778E-05, 4.07122E-05, 1.05679E-05, 1.48741E-06, 9.04144E-07, 8.26863E-07, 5.43697E-05
299, 4.65935E-05, 2.63929E-05, 4.07347E-05, 1.05495E-05, 1.48571E-06, 9.00187E-07, 8.24427E-07, 5.43760E-05
300, 4.69947E-05, 2.63868E-05, 4.07379E-05, 1.05244E-05, 1.48396E-06, 8.96272E-07, 8.21978E-07, 5.43358E-05
301, 4.73705E-05, 2.63592E-05, 4.07222E-05, 1.04925E-05, 1.48213E-06, 8.92276E-07, 8.19533E-07, 5.42503E-05
302, 4.77211E-05, 2.63097E-05, 4.06878E-05, 1.04538E-05, 1.48032E-06, 8.88301E-07, 8.17058E-07, 5.41210E-05
303, 4.80467E-05, 2.62380E-05, 4.06352E-05, 1.04080E-05, 1.47860E-06, 8.84410E-07, 8.14537E-07, 5.39493E-05
304, 4.83475E-05, 2.61437E-05, 4.05646E-05, 1.03552E-05, 1.47693E-06, 8.80611E-07, 8.12003E-07, 5.37368E-05
305, 4.86235E-05, 2.60267E-05, 4.04763E-05, 1.02951E-05, 1.47517E-06, 8.76834E-07, 8.09419E-07, 5.34849E-05
306, 4.88751E-05, 2.58867E-05, 4.03706E-05, 1.02279E-05, 1.47352E-06, 8.72961E-07, 8.06828E-07, 5.31951E-05
307, 4.91024E-05, 2.57235E-05, 4.02480E-05, 1.01533E-05, 1.47189E-06, 8.69150E-07, 8.04253E-07, 5.28688E-05
308, 4.93054E-05, 2.55370E-05, 4.01087E-05, 1.00715E-05, 1.47032E-06, 8.65310E-07, 8.01671E-07, 5.25075E-05
309, 4.94844E-05, 2.53271E-05, 3.99531E-05, 9.98224E-06, 1.46871E-06, 8.61477E-07, 7.99122E-07, 5.21127E-05
310, 4.96396E-05, 2.50938E-05, 3.97815E-05, 9.88563E-06, 1.46706E-06, 8.57682E-07, 7.96597E-07, 5.16857E-05
311, 4.97710E-05, 2.48371E-05, 3.95943E-05, 9.82106E-06, 1.46531E-06, 8.54005E-07, 7.94041E-07, 5.12280E-05
312, 4.98789E-05, 2.45988E-05, 3.93918E-05, 9.77153E-06, 1.46352E-06, 8.50488E-07, 7.91503E-07, 5.07409E-05
313, 4.99634E-05, 2.43709E-05, 3.91744E-05, 9.71460E-06, 1.46172E-06, 8.46978E-07, 7.88985E-07, 5.04027E-05
314, 5.00246E-05, 2.41230E-05, 3.89425E-05, 9.65681E-06, 1.45996E-06, 8.43411E-07, 7.86453E-07, 5.03161E-05
315, 5.00628E-05, 2.38551E-05, 3.86965E-05, 9.68360E-06, 1.45813E-06, 8.39810E-07, 7.83901E-07, 5.01886E-05
316, 5.00782E-05, 2.35674E-05, 3.84366E-05, 9.70628E-06, 1.45623E-06, 8.36161E-07, 7.81387E-07, 5.00216E-05
317, 5.00709E-05, 2.32599E-05, 3.81633E-05, 9.72492E-06, 1.45424E-06, 8.32596E-07, 7.78866E-07, 4.98165E-05
318, 5.00411E-05, 2.35337E-05, 3.78769E-05, 9.73959E-06, 1.45216E-06, 8.29085E-07, 7.76303E-07, 4.95747E-05
319, 4.99890E-05, 2.40201E-05, 3.75779E-05, 9.75039E-06, 1.45005E-06, 8.25580E-07, 7.73766E-07, 4.92975E-05
320, 4.99149E-05, 2.44930E-05, 3.72666E-05, 9.75738E-06, 1.44788E-06, 8.22077E-07, 7.71274E-07, 4.89865E-05
321, 4.98190E-05, 2.49521E-05, 3.69433E-05, 9.80064E-06, 1.44567E-06, 8.18683E-07, 7.68779E-07, 4.86429E-05
322, 4.97015E-05, 2.53970E-05, 3.66084E-05, 9.85032E-06, 1.44345E-06, 8.15285E-07, 7.66322E-07, 4.82681E-05
323, 4.96000E-05, 2.58273E-05, 3.62624E-05, 9.89561E-06, 1.44119E-06, 8.11928E-07, 7.63847E-07, 4.78636E-05
324, 4.94963E-05, 2.62425E-05, 3.59056E-05, 9.93658E-06, 1.43895E-06, 8.08531E-07, 7.61364E-07, 4.74305E-05
325, 4.93680E-05, 2.66423E-05, 3.55384E-05, 9.97330E-06, 1.43671E-06, 8.05115E-07, 7.58864E-07, 4.76306E-05
326, 4.92156E-05, 2.70705E-05, 3.51611E-05, 1.00059E-05, 1.43452E-06, 8.01717E-07, 7.56347E-07, 4.78680E-05
327, 4.90398E-05, 2.76481E-05, 3.47741E-05, 1.00343E-05, 1.43233E-06, 7.98287E-07, 7.53789E-07, 4.80554E-05
328, 4.88410E-05, 2.82078E-05, 3.43778E-05, 1.00587E-05, 1.43008E-06, 7.94865E-07, 7.51191E-07, 4.81932E-05
329, 4.86201E-05, 2.87493E-05, 3.39726E-05, 1.00792E-05, 1.42773E-06, 7.91480E-07, 7.48575E-07, 4.82819E-05
330, 4.83775E-05, 2.92719E-05, 3.35589E-05, 1.00958E-05, 1.42528E-06, 7.88135E-07, 7.45990E-07, 4.83218E-05
331, 4.81140E-05, 2.97753E-05, 3.31370E-05, 1.01086E-05, 1.42271E-06, 7.84769E-07, 7.43426E-07, 4.92976E-05
332, 4.78301E-05, 3.02591E-05, 3.27073E-05, 1.01176E-05, 1.42006E-06, 7.81351E-07, 7.40906E-07, 5.03818E-05
333, 4.75266E-05, 3.07228E-05, 3.22701E-05, 1.01305E-05, 1.41742E-06, 7.77987E-07, 7.38378E-07, 5.14397E-05
334, 4.72042E-05, 3.11660E-05, 3.18260E-05, 1.01816E-05, 1.41468E-06, 7.74603E-07, 7.35839E-07, 5.24701E-05
335, 4.68634E-05, 3.15885E-05, 3.13751E-05, 1.02284E-05, 1.41195E-06, 7.71233E-07, 7.33318E-07, 5.34717E-05
336, 4.65050E-05, 3.19899E-05, 3.09179E-05, 1.02711E-05, 1.40915E-06, 7.67919E-07, 7.30791E-07, 5.44433E-05
337, 4.61296E-05, 3.23699E-05, 3.04547E-05, 1.03096E-05, 1.40625E-06, 7.64616E-07, 7.28260E-07, 5.53837E-05
338, 4.57379E-05, 3.27282E-05, 2.99859E-05, 1.03440E-05, 1.40325E-06, 7.61268E-07, 7.25737E-07, 5.62920E-05
339, 4.53306E-05, 3.30646E-05, 2.95120E-05, 1.03745E-05, 1.40021E-06, 7.57921E-07, 7.23207E-07, 5.71669E-05
340, 4.49083E-05, 3.33790E-05, 2.90331E-05, 1.04011E-05, 1.39712E-06, 7.54614E-07, 7.20696E-07, 5.80077E-05
341, 4.44718E-05, 3.36710E-05, 2.85497E-05, 1.04238E-05, 1.39405E-06, 7.51298E-07, 7.18208E-07, 5.88134E-05
342, 4.40215E-05, 3.39406E-05, 2.80622E-05, 1.04427E-05, 1.39099E-06, 7.48073E-07, 7.15786E-07, 5.95832E-05
343, 4.35583E-05, 3.41876E-05, 2.75709E-05, 1.04579E-05, 1.38801E-06, 7.44821E-07, 7.13433E-07, 6.03163E-05
344, 4.30826E-05, 3.44120E-05, 2.70762E-05, 1.04695E-05, 1.38498E-06, 7.41599E-07, 7.11128E-07, 6.10120E-05
345, 4.25953E-05, 3.46317E-05, 2.65784E-05, 1.04775E-05, 1.38192E-06, 7.38344E-07, 7.08806E-07, 6.16697E-05
346, 4.20968E-05, 3.49174E-05, 2.60778E-05, 1.04820E-05, 1.37880E-06, 7.35076E-07, 7.06443E-07, 6.22888E-05
347, 4.15878E-05, 3.51783E-05, 2.55748E-05, 1.05260E-05, 1.37573E-06, 7.31891E-07, 7.04073E-07, 6.28689E-05
348, 4.10689E-05, 3.54145E-05, 2.50698E-05, 1.05706E-05, 1.37260E-06, 7.28689E-07, 7.01753E-07, 6.34094E-05
349, 4.05406E-05, 3.56261E-05, 2.45631E-05, 1.06112E-05, 1.36943E-06, 7.25472E-07, 6.99423E-07, 6.39100E-05
350, 4.00036E-05, 3.58131E-05, 2.40551E-05, 1.06480E-05, 1.36622E-06, 7.22237E-07, 6.97095E-07, 6.43705E-05
351, 3.94583E-05, 3.59757E-05, 2.35460E-05, 1.06809E-05, 1.36304E-06, 7.19103E-07, 6.94770E-07, 6.47905E-05
352, 3.89054E-05, 3.61141E-05, 2.30362E-05, 1.07100E-05, 1.35982E-06, 7.16016E-07, 6.92489E-07, 6.51699E-05
353, 3.83454E-05, 3.62284E-05, 2.25261E-05, 1.07354E-05, 1.35662E-06, 7.12975E-07, 6.90253E-07, 6.55086E-05
354, 3.78575E-05, 3.63190E-05, 2.20160E-05, 1.07571E-05, 1.35347E-06, 7.10029E-07, 6.88028E-07, 6.58066E-05
355, 3.76359E-05, 3.63860E-05, 2.15063E-05, 1.07753E-05, 1.35038E-06, 7.07127E-07, 6.85772E-07, 6.60638E-05
356, 3.74048E-05, 3.64298E-05, 2.09972E-05, 1.07899E-05, 1.34731E-06, 7.04327E-07, 6.83525E-07, 6.62803E-05
357, 3.71642E-05, 3.64507E-05, 2.04891E-05, 1.08011E-05, 1.34423E-06, 7.01699E-07, 6.81265E-07, 6.64563E-05
358, 3.69769E-05, 3.64490E-05, 1.99823E-05, 1.08088E-05, 1.34108E-06, 6.99091E-07, 6.78978E-07, 6.65919E-05
359, 3.68784E-05, 3.64251E-05, 1.94771E-05, 1.08133E-05, 1.33792E-06, 6.96490E-07, 6.76744E-07, 6.66872E-05
360, 3.67683E-05, 3.63794E-05, 1.89738E-05, 1.08145E-05, 1.33472E-06, 6.94000E-07, 6.74531E-07, 6.67427E-05
361, 3.66463E-05, 3.63123E-05, 1.84728E-05, 1.08125E-05, 1.33151E-06, 6.91540E-07, 6.72346E-07, 6.67586E-05
362, 3.65124E-05, 3.62243E-05, 1.79742E-05, 1.08171E-05, 1.32839E-06, 6.89108E-07, 6.70209E-07, 6.67352E-05
363, 3.63663E-05, 3.61157E-05, 1.74786E-05, 1.08530E-05, 1.32541E-06, 6.86792E-07, 6.68128E-07, 6.66730E-05
364, 3.62079E-05, 3.59871E-05, 1.69860E-05, 1.08853E-05, 1.32251E-06, 6.84603E-07, 6.66098E-07, 6.65723E-05
365, 3.60372E-05, 3.58389E-05, 1.64969E-05, 1.09364E-05, 1.31960E-06, 6.82400E-07, 6.64186E-07, 6.64337E-05
366, 3.58539E-05, 3.56717E-05, 1.64838E-05, 1.10833E-05, 1.31679E-06, 6.80175E-07, 6.62383E-07, 6.62576E-05
367, 3.56581E-05, 3.54859E-05, 1.65230E-05, 1.12272E-05, 1.31397E-06, 6.77953E-07, 6.60664E-07, 6.60446E-05
368, 3.54496E-05, 3.52821E-05, 1.65555E-05, 1.13681E-05, 1.31109E-06, 6.75731E-07, 6.58985E-07, 6.57952E-05
369, 3.52284E-05, 3.50608E-05, 1.65815E-05, 1.15060E-05, 1.30824E-06, 6.73512E-07, 6.57337E-07, 6.55099E-05
370, 3.49944E-05, 3.48225E-05, 1.66011E-05, 1.16409E-05, 1.30538E-06, 6.71264E-07, 6.55699E-07, 6.51893E-05
371, 3.47475E-05, 3.45679E-05, 1.66144E-05, 1.17728E-05, 1.30254E-06, 6.68998E-07, 6.54075E-07, 6.48341E-05
372, 3.44877E-05, 3.42974E-05, 1.66216E-05, 1.19017E-05, 1.29970E-06, 6.66755E-07, 6.52514E-07, 6.44448E-05
373, 3.42150E-05, 3.40116E-05, 1.66229E-05, 1.20276E-05, 1.29697E-06, 6.64563E-07, 6.50960E-07, 6.40221E-05
374, 3.39294E-05, 3.37111E-05, 1.66183E-05, 1.21506E-05, 1.29435E-06, 6.62346E-07, 6.49389E-07, 6.35665E-05
375, 3.36309E-05, 3.33965E-05, 1.66080E-05, 1.22706E-05, 1.29184E-06, 6.60129E-07, 6.47833E-07, 6.30788E-05
376, 3.33196E-05, 3.30683E-05, 1.65923E-05, 1.23877E-05, 1.28938E-06, 6.57880E-07, 6.46277E-07, 6.25596E-05
377, 3.29955E-05, 3.27270E-05, 1.65711E-05, 1.25018E-05, 1.28694E-06, 6.55601E-07, 6.44694E-07, 6.20095E-05
378, 3.26587E-05, 3.23733E-05, 1.65449E-05, 1.26130E-05, 1.28455E-06, 6.53291E-07, 6.43123E-07, 6.14292E-05
379, 3.23092E-05, 3.20078E-05, 1.65136E-05, 1.27214E-05, 1.28214E-06, 6.50969E-07, 6.41585E-07, 6.08193E-05
380, 3.19472E-05, 3.16309E-05, 1.64775E-05, 1.28268E-05, 1.27973E-06, 6.48631E-07, 6.40062E-07, 6.01804E-05
381, 3.15728E-05, 3.12432E-05, 1.64368E-05, 1.29293E-05, 1.27731E-06, 6.46275E-07, 6.38570E-07, 5.95132E-05
382, 3.15706E-05, 3.08454E-05, 1.63917E-05, 1.30290E-05, 1.27489E-06, 6.43910E-07, 6.37106E-07, 5.88184E-05
383, 3.20112E-05, 3.04378E-05, 1.63423E-05, 1.31258E-05, 1.27250E-06, 6.41526E-07, 6.35646E-07, 5.80966E-05
384, 3.24448E-05, 3.00211E-05, 1.62888E-05, 1.32198E-05, 1.27014E-06, 6.39130E-07, 6.34195E-07, 5.73483E-05
385, 3.28711E-05, 2.95958E-05, 1.62314E-05, 1.33110E-05, 1.26774E-06, 6.36700E-07, 6.32738E-07, 5.65743E-05
386, 3.32899E-05, 2.91624E-05, 1.61703E-05, 1.33993E-05, 1.26537E-06, 6.34371E-07, 6.31279E-07, 5.57751E-05
387, 3.37008E-05, 2.87215E-05, 1.61256E-05, 1.34848E-05, 1.26306E-06, 6.32068E-07, 6.29828E-07, 5.49514E-05
388, 3.41038E-05, 2.82735E-05, 1.61037E-05, 1.35676E-05, 1.26078E-06, 6.29762E-07, 6.28365E-07, 5.41037E-05
389, 3.44984E-05, 2.78188E-05, 1.60787E-05, 1.36476E-05, 1.25851E-06, 6.27456E-07, 6.26907E-07, 5.32327E-05
390, 3.49644E-05, 2.73581E-05, 1.60507E-05, 1.37248E-05, 1.25619E-06, 6.25157E-07, 6.25448E-07, 5.23390E-05
391, 3.55043E-05, 2.68918E-05, 1.60199E-05, 1.37992E-05, 1.25380E-06, 6.22949E-07, 6.23977E-07, 5.14231E-05
392, 3.60356E-05, 2.64203E-05, 1.59863E-05, 1.38709E-05, 1.25140E-06, 6.20791E-07, 6.22512E-07, 5.04856E-05
393, 3.65580E-05, 2.59440E-05, 1.59501E-05, 1.39399E-05, 1.24895E-06, 6.18692E-07, 6.21077E-07, 4.95271E-05
394, 3.70710E-05, 2.55134E-05, 1.59113E-05, 1.40061E-05, 1.24650E-06, 6.16615E-07, 6.19667E-07, 4.85482E-05
395, 3.75744E-05, 2.51789E-05, 1.58700E-05, 1.40695E-05, 1.24401E-06, 6.14515E-07, 6.18247E-07, 4.75494E-05
396, 3.80677E-05, 2.48406E-05, 1.58263E-05, 1.41303E-05, 1.24156E-06, 6.12439E-07, 6.16836E-07, 4.65312E-05
397, 3.85508E-05, 2.44987E-05, 1.59284E-05, 1.41883E-05, 1.23912E-06, 6.10359E-07, 6.15433E-07, 4.54944E-05
398, 3.90232E-05, 2.42736E-05, 1.60905E-05, 1.42436E-05, 1.23668E-06, 6.08266E-07, 6.14055E-07, 4.44393E-05
399, 3.94846E-05, 2.44724E-05, 1.62919E-05, 1.42962E-05, 1.23419E-06, 6.06116E-07, 6.12695E-07, 4.33666E-05
400, 3.99347E-05, 2.46617E-05, 1.64861E-05, 1.44097E-05, 1.23166E-06, 6.03924E-07, 6.11331E-07, 4.22768E-05
401, 4.03732E-05, 2.48417E-05, 1.66728E-05, 1.45776E-05, 1.22917E-06, 6.01777E-07, 6.09981E-07, 4.11704E-05
402, 4.07998E-05, 2.50120E-05, 1.68521E-05, 1.47403E-05, 1.22670E-06, 5.99671E-07, 6.08619E-07, 4.00480E-05
403, 4.12142E-05, 2.51728E-05, 1.70238E-05, 1.48975E-05, 1.22421E-06, 5.97660E-07, 6.07253E-07, 3.89102E-05
404, 4.16161E-05, 2.53239E-05, 1.71878E-05, 1.50493E-05, 1.22173E-06, 5.95617E-07, 6.05893E-07, 3.77574E-05
405, 4.20052E-05, 2.54653E-05, 1.73441E-05, 1.51956E-05, 1.21923E-06, 5.93583E-07, 6.04523E-07, 3.65903E-05
406, 4.23813E-05, 2.55969E-05, 1.74925E-05, 1.53364E-05, 1.21674E-06, 5.91576E-07, 6.03129E-07, 3.54094E-05
407, 4.27440E-05, 2.57186E-05, 1.76508E-05, 1.54718E-05, 1.21426E-06, 5.89551E-07, 6.01759E-07, 3.42153E-05
408, 4.30932E-05, 2.58304E-05, 1.78986E-05, 1.56016E-05, 1.21181E-06, 5.87505E-07, 6.00402E-07, 3.30084E-05
409, 4.34285E-05, 2.59323E-05, 1.81394E-05, 1.57258E-05, 1.20938E-06, 5.85476E-07, 5.99037E-07, 3.26403E-05
410, 4.37498E-05, 2.60243E-05, 1.83733E-05, 1.58445E-05, 1.20698E-06, 5.83465E-07, 5.97672E-07, 3.27495E-05
411, 4.40568E-05, 2.61934E-05, 1.86000E-05, 1.59576E-05, 1.20455E-06, 5.81430E-07, 5.96306E-07, 3.28227E-05
412, 4.43493E-05, 2.63791E-05, 1.88194E-05, 1.60651E-05, 1.20211E-06, 5.79414E-07, 5.94932E-07, 3.28595E-05
413, 4.46271E-05, 2.65548E-05, 1.90316E-05, 1.61670E-05, 1.19969E-06, 5.77420E-07, 5.93564E-07, 3.28600E-05
414, 4.48900E-05, 2.67205E-05, 1.92363E-05, 1.62633E-05, 1.19733E-06, 5.75390E-07, 5.92205E-07, 3.28241E-05
415, 4.51378E-05, 2.68763E-05, 1.94336E-05, 1.63540E-05, 1.19503E-06, 5.73331E-07, 5.90840E-07, 3.27520E-05
416, 4.53704E-05, 2.70223E-05, 1.96233E-05, 1.64392E-05, 1.19276E-06, 5.71247E-07, 5.89490E-07, 3.26439E-05
417, 4.55875E-05, 2.71585E-05, 1.98053E-05, 1.65187E-05, 1.19047E-06, 5.69158E-07, 5.88129E-07, 3.24999E-05
418, 4.57891E-05, 2.72851E-05, 1.99797E-05, 1.65927E-05, 1.18819E-06, 5.67098E-07, 5.86747E-07, 3.23206E-05
419, 4.59750E-05, 2.74020E-05, 2.01464E-05, 1.66611E-05, 1.18593E-06, 5.65048E-07, 5.85365E-07, 3.21064E-05
420, 4.61451E-05, 2.75093E-05, 2.03052E-05, 1.67239E-05, 1.18358E-06, 5.63062E-07, 5.83981E-07, 3.18579E-05
421, 4.62992E-05, 2.76070E-05, 2.04562E-05, 1.67812E-05, 1.18119E-06, 5.61104E-07, 5.82617E-07, 3.15758E-05
422, 4.64373E-05, 2.76952E-05, 2.05992E-05, 1.68329E-05, 1.17884E-06, 5.59193E-07, 5.81295E-07, 3.12608E-05
423, 4.65593E-05, 2.77739E-05, 2.07344E-05, 1.68792E-05, 1.17650E-06, 5.57273E-07, 5.79980E-07, 3.09138E-05
424, 4.66651E-05, 2.78432E-05, 2.09931E-05, 1.69200E-05, 1.17420E-06, 5.55340E-07, 5.78661E-07, 3.05358E-05
425, 4.67547E-05, 2.79031E-05, 2.12495E-05, 1.69554E-05, 1.17195E-06, 5.53384E-07, 5.77330E-07, 3.01276E-05
426, 4.68280E-05, 2.79537E-05, 2.14996E-05, 1.69853E-05, 1.16965E-06, 5.51431E-07, 5.75982E-07, 2.96906E-05
427, 4.68849E-05, 2.79949E-05, 2.17432E-05, 1.70098E-05, 1.16740E-06, 5.49477E-07, 5.74630E-07, 2.92259E-05
428, 4.69256E-05, 2.80269E-05, 2.19802E-05, 1.70290E-05, 1.16510E-06, 5.47546E-07, 5.73270E-07, 2.87346E-05
429, 4.69989E-05, 2.80497E-05, 2.22105E-05, 1.70429E-05, 1.16285E-06, 5.45626E-07, 5.71904E-07, 2.82183E-05
430, 4.72272E-05, 2.80632E-05, 2.24339E-05, 1.70515E-05, 1.16060E-06, 5.43697E-07, 5.70541E-07, 2.76782E-05
431, 4.74426E-05, 2.80677E-05, 2.26504E-05, 1.70548E-05, 1.15838E-06, 5.41770E-07, 5.69162E-07, 2.71158E-05
432, 4.76448E-05, 2.80630E-05, 2.28598E-05, 1.70530E-05, 1.15615E-06, 5.39843E-07, 5.67766E-07, 2.65327E-05
433, 4.78337E-05, 2.80493E-05, 2.30620E-05, 1.70460E-05, 1.15396E-06, 5.37919E-07, 5.66369E-07, 2.65201E-05
434, 4.80092E-05, 2.80265E-05, 2.32570E-05, 1.70340E-05, 1.15187E-06, 5.36080E-07, 5.64986E-07, 2.69118E-05
435, 4.81711E-05, 2.79948E-05, 2.34447E-05, 1.70168E-05, 1.14980E-06, 5.34265E-07, 5.63611E-07, 2.72861E-05
436, 4.83194E-05, 2.79542E-05, 2.36249E-05, 1.69947E-05, 1.14787E-06, 5.32446E-07, 5.62238E-07, 2.76430E-05
437, 4.84539E-05, 2.79048E-05, 2.37976E-05, 1.69676E-05, 1.14602E-06, 5.30603E-07, 5.60885E-07, 2.79822E-05
438, 4.85746E-05, 2.78465E-05, 2.39626E-05, 1.69357E-05, 1.14414E-06, 5.28745E-07, 5.59528E-07, 2.83037E-05
439, 4.86813E-05, 2.77794E-05, 2.41200E-05, 1.68989E-05, 1.14220E-06, 5.26877E-07, 5.58166E-07, 2.86073E-05
440, 4.87741E-05, 2.77037E-05, 2.42696E-05, 1.68574E-05, 1.14029E-06, 5.25013E-07, 5.56800E-07, 2.88931E-05
441, 4.88528E-05, 2.76194E-05, 2.44115E-05, 1.68111E-05, 1.13843E-06, 5.23140E-07, 5.55423E-07, 2.92411E-05
442, 4.89174E-05, 2.75270E-05, 2.45454E-05, 1.67602E-05, 1.13659E-06, 5.21248E-07, 5.54062E-07, 2.97940E-05
443, 4.89679E-05, 2.75595E-05, 2.46714E-05, 1.67047E-05, 1.13467E-06, 5.19362E-07, 5.52698E-07, 3.03287E-05
444, 4.90043E-05, 2.76310E-05, 2.47894E-05, 1.66448E-05, 1.13270E-06, 5.17466E-07, 5.51330E-07, 3.08445E-05
445, 4.90264E-05, 2.78857E-05, 2.48994E-05, 1.65804E-05, 1.13069E-06, 5.15574E-07, 5.49956E-07, 3.13410E-05
446, 4.90344E-05, 2.81335E-05, 2.50013E-05, 1.65116E-05, 1.12866E-06, 5.13680E-07, 5.48573E-07, 3.18175E-05
447, 4.90282E-05, 2.83744E-05, 2.50950E-05, 1.64385E-05, 1.12660E-06, 5.11789E-07, 5.47182E-07, 3.22737E-05
448, 4.90078E-05, 2.86082E-05, 2.51807E-05, 1.63612E-05, 1.12453E-06, 5.09905E-07, 5.45794E-07, 3.27090E-05
449, 4.89732E-05, 2.88348E-05, 2.52582E-05, 1.63098E-05, 1.12243E-06, 5.08005E-07, 5.44417E-07, 3.31231E-05
450, 4.89246E-05, 2.90542E-05, 2.53275E-05, 1.62627E-05, 1.12027E-06, 5.06086E-07, 5.43020E-07, 3.35156E-05
451, 4.88618E-05, 2.92662E-05, 2.53886E-05, 1.62118E-05, 1.11806E-06, 5.04241E-07, 5.41619E-07, 3.38860E-05
452, 4.87850E-05, 2.94707E-05, 2.54415E-05, 1.61570E-05, 1.11578E-06, 5.02361E-07, 5.40224E-07, 3.42341E-05
453, 4.86943E-05, 2.96678E-05, 2.54862E-05, 1.60984E-05, 1.11341E-06, 5.00451E-07, 5.38825E-07, 3.45596E-05
454, 4.85896E-05, 2.98572E-05, 2.55227E-05, 1.60360E-05, 1.11094E-06, 4.98529E-07, 5.37416E-07, 3.48623E-05
455, 4.84712E-05, 3.00389E-05, 2.56903E-05, 1.59700E-05, 1.10841E-06, 4.96612E-07, 5.35991E-07, 3.51419E-05
456, 4.83390E-05, 3.02128E-05, 2.58746E-05, 1.59002E-05, 1.10583E-06, 4.94689E-07, 5.34579E-07, 3.53982E-05
457, 4.81932E-05, 3.03789E-05, 2.60530E-05, 1.58268E-05, 1.10317E-06, 4.92824E-07, 5.33174E-07, 3.56311E-05
458, 4.80339E-05, 3.05371E-05, 2.62254E-05, 1.57499E-05, 1.10051E-06, 4.91029E-07, 5.31779E-07, 3.58406E-05
459, 4.78612E-05, 3.06874E-05, 2.63916E-05, 1.56695E-05, 1.09780E-06, 4.89286E-07, 5.30371E-07, 3.60264E-05
460, 4.76752E-05, 3.08296E-05, 2.65516E-05, 1.55856E-05, 1.09508E-06, 4.87666E-07, 5.28951E-07, 3.61887E-05
461, 4.74762E-05, 3.09638E-05, 2.67051E-05, 1.54983E-05, 1.09235E-06, 4.86052E-07, 5.27506E-07, 3.63273E-05
462, 4.72641E-05, 3.10898E-05, 2.68521E-05, 1.54077E-05, 1.08958E-06, 4.84429E-07, 5.26056E-07, 3.64423E-05
463, 4.70393E-05, 3.12077E-05, 2.69925E-05, 1.53138E-05, 1.08683E-06, 4.82804E-07, 5.24621E-07, 3.65338E-05
464, 4.68018E-05, 3.13173E-05, 2.71262E-05, 1.52168E-05, 1.08406E-06, 4.81218E-07, 5.23186E-07, 3.67196E-05
465, 4.65519E-05, 3.14188E-05, 2.72530E-05, 1.51166E-05, 1.08125E-06, 4.79624E-07, 5.21758E-07, 3.71350E-05
466, 4.62896E-05, 3.15119E-05, 2.73729E-05, 1.50134E-05, 1.07838E-06, 4.78016E-07, 5.20318E-07, 3.78205E-05
467, 4.60153E-05, 3.15968E-05, 2.74857E-05, 1.49071E-05, 1.07546E-06, 4.76399E-07, 5.18871E-07, 3.84790E-05
468, 4.57291E-05, 3.16733E-05, 2.75914E-05, 1.47980E-05, 1.07249E-06, 4.74756E-07, 5.17418E-07, 3.92612E-05
469, 4.54312E-05, 3.17416E-05, 2.76898E-05, 1.46860E-05, 1.06947E-06, 4.73110E-07, 5.15957E-07, 4.00653E-05
470, 4.51218E-05, 3.18015E-05, 2.77810E-05, 1.45712E-05, 1.06636E-06, 4.71452E-07, 5.14510E-07, 4.08450E-05
471, 4.48012E-05, 3.18530E-05, 2.78647E-05, 1.44538E-05, 1.06321E-06, 4.69791E-07, 5.13061E-07, 4.15999E-05
472, 4.44696E-05, 3.18962E-05, 2.79410E-05, 1.43337E-05, 1.06000E-06, 4.68134E-07, 5.11596E-07, 4.23296E-05
473, 4.41273E-05, 3.19311E-05, 2.80097E-05, 1.42110E-05, 1.05672E-06, 4.66464E-07, 5.10122E-07, 4.30340E-05
474, 4.37744E-05, 3.19577E-05, 2.80709E-05, 1.40859E-05, 1.05346E-06, 4.64770E-07, 5.08651E-07, 4.37127E-05
475, 4.34112E-05, 3.19759E-05, 2.81243E-05, 1.39584E-05, 1.05015E-06, 4.63090E-07, 5.07175E-07, 4.43654E-05
476, 4.30381E-05, 3.19859E-05, 2.81701E-05, 1.38286E-05, 1.04676E-06, 4.61393E-07, 5.05697E-07, 4.49920E-05
477, 4.26552E-05, 3.19876E-05, 2.82080E-05, 1.36965E-05, 1.04329E-06, 4.59693E-07, 5.04205E-07, 4.55921E-05
478, 4.22630E-05, 3.19811E-05, 2.82382E-05, 1.35623E-05, 1.03984E-06, 4.57992E-07, 5.02713E-07, 4.61657E-05
479, 4.19330E-05, 3.19666E-05, 2.82604E-05, 1.34260E-05, 1.03638E-06, 4.56301E-07, 5.01238E-07, 4.67126E-05
480, 4.16614E-05, 3.19438E-05, 2.82748E-05, 1.32878E-05, 1.03290E-06, 4.54613E-07, 4.99734E-07, 4.72326E-05
481, 4.13786E-05, 3.19129E-05, 2.82813E-05, 1.31476E-05, 1.02939E-06, 4.52921E-07, 4.98208E-07, 4.77256E-05
482, 4.10847E-05, 3.18740E-05, 2.82798E-05, 1.30056E-05, 1.02584E-06, 4.51225E-07, 4.96682E-07, 4.81915E-05
483, 4.07800E-05, 3.19011E-05, 2.82703E-05, 1.28618E-05, 1.02230E-06, 4.49544E-07, 4.95158E-07, 4.86302E-05
484, 4.04648E-05, 3.19231E-05, 2.82529E-05, 1.27164E-05, 1.01874E-06, 4.47865E-07, 4.93606E-07, 4.90416E-05
485, 4.01393E-05, 3.19379E-05, 2.82274E-05, 1.25694E-05, 1.01514E-06, 4.46187E-07, 4.92032E-07, 4.94258E-05
486, 3.98037E-05, 3.19457E-05, 2.81940E-05, 1.24209E-05, 1.01146E-06, 4.44510E-07, 4.90468E-07, 4.97827E-05
487, 3.94584E-05, 3.19463E-05, 2.81527E-05, 1.22709E-05, 1.00774E-06, 4.42848E-07, 4.88928E-07, 5.01124E-05
488, 3.91034E-05, 3.20234E-05, 2.81034E-05, 1.21197E-05, 1.00396E-06, 4.41219E-07, 4.87394E-07, 5.04147E-05
489, 3.87393E-05, 3.21292E-05, 2.80461E-05, 1.19671E-05, 1.00015E-06, 4.39611E-07, 4.85852E-07, 5.06899E-05
490, 3.83661E-05, 3.22288E-05, 2.79809E-05, 1.18134E-05, 9.96319E-07, 4.38006E-07, 4.84298E-07, 5.09379E-05
491, 3.81056E-05, 3.23221E-05, 2.79079E-05, 1.16586E-05, 9.92470E-07, 4.36438E-07, 4.82745E-07, 5.11588E-05
492, 3.78882E-05, 3.24090E-05, 2.78269E-05, 1.15028E-05, 9.88554E-07, 4.34866E-07, 4.81190E-07, 5.13527E-05
493, 3.76615E-05, 3.24894E-05, 2.77382E-05, 1.13461E-05, 9.84569E-07, 4.33306E-07, 4.79622E-07, 5.15199E-05
494, 3.74254E-05, 3.25633E-05, 2.76418E-05, 1.11885E-05, 9.80542E-07, 4.31762E-07, 4.78052E-07, 5.16603E-05
495, 3.71803E-05, 3.26305E-05, 2.75377E-05, 1.10302E-05, 9.76458E-07, 4.30209E-07, 4.76475E-07, 5.17741E-05
496, 3.69262E-05, 3.26909E-05, 2.74259E-05, 1.08711E-05, 9.72374E-07, 4.28674E-07, 4.74891E-07, 5.18616E-05
497, 3.66633E-05, 3.27446E-05, 2.73065E-05, 1.07115E-05, 9.68266E-07, 4.27158E-07, 4.73296E-07, 5.19229E-05
498, 3.63919E-05, 3.27913E-05, 2.71797E-05, 1.05513E-05, 9.64162E-07, 4.25657E-07, 4.71710E-07, 5.19582E-05
499, 3.61120E-05, 3.28311E-05, 2.70455E-05, 1.03906E-05, 9.59999E-07, 4.24149E-07, 4.70117E-07, 5.19677E-05
500, 3.58240E-05, 3.28638E-05, 2.69040E-05, 1.02296E-05, 9.55784E-07, 4.22634E-07, 4.68537E-07, 5.19516E-05
