time_step, rel_err_u, rel_err_v, rel_err_w, rel_err_p, rel_err_u_m, rel_err_v_m, rel_err_w_m, rel_err_p_m
0, 0.00000E+00, 0.00000E+00, 0.00000E+00, 0.00000E+00, 0.00000E+00, 0.00000E+00, 0.00000E+00,    Infinity
1, 4.69566E-07, 2.79926E-07, 2.54653E-07, 1.79184E-04, 2.07296E-08, 1.81364E-08, 1.45129E-08, 8.13394E+01
2, 6.01396E-06, 4.25061E-06, 6.12113E-06, 1.36356E-05, 6.80707E-08, 6.82263E-08, 4.93681E-08, 2.12749E-02
3, 5.57842E-07, 4.33211E-07, 2.64315E-07, 5.75072E-06, 2.04223E-08, 1.67310E-08, 1.32241E-08, 1.24734E-03
4, 4.20314E-07, 3.76925E-07, 5.50679E-07, 1.76606E-06, 1.74936E-08, 1.38945E-08, 1.12813E-08, 1.58817E-03
5, 3.80853E-07, 2.19203E-07, 1.74408E-07, 3.39472E-07, 1.74900E-08, 1.40385E-08, 1.12059E-08, 3.00273E-04
6, 3.97667E-07, 2.26173E-07, 1.80782E-07, 1.86444E-07, 1.70873E-08, 1.37077E-08, 1.09933E-08, 1.00038E-04
7, 4.16657E-07, 2.32793E-07, 1.76851E-07, 1.16514E-07, 1.69424E-08, 1.36454E-08, 1.08897E-08, 5.55186E-05
8, 4.37156E-07, 2.38436E-07, 1.81230E-07, 1.14568E-07, 1.67614E-08, 1.35392E-08, 1.07956E-08, 2.55295E-05
9, 4.57179E-07, 2.43535E-07, 1.85653E-07, 1.17671E-07, 1.66052E-08, 1.34519E-08, 1.07058E-08, 1.32379E-05
10, 4.79103E-07, 2.47894E-07, 1.89274E-07, 1.18012E-07, 1.64468E-08, 1.33613E-08, 1.06178E-08, 6.74506E-06
11, 5.09045E-07, 2.51492E-07, 1.92858E-07, 1.17830E-07, 1.62958E-08, 1.32754E-08, 1.05306E-08, 3.50639E-06
12, 5.38643E-07, 2.54317E-07, 1.96137E-07, 1.19549E-07, 1.61482E-08, 1.31921E-08, 1.04476E-08, 1.82128E-06
13, 5.67706E-07, 2.56348E-07, 1.99107E-07, 1.21581E-07, 1.60057E-08, 1.31119E-08, 1.03673E-08, 1.11351E-06
14, 5.96042E-07, 2.57570E-07, 2.04103E-07, 1.23138E-07, 1.58634E-08, 1.30324E-08, 1.02868E-08, 1.10692E-06
15, 6.23475E-07, 2.58245E-07, 2.09112E-07, 1.24242E-07, 1.57267E-08, 1.29542E-08, 1.02061E-08, 1.09332E-06
16, 6.49789E-07, 2.58639E-07, 2.13833E-07, 1.24872E-07, 1.55926E-08, 1.28779E-08, 1.01279E-08, 1.06811E-06
17, 6.74792E-07, 2.58229E-07, 2.18254E-07, 1.25016E-07, 1.54668E-08, 1.28045E-08, 1.00536E-08, 1.03371E-06
18, 6.98294E-07, 2.57009E-07, 2.22361E-07, 1.24672E-07, 1.53434E-08, 1.27333E-08, 9.98105E-09, 1.06295E-06
19, 7.20110E-07, 2.62896E-07, 2.26144E-07, 1.23842E-07, 1.52202E-08, 1.26629E-08, 9.91056E-09, 1.08108E-06
20, 7.40062E-07, 2.68475E-07, 2.29594E-07, 1.22534E-07, 1.50975E-08, 1.25924E-08, 9.84074E-09, 1.08795E-06
21, 7.57982E-07, 2.73351E-07, 2.32703E-07, 1.20761E-07, 1.49737E-08, 1.25261E-08, 9.77258E-09, 1.08359E-06
22, 7.74211E-07, 2.77493E-07, 2.35466E-07, 1.20159E-07, 1.48524E-08, 1.24632E-08, 9.70535E-09, 1.06817E-06
23, 8.05464E-07, 2.80874E-07, 2.37877E-07, 1.22938E-07, 1.47348E-08, 1.24008E-08, 9.63983E-09, 1.04209E-06
24, 8.34927E-07, 2.83469E-07, 2.39935E-07, 1.25257E-07, 1.46182E-08, 1.23369E-08, 9.57712E-09, 1.00595E-06
25, 8.62371E-07, 2.85256E-07, 2.41637E-07, 1.27089E-07, 1.45072E-08, 1.22746E-08, 9.51463E-09, 1.02872E-06
26, 8.87543E-07, 2.87429E-07, 2.42985E-07, 1.28414E-07, 1.43997E-08, 1.22142E-08, 9.45348E-09, 1.04501E-06
27, 9.10218E-07, 2.89380E-07, 2.43979E-07, 1.29215E-07, 1.42930E-08, 1.21528E-08, 9.39355E-09, 1.05312E-06
28, 9.30183E-07, 2.90535E-07, 2.44622E-07, 1.29484E-07, 1.41869E-08, 1.20918E-08, 9.33544E-09, 1.05347E-06
29, 9.47238E-07, 2.90873E-07, 2.46965E-07, 1.29215E-07, 1.40867E-08, 1.20325E-08, 9.27733E-09, 1.04657E-06
30, 9.61201E-07, 2.90383E-07, 2.49484E-07, 1.28411E-07, 1.39875E-08, 1.19738E-08, 9.22097E-09, 1.03304E-06
31, 9.71910E-07, 2.89053E-07, 2.51661E-07, 1.27078E-07, 1.38915E-08, 1.19194E-08, 9.16510E-09, 1.04224E-06
32, 9.79220E-07, 2.86883E-07, 2.53496E-07, 1.25231E-07, 1.37954E-08, 1.18652E-08, 9.10871E-09, 1.05668E-06
33, 9.83011E-07, 2.84552E-07, 2.54988E-07, 1.22887E-07, 1.37010E-08, 1.18113E-08, 9.05282E-09, 1.06275E-06
34, 9.93001E-07, 2.83998E-07, 2.56136E-07, 1.20072E-07, 1.36058E-08, 1.17558E-08, 8.99880E-09, 1.06100E-06
35, 1.01257E-06, 2.85227E-07, 2.56943E-07, 1.16814E-07, 1.35174E-08, 1.17040E-08, 8.94370E-09, 1.05215E-06
36, 1.02873E-06, 2.87920E-07, 2.57810E-07, 1.13392E-07, 1.34305E-08, 1.16538E-08, 8.88975E-09, 1.05264E-06
37, 1.04129E-06, 2.89935E-07, 2.57637E-07, 1.14680E-07, 1.33421E-08, 1.16016E-08, 8.83653E-09, 1.07039E-06
38, 1.05006E-06, 2.91268E-07, 2.57355E-07, 1.15763E-07, 1.32513E-08, 1.15498E-08, 8.78914E-09, 1.08032E-06
39, 1.05489E-06, 2.91915E-07, 2.56841E-07, 1.16639E-07, 1.31619E-08, 1.14993E-08, 8.74240E-09, 1.08280E-06
40, 1.05564E-06, 2.92250E-07, 2.68359E-07, 1.17312E-07, 1.30750E-08, 1.14516E-08, 8.69448E-09, 1.09495E-06
41, 1.05221E-06, 2.93437E-07, 2.79912E-07, 1.17785E-07, 1.29901E-08, 1.14055E-08, 8.64672E-09, 1.13675E-06
42, 1.04453E-06, 2.94721E-07, 2.90354E-07, 1.19185E-07, 1.29059E-08, 1.13577E-08, 8.60033E-09, 1.16869E-06
43, 1.03256E-06, 2.99149E-07, 2.99559E-07, 1.20450E-07, 1.28201E-08, 1.13093E-08, 8.55173E-09, 1.19098E-06
44, 1.01629E-06, 3.02863E-07, 3.07407E-07, 1.21443E-07, 1.27394E-08, 1.12592E-08, 8.50376E-09, 1.20395E-06
45, 1.01315E-06, 3.05832E-07, 3.13790E-07, 1.22137E-07, 1.26559E-08, 1.12166E-08, 8.45504E-09, 1.20812E-06
46, 1.01511E-06, 3.08030E-07, 3.18606E-07, 1.22510E-07, 1.25743E-08, 1.11771E-08, 8.40685E-09, 1.20413E-06
47, 1.01296E-06, 3.09433E-07, 3.21770E-07, 1.22537E-07, 1.24915E-08, 1.11369E-08, 8.35784E-09, 1.19276E-06
48, 1.00659E-06, 3.10020E-07, 3.23205E-07, 1.22198E-07, 1.24078E-08, 1.10967E-08, 8.30887E-09, 1.17485E-06
49, 9.95940E-07, 3.10200E-07, 3.22852E-07, 1.21476E-07, 1.23194E-08, 1.10571E-08, 8.26342E-09, 1.15130E-06
50, 9.80966E-07, 3.12305E-07, 3.20666E-07, 1.20356E-07, 1.22283E-08, 1.10164E-08, 8.21750E-09, 1.12306E-06
51, 9.61671E-07, 3.28400E-07, 3.16617E-07, 1.21054E-07, 1.21419E-08, 1.09746E-08, 8.17122E-09, 1.09105E-06
52, 9.38093E-07, 3.44216E-07, 3.10693E-07, 1.24099E-07, 1.20564E-08, 1.09349E-08, 8.12453E-09, 1.08913E-06
53, 9.42651E-07, 3.59703E-07, 3.02900E-07, 1.27015E-07, 1.19681E-08, 1.08969E-08, 8.07807E-09, 1.10799E-06
54, 9.57445E-07, 3.74817E-07, 3.09758E-07, 1.29764E-07, 1.18823E-08, 1.08602E-08, 8.03043E-09, 1.11988E-06
55, 9.68587E-07, 3.89514E-07, 3.26975E-07, 1.32312E-07, 1.17964E-08, 1.08219E-08, 7.98178E-09, 1.12477E-06
56, 1.00468E-06, 4.03752E-07, 3.43314E-07, 1.34621E-07, 1.17114E-08, 1.07828E-08, 7.93300E-09, 1.12272E-06
57, 1.03589E-06, 4.17493E-07, 3.58658E-07, 1.36657E-07, 1.16297E-08, 1.07427E-08, 7.88407E-09, 1.11387E-06
58, 1.06205E-06, 4.30696E-07, 3.72896E-07, 1.38385E-07, 1.15452E-08, 1.07024E-08, 7.83458E-09, 1.09919E-06
59, 1.08301E-06, 4.43329E-07, 3.85921E-07, 1.39773E-07, 1.14585E-08, 1.06613E-08, 7.78686E-09, 1.08112E-06
60, 1.09871E-06, 4.55356E-07, 3.97637E-07, 1.40794E-07, 1.13702E-08, 1.06191E-08, 7.73873E-09, 1.09878E-06
61, 1.10912E-06, 4.66748E-07, 4.07953E-07, 1.41421E-07, 1.12844E-08, 1.05785E-08, 7.69245E-09, 1.15782E-06
62, 1.11426E-06, 4.77478E-07, 4.16790E-07, 1.41634E-07, 1.12037E-08, 1.05380E-08, 7.64621E-09, 1.20964E-06
63, 1.11419E-06, 4.87521E-07, 4.24077E-07, 1.41415E-07, 1.11225E-08, 1.04953E-08, 7.60036E-09, 1.25375E-06
64, 1.10903E-06, 4.96855E-07, 4.29795E-07, 1.40755E-07, 1.10436E-08, 1.04520E-08, 7.55467E-09, 1.28978E-06
65, 1.09893E-06, 5.05463E-07, 4.33860E-07, 1.39645E-07, 1.09624E-08, 1.04096E-08, 7.50822E-09, 1.31743E-06
66, 1.09323E-06, 5.14750E-07, 4.36236E-07, 1.38084E-07, 1.08892E-08, 1.03673E-08, 7.46336E-09, 1.33655E-06
67, 1.09870E-06, 5.24542E-07, 4.36901E-07, 1.36076E-07, 1.08146E-08, 1.03259E-08, 7.41864E-09, 1.34709E-06
68, 1.09871E-06, 5.33488E-07, 4.35844E-07, 1.33631E-07, 1.07415E-08, 1.02903E-08, 7.37474E-09, 1.34913E-06
69, 1.09331E-06, 5.41572E-07, 4.33071E-07, 1.30760E-07, 1.06701E-08, 1.02547E-08, 7.33257E-09, 1.34281E-06
70, 1.08260E-06, 5.48781E-07, 4.28599E-07, 1.27482E-07, 1.05955E-08, 1.02174E-08, 7.29233E-09, 1.32842E-06
71, 1.06670E-06, 5.55106E-07, 4.22459E-07, 1.23820E-07, 1.05300E-08, 1.01805E-08, 7.25096E-09, 1.30630E-06
72, 1.09351E-06, 5.60544E-07, 4.14692E-07, 1.19799E-07, 1.04681E-08, 1.01436E-08, 7.20827E-09, 1.27688E-06
73, 1.11602E-06, 5.65094E-07, 4.05354E-07, 1.15448E-07, 1.04075E-08, 1.01062E-08, 7.16565E-09, 1.24066E-06
74, 1.13392E-06, 5.68758E-07, 3.94510E-07, 1.10799E-07, 1.03513E-08, 1.00691E-08, 7.12182E-09, 1.19819E-06
75, 1.14713E-06, 5.71544E-07, 3.82239E-07, 1.05885E-07, 1.02969E-08, 1.00324E-08, 7.07705E-09, 1.15007E-06
76, 1.15555E-06, 5.73462E-07, 3.68626E-07, 1.00743E-07, 1.02406E-08, 9.99542E-09, 7.03203E-09, 1.09814E-06
77, 1.15916E-06, 5.74525E-07, 3.53766E-07, 9.54075E-08, 1.01839E-08, 9.95699E-09, 6.98662E-09, 1.13427E-06
78, 1.15794E-06, 5.74749E-07, 3.37763E-07, 8.99165E-08, 1.01259E-08, 9.91709E-09, 6.94246E-09, 1.16248E-06
79, 1.15193E-06, 5.74155E-07, 3.20725E-07, 8.43068E-08, 1.00674E-08, 9.87667E-09, 6.89849E-09, 1.18283E-06
80, 1.14118E-06, 5.72763E-07, 3.02767E-07, 7.86149E-08, 1.00090E-08, 9.83760E-09, 6.85374E-09, 1.19546E-06
81, 1.12578E-06, 5.70598E-07, 2.84009E-07, 7.28764E-08, 9.95052E-09, 9.79908E-09, 6.81018E-09, 1.20061E-06
82, 1.10587E-06, 5.68051E-07, 2.78695E-07, 6.71257E-08, 9.90757E-09, 9.76048E-09, 6.76690E-09, 1.19862E-06
83, 1.08158E-06, 5.66602E-07, 2.90303E-07, 6.13955E-08, 9.86577E-09, 9.72209E-09, 6.72486E-09, 1.18987E-06
84, 1.05309E-06, 5.67317E-07, 3.00299E-07, 5.96851E-08, 9.82160E-09, 9.68417E-09, 6.68300E-09, 1.17481E-06
85, 1.02060E-06, 5.67135E-07, 3.08660E-07, 5.85140E-08, 9.77632E-09, 9.64769E-09, 6.64069E-09, 1.15395E-06
86, 9.84322E-07, 5.65943E-07, 3.15372E-07, 5.71608E-08, 9.73335E-09, 9.61119E-09, 6.59840E-09, 1.12780E-06
87, 9.44503E-07, 5.63762E-07, 3.20430E-07, 5.56414E-08, 9.69116E-09, 9.57336E-09, 6.55584E-09, 1.09693E-06
88, 9.01394E-07, 5.60618E-07, 3.23843E-07, 5.49539E-08, 9.64847E-09, 9.53434E-09, 6.51382E-09, 1.06190E-06
89, 8.55264E-07, 5.78576E-07, 3.25629E-07, 5.50041E-08, 9.60429E-09, 9.49419E-09, 6.47133E-09, 1.02328E-06
90, 8.06394E-07, 5.97636E-07, 3.25817E-07, 5.50980E-08, 9.55918E-09, 9.45459E-09, 6.42846E-09, 9.81642E-07
91, 7.55076E-07, 6.15394E-07, 3.24445E-07, 5.51492E-08, 9.51463E-09, 9.41419E-09, 6.38603E-09, 9.37529E-07
92, 7.39258E-07, 6.31802E-07, 3.21559E-07, 5.51583E-08, 9.47079E-09, 9.37328E-09, 6.34373E-09, 8.91466E-07
93, 7.47635E-07, 6.46816E-07, 3.17216E-07, 5.53767E-08, 9.42854E-09, 9.33370E-09, 6.30164E-09, 8.43953E-07
94, 7.52620E-07, 6.60403E-07, 3.11479E-07, 5.56055E-08, 9.39297E-09, 9.29242E-09, 6.25959E-09, 7.95447E-07
95, 7.54329E-07, 6.72536E-07, 3.04418E-07, 5.57907E-08, 9.35832E-09, 9.25158E-09, 6.22295E-09, 7.46379E-07
96, 7.89480E-07, 6.83198E-07, 2.96110E-07, 5.59325E-08, 9.32307E-09, 9.21104E-09, 6.19071E-09, 6.97130E-07
97, 8.25820E-07, 6.92378E-07, 2.91152E-07, 5.60312E-08, 9.28746E-09, 9.17082E-09, 6.16023E-09, 6.48041E-07
98, 8.59181E-07, 7.00075E-07, 2.96073E-07, 5.61955E-08, 9.25094E-09, 9.13110E-09, 6.13031E-09, 5.99414E-07
99, 8.89488E-07, 7.06293E-07, 2.99655E-07, 5.63486E-08, 9.21394E-09, 9.09207E-09, 6.10021E-09, 5.51505E-07
100, 9.16682E-07, 7.11053E-07, 3.01899E-07, 5.64593E-08, 9.17666E-09, 9.05245E-09, 6.06998E-09, 5.04531E-07
101, 9.40726E-07, 7.14364E-07, 3.02820E-07, 5.65280E-08, 9.14135E-09, 9.01268E-09, 6.03973E-09, 4.84298E-07
102, 9.61600E-07, 7.16249E-07, 3.02438E-07, 5.65553E-08, 9.10449E-09, 8.97353E-09, 6.00904E-09, 4.71643E-07
103, 9.79302E-07, 7.16740E-07, 3.00784E-07, 5.65416E-08, 9.06656E-09, 8.93356E-09, 5.97789E-09, 4.54424E-07
104, 9.93846E-07, 7.15872E-07, 2.97896E-07, 5.64877E-08, 9.02879E-09, 8.89306E-09, 5.94646E-09, 4.33032E-07
105, 1.00526E-06, 7.13685E-07, 2.93818E-07, 5.64490E-08, 8.99539E-09, 8.85153E-09, 5.91467E-09, 4.32258E-07
106, 1.01360E-06, 7.10225E-07, 2.88604E-07, 5.67089E-08, 8.96106E-09, 8.80952E-09, 5.88359E-09, 4.45546E-07
107, 1.01891E-06, 7.05538E-07, 2.82313E-07, 5.69113E-08, 8.92648E-09, 8.76676E-09, 5.85294E-09, 4.55683E-07
108, 1.02128E-06, 6.99678E-07, 2.75008E-07, 5.70571E-08, 8.89056E-09, 8.72334E-09, 5.82244E-09, 4.62759E-07
109, 1.02079E-06, 6.92697E-07, 2.66758E-07, 5.71693E-08, 8.85643E-09, 8.68007E-09, 5.79231E-09, 4.68328E-07
110, 1.01753E-06, 6.84653E-07, 2.57639E-07, 5.73221E-08, 8.82165E-09, 8.63693E-09, 5.76171E-09, 4.72840E-07
111, 1.01161E-06, 6.75605E-07, 2.47727E-07, 5.74329E-08, 8.78725E-09, 8.59388E-09, 5.73112E-09, 4.74729E-07
112, 1.00315E-06, 6.65611E-07, 2.37102E-07, 5.75019E-08, 8.75400E-09, 8.55073E-09, 5.70085E-09, 4.74102E-07
113, 9.92262E-07, 6.54733E-07, 2.25847E-07, 5.81225E-08, 8.71998E-09, 8.50699E-09, 5.67033E-09, 4.71077E-07
114, 9.79086E-07, 6.43032E-07, 2.29800E-07, 5.86952E-08, 8.68575E-09, 8.46261E-09, 5.63962E-09, 4.65778E-07
115, 9.63755E-07, 6.30570E-07, 2.34246E-07, 5.90718E-08, 8.65157E-09, 8.41803E-09, 5.60923E-09, 4.58341E-07
116, 9.46408E-07, 6.17409E-07, 2.37797E-07, 5.92566E-08, 8.61758E-09, 8.37387E-09, 5.57864E-09, 4.48908E-07
117, 9.27190E-07, 6.03610E-07, 2.40465E-07, 5.92551E-08, 8.58209E-09, 8.32994E-09, 5.54855E-09, 4.37631E-07
118, 9.06256E-07, 5.89233E-07, 2.42252E-07, 5.90744E-08, 8.54568E-09, 8.28528E-09, 5.52133E-09, 4.24661E-07
119, 8.83754E-07, 5.74339E-07, 2.43172E-07, 5.87228E-08, 8.50851E-09, 8.24075E-09, 5.49445E-09, 4.10163E-07
120, 8.59822E-07, 5.58986E-07, 2.43246E-07, 5.82094E-08, 8.47115E-09, 8.19743E-09, 5.46782E-09, 3.94299E-07
121, 8.34610E-07, 5.43232E-07, 2.42497E-07, 5.81435E-08, 8.43506E-09, 8.15346E-09, 5.44144E-09, 3.77235E-07
122, 8.08267E-07, 5.27131E-07, 2.40953E-07, 5.82879E-08, 8.39891E-09, 8.10942E-09, 5.41503E-09, 3.59136E-07
123, 7.80939E-07, 5.10739E-07, 2.38647E-07, 5.84436E-08, 8.36353E-09, 8.06474E-09, 5.38861E-09, 3.40173E-07
124, 7.52771E-07, 4.94108E-07, 2.35615E-07, 5.85490E-08, 8.32809E-09, 8.02016E-09, 5.36294E-09, 3.22842E-07
125, 7.23905E-07, 4.77288E-07, 2.31893E-07, 5.86046E-08, 8.29444E-09, 7.97522E-09, 5.33800E-09, 3.20306E-07
126, 6.94478E-07, 4.60328E-07, 2.27525E-07, 5.86110E-08, 8.26231E-09, 7.93041E-09, 5.31351E-09, 3.17278E-07
127, 6.64624E-07, 4.43273E-07, 2.22553E-07, 5.85689E-08, 8.23074E-09, 7.88596E-09, 5.28960E-09, 3.13763E-07
128, 6.34472E-07, 4.26168E-07, 2.17023E-07, 5.86861E-08, 8.19934E-09, 7.84122E-09, 5.26580E-09, 3.10256E-07
129, 6.10393E-07, 4.09054E-07, 2.10983E-07, 5.87973E-08, 8.17242E-09, 7.79603E-09, 5.24183E-09, 3.11413E-07
130, 6.01993E-07, 3.91972E-07, 2.04480E-07, 5.88543E-08, 8.14763E-09, 7.75078E-09, 5.21774E-09, 3.12125E-07
131, 5.91810E-07, 3.74959E-07, 1.97564E-07, 5.88578E-08, 8.12209E-09, 7.70600E-09, 5.19350E-09, 3.12390E-07
132, 5.79988E-07, 3.58049E-07, 1.90285E-07, 5.88101E-08, 8.09557E-09, 7.66309E-09, 5.16915E-09, 3.12203E-07
133, 5.66675E-07, 3.41275E-07, 1.82693E-07, 5.90405E-08, 8.06817E-09, 7.62152E-09, 5.14542E-09, 3.11565E-07
134, 5.52018E-07, 3.24668E-07, 1.74838E-07, 5.92195E-08, 8.04008E-09, 7.57910E-09, 5.12165E-09, 3.10466E-07
135, 5.36167E-07, 3.08255E-07, 1.66769E-07, 5.93473E-08, 8.01100E-09, 7.53718E-09, 5.09880E-09, 3.08913E-07
136, 5.19272E-07, 2.92063E-07, 1.58536E-07, 5.94244E-08, 7.98239E-09, 7.49519E-09, 5.07623E-09, 3.06903E-07
137, 5.01478E-07, 2.76115E-07, 1.50186E-07, 5.94512E-08, 7.95364E-09, 7.45304E-09, 5.05368E-09, 3.04436E-07
138, 4.82932E-07, 2.60433E-07, 1.41765E-07, 5.94282E-08, 7.92511E-09, 7.41117E-09, 5.03136E-09, 3.01516E-07
139, 4.63776E-07, 2.45036E-07, 1.33319E-07, 5.93561E-08, 7.89636E-09, 7.36909E-09, 5.00951E-09, 2.98145E-07
140, 4.44149E-07, 2.29942E-07, 1.24890E-07, 5.92529E-08, 7.86741E-09, 7.32847E-09, 4.98749E-09, 2.94328E-07
141, 4.24183E-07, 2.21905E-07, 1.16519E-07, 5.93326E-08, 7.83832E-09, 7.28805E-09, 4.96552E-09, 2.95210E-07
142, 4.04007E-07, 2.15353E-07, 1.08246E-07, 5.93579E-08, 7.80924E-09, 7.24788E-09, 4.94425E-09, 2.96006E-07
143, 3.83744E-07, 2.08695E-07, 1.00106E-07, 5.93294E-08, 7.78039E-09, 7.20818E-09, 4.92345E-09, 2.96394E-07
144, 3.63509E-07, 2.01960E-07, 9.21334E-08, 5.92646E-08, 7.75170E-09, 7.16769E-09, 4.90276E-09, 2.96366E-07
145, 3.43411E-07, 1.95177E-07, 8.43596E-08, 5.94992E-08, 7.72348E-09, 7.12709E-09, 4.88230E-09, 2.95922E-07
146, 3.23552E-07, 1.88374E-07, 7.68130E-08, 5.96813E-08, 7.69512E-09, 7.08691E-09, 4.86235E-09, 2.95056E-07
147, 3.04027E-07, 1.81575E-07, 7.02186E-08, 5.98111E-08, 7.66736E-09, 7.04693E-09, 4.84284E-09, 2.93769E-07
148, 2.84920E-07, 1.74804E-07, 6.90897E-08, 5.98890E-08, 7.64064E-09, 7.00694E-09, 4.82325E-09, 2.92058E-07
149, 2.66309E-07, 1.68085E-07, 6.77340E-08, 5.99153E-08, 7.61389E-09, 6.96749E-09, 4.80319E-09, 2.89924E-07
150, 2.48265E-07, 1.61436E-07, 6.68988E-08, 5.98905E-08, 7.58764E-09, 6.92863E-09, 4.78280E-09, 2.87366E-07
151, 2.41832E-07, 1.54878E-07, 6.66241E-08, 5.98151E-08, 7.56174E-09, 6.89051E-09, 4.76254E-09, 2.84387E-07
152, 2.43525E-07, 1.53891E-07, 6.62712E-08, 5.96898E-08, 7.53564E-09, 6.85297E-09, 4.74252E-09, 2.80988E-07
153, 2.44394E-07, 1.52980E-07, 6.58435E-08, 5.96647E-08, 7.50978E-09, 6.81629E-09, 4.72285E-09, 2.78005E-07
154, 2.44447E-07, 1.51886E-07, 6.53446E-08, 5.96896E-08, 7.48443E-09, 6.77945E-09, 4.70295E-09, 2.79072E-07
155, 2.43701E-07, 1.50612E-07, 6.47782E-08, 5.96591E-08, 7.45897E-09, 6.74318E-09, 4.68324E-09, 2.79764E-07
156, 2.42171E-07, 1.49165E-07, 6.41478E-08, 5.95740E-08, 7.43458E-09, 6.70752E-09, 4.66434E-09, 2.80077E-07
157, 2.39879E-07, 1.47551E-07, 6.34572E-08, 5.94352E-08, 7.41117E-09, 6.67234E-09, 4.64597E-09, 2.80003E-07
158, 2.36852E-07, 1.45776E-07, 6.27101E-08, 5.95262E-08, 7.38752E-09, 6.63760E-09, 4.62708E-09, 2.79542E-07
159, 2.33121E-07, 1.43846E-07, 6.26641E-08, 5.96829E-08, 7.36293E-09, 6.60334E-09, 4.60805E-09, 2.78687E-07
160, 2.28719E-07, 1.41767E-07, 6.32297E-08, 5.97860E-08, 7.33767E-09, 6.56933E-09, 4.58950E-09, 2.77436E-07
161, 2.23684E-07, 1.39546E-07, 6.37360E-08, 5.98359E-08, 7.31211E-09, 6.53609E-09, 4.57141E-09, 2.75787E-07
162, 2.18057E-07, 1.37189E-07, 6.41819E-08, 5.98327E-08, 7.28663E-09, 6.50378E-09, 4.55389E-09, 2.73739E-07
163, 2.11880E-07, 1.34704E-07, 6.45663E-08, 5.97771E-08, 7.26101E-09, 6.47189E-09, 4.53629E-09, 2.71292E-07
164, 2.05197E-07, 1.32184E-07, 6.48884E-08, 5.96696E-08, 7.23549E-09, 6.44026E-09, 4.51900E-09, 2.68442E-07
165, 1.98055E-07, 1.31687E-07, 6.51471E-08, 5.97177E-08, 7.20994E-09, 6.40893E-09, 4.50277E-09, 2.65196E-07
166, 1.90502E-07, 1.31033E-07, 6.53418E-08, 5.97649E-08, 7.18436E-09, 6.37845E-09, 4.48674E-09, 2.61553E-07
167, 1.82586E-07, 1.30225E-07, 6.54720E-08, 5.97542E-08, 7.15962E-09, 6.34825E-09, 4.47071E-09, 2.62065E-07
168, 1.74356E-07, 1.29265E-07, 6.55371E-08, 5.96863E-08, 7.13545E-09, 6.31869E-09, 4.45480E-09, 2.62771E-07
169, 1.65862E-07, 1.28158E-07, 6.55367E-08, 5.95619E-08, 7.11115E-09, 6.28922E-09, 4.43899E-09, 2.63118E-07
170, 1.61794E-07, 1.26905E-07, 6.54706E-08, 5.93819E-08, 7.08701E-09, 6.25972E-09, 4.42365E-09, 2.63106E-07
171, 1.61942E-07, 1.25511E-07, 6.54099E-08, 5.91472E-08, 7.06280E-09, 6.23033E-09, 4.40882E-09, 2.62725E-07
172, 1.62215E-07, 1.23979E-07, 6.59865E-08, 5.88590E-08, 7.03912E-09, 6.20129E-09, 4.39371E-09, 2.61973E-07
173, 1.62604E-07, 1.22314E-07, 6.65127E-08, 5.89130E-08, 7.01580E-09, 6.17230E-09, 4.37873E-09, 2.60845E-07
174, 1.63098E-07, 1.20519E-07, 6.69873E-08, 5.89495E-08, 6.99269E-09, 6.14340E-09, 4.36383E-09, 2.59338E-07
175, 1.63685E-07, 1.18600E-07, 6.74087E-08, 5.89317E-08, 6.96994E-09, 6.11522E-09, 4.34897E-09, 2.57449E-07
176, 1.64350E-07, 1.16560E-07, 6.77758E-08, 5.91220E-08, 6.94755E-09, 6.08827E-09, 4.33426E-09, 2.55177E-07
177, 1.65079E-07, 1.14403E-07, 6.80873E-08, 5.92675E-08, 6.92471E-09, 6.06137E-09, 4.31940E-09, 2.52521E-07
178, 1.65854E-07, 1.12515E-07, 6.83421E-08, 5.93517E-08, 6.90178E-09, 6.03420E-09, 4.30439E-09, 2.49480E-07
179, 1.66659E-07, 1.12213E-07, 6.85391E-08, 5.93752E-08, 6.87913E-09, 6.00688E-09, 4.28930E-09, 2.46057E-07
180, 1.70236E-07, 1.11776E-07, 6.86774E-08, 5.93385E-08, 6.85692E-09, 5.98033E-09, 4.27423E-09, 2.43931E-07
181, 1.74413E-07, 1.11202E-07, 6.88717E-08, 5.92424E-08, 6.83483E-09, 5.95405E-09, 4.25966E-09, 2.44638E-07
182, 1.78512E-07, 1.10493E-07, 6.89939E-08, 5.90875E-08, 6.81290E-09, 5.92813E-09, 4.24568E-09, 2.45010E-07
183, 1.82534E-07, 1.09649E-07, 6.89801E-08, 5.88749E-08, 6.79096E-09, 5.90255E-09, 4.23209E-09, 2.45038E-07
184, 1.86478E-07, 1.08674E-07, 6.88353E-08, 5.86056E-08, 6.76879E-09, 5.87750E-09, 4.21854E-09, 2.44719E-07
185, 1.90341E-07, 1.07567E-07, 6.85649E-08, 5.82806E-08, 6.74611E-09, 5.85316E-09, 4.20518E-09, 2.44045E-07
186, 1.94120E-07, 1.06440E-07, 6.82320E-08, 5.79010E-08, 6.72315E-09, 5.82897E-09, 4.19194E-09, 2.43014E-07
187, 1.97807E-07, 1.07617E-07, 6.80833E-08, 5.75693E-08, 6.70043E-09, 5.80490E-09, 4.17902E-09, 2.41621E-07
188, 2.01398E-07, 1.08877E-07, 6.84565E-08, 5.78093E-08, 6.67857E-09, 5.78056E-09, 4.16612E-09, 2.39864E-07
189, 2.04883E-07, 1.09990E-07, 6.87837E-08, 5.80015E-08, 6.65679E-09, 5.75687E-09, 4.15395E-09, 2.37741E-07
190, 2.08255E-07, 1.10962E-07, 6.90635E-08, 5.81302E-08, 6.63550E-09, 5.73313E-09, 4.14202E-09, 2.35250E-07
191, 2.11502E-07, 1.11798E-07, 6.92946E-08, 5.81956E-08, 6.61452E-09, 5.70925E-09, 4.12998E-09, 2.32391E-07
192, 2.14617E-07, 1.12502E-07, 6.94756E-08, 5.81982E-08, 6.59349E-09, 5.68532E-09, 4.11764E-09, 2.29166E-07
193, 2.17586E-07, 1.13081E-07, 6.96054E-08, 5.81388E-08, 6.57217E-09, 5.66170E-09, 4.10532E-09, 2.25574E-07
194, 2.20400E-07, 1.13538E-07, 6.96827E-08, 5.80180E-08, 6.55040E-09, 5.63804E-09, 4.09333E-09, 2.24885E-07
195, 2.23048E-07, 1.13879E-07, 6.97063E-08, 5.78366E-08, 6.52874E-09, 5.61465E-09, 4.08199E-09, 2.25196E-07
196, 2.25517E-07, 1.14108E-07, 6.96753E-08, 5.75957E-08, 6.50782E-09, 5.59177E-09, 4.07064E-09, 2.25184E-07
197, 2.27797E-07, 1.14231E-07, 6.95887E-08, 5.72962E-08, 6.48722E-09, 5.56863E-09, 4.05942E-09, 2.24844E-07
198, 2.29876E-07, 1.14252E-07, 6.94455E-08, 5.69393E-08, 6.46689E-09, 5.54559E-09, 4.04845E-09, 2.24172E-07
199, 2.31744E-07, 1.14177E-07, 6.92449E-08, 5.65263E-08, 6.44691E-09, 5.52292E-09, 4.03754E-09, 2.23165E-07
200, 2.33390E-07, 1.14009E-07, 6.99570E-08, 5.60584E-08, 6.42791E-09, 5.50014E-09, 4.02669E-09, 2.21818E-07
201, 2.34804E-07, 1.13754E-07, 7.10713E-08, 5.56049E-08, 6.40893E-09, 5.47730E-09, 4.01595E-09, 2.20130E-07
202, 2.35976E-07, 1.13418E-07, 7.27375E-08, 5.57783E-08, 6.38983E-09, 5.45407E-09, 4.00521E-09, 2.18099E-07
203, 2.36899E-07, 1.13004E-07, 7.43222E-08, 5.58871E-08, 6.37138E-09, 5.43077E-09, 3.99451E-09, 2.15724E-07
204, 2.37564E-07, 1.12518E-07, 7.58227E-08, 5.59315E-08, 6.35385E-09, 5.40761E-09, 3.98407E-09, 2.13006E-07
205, 2.37964E-07, 1.11963E-07, 7.72364E-08, 5.59122E-08, 6.33650E-09, 5.38471E-09, 3.97355E-09, 2.09946E-07
206, 2.38093E-07, 1.11344E-07, 7.85613E-08, 5.58297E-08, 6.31949E-09, 5.36204E-09, 3.96331E-09, 2.06546E-07
207, 2.37945E-07, 1.10667E-07, 7.97956E-08, 5.56849E-08, 6.30282E-09, 5.33957E-09, 3.95357E-09, 2.03978E-07
208, 2.37515E-07, 1.10140E-07, 8.09379E-08, 5.54786E-08, 6.28626E-09, 5.31679E-09, 3.94372E-09, 2.04175E-07
209, 2.36801E-07, 1.10415E-07, 8.19869E-08, 5.52119E-08, 6.26975E-09, 5.29382E-09, 3.93373E-09, 2.04071E-07
210, 2.35800E-07, 1.10607E-07, 8.29419E-08, 5.48857E-08, 6.25315E-09, 5.27048E-09, 3.92375E-09, 2.03667E-07
211, 2.34511E-07, 1.10716E-07, 8.38022E-08, 5.45014E-08, 6.23662E-09, 5.24713E-09, 3.91412E-09, 2.02956E-07
212, 2.32932E-07, 1.10741E-07, 8.45677E-08, 5.40602E-08, 6.21997E-09, 5.22377E-09, 3.90460E-09, 2.01936E-07
213, 2.31065E-07, 1.10681E-07, 8.52385E-08, 5.35634E-08, 6.20368E-09, 5.20082E-09, 3.89498E-09, 2.00607E-07
214, 2.28911E-07, 1.10537E-07, 8.58149E-08, 5.30815E-08, 6.18757E-09, 5.17859E-09, 3.88569E-09, 1.98965E-07
215, 2.26472E-07, 1.10308E-07, 8.62976E-08, 5.28600E-08, 6.17174E-09, 5.15623E-09, 3.87722E-09, 1.97012E-07
216, 2.23752E-07, 1.09993E-07, 8.66875E-08, 5.25793E-08, 6.15677E-09, 5.13339E-09, 3.86896E-09, 1.94747E-07
217, 2.20756E-07, 1.09593E-07, 8.69859E-08, 5.23308E-08, 6.14188E-09, 5.11108E-09, 3.86052E-09, 1.92171E-07
218, 2.17489E-07, 1.09109E-07, 8.83522E-08, 5.22870E-08, 6.12734E-09, 5.08921E-09, 3.85184E-09, 1.89284E-07
219, 2.13957E-07, 1.08540E-07, 8.98218E-08, 5.21805E-08, 6.11262E-09, 5.06763E-09, 3.84333E-09, 1.86093E-07
220, 2.10166E-07, 1.08360E-07, 9.11896E-08, 5.20122E-08, 6.09763E-09, 5.04581E-09, 3.83499E-09, 1.84449E-07
221, 2.06126E-07, 1.08806E-07, 9.24533E-08, 5.17828E-08, 6.08241E-09, 5.02381E-09, 3.82667E-09, 1.83174E-07
222, 2.01843E-07, 1.09626E-07, 9.36113E-08, 5.14935E-08, 6.06728E-09, 5.00184E-09, 3.81817E-09, 1.82974E-07
223, 1.97328E-07, 1.10635E-07, 9.46622E-08, 5.11453E-08, 6.05212E-09, 4.98022E-09, 3.80960E-09, 1.82587E-07
224, 1.92591E-07, 1.11586E-07, 9.56051E-08, 5.07395E-08, 6.03698E-09, 4.95912E-09, 3.80111E-09, 1.82327E-07
225, 1.87641E-07, 1.12481E-07, 9.64392E-08, 5.02774E-08, 6.02252E-09, 4.93860E-09, 3.79257E-09, 1.83124E-07
226, 1.82488E-07, 1.13319E-07, 9.71644E-08, 4.97900E-08, 6.00800E-09, 4.91811E-09, 3.78403E-09, 1.83770E-07
227, 1.77144E-07, 1.14101E-07, 9.77806E-08, 4.95802E-08, 5.99331E-09, 4.89773E-09, 3.77575E-09, 1.84270E-07
228, 1.71620E-07, 1.14827E-07, 9.82883E-08, 4.93121E-08, 5.97865E-09, 4.87716E-09, 3.76698E-09, 1.84630E-07
229, 1.65928E-07, 1.15496E-07, 9.86882E-08, 4.89873E-08, 5.96389E-09, 4.85639E-09, 3.75835E-09, 1.84856E-07
230, 1.60079E-07, 1.16110E-07, 9.89814E-08, 4.86075E-08, 5.94930E-09, 4.83566E-09, 3.74947E-09, 1.84950E-07
231, 1.54087E-07, 1.16668E-07, 9.97854E-08, 4.81743E-08, 5.93503E-09, 4.81476E-09, 3.74058E-09, 1.84920E-07
232, 1.47962E-07, 1.17170E-07, 1.01048E-07, 4.76895E-08, 5.92068E-09, 4.79407E-09, 3.73178E-09, 1.84770E-07
233, 1.41718E-07, 1.17617E-07, 1.02219E-07, 4.71549E-08, 5.90659E-09, 4.77353E-09, 3.72303E-09, 1.84504E-07
234, 1.35366E-07, 1.18009E-07, 1.03295E-07, 4.66923E-08, 5.89253E-09, 4.75259E-09, 3.71442E-09, 1.84126E-07
235, 1.30515E-07, 1.18346E-07, 1.04275E-07, 4.63856E-08, 5.87869E-09, 4.73177E-09, 3.70596E-09, 1.84611E-07
236, 1.30475E-07, 1.18627E-07, 1.05157E-07, 4.60224E-08, 5.86490E-09, 4.71149E-09, 3.69784E-09, 1.85990E-07
237, 1.30203E-07, 1.18854E-07, 1.05938E-07, 4.56038E-08, 5.85114E-09, 4.69116E-09, 3.68999E-09, 1.87207E-07
238, 1.29702E-07, 1.19026E-07, 1.06618E-07, 4.54503E-08, 5.83812E-09, 4.67091E-09, 3.68216E-09, 1.88267E-07
239, 1.28981E-07, 1.19142E-07, 1.07196E-07, 4.52547E-08, 5.82601E-09, 4.65050E-09, 3.67430E-09, 1.89173E-07
240, 1.28046E-07, 1.19204E-07, 1.07671E-07, 4.50035E-08, 5.81494E-09, 4.62961E-09, 3.66663E-09, 1.89930E-07
241, 1.26906E-07, 1.19211E-07, 1.08042E-07, 4.46983E-08, 5.80404E-09, 4.60864E-09, 3.65899E-09, 1.90542E-07
242, 1.25567E-07, 1.19162E-07, 1.08310E-07, 4.43405E-08, 5.79348E-09, 4.58745E-09, 3.65135E-09, 1.91014E-07
243, 1.24039E-07, 1.19059E-07, 1.09358E-07, 4.39318E-08, 5.78326E-09, 4.56627E-09, 3.64374E-09, 1.91348E-07
244, 1.22332E-07, 1.18900E-07, 1.10490E-07, 4.34739E-08, 5.77360E-09, 4.54546E-09, 3.63606E-09, 1.91550E-07
245, 1.20454E-07, 1.18685E-07, 1.11543E-07, 4.29685E-08, 5.76468E-09, 4.52511E-09, 3.62821E-09, 1.91623E-07
246, 1.18415E-07, 1.18414E-07, 1.12516E-07, 4.24174E-08, 5.75550E-09, 4.50499E-09, 3.62031E-09, 1.91571E-07
247, 1.16224E-07, 1.18088E-07, 1.13406E-07, 4.18227E-08, 5.74612E-09, 4.48530E-09, 3.61244E-09, 1.91397E-07
248, 1.13893E-07, 1.17705E-07, 1.14212E-07, 4.11861E-08, 5.73655E-09, 4.46592E-09, 3.60459E-09, 1.91105E-07
249, 1.11431E-07, 1.17266E-07, 1.14932E-07, 4.05097E-08, 5.72766E-09, 4.44613E-09, 3.59693E-09, 1.90877E-07
250, 1.08848E-07, 1.16770E-07, 1.15564E-07, 4.02893E-08, 5.71897E-09, 4.42638E-09, 3.58924E-09, 1.92426E-07
251, 1.06153E-07, 1.16217E-07, 1.16107E-07, 4.01080E-08, 5.71053E-09, 4.40660E-09, 3.58169E-09, 1.93806E-07
252, 1.03358E-07, 1.15607E-07, 1.16560E-07, 3.98754E-08, 5.70254E-09, 4.38641E-09, 3.57419E-09, 1.95018E-07
253, 1.00472E-07, 1.14939E-07, 1.16922E-07, 3.95927E-08, 5.69500E-09, 4.36629E-09, 3.56664E-09, 1.96067E-07
254, 9.75039E-08, 1.14212E-07, 1.17192E-07, 3.92615E-08, 5.68795E-09, 4.34603E-09, 3.55894E-09, 1.96954E-07
255, 9.44642E-08, 1.13428E-07, 1.17370E-07, 3.88833E-08, 5.68152E-09, 4.32542E-09, 3.55127E-09, 1.97681E-07
256, 9.13619E-08, 1.12584E-07, 1.17456E-07, 3.84596E-08, 5.67592E-09, 4.30482E-09, 3.54356E-09, 1.98252E-07
257, 8.82060E-08, 1.11681E-07, 1.17448E-07, 3.79920E-08, 5.67025E-09, 4.28431E-09, 3.53571E-09, 1.98670E-07
258, 8.50052E-08, 1.10719E-07, 1.17349E-07, 3.74824E-08, 5.66460E-09, 4.26391E-09, 3.52786E-09, 1.98936E-07
259, 8.17679E-08, 1.09697E-07, 1.17158E-07, 3.69324E-08, 5.65859E-09, 4.24369E-09, 3.52005E-09, 1.99052E-07
260, 8.26353E-08, 1.08614E-07, 1.16876E-07, 3.63638E-08, 5.65218E-09, 4.22381E-09, 3.51206E-09, 1.99024E-07
261, 8.35316E-08, 1.07470E-07, 1.16503E-07, 3.59976E-08, 5.64589E-09, 4.20412E-09, 3.50408E-09, 1.98851E-07
262, 8.43704E-08, 1.06266E-07, 1.16042E-07, 3.56316E-08, 5.63968E-09, 4.18463E-09, 3.49620E-09, 1.98537E-07
263, 8.51505E-08, 1.05184E-07, 1.15493E-07, 3.59224E-08, 5.63356E-09, 4.16513E-09, 3.48842E-09, 1.98085E-07
264, 8.58710E-08, 1.04115E-07, 1.14857E-07, 3.61933E-08, 5.62747E-09, 4.14529E-09, 3.48086E-09, 1.98431E-07
265, 8.65309E-08, 1.02992E-07, 1.14138E-07, 3.64446E-08, 5.62142E-09, 4.12535E-09, 3.47355E-09, 1.99825E-07
266, 8.71295E-08, 1.01816E-07, 1.13335E-07, 3.66763E-08, 5.61494E-09, 4.10523E-09, 3.46629E-09, 2.01028E-07
267, 8.76661E-08, 1.00585E-07, 1.13001E-07, 3.68887E-08, 5.60841E-09, 4.08487E-09, 3.45899E-09, 2.02046E-07
268, 8.81401E-08, 9.93001E-08, 1.13178E-07, 3.70819E-08, 5.60234E-09, 4.06466E-09, 3.45152E-09, 2.02875E-07
269, 8.85511E-08, 9.79603E-08, 1.13292E-07, 3.72563E-08, 5.59654E-09, 4.04465E-09, 3.44391E-09, 2.03522E-07
270, 8.88988E-08, 9.65657E-08, 1.13344E-07, 3.74120E-08, 5.59092E-09, 4.02465E-09, 3.43642E-09, 2.03988E-07
271, 8.91829E-08, 9.51160E-08, 1.13332E-07, 3.75492E-08, 5.58526E-09, 4.00477E-09, 3.42882E-09, 2.04276E-07
272, 9.19524E-08, 9.36113E-08, 1.13257E-07, 3.76683E-08, 5.57982E-09, 3.98507E-09, 3.42117E-09, 2.04389E-07
273, 9.61277E-08, 9.20516E-08, 1.13120E-07, 3.77695E-08, 5.57413E-09, 3.96540E-09, 3.41339E-09, 2.04330E-07
274, 1.00186E-07, 9.04370E-08, 1.12921E-07, 3.78529E-08, 5.56831E-09, 3.94571E-09, 3.40565E-09, 2.04102E-07
275, 1.04128E-07, 8.96997E-08, 1.12659E-07, 3.80835E-08, 5.56226E-09, 3.92617E-09, 3.39800E-09, 2.03710E-07
276, 1.07955E-07, 9.01344E-08, 1.13400E-07, 3.83499E-08, 5.55651E-09, 3.90689E-09, 3.39044E-09, 2.03157E-07
277, 1.11667E-07, 9.04949E-08, 1.15013E-07, 3.85966E-08, 5.55026E-09, 3.88780E-09, 3.38275E-09, 2.02446E-07
278, 1.15265E-07, 9.07800E-08, 1.16548E-07, 3.88239E-08, 5.54387E-09, 3.86867E-09, 3.37513E-09, 2.01582E-07
279, 1.18751E-07, 9.09887E-08, 1.18002E-07, 3.90320E-08, 5.53723E-09, 3.84962E-09, 3.36723E-09, 2.01782E-07
280, 1.22125E-07, 9.11200E-08, 1.19378E-07, 3.92212E-08, 5.53019E-09, 3.83062E-09, 3.35908E-09, 2.02748E-07
281, 1.25390E-07, 9.11733E-08, 1.20674E-07, 3.93916E-08, 5.52276E-09, 3.81170E-09, 3.35096E-09, 2.03513E-07
282, 1.28545E-07, 9.11478E-08, 1.21891E-07, 3.95436E-08, 5.51523E-09, 3.79269E-09, 3.34283E-09, 2.04078E-07
283, 1.31592E-07, 9.10430E-08, 1.23029E-07, 3.96774E-08, 5.50745E-09, 3.77397E-09, 3.33466E-09, 2.04448E-07
284, 1.34533E-07, 9.08586E-08, 1.24088E-07, 3.97932E-08, 5.49972E-09, 3.75523E-09, 3.32641E-09, 2.04627E-07
285, 1.37369E-07, 9.05942E-08, 1.25070E-07, 3.98914E-08, 5.49184E-09, 3.73689E-09, 3.31814E-09, 2.04618E-07
286, 1.40102E-07, 9.02498E-08, 1.25973E-07, 3.99722E-08, 5.48435E-09, 3.71858E-09, 3.30981E-09, 2.04426E-07
287, 1.42731E-07, 8.98255E-08, 1.26800E-07, 4.00359E-08, 5.47733E-09, 3.70010E-09, 3.30158E-09, 2.04056E-07
288, 1.45259E-07, 8.93215E-08, 1.27550E-07, 4.00828E-08, 5.47024E-09, 3.68194E-09, 3.29336E-09, 2.03514E-07
289, 1.47686E-07, 8.87380E-08, 1.28224E-07, 4.01132E-08, 5.46335E-09, 3.66393E-09, 3.28501E-09, 2.02802E-07
290, 1.50014E-07, 8.80755E-08, 1.28823E-07, 4.01337E-08, 5.45641E-09, 3.64640E-09, 3.27675E-09, 2.01928E-07
291, 1.52243E-07, 8.76339E-08, 1.29348E-07, 4.03382E-08, 5.44968E-09, 3.62885E-09, 3.26841E-09, 2.00896E-07
292, 1.54375E-07, 8.81302E-08, 1.29799E-07, 4.05240E-08, 5.44343E-09, 3.61119E-09, 3.26001E-09, 1.99711E-07
293, 1.56411E-07, 8.85641E-08, 1.30178E-07, 4.06913E-08, 5.43730E-09, 3.59367E-09, 3.25147E-09, 1.98379E-07
294, 1.58351E-07, 8.89336E-08, 1.30486E-07, 4.08403E-08, 5.43105E-09, 3.57613E-09, 3.24279E-09, 1.97261E-07
295, 1.60197E-07, 8.92366E-08, 1.30723E-07, 4.09715E-08, 5.42479E-09, 3.55866E-09, 3.23403E-09, 1.97717E-07
296, 1.61950E-07, 8.94713E-08, 1.30890E-07, 4.10849E-08, 5.41844E-09, 3.54146E-09, 3.22530E-09, 1.97980E-07
297, 1.63610E-07, 8.96360E-08, 1.30989E-07, 4.11810E-08, 5.41211E-09, 3.52468E-09, 3.21667E-09, 1.98053E-07
298, 1.65178E-07, 8.97288E-08, 1.31020E-07, 4.12600E-08, 5.40574E-09, 3.50808E-09, 3.20806E-09, 1.97944E-07
299, 1.66656E-07, 8.97483E-08, 1.30986E-07, 4.13222E-08, 5.39924E-09, 3.49154E-09, 3.19937E-09, 1.97655E-07
300, 1.68043E-07, 8.96928E-08, 1.30886E-07, 4.13678E-08, 5.39261E-09, 3.47512E-09, 3.19061E-09, 1.97192E-07
301, 1.69341E-07, 8.95609E-08, 1.30723E-07, 4.13972E-08, 5.38608E-09, 3.45889E-09, 3.18177E-09, 1.96561E-07
302, 1.70551E-07, 8.93515E-08, 1.30497E-07, 4.14107E-08, 5.37935E-09, 3.44341E-09, 3.17313E-09, 1.95766E-07
303, 1.71673E-07, 8.90632E-08, 1.30210E-07, 4.14086E-08, 5.37271E-09, 3.42851E-09, 3.16476E-09, 1.94813E-07
304, 1.72707E-07, 8.86952E-08, 1.29863E-07, 4.13912E-08, 5.36633E-09, 3.41373E-09, 3.15630E-09, 1.93708E-07
305, 1.73655E-07, 8.82466E-08, 1.29457E-07, 4.14933E-08, 5.35994E-09, 3.39878E-09, 3.14780E-09, 1.92456E-07
306, 1.74516E-07, 8.77165E-08, 1.28995E-07, 4.16406E-08, 5.35334E-09, 3.38365E-09, 3.13946E-09, 1.91062E-07
307, 1.75293E-07, 8.71044E-08, 1.28476E-07, 4.17703E-08, 5.34671E-09, 3.36889E-09, 3.13095E-09, 1.89533E-07
308, 1.75985E-07, 8.64098E-08, 1.27902E-07, 4.18826E-08, 5.33984E-09, 3.35401E-09, 3.12230E-09, 1.87872E-07
309, 1.76592E-07, 8.56325E-08, 1.27276E-07, 4.19779E-08, 5.33334E-09, 3.33910E-09, 3.11351E-09, 1.86088E-07
310, 1.77117E-07, 8.47723E-08, 1.26597E-07, 4.20563E-08, 5.32715E-09, 3.32430E-09, 3.10456E-09, 1.85284E-07
311, 1.77558E-07, 8.38293E-08, 1.25869E-07, 4.21182E-08, 5.32117E-09, 3.30967E-09, 3.09570E-09, 1.85125E-07
312, 1.77917E-07, 8.28036E-08, 1.25091E-07, 4.21639E-08, 5.31523E-09, 3.29515E-09, 3.08694E-09, 1.84797E-07
313, 1.78195E-07, 8.16956E-08, 1.24266E-07, 4.22073E-08, 5.30905E-09, 3.28099E-09, 3.07828E-09, 1.84306E-07
314, 1.78392E-07, 8.05059E-08, 1.23395E-07, 4.22959E-08, 5.30263E-09, 3.26735E-09, 3.06947E-09, 1.83658E-07
315, 1.78508E-07, 7.93287E-08, 1.22480E-07, 4.23676E-08, 5.29596E-09, 3.25376E-09, 3.06054E-09, 1.82856E-07
316, 1.78546E-07, 7.82674E-08, 1.21521E-07, 4.24227E-08, 5.28931E-09, 3.24032E-09, 3.05153E-09, 1.81907E-07
317, 1.78504E-07, 7.71364E-08, 1.20520E-07, 4.24615E-08, 5.28272E-09, 3.22743E-09, 3.04256E-09, 1.80817E-07
318, 1.78385E-07, 7.59360E-08, 1.19479E-07, 4.24842E-08, 5.27581E-09, 3.21480E-09, 3.03355E-09, 1.79589E-07
319, 1.78188E-07, 7.46671E-08, 1.18400E-07, 4.24911E-08, 5.26865E-09, 3.20216E-09, 3.02463E-09, 1.78229E-07
320, 1.77915E-07, 7.33304E-08, 1.17283E-07, 4.25608E-08, 5.26116E-09, 3.18942E-09, 3.01562E-09, 1.76742E-07
321, 1.77567E-07, 7.19267E-08, 1.16130E-07, 4.27273E-08, 5.25329E-09, 3.17645E-09, 3.00675E-09, 1.75134E-07
322, 1.77145E-07, 7.04572E-08, 1.14943E-07, 4.28760E-08, 5.24520E-09, 3.16320E-09, 2.99773E-09, 1.73411E-07
323, 1.76649E-07, 6.90940E-08, 1.13722E-07, 4.30072E-08, 5.23744E-09, 3.14972E-09, 2.98874E-09, 1.74484E-07
324, 1.76081E-07, 7.11052E-08, 1.12470E-07, 4.31212E-08, 5.22945E-09, 3.13633E-09, 2.97979E-09, 1.75566E-07
325, 1.75441E-07, 7.30588E-08, 1.11188E-07, 4.32183E-08, 5.22111E-09, 3.12318E-09, 2.97093E-09, 1.76518E-07
326, 1.74732E-07, 7.49529E-08, 1.09877E-07, 4.32987E-08, 5.21284E-09, 3.11039E-09, 2.96203E-09, 1.77341E-07
327, 1.73953E-07, 7.67856E-08, 1.08539E-07, 4.33627E-08, 5.20423E-09, 3.09767E-09, 2.95314E-09, 1.78032E-07
328, 1.73107E-07, 7.85550E-08, 1.07174E-07, 4.34106E-08, 5.19547E-09, 3.08501E-09, 2.94412E-09, 1.80336E-07
329, 1.72194E-07, 8.02595E-08, 1.05785E-07, 4.34427E-08, 5.18683E-09, 3.07230E-09, 2.93492E-09, 1.84113E-07
330, 1.71217E-07, 8.18974E-08, 1.04373E-07, 4.34593E-08, 5.17805E-09, 3.05958E-09, 2.92565E-09, 1.87799E-07
331, 1.70175E-07, 8.34671E-08, 1.02938E-07, 4.34606E-08, 5.16902E-09, 3.04697E-09, 2.91630E-09, 1.91390E-07
332, 1.69072E-07, 8.49671E-08, 1.01484E-07, 4.34470E-08, 5.15965E-09, 3.03423E-09, 2.90702E-09, 1.94881E-07
333, 1.67908E-07, 8.67776E-08, 1.00010E-07, 4.34955E-08, 5.15025E-09, 3.02149E-09, 2.89784E-09, 1.98266E-07
334, 1.66686E-07, 8.85997E-08, 9.85176E-08, 4.36347E-08, 5.14087E-09, 3.00873E-09, 2.88860E-09, 2.01543E-07
335, 1.65548E-07, 9.03404E-08, 9.70090E-08, 4.37570E-08, 5.13135E-09, 2.99616E-09, 2.87923E-09, 2.04704E-07
336, 1.64377E-07, 9.19983E-08, 9.54851E-08, 4.38627E-08, 5.12161E-09, 2.98356E-09, 2.86989E-09, 2.07746E-07
337, 1.63153E-07, 9.35720E-08, 9.39470E-08, 4.39521E-08, 5.11182E-09, 2.97092E-09, 2.86060E-09, 2.10668E-07
338, 1.61878E-07, 9.50604E-08, 9.23961E-08, 4.40255E-08, 5.10218E-09, 2.95837E-09, 2.85135E-09, 2.13462E-07
339, 1.60554E-07, 9.64626E-08, 9.08336E-08, 4.40831E-08, 5.09279E-09, 2.94591E-09, 2.84228E-09, 2.16127E-07
340, 1.59184E-07, 9.77774E-08, 8.92608E-08, 4.41251E-08, 5.08351E-09, 2.93361E-09, 2.83331E-09, 2.18658E-07
341, 1.57771E-07, 9.90043E-08, 8.76787E-08, 4.41520E-08, 5.07411E-09, 2.92126E-09, 2.82420E-09, 2.21054E-07
342, 1.56316E-07, 1.00143E-07, 8.60886E-08, 4.41639E-08, 5.06469E-09, 2.90930E-09, 2.81505E-09, 2.23309E-07
343, 1.54823E-07, 1.01192E-07, 8.44917E-08, 4.41612E-08, 5.05513E-09, 2.89752E-09, 2.80583E-09, 2.25424E-07
344, 1.53293E-07, 1.02151E-07, 8.28891E-08, 4.41441E-08, 5.04537E-09, 2.88574E-09, 2.79650E-09, 2.27396E-07
345, 1.51729E-07, 1.03021E-07, 8.12819E-08, 4.41129E-08, 5.03539E-09, 2.87395E-09, 2.78711E-09, 2.29220E-07
346, 1.50133E-07, 1.03800E-07, 7.96713E-08, 4.40680E-08, 5.02544E-09, 2.86255E-09, 2.77772E-09, 2.30899E-07
347, 1.48508E-07, 1.04490E-07, 7.80583E-08, 4.41733E-08, 5.01545E-09, 2.85135E-09, 2.76859E-09, 2.32427E-07
348, 1.46855E-07, 1.05090E-07, 7.64440E-08, 4.42730E-08, 5.00548E-09, 2.84049E-09, 2.75963E-09, 2.33804E-07
349, 1.45176E-07, 1.05601E-07, 7.48295E-08, 4.43572E-08, 4.99557E-09, 2.83003E-09, 2.75065E-09, 2.35031E-07
350, 1.43474E-07, 1.06022E-07, 7.32158E-08, 4.44260E-08, 4.98585E-09, 2.81998E-09, 2.74179E-09, 2.36105E-07
351, 1.41751E-07, 1.06355E-07, 7.16039E-08, 4.44798E-08, 4.97633E-09, 2.81035E-09, 2.73286E-09, 2.37027E-07
352, 1.40008E-07, 1.06599E-07, 6.99950E-08, 4.45188E-08, 4.96720E-09, 2.80060E-09, 2.72374E-09, 2.37794E-07
353, 1.38247E-07, 1.06756E-07, 6.83900E-08, 4.45432E-08, 4.95810E-09, 2.79103E-09, 2.71463E-09, 2.38411E-07
354, 1.36471E-07, 1.06827E-07, 6.67897E-08, 4.45534E-08, 4.94863E-09, 2.78188E-09, 2.70571E-09, 2.38872E-07
355, 1.34680E-07, 1.06812E-07, 6.51951E-08, 4.45495E-08, 4.93908E-09, 2.77302E-09, 2.69683E-09, 2.39183E-07
356, 1.32877E-07, 1.06713E-07, 6.36072E-08, 4.45319E-08, 4.92948E-09, 2.76437E-09, 2.68790E-09, 2.39341E-07
357, 1.31063E-07, 1.06530E-07, 6.20269E-08, 4.45008E-08, 4.92012E-09, 2.75580E-09, 2.67898E-09, 2.39349E-07
358, 1.29240E-07, 1.06265E-07, 6.04551E-08, 4.44565E-08, 4.91077E-09, 2.74710E-09, 2.67020E-09, 2.39207E-07
359, 1.27409E-07, 1.05919E-07, 5.88926E-08, 4.43993E-08, 4.90131E-09, 2.73826E-09, 2.66160E-09, 2.38916E-07
360, 1.25572E-07, 1.05493E-07, 5.73403E-08, 4.43294E-08, 4.89172E-09, 2.72965E-09, 2.65309E-09, 2.38478E-07
361, 1.23730E-07, 1.04990E-07, 5.61276E-08, 4.42472E-08, 4.88199E-09, 2.72121E-09, 2.64486E-09, 2.37895E-07
362, 1.21884E-07, 1.04410E-07, 5.61754E-08, 4.41528E-08, 4.87197E-09, 2.71277E-09, 2.63683E-09, 2.37169E-07
363, 1.20035E-07, 1.03755E-07, 5.62046E-08, 4.40764E-08, 4.86232E-09, 2.70453E-09, 2.62898E-09, 2.36300E-07
364, 1.19311E-07, 1.03028E-07, 5.62152E-08, 4.44507E-08, 4.85281E-09, 2.69619E-09, 2.62131E-09, 2.35293E-07
365, 1.21095E-07, 1.02228E-07, 5.62069E-08, 4.49666E-08, 4.84371E-09, 2.68801E-09, 2.61376E-09, 2.34146E-07
366, 1.23291E-07, 1.01360E-07, 5.61798E-08, 4.54710E-08, 4.83501E-09, 2.67980E-09, 2.60623E-09, 2.32868E-07
367, 1.25460E-07, 1.00423E-07, 5.61338E-08, 4.59638E-08, 4.82656E-09, 2.67153E-09, 2.59873E-09, 2.31453E-07
368, 1.27601E-07, 9.94210E-08, 5.60687E-08, 4.64450E-08, 4.81806E-09, 2.66353E-09, 2.59131E-09, 2.29911E-07
369, 1.29713E-07, 9.83550E-08, 5.59845E-08, 4.69148E-08, 4.80987E-09, 2.65553E-09, 2.58387E-09, 2.28241E-07
370, 1.31793E-07, 9.72270E-08, 5.58812E-08, 4.73730E-08, 4.80200E-09, 2.64752E-09, 2.57645E-09, 2.26445E-07
371, 1.33840E-07, 9.60393E-08, 5.57588E-08, 4.78198E-08, 4.79422E-09, 2.63942E-09, 2.56902E-09, 2.24529E-07
372, 1.35853E-07, 9.47937E-08, 5.56172E-08, 4.82552E-08, 4.78693E-09, 2.63131E-09, 2.56175E-09, 2.22493E-07
373, 1.37831E-07, 9.34923E-08, 5.55178E-08, 4.86792E-08, 4.77971E-09, 2.62319E-09, 2.55444E-09, 2.20341E-07
374, 1.39772E-07, 9.21373E-08, 5.54056E-08, 4.90920E-08, 4.77236E-09, 2.61495E-09, 2.54718E-09, 2.18074E-07
375, 1.41674E-07, 9.07307E-08, 5.52785E-08, 4.95150E-08, 4.76476E-09, 2.60668E-09, 2.53992E-09, 2.15698E-07
376, 1.43537E-07, 8.92746E-08, 5.51365E-08, 4.99303E-08, 4.75722E-09, 2.59832E-09, 2.53279E-09, 2.13214E-07
377, 1.45358E-07, 8.77712E-08, 5.49794E-08, 5.03324E-08, 4.74972E-09, 2.58989E-09, 2.52565E-09, 2.10625E-07
378, 1.47137E-07, 8.62225E-08, 5.48072E-08, 5.07215E-08, 4.74224E-09, 2.58132E-09, 2.51847E-09, 2.07936E-07
379, 1.48872E-07, 8.46306E-08, 5.46200E-08, 5.10975E-08, 4.73472E-09, 2.57270E-09, 2.51134E-09, 2.05146E-07
380, 1.50562E-07, 8.29977E-08, 5.44176E-08, 5.14604E-08, 4.72713E-09, 2.56395E-09, 2.50426E-09, 2.02261E-07
381, 1.52206E-07, 8.13259E-08, 5.42001E-08, 5.18104E-08, 4.71944E-09, 2.55513E-09, 2.49713E-09, 1.99284E-07
382, 1.53802E-07, 8.15067E-08, 5.39674E-08, 5.21475E-08, 4.71177E-09, 2.54627E-09, 2.49004E-09, 1.96216E-07
383, 1.55349E-07, 8.17267E-08, 5.38102E-08, 5.24716E-08, 4.70397E-09, 2.53740E-09, 2.48287E-09, 1.93061E-07
384, 1.56846E-07, 8.19160E-08, 5.37093E-08, 5.27830E-08, 4.69611E-09, 2.52889E-09, 2.47569E-09, 1.89823E-07
385, 1.58293E-07, 8.24946E-08, 5.36011E-08, 5.30815E-08, 4.68848E-09, 2.52031E-09, 2.46859E-09, 1.86502E-07
386, 1.59687E-07, 8.34748E-08, 5.34858E-08, 5.33672E-08, 4.68066E-09, 2.51169E-09, 2.46146E-09, 1.83102E-07
387, 1.61028E-07, 8.44219E-08, 5.36104E-08, 5.36403E-08, 4.67266E-09, 2.50321E-09, 2.45433E-09, 1.79627E-07
388, 1.62315E-07, 8.53355E-08, 5.41500E-08, 5.39007E-08, 4.66474E-09, 2.49480E-09, 2.44729E-09, 1.76079E-07
389, 1.63546E-07, 8.62154E-08, 5.46653E-08, 5.41484E-08, 4.65656E-09, 2.48627E-09, 2.44024E-09, 1.72460E-07
390, 1.64722E-07, 8.70614E-08, 5.51559E-08, 5.47646E-08, 4.64840E-09, 2.47769E-09, 2.43318E-09, 1.68774E-07
391, 1.66486E-07, 8.78731E-08, 5.56217E-08, 5.54564E-08, 4.64027E-09, 2.46905E-09, 2.42626E-09, 1.65020E-07
392, 1.68436E-07, 8.86504E-08, 5.62185E-08, 5.61292E-08, 4.63244E-09, 2.46037E-09, 2.41936E-09, 1.61207E-07
393, 1.70346E-07, 8.93929E-08, 5.69802E-08, 5.67830E-08, 4.62457E-09, 2.45170E-09, 2.41239E-09, 1.57331E-07
394, 1.72213E-07, 9.01005E-08, 5.77180E-08, 5.74176E-08, 4.61651E-09, 2.44307E-09, 2.40547E-09, 1.53398E-07
395, 1.74037E-07, 9.07728E-08, 5.84317E-08, 5.80327E-08, 4.60875E-09, 2.43448E-09, 2.39854E-09, 1.49411E-07
396, 1.75815E-07, 9.14098E-08, 5.91206E-08, 5.86283E-08, 4.60093E-09, 2.42580E-09, 2.39165E-09, 1.45370E-07
397, 1.77548E-07, 9.20111E-08, 5.97845E-08, 5.92043E-08, 4.59314E-09, 2.41705E-09, 2.38486E-09, 1.41277E-07
398, 1.79233E-07, 9.25766E-08, 6.04230E-08, 5.97605E-08, 4.58493E-09, 2.40829E-09, 2.37807E-09, 1.37138E-07
399, 1.80869E-07, 9.31061E-08, 6.10357E-08, 6.02968E-08, 4.57636E-09, 2.39957E-09, 2.37124E-09, 1.32954E-07
400, 1.82455E-07, 9.35995E-08, 6.16222E-08, 6.08132E-08, 4.56771E-09, 2.39096E-09, 2.36440E-09, 1.28723E-07
401, 1.83989E-07, 9.40565E-08, 6.21822E-08, 6.13096E-08, 4.55899E-09, 2.38270E-09, 2.35763E-09, 1.24452E-07
402, 1.85471E-07, 9.44772E-08, 6.29953E-08, 6.17859E-08, 4.54993E-09, 2.37465E-09, 2.35082E-09, 1.20143E-07
403, 1.86900E-07, 9.48614E-08, 6.39027E-08, 6.22421E-08, 4.54067E-09, 2.36658E-09, 2.34407E-09, 1.15795E-07
404, 1.88273E-07, 9.52091E-08, 6.47867E-08, 6.26781E-08, 4.53149E-09, 2.35843E-09, 2.33730E-09, 1.12642E-07
405, 1.89591E-07, 9.55202E-08, 6.56468E-08, 6.30940E-08, 4.52237E-09, 2.35014E-09, 2.33050E-09, 1.09727E-07
406, 1.90852E-07, 9.57946E-08, 6.64828E-08, 6.34897E-08, 4.51314E-09, 2.34168E-09, 2.32373E-09, 1.06764E-07
407, 1.92054E-07, 9.60325E-08, 6.72942E-08, 6.38652E-08, 4.50388E-09, 2.33330E-09, 2.31708E-09, 1.03759E-07
408, 1.93198E-07, 9.62339E-08, 6.80807E-08, 6.42205E-08, 4.49432E-09, 2.32487E-09, 2.31042E-09, 1.00710E-07
409, 1.94282E-07, 9.63990E-08, 6.88419E-08, 6.45557E-08, 4.48469E-09, 2.31648E-09, 2.30377E-09, 9.76156E-08
410, 1.95305E-07, 9.65278E-08, 6.95774E-08, 6.48707E-08, 4.47492E-09, 2.30794E-09, 2.29708E-09, 9.44798E-08
411, 1.96266E-07, 9.66204E-08, 7.02869E-08, 6.51656E-08, 4.46498E-09, 2.29933E-09, 2.29043E-09, 9.12994E-08
412, 1.97165E-07, 9.66770E-08, 7.09700E-08, 6.54405E-08, 4.45525E-09, 2.29062E-09, 2.28374E-09, 8.92711E-08
413, 1.98001E-07, 9.66977E-08, 7.16266E-08, 6.56955E-08, 4.44548E-09, 2.28192E-09, 2.27697E-09, 8.93277E-08
414, 1.98772E-07, 9.69566E-08, 7.22562E-08, 6.59305E-08, 4.43558E-09, 2.27360E-09, 2.27026E-09, 8.93597E-08
415, 1.99480E-07, 9.73170E-08, 7.28587E-08, 6.61456E-08, 4.42553E-09, 2.26525E-09, 2.26346E-09, 8.93642E-08
416, 2.00122E-07, 9.76375E-08, 7.34339E-08, 6.63411E-08, 4.41563E-09, 2.25695E-09, 2.25668E-09, 8.93427E-08
417, 2.00698E-07, 9.79187E-08, 7.39815E-08, 6.65168E-08, 4.40585E-09, 2.24861E-09, 2.24992E-09, 8.93238E-08
418, 2.01208E-07, 9.81605E-08, 7.45014E-08, 6.66731E-08, 4.39603E-09, 2.24020E-09, 2.24317E-09, 8.96540E-08
419, 2.01652E-07, 9.83631E-08, 7.53351E-08, 6.68098E-08, 4.38605E-09, 2.23174E-09, 2.23650E-09, 8.99550E-08
420, 2.02029E-07, 9.85269E-08, 7.62804E-08, 6.69273E-08, 4.37590E-09, 2.22335E-09, 2.22985E-09, 9.02255E-08
421, 2.02338E-07, 9.86520E-08, 7.72042E-08, 6.70255E-08, 4.36577E-09, 2.21501E-09, 2.22320E-09, 9.04679E-08
422, 2.02580E-07, 9.87387E-08, 7.81059E-08, 6.71047E-08, 4.35563E-09, 2.20660E-09, 2.21655E-09, 9.11699E-08
423, 2.02754E-07, 1.00117E-07, 7.89852E-08, 6.71650E-08, 4.34542E-09, 2.19814E-09, 2.20992E-09, 9.21600E-08
424, 2.02860E-07, 1.01550E-07, 7.98414E-08, 6.72065E-08, 4.33520E-09, 2.18999E-09, 2.20333E-09, 9.31197E-08
425, 2.02897E-07, 1.02954E-07, 8.06742E-08, 6.72293E-08, 4.32476E-09, 2.18175E-09, 2.19675E-09, 9.49392E-08
426, 2.02867E-07, 1.04329E-07, 8.14831E-08, 6.72337E-08, 4.31433E-09, 2.17356E-09, 2.19026E-09, 9.66944E-08
427, 2.02769E-07, 1.05674E-07, 8.22678E-08, 6.72198E-08, 4.30373E-09, 2.16537E-09, 2.18384E-09, 9.83848E-08
428, 2.02603E-07, 1.06989E-07, 8.30277E-08, 6.71878E-08, 4.29301E-09, 2.15719E-09, 2.17745E-09, 1.00009E-07
429, 2.02369E-07, 1.08274E-07, 8.37625E-08, 6.71378E-08, 4.28239E-09, 2.14899E-09, 2.17106E-09, 1.01567E-07
430, 2.02067E-07, 1.09527E-07, 8.44718E-08, 6.70700E-08, 4.27185E-09, 2.14074E-09, 2.16469E-09, 1.03056E-07
431, 2.01698E-07, 1.10748E-07, 8.51552E-08, 6.69847E-08, 4.26130E-09, 2.13248E-09, 2.15829E-09, 1.04477E-07
432, 2.01262E-07, 1.11938E-07, 8.58124E-08, 6.68821E-08, 4.25078E-09, 2.12454E-09, 2.15190E-09, 1.05829E-07
433, 2.01746E-07, 1.13094E-07, 8.64430E-08, 6.67622E-08, 4.24038E-09, 2.11673E-09, 2.14561E-09, 1.07113E-07
434, 2.02215E-07, 1.14217E-07, 8.70467E-08, 6.66254E-08, 4.22986E-09, 2.10914E-09, 2.13934E-09, 1.08326E-07
435, 2.02626E-07, 1.15307E-07, 8.76232E-08, 6.64719E-08, 4.21906E-09, 2.10177E-09, 2.13315E-09, 1.09466E-07
436, 2.02980E-07, 1.16363E-07, 8.81722E-08, 6.63018E-08, 4.20785E-09, 2.09461E-09, 2.12702E-09, 1.10541E-07
437, 2.03277E-07, 1.17385E-07, 8.86935E-08, 6.61154E-08, 4.19642E-09, 2.08751E-09, 2.12091E-09, 1.11540E-07
438, 2.03514E-07, 1.18372E-07, 8.91867E-08, 6.59130E-08, 4.18504E-09, 2.08044E-09, 2.11480E-09, 1.12473E-07
439, 2.03694E-07, 1.19324E-07, 8.96942E-08, 6.56947E-08, 4.17367E-09, 2.07340E-09, 2.10871E-09, 1.13331E-07
440, 2.03815E-07, 1.20241E-07, 9.02505E-08, 6.54608E-08, 4.16222E-09, 2.06636E-09, 2.10265E-09, 1.14120E-07
441, 2.03877E-07, 1.21122E-07, 9.07753E-08, 6.52116E-08, 4.15080E-09, 2.05937E-09, 2.09657E-09, 1.14839E-07
442, 2.03880E-07, 1.21968E-07, 9.12684E-08, 6.49472E-08, 4.13931E-09, 2.05229E-09, 2.09059E-09, 1.15489E-07
443, 2.03824E-07, 1.22779E-07, 9.17293E-08, 6.46680E-08, 4.12781E-09, 2.04521E-09, 2.08465E-09, 1.16919E-07
444, 2.03709E-07, 1.23554E-07, 9.21577E-08, 6.43742E-08, 4.11644E-09, 2.03803E-09, 2.07865E-09, 1.18664E-07
445, 2.03535E-07, 1.24292E-07, 9.25535E-08, 6.40660E-08, 4.10486E-09, 2.03081E-09, 2.07260E-09, 1.20333E-07
446, 2.03303E-07, 1.24995E-07, 9.29163E-08, 6.37437E-08, 4.09332E-09, 2.02358E-09, 2.06660E-09, 1.21923E-07
447, 2.03011E-07, 1.25661E-07, 9.32460E-08, 6.34076E-08, 4.08166E-09, 2.01637E-09, 2.06061E-09, 1.23434E-07
448, 2.02661E-07, 1.26290E-07, 9.35424E-08, 6.30580E-08, 4.06990E-09, 2.00915E-09, 2.05462E-09, 1.24864E-07
449, 2.02252E-07, 1.26883E-07, 9.38053E-08, 6.26951E-08, 4.05801E-09, 2.00189E-09, 2.04863E-09, 1.26210E-07
450, 2.01785E-07, 1.27439E-07, 9.40347E-08, 6.24372E-08, 4.04592E-09, 1.99467E-09, 2.04265E-09, 1.27473E-07
451, 2.01261E-07, 1.27958E-07, 9.42305E-08, 6.21920E-08, 4.03375E-09, 1.98748E-09, 2.03665E-09, 1.28651E-07
452, 2.00678E-07, 1.28441E-07, 9.43927E-08, 6.19335E-08, 4.02137E-09, 1.98029E-09, 2.03057E-09, 1.29743E-07
453, 2.00039E-07, 1.28887E-07, 9.45212E-08, 6.16620E-08, 4.00864E-09, 1.97315E-09, 2.02448E-09, 1.30748E-07
454, 1.99343E-07, 1.29297E-07, 9.46160E-08, 6.13777E-08, 3.99589E-09, 1.96605E-09, 2.01839E-09, 1.31665E-07
455, 1.98590E-07, 1.29670E-07, 9.46770E-08, 6.10807E-08, 3.98290E-09, 1.95892E-09, 2.01229E-09, 1.32494E-07
456, 1.97782E-07, 1.30007E-07, 9.51952E-08, 6.07713E-08, 3.96991E-09, 1.95176E-09, 2.00625E-09, 1.33234E-07
457, 1.96919E-07, 1.30307E-07, 9.57770E-08, 6.04496E-08, 3.95685E-09, 1.94456E-09, 2.00030E-09, 1.33887E-07
458, 1.96001E-07, 1.30608E-07, 9.63360E-08, 6.01159E-08, 3.94381E-09, 1.93732E-09, 1.99441E-09, 1.34449E-07
459, 1.95029E-07, 1.31042E-07, 9.68716E-08, 5.97703E-08, 3.93063E-09, 1.93006E-09, 1.98852E-09, 1.34923E-07
460, 1.94004E-07, 1.31446E-07, 9.73835E-08, 5.94131E-08, 3.91744E-09, 1.92276E-09, 1.98266E-09, 1.35310E-07
461, 1.92926E-07, 1.31818E-07, 9.78712E-08, 5.90446E-08, 3.90418E-09, 1.91547E-09, 1.97681E-09, 1.36357E-07
462, 1.91796E-07, 1.32158E-07, 9.83343E-08, 5.86648E-08, 3.89093E-09, 1.90822E-09, 1.97094E-09, 1.37870E-07
463, 1.90616E-07, 1.32467E-07, 9.87725E-08, 5.82742E-08, 3.87742E-09, 1.90098E-09, 1.96506E-09, 1.39292E-07
464, 1.89385E-07, 1.32743E-07, 9.91853E-08, 5.78729E-08, 3.86386E-09, 1.89375E-09, 1.95928E-09, 1.41393E-07
465, 1.88105E-07, 1.32988E-07, 9.95723E-08, 5.74611E-08, 3.85020E-09, 1.88651E-09, 1.95350E-09, 1.44270E-07
466, 1.86776E-07, 1.33200E-07, 9.99333E-08, 5.70392E-08, 3.83658E-09, 1.87931E-09, 1.94775E-09, 1.47070E-07
467, 1.85400E-07, 1.33381E-07, 1.00268E-07, 5.66074E-08, 3.82288E-09, 1.87209E-09, 1.94200E-09, 1.49791E-07
468, 1.83978E-07, 1.33529E-07, 1.00576E-07, 5.61659E-08, 3.80912E-09, 1.86487E-09, 1.93628E-09, 1.52434E-07
469, 1.82510E-07, 1.33644E-07, 1.00857E-07, 5.57150E-08, 3.79554E-09, 1.85766E-09, 1.93053E-09, 1.54996E-07
470, 1.80998E-07, 1.33727E-07, 1.01110E-07, 5.52549E-08, 3.78208E-09, 1.85051E-09, 1.92475E-09, 1.57478E-07
471, 1.79442E-07, 1.33778E-07, 1.01336E-07, 5.47860E-08, 3.76855E-09, 1.84338E-09, 1.91892E-09, 1.59879E-07
472, 1.77845E-07, 1.33796E-07, 1.01535E-07, 5.43084E-08, 3.75478E-09, 1.83623E-09, 1.91311E-09, 1.62197E-07
473, 1.76206E-07, 1.33782E-07, 1.01705E-07, 5.38226E-08, 3.74120E-09, 1.82917E-09, 1.90728E-09, 1.64434E-07
474, 1.74527E-07, 1.33736E-07, 1.01847E-07, 5.33286E-08, 3.72757E-09, 1.82212E-09, 1.90146E-09, 1.66586E-07
475, 1.72810E-07, 1.33657E-07, 1.01961E-07, 5.28269E-08, 3.71364E-09, 1.81514E-09, 1.89568E-09, 1.68656E-07
476, 1.71056E-07, 1.33547E-07, 1.02046E-07, 5.23177E-08, 3.69958E-09, 1.80811E-09, 1.88991E-09, 1.70640E-07
477, 1.69265E-07, 1.33405E-07, 1.02102E-07, 5.18012E-08, 3.68549E-09, 1.80106E-09, 1.88418E-09, 1.72540E-07
478, 1.67947E-07, 1.33231E-07, 1.02129E-07, 5.12778E-08, 3.67142E-09, 1.79401E-09, 1.87843E-09, 1.74357E-07
479, 1.66598E-07, 1.33025E-07, 1.02128E-07, 5.07476E-08, 3.65737E-09, 1.78699E-09, 1.87270E-09, 1.76087E-07
480, 1.65207E-07, 1.32787E-07, 1.02097E-07, 5.02111E-08, 3.64340E-09, 1.78000E-09, 1.86710E-09, 1.77733E-07
481, 1.63775E-07, 1.32518E-07, 1.02038E-07, 4.96685E-08, 3.62922E-09, 1.77299E-09, 1.86150E-09, 1.79294E-07
482, 1.62304E-07, 1.32218E-07, 1.01949E-07, 4.91201E-08, 3.61490E-09, 1.76597E-09, 1.85591E-09, 1.80767E-07
483, 1.60795E-07, 1.31887E-07, 1.01831E-07, 4.85660E-08, 3.60042E-09, 1.75896E-09, 1.85032E-09, 1.82160E-07
484, 1.59249E-07, 1.31525E-07, 1.01684E-07, 4.80067E-08, 3.58585E-09, 1.75201E-09, 1.84481E-09, 1.83463E-07
485, 1.57666E-07, 1.31132E-07, 1.01508E-07, 4.74424E-08, 3.57120E-09, 1.74504E-09, 1.83941E-09, 1.84683E-07
486, 1.56048E-07, 1.30709E-07, 1.01303E-07, 4.68734E-08, 3.55648E-09, 1.73812E-09, 1.83399E-09, 1.85818E-07
487, 1.54397E-07, 1.30256E-07, 1.01069E-07, 4.62999E-08, 3.54192E-09, 1.73125E-09, 1.82857E-09, 1.86870E-07
488, 1.53215E-07, 1.29773E-07, 1.00806E-07, 4.57222E-08, 3.52744E-09, 1.72437E-09, 1.82325E-09, 1.87835E-07
489, 1.52234E-07, 1.29261E-07, 1.00515E-07, 4.51406E-08, 3.51283E-09, 1.71749E-09, 1.81793E-09, 1.88718E-07
490, 1.51214E-07, 1.28720E-07, 1.00195E-07, 4.45554E-08, 3.49805E-09, 1.71063E-09, 1.81264E-09, 1.89516E-07
491, 1.50157E-07, 1.28150E-07, 9.98462E-08, 4.39668E-08, 3.48324E-09, 1.70379E-09, 1.80729E-09, 1.90231E-07
492, 1.49064E-07, 1.27551E-07, 9.94695E-08, 4.33751E-08, 3.46857E-09, 1.69701E-09, 1.80194E-09, 1.90864E-07
493, 1.47934E-07, 1.26925E-07, 9.90648E-08, 4.27806E-08, 3.45373E-09, 1.69027E-09, 1.79663E-09, 1.91413E-07
494, 1.46769E-07, 1.26271E-07, 9.86323E-08, 4.21835E-08, 3.43877E-09, 1.68355E-09, 1.79133E-09, 1.91882E-07
495, 1.45571E-07, 1.25590E-07, 9.81723E-08, 4.15841E-08, 3.42366E-09, 1.67685E-09, 1.78608E-09, 1.92269E-07
496, 1.44338E-07, 1.24882E-07, 9.76852E-08, 4.09827E-08, 3.40876E-09, 1.67014E-09, 1.78091E-09, 1.92574E-07
497, 1.43073E-07, 1.24148E-07, 9.71712E-08, 4.03794E-08, 3.39374E-09, 1.66342E-09, 1.77576E-09, 1.92801E-07
498, 1.41777E-07, 1.23388E-07, 9.66306E-08, 3.97747E-08, 3.37868E-09, 1.65668E-09, 1.77066E-09, 1.92948E-07
499, 1.40449E-07, 1.22602E-07, 9.60638E-08, 3.91686E-08, 3.36357E-09, 1.64992E-09, 1.76557E-09, 1.93014E-07
500, 1.39092E-07, 1.21792E-07, 9.54712E-08, 3.85615E-08, 3.34847E-09, 1.64313E-09, 1.76052E-09, 1.93005E-07
