time_step, rel_err_u, rel_err_v, rel_err_w, rel_err_p, rel_err_u_m, rel_err_v_m, rel_err_w_m, rel_err_p_m
0, 0.00000E+00, 0.00000E+00, 0.00000E+00, 0.00000E+00, 0.00000E+00, 0.00000E+00, 0.00000E+00,    Infinity
1, 4.45531E-05, 3.36636E-05, 2.93791E-05, 2.07457E-03, 2.46127E-06, 2.13270E-06, 1.73825E-06, 4.72692E+02
2, 1.57696E-04, 1.10255E-04, 1.36132E-04, 8.47296E-04, 2.93285E-06, 2.60895E-06, 2.01143E-06, 1.39854E-01
3, 4.98955E-05, 3.73609E-05, 2.05194E-05, 1.31452E-04, 2.13549E-06, 1.72500E-06, 1.39025E-06, 3.71886E-02
4, 5.86800E-05, 3.31612E-05, 2.49743E-05, 4.98946E-05, 1.82623E-06, 1.45138E-06, 1.18733E-06, 1.78344E-02
5, 6.41613E-05, 3.25642E-05, 1.89058E-05, 1.90546E-05, 1.82420E-06, 1.46075E-06, 1.18205E-06, 6.44761E-03
6, 7.04663E-05, 3.24611E-05, 2.01374E-05, 1.61569E-05, 1.77863E-06, 1.43121E-06, 1.15878E-06, 2.21887E-03
7, 7.66914E-05, 3.29242E-05, 2.02494E-05, 1.56037E-05, 1.75743E-06, 1.42044E-06, 1.14436E-06, 1.50451E-03
8, 8.22801E-05, 3.42370E-05, 2.12581E-05, 1.48046E-05, 1.72961E-06, 1.40498E-06, 1.12941E-06, 1.07390E-03
9, 8.72979E-05, 3.52614E-05, 2.21566E-05, 1.46879E-05, 1.70521E-06, 1.39273E-06, 1.11563E-06, 7.96597E-04
10, 9.50620E-05, 3.59184E-05, 2.29392E-05, 1.52663E-05, 1.68115E-06, 1.38008E-06, 1.10226E-06, 6.04349E-04
11, 1.01965E-04, 3.61718E-05, 2.35794E-05, 1.57970E-05, 1.65825E-06, 1.36885E-06, 1.08932E-06, 4.47745E-04
12, 1.07749E-04, 3.63124E-05, 2.57107E-05, 1.61301E-05, 1.63538E-06, 1.35732E-06, 1.07691E-06, 3.51222E-04
13, 1.12194E-04, 3.61261E-05, 2.79878E-05, 1.62104E-05, 1.61370E-06, 1.34605E-06, 1.06516E-06, 2.97208E-04
14, 1.15134E-04, 3.55283E-05, 2.98273E-05, 1.60066E-05, 1.59281E-06, 1.33570E-06, 1.05369E-06, 2.60212E-04
15, 1.16662E-04, 3.46325E-05, 3.11255E-05, 1.55359E-05, 1.57238E-06, 1.32605E-06, 1.04191E-06, 2.33981E-04
16, 1.21640E-04, 3.53212E-05, 3.17943E-05, 1.48214E-05, 1.55331E-06, 1.31673E-06, 1.03089E-06, 2.06181E-04
17, 1.24918E-04, 3.56664E-05, 3.17648E-05, 1.38925E-05, 1.53367E-06, 1.30739E-06, 1.02035E-06, 1.84446E-04
18, 1.26318E-04, 3.56583E-05, 3.29696E-05, 1.43402E-05, 1.51464E-06, 1.29828E-06, 1.01064E-06, 1.63968E-04
19, 1.25714E-04, 3.58549E-05, 3.59981E-05, 1.47748E-05, 1.49618E-06, 1.28956E-06, 1.00127E-06, 1.46302E-04
20, 1.23039E-04, 3.69078E-05, 3.84081E-05, 1.50893E-05, 1.47731E-06, 1.28180E-06, 9.92187E-07, 1.46293E-04
21, 1.20777E-04, 3.75844E-05, 4.00708E-05, 1.52562E-05, 1.45852E-06, 1.27369E-06, 9.83262E-07, 1.49726E-04
22, 1.20320E-04, 3.78594E-05, 4.08790E-05, 1.52500E-05, 1.43978E-06, 1.26540E-06, 9.74085E-07, 1.48497E-04
23, 1.17785E-04, 3.81581E-05, 4.07540E-05, 1.50500E-05, 1.41946E-06, 1.25820E-06, 9.64687E-07, 1.43393E-04
24, 1.14274E-04, 4.19706E-05, 3.96505E-05, 1.53764E-05, 1.39901E-06, 1.25109E-06, 9.55759E-07, 1.35361E-04
25, 1.18592E-04, 4.56232E-05, 3.82820E-05, 1.61029E-05, 1.37925E-06, 1.24398E-06, 9.46729E-07, 1.34291E-04
26, 1.25493E-04, 4.90711E-05, 4.25895E-05, 1.67401E-05, 1.35822E-06, 1.23697E-06, 9.37004E-07, 1.36857E-04
27, 1.32631E-04, 5.22747E-05, 4.64048E-05, 1.72502E-05, 1.33702E-06, 1.22957E-06, 9.26946E-07, 1.35661E-04
28, 1.37138E-04, 5.51988E-05, 4.96145E-05, 1.75969E-05, 1.31570E-06, 1.22174E-06, 9.17043E-07, 1.33848E-04
29, 1.38974E-04, 5.78131E-05, 5.21199E-05, 1.77494E-05, 1.29507E-06, 1.21364E-06, 9.07299E-07, 1.49293E-04
30, 1.38201E-04, 6.06595E-05, 5.38426E-05, 1.76852E-05, 1.27632E-06, 1.20514E-06, 8.98152E-07, 1.60892E-04
31, 1.36200E-04, 6.31928E-05, 5.47559E-05, 1.73916E-05, 1.25684E-06, 1.19762E-06, 8.88273E-07, 1.68222E-04
32, 1.36941E-04, 6.53229E-05, 5.48152E-05, 1.68676E-05, 1.23960E-06, 1.19042E-06, 8.78189E-07, 1.71114E-04
33, 1.34952E-04, 6.70340E-05, 5.40033E-05, 1.61228E-05, 1.22181E-06, 1.18306E-06, 8.69021E-07, 1.69627E-04
34, 1.32484E-04, 6.83176E-05, 5.23441E-05, 1.51772E-05, 1.20624E-06, 1.17569E-06, 8.60310E-07, 1.64041E-04
35, 1.37300E-04, 6.91736E-05, 4.98884E-05, 1.40587E-05, 1.19165E-06, 1.16824E-06, 8.51139E-07, 1.54807E-04
36, 1.39761E-04, 6.96088E-05, 4.67111E-05, 1.28010E-05, 1.17846E-06, 1.16039E-06, 8.41301E-07, 1.42504E-04
37, 1.39824E-04, 6.96370E-05, 4.29077E-05, 1.14415E-05, 1.16524E-06, 1.15212E-06, 8.31161E-07, 1.45692E-04
38, 1.37514E-04, 6.93999E-05, 3.85898E-05, 1.00185E-05, 1.15130E-06, 1.14379E-06, 8.21634E-07, 1.51309E-04
39, 1.32925E-04, 6.92244E-05, 3.42790E-05, 8.56947E-06, 1.13922E-06, 1.13593E-06, 8.11850E-07, 1.52953E-04
40, 1.26212E-04, 6.86489E-05, 3.65290E-05, 7.33148E-06, 1.12847E-06, 1.12789E-06, 8.02145E-07, 1.50965E-04
41, 1.17579E-04, 6.77028E-05, 3.81819E-05, 7.03101E-06, 1.11806E-06, 1.11977E-06, 7.92382E-07, 1.45821E-04
42, 1.07273E-04, 6.89520E-05, 3.90025E-05, 6.96727E-06, 1.10796E-06, 1.11169E-06, 7.82583E-07, 1.38072E-04
43, 9.55726E-05, 7.32228E-05, 3.90173E-05, 6.99253E-06, 1.09729E-06, 1.10336E-06, 7.72814E-07, 1.28306E-04
44, 8.88367E-05, 7.68926E-05, 3.82735E-05, 6.99958E-06, 1.08663E-06, 1.09470E-06, 7.62931E-07, 1.17098E-04
45, 8.80034E-05, 7.99226E-05, 3.68354E-05, 6.98901E-06, 1.07758E-06, 1.08568E-06, 7.53757E-07, 1.04986E-04
46, 9.20734E-05, 8.22894E-05, 3.47820E-05, 7.01754E-06, 1.07011E-06, 1.07656E-06, 7.45323E-07, 9.24365E-05
47, 9.99342E-05, 8.39854E-05, 3.33423E-05, 7.07289E-06, 1.06232E-06, 1.06813E-06, 7.37935E-07, 7.98422E-05
48, 1.06358E-04, 8.50239E-05, 3.36860E-05, 7.12355E-06, 1.05473E-06, 1.05983E-06, 7.30639E-07, 6.75106E-05
49, 1.11312E-04, 8.54102E-05, 3.34069E-05, 7.15459E-06, 1.04650E-06, 1.05106E-06, 7.23268E-07, 5.56715E-05
50, 1.14802E-04, 8.51731E-05, 3.25453E-05, 7.16502E-06, 1.03801E-06, 1.04250E-06, 7.15859E-07, 5.10193E-05
51, 1.16862E-04, 8.43506E-05, 3.11558E-05, 7.17684E-06, 1.03043E-06, 1.03354E-06, 7.08469E-07, 5.46522E-05
52, 1.17556E-04, 8.29874E-05, 2.93049E-05, 7.26213E-06, 1.02272E-06, 1.02431E-06, 7.00860E-07, 5.66031E-05
53, 1.16971E-04, 8.11337E-05, 2.70675E-05, 7.32616E-06, 1.01484E-06, 1.01505E-06, 6.93378E-07, 5.75969E-05
54, 1.15212E-04, 7.88431E-05, 2.45246E-05, 7.36912E-06, 1.00683E-06, 1.00559E-06, 6.85714E-07, 5.77763E-05
55, 1.12399E-04, 7.61708E-05, 2.50610E-05, 7.39134E-06, 9.99102E-07, 9.95859E-07, 6.78052E-07, 5.67400E-05
56, 1.08662E-04, 7.31726E-05, 2.57349E-05, 7.39325E-06, 9.91385E-07, 9.86050E-07, 6.70647E-07, 5.46296E-05
57, 1.04137E-04, 6.99035E-05, 2.60187E-05, 7.38223E-06, 9.83392E-07, 9.76195E-07, 6.63784E-07, 5.16042E-05
58, 9.89689E-05, 6.64170E-05, 2.59268E-05, 7.43285E-06, 9.75436E-07, 9.66347E-07, 6.57472E-07, 4.78344E-05
59, 9.32932E-05, 6.27637E-05, 2.54872E-05, 7.49473E-06, 9.67393E-07, 9.56622E-07, 6.51214E-07, 4.34972E-05
60, 8.72340E-05, 5.89915E-05, 2.47345E-05, 7.53548E-06, 9.59466E-07, 9.46956E-07, 6.44989E-07, 4.15143E-05
61, 8.09169E-05, 5.51443E-05, 2.37084E-05, 7.55537E-06, 9.52377E-07, 9.37131E-07, 6.38793E-07, 4.10671E-05
62, 7.44587E-05, 5.12625E-05, 2.24523E-05, 7.57245E-06, 9.45621E-07, 9.27290E-07, 6.32566E-07, 4.03720E-05
63, 6.79649E-05, 4.73822E-05, 2.10115E-05, 7.59339E-06, 9.38966E-07, 9.17501E-07, 6.26546E-07, 3.95223E-05
64, 6.31516E-05, 4.35354E-05, 1.94322E-05, 7.59386E-06, 9.32192E-07, 9.07581E-07, 6.20839E-07, 3.97615E-05
65, 6.01112E-05, 3.97499E-05, 1.77598E-05, 7.60099E-06, 9.25768E-07, 8.98085E-07, 6.15127E-07, 3.97745E-05
66, 5.66409E-05, 3.60495E-05, 1.60377E-05, 7.65365E-06, 9.19139E-07, 8.88705E-07, 6.09505E-07, 3.95586E-05
67, 5.28705E-05, 3.24539E-05, 1.43068E-05, 7.68127E-06, 9.12374E-07, 8.79168E-07, 6.04050E-07, 3.91128E-05
68, 4.89221E-05, 2.89793E-05, 1.26040E-05, 7.71316E-06, 9.05764E-07, 8.69700E-07, 5.98657E-07, 3.84379E-05
69, 4.49071E-05, 2.56382E-05, 1.09617E-05, 7.74175E-06, 8.99408E-07, 8.60504E-07, 5.93346E-07, 3.75369E-05
70, 4.09243E-05, 2.36227E-05, 9.40738E-06, 7.74887E-06, 8.92863E-07, 8.51402E-07, 5.87944E-07, 3.77172E-05
71, 3.70587E-05, 2.21876E-05, 7.96321E-06, 7.74693E-06, 8.86434E-07, 8.42376E-07, 5.82658E-07, 3.77698E-05
72, 3.33803E-05, 2.15572E-05, 7.66766E-06, 7.79412E-06, 8.80215E-07, 8.33627E-07, 5.77336E-07, 3.76121E-05
73, 2.99442E-05, 2.09252E-05, 7.74019E-06, 7.82338E-06, 8.74258E-07, 8.24973E-07, 5.72328E-07, 3.72418E-05
74, 3.00427E-05, 2.02025E-05, 7.80100E-06, 7.82744E-06, 8.68444E-07, 8.16223E-07, 5.67610E-07, 3.66586E-05
75, 2.98373E-05, 2.00266E-05, 7.83786E-06, 7.82917E-06, 8.62760E-07, 8.07626E-07, 5.62942E-07, 3.58637E-05
76, 2.92708E-05, 1.97885E-05, 7.85066E-06, 7.84505E-06, 8.57254E-07, 7.99304E-07, 5.58238E-07, 3.55253E-05
77, 2.83746E-05, 1.94499E-05, 7.83957E-06, 7.86482E-06, 8.51764E-07, 7.91084E-07, 5.53521E-07, 3.56659E-05
78, 2.71862E-05, 1.90168E-05, 7.97303E-06, 7.88530E-06, 8.46044E-07, 7.83172E-07, 5.48934E-07, 3.56129E-05
79, 2.57473E-05, 1.84958E-05, 8.08795E-06, 7.88164E-06, 8.40672E-07, 7.75448E-07, 5.44688E-07, 3.53627E-05
80, 2.41028E-05, 1.78939E-05, 8.17915E-06, 7.89025E-06, 8.35303E-07, 7.68294E-07, 5.40499E-07, 3.49129E-05
81, 2.22986E-05, 1.73749E-05, 8.24609E-06, 7.91480E-06, 8.30027E-07, 7.61423E-07, 5.36384E-07, 3.42625E-05
82, 2.03809E-05, 1.72318E-05, 8.28851E-06, 7.93706E-06, 8.25032E-07, 7.54532E-07, 5.32497E-07, 3.34123E-05
83, 1.83945E-05, 1.70017E-05, 8.30647E-06, 7.93081E-06, 8.19994E-07, 7.47517E-07, 5.28637E-07, 3.34073E-05
84, 1.89896E-05, 1.66878E-05, 8.30030E-06, 7.91984E-06, 8.15011E-07, 7.40752E-07, 5.24889E-07, 3.34728E-05
85, 1.96515E-05, 1.62941E-05, 8.27060E-06, 7.93164E-06, 8.10014E-07, 7.34106E-07, 5.21292E-07, 3.33549E-05
86, 2.02941E-05, 1.58248E-05, 8.35397E-06, 7.91759E-06, 8.04965E-07, 7.27577E-07, 5.17557E-07, 3.30493E-05
87, 2.09006E-05, 1.52851E-05, 8.45630E-06, 7.91488E-06, 7.99883E-07, 7.21173E-07, 5.13690E-07, 3.25529E-05
88, 2.14542E-05, 1.49736E-05, 8.53454E-06, 7.94740E-06, 7.94787E-07, 7.14843E-07, 5.09924E-07, 3.18643E-05
89, 2.19384E-05, 1.48618E-05, 8.58848E-06, 7.94983E-06, 7.89800E-07, 7.08611E-07, 5.06328E-07, 3.09840E-05
90, 2.23380E-05, 1.46732E-05, 8.61821E-06, 7.92286E-06, 7.84971E-07, 7.02520E-07, 5.03028E-07, 3.11169E-05
91, 2.27528E-05, 1.44093E-05, 8.62409E-06, 7.86738E-06, 7.80201E-07, 6.96509E-07, 4.99753E-07, 3.11158E-05
92, 2.40534E-05, 1.40721E-05, 8.60674E-06, 7.84443E-06, 7.75425E-07, 6.90709E-07, 4.96628E-07, 3.09388E-05
93, 2.52641E-05, 1.36644E-05, 8.56703E-06, 7.81950E-06, 7.70821E-07, 6.85036E-07, 4.93489E-07, 3.05818E-05
94, 2.63738E-05, 1.38281E-05, 8.61588E-06, 7.83343E-06, 7.66566E-07, 6.79467E-07, 4.90427E-07, 3.00416E-05
95, 2.73711E-05, 1.40758E-05, 8.75915E-06, 7.84673E-06, 7.62328E-07, 6.73832E-07, 4.87341E-07, 2.93173E-05
96, 2.82455E-05, 1.42588E-05, 9.07153E-06, 7.82913E-06, 7.58056E-07, 6.68214E-07, 4.84413E-07, 2.85092E-05
97, 2.89870E-05, 1.43816E-05, 9.34421E-06, 7.78145E-06, 7.53642E-07, 6.62556E-07, 4.81503E-07, 2.85918E-05
98, 2.95871E-05, 1.44488E-05, 9.57687E-06, 7.70474E-06, 7.49395E-07, 6.57005E-07, 4.78640E-07, 2.85118E-05
99, 3.00384E-05, 1.44652E-05, 9.81697E-06, 7.60021E-06, 7.45409E-07, 6.51615E-07, 4.75901E-07, 2.82646E-05
100, 3.03354E-05, 1.44357E-05, 1.02552E-05, 7.55407E-06, 7.41545E-07, 6.46101E-07, 4.73077E-07, 2.78468E-05
101, 3.04745E-05, 1.43661E-05, 1.06471E-05, 7.57895E-06, 7.37939E-07, 6.40663E-07, 4.70402E-07, 2.72569E-05
102, 3.04537E-05, 1.42607E-05, 1.09906E-05, 7.57195E-06, 7.34495E-07, 6.35158E-07, 4.67876E-07, 2.64948E-05
103, 3.02731E-05, 1.42321E-05, 1.12842E-05, 7.53380E-06, 7.31078E-07, 6.29643E-07, 4.65353E-07, 2.58869E-05
104, 2.99347E-05, 1.42810E-05, 1.15272E-05, 7.46547E-06, 7.27493E-07, 6.23991E-07, 4.62853E-07, 2.58731E-05
105, 2.94422E-05, 1.42875E-05, 1.17194E-05, 7.36813E-06, 7.23862E-07, 6.18522E-07, 4.60414E-07, 2.57091E-05
106, 2.88009E-05, 1.42511E-05, 1.18613E-05, 7.24312E-06, 7.20449E-07, 6.13125E-07, 4.57995E-07, 2.53902E-05
107, 2.80178E-05, 1.41715E-05, 1.20209E-05, 7.12001E-06, 7.17187E-07, 6.07737E-07, 4.55680E-07, 2.49149E-05
108, 2.71012E-05, 1.40489E-05, 1.24265E-05, 7.12375E-06, 7.14016E-07, 6.02158E-07, 4.53373E-07, 2.42829E-05
109, 2.60603E-05, 1.40496E-05, 1.27762E-05, 7.09604E-06, 7.10884E-07, 5.96740E-07, 4.51091E-07, 2.35566E-05
110, 2.49067E-05, 1.41435E-05, 1.30685E-05, 7.03774E-06, 7.07773E-07, 5.91542E-07, 4.48913E-07, 2.32557E-05
111, 2.36507E-05, 1.41965E-05, 1.33027E-05, 6.94993E-06, 7.04624E-07, 5.86599E-07, 4.46720E-07, 2.31233E-05
112, 2.23031E-05, 1.42074E-05, 1.34785E-05, 6.83389E-06, 7.01510E-07, 5.81702E-07, 4.44506E-07, 2.29074E-05
113, 2.08758E-05, 1.42603E-05, 1.35967E-05, 6.69111E-06, 6.98450E-07, 5.76709E-07, 4.42246E-07, 2.27595E-05
114, 1.93804E-05, 1.43947E-05, 1.37678E-05, 6.59991E-06, 6.95321E-07, 5.71684E-07, 4.39887E-07, 2.28148E-05
115, 1.78287E-05, 1.45005E-05, 1.41018E-05, 6.49217E-06, 6.92245E-07, 5.66525E-07, 4.37563E-07, 2.28084E-05
116, 1.62727E-05, 1.45777E-05, 1.43821E-05, 6.41385E-06, 6.89397E-07, 5.61450E-07, 4.35394E-07, 2.27452E-05
117, 1.61325E-05, 1.46265E-05, 1.46070E-05, 6.33736E-06, 6.86787E-07, 5.56546E-07, 4.33337E-07, 2.28708E-05
118, 1.58939E-05, 1.46468E-05, 1.47755E-05, 6.23298E-06, 6.84499E-07, 5.51715E-07, 4.31257E-07, 2.31685E-05
119, 1.55645E-05, 1.46387E-05, 1.48874E-05, 6.12668E-06, 6.82420E-07, 5.46751E-07, 4.29114E-07, 2.33900E-05
120, 1.51526E-05, 1.46021E-05, 1.49486E-05, 6.05073E-06, 6.80412E-07, 5.41771E-07, 4.26954E-07, 2.35400E-05
121, 1.46665E-05, 1.45370E-05, 1.52736E-05, 5.94932E-06, 6.78473E-07, 5.36657E-07, 4.24789E-07, 2.36229E-05
122, 1.41150E-05, 1.44431E-05, 1.55507E-05, 5.82420E-06, 6.76673E-07, 5.31478E-07, 4.22710E-07, 2.36431E-05
123, 1.35068E-05, 1.43204E-05, 1.57778E-05, 5.67726E-06, 6.74976E-07, 5.26468E-07, 4.20670E-07, 2.36046E-05
124, 1.28504E-05, 1.41684E-05, 1.59536E-05, 5.51045E-06, 6.73246E-07, 5.21468E-07, 4.18654E-07, 2.36108E-05
125, 1.21542E-05, 1.40228E-05, 1.60771E-05, 5.45246E-06, 6.71413E-07, 5.16546E-07, 4.16607E-07, 2.39551E-05
126, 1.14259E-05, 1.38552E-05, 1.61481E-05, 5.38287E-06, 6.69809E-07, 5.11606E-07, 4.14515E-07, 2.42192E-05
127, 1.06733E-05, 1.36623E-05, 1.61667E-05, 5.28959E-06, 6.68637E-07, 5.06615E-07, 4.12392E-07, 2.44061E-05
128, 9.90323E-06, 1.34437E-05, 1.61335E-05, 5.17426E-06, 6.67539E-07, 5.01633E-07, 4.10353E-07, 2.45187E-05
129, 1.01189E-05, 1.31989E-05, 1.60496E-05, 5.03864E-06, 6.66426E-07, 4.96792E-07, 4.08330E-07, 2.45598E-05
130, 1.03275E-05, 1.29274E-05, 1.59167E-05, 4.88458E-06, 6.65308E-07, 4.92032E-07, 4.06225E-07, 2.45323E-05
131, 1.05061E-05, 1.26292E-05, 1.57366E-05, 4.75408E-06, 6.64166E-07, 4.87199E-07, 4.04085E-07, 2.44387E-05
132, 1.06535E-05, 1.23155E-05, 1.55116E-05, 4.67952E-06, 6.63047E-07, 4.82351E-07, 4.02068E-07, 2.46686E-05
133, 1.08969E-05, 1.20654E-05, 1.55486E-05, 4.59947E-06, 6.61772E-07, 4.77427E-07, 4.00167E-07, 2.49389E-05
134, 1.13839E-05, 1.17794E-05, 1.55769E-05, 4.49960E-06, 6.60438E-07, 4.72461E-07, 3.98216E-07, 2.51201E-05
135, 1.18483E-05, 1.15486E-05, 1.55683E-05, 4.40297E-06, 6.59271E-07, 4.67598E-07, 3.96272E-07, 2.52149E-05
136, 1.27757E-05, 1.17000E-05, 1.55235E-05, 4.32290E-06, 6.58082E-07, 4.62879E-07, 3.94309E-07, 2.52261E-05
137, 1.37481E-05, 1.18150E-05, 1.54432E-05, 4.22945E-06, 6.56732E-07, 4.58233E-07, 3.92318E-07, 2.51572E-05
138, 1.46654E-05, 1.18924E-05, 1.57646E-05, 4.25754E-06, 6.55370E-07, 4.53655E-07, 3.90330E-07, 2.50116E-05
139, 1.55282E-05, 1.19310E-05, 1.61310E-05, 4.31655E-06, 6.53956E-07, 4.49058E-07, 3.88325E-07, 2.48864E-05
140, 1.63369E-05, 1.19301E-05, 1.64574E-05, 4.36624E-06, 6.52538E-07, 4.44480E-07, 3.86212E-07, 2.51071E-05
141, 1.70923E-05, 1.18891E-05, 1.67437E-05, 4.40686E-06, 6.51164E-07, 4.40023E-07, 3.84100E-07, 2.52316E-05
142, 1.77950E-05, 1.18077E-05, 1.69903E-05, 4.43867E-06, 6.49771E-07, 4.35608E-07, 3.81998E-07, 2.52637E-05
143, 1.84473E-05, 1.16860E-05, 1.71973E-05, 4.46193E-06, 6.48324E-07, 4.31328E-07, 3.79939E-07, 2.52078E-05
144, 1.90484E-05, 1.15243E-05, 1.73652E-05, 4.47693E-06, 6.46817E-07, 4.27046E-07, 3.77910E-07, 2.50686E-05
145, 1.95991E-05, 1.13231E-05, 1.74948E-05, 4.51063E-06, 6.45326E-07, 4.22843E-07, 3.75861E-07, 2.48511E-05
146, 2.01002E-05, 1.13627E-05, 1.75867E-05, 4.56001E-06, 6.43849E-07, 4.18695E-07, 3.73736E-07, 2.45604E-05
147, 2.05524E-05, 1.14212E-05, 1.76419E-05, 4.60047E-06, 6.42347E-07, 4.14660E-07, 3.71614E-07, 2.43575E-05
148, 2.09565E-05, 1.14443E-05, 1.76613E-05, 4.63227E-06, 6.40766E-07, 4.10778E-07, 3.69478E-07, 2.44159E-05
149, 2.13132E-05, 1.14305E-05, 1.76462E-05, 4.65569E-06, 6.39072E-07, 4.07067E-07, 3.67360E-07, 2.43852E-05
150, 2.16232E-05, 1.13785E-05, 1.75976E-05, 4.67100E-06, 6.37210E-07, 4.03372E-07, 3.65216E-07, 2.42705E-05
151, 2.18872E-05, 1.12870E-05, 1.75169E-05, 4.67852E-06, 6.35540E-07, 3.99852E-07, 3.63107E-07, 2.40769E-05
152, 2.21059E-05, 1.11553E-05, 1.74054E-05, 4.70040E-06, 6.33923E-07, 3.96326E-07, 3.60987E-07, 2.38099E-05
153, 2.22800E-05, 1.09826E-05, 1.72645E-05, 4.74105E-06, 6.32271E-07, 3.92746E-07, 3.58864E-07, 2.34748E-05
154, 2.24103E-05, 1.07688E-05, 1.70956E-05, 4.77321E-06, 6.30531E-07, 3.89351E-07, 3.56673E-07, 2.30769E-05
155, 2.24975E-05, 1.05138E-05, 1.69002E-05, 4.79716E-06, 6.28762E-07, 3.85952E-07, 3.54495E-07, 2.27527E-05
156, 2.25424E-05, 1.02179E-05, 1.66797E-05, 4.81318E-06, 6.27131E-07, 3.82598E-07, 3.52291E-07, 2.26761E-05
157, 2.25458E-05, 9.90285E-06, 1.64358E-05, 4.82157E-06, 6.25503E-07, 3.79309E-07, 3.50122E-07, 2.25230E-05
158, 2.25087E-05, 9.70484E-06, 1.61698E-05, 4.82263E-06, 6.23753E-07, 3.76073E-07, 3.47968E-07, 2.22986E-05
159, 2.24322E-05, 1.00763E-05, 1.58832E-05, 4.85785E-06, 6.21913E-07, 3.72840E-07, 3.45809E-07, 2.20080E-05
160, 2.23171E-05, 1.04982E-05, 1.55777E-05, 4.89083E-06, 6.20045E-07, 3.69766E-07, 3.43623E-07, 2.16563E-05
161, 2.21648E-05, 1.10137E-05, 1.52546E-05, 4.91579E-06, 6.18077E-07, 3.66599E-07, 3.41429E-07, 2.16522E-05
162, 2.19764E-05, 1.14989E-05, 1.49153E-05, 4.93302E-06, 6.15922E-07, 3.63375E-07, 3.39242E-07, 2.18961E-05
163, 2.17534E-05, 1.19522E-05, 1.45614E-05, 4.94280E-06, 6.13703E-07, 3.60229E-07, 3.37025E-07, 2.20753E-05
164, 2.14971E-05, 1.23719E-05, 1.41943E-05, 4.94541E-06, 6.11456E-07, 3.57091E-07, 3.34802E-07, 2.25494E-05
165, 2.12090E-05, 1.27565E-05, 1.38153E-05, 4.96420E-06, 6.09179E-07, 3.53925E-07, 3.32601E-07, 2.34982E-05
166, 2.08909E-05, 1.31048E-05, 1.34257E-05, 4.99849E-06, 6.06768E-07, 3.50783E-07, 3.30396E-07, 2.43978E-05
167, 2.05444E-05, 1.34690E-05, 1.30269E-05, 5.02501E-06, 6.04348E-07, 3.47653E-07, 3.28187E-07, 2.52432E-05
168, 2.01713E-05, 1.38606E-05, 1.26201E-05, 5.04402E-06, 6.01880E-07, 3.44635E-07, 3.26024E-07, 2.60302E-05
169, 1.97736E-05, 1.42091E-05, 1.22066E-05, 5.05579E-06, 5.99234E-07, 3.41707E-07, 3.23876E-07, 2.67547E-05
170, 1.93530E-05, 1.45137E-05, 1.17876E-05, 5.07108E-06, 5.96472E-07, 3.38726E-07, 3.21706E-07, 2.74133E-05
171, 1.89116E-05, 1.47740E-05, 1.13643E-05, 5.07926E-06, 5.93704E-07, 3.35778E-07, 3.19590E-07, 2.80030E-05
172, 1.84514E-05, 1.49897E-05, 1.09377E-05, 5.08998E-06, 5.91066E-07, 3.32842E-07, 3.17493E-07, 2.85213E-05
173, 1.79744E-05, 1.51609E-05, 1.05091E-05, 5.11868E-06, 5.88468E-07, 3.29910E-07, 3.15446E-07, 2.89661E-05
174, 1.74826E-05, 1.52878E-05, 1.00794E-05, 5.14014E-06, 5.85858E-07, 3.27099E-07, 3.13415E-07, 2.93360E-05
175, 1.70054E-05, 1.53710E-05, 9.64979E-06, 5.15463E-06, 5.83278E-07, 3.24544E-07, 3.11391E-07, 2.96301E-05
176, 1.65434E-05, 1.54112E-05, 9.22126E-06, 5.16238E-06, 5.80673E-07, 3.22111E-07, 3.09393E-07, 2.98477E-05
177, 1.60732E-05, 1.54093E-05, 8.79484E-06, 5.16611E-06, 5.78109E-07, 3.19841E-07, 3.07426E-07, 2.99891E-05
178, 1.55965E-05, 1.53666E-05, 8.37136E-06, 5.16757E-06, 5.75528E-07, 3.17644E-07, 3.05550E-07, 3.00544E-05
179, 1.52197E-05, 1.52842E-05, 7.95175E-06, 5.16258E-06, 5.72903E-07, 3.15522E-07, 3.03724E-07, 3.00448E-05
180, 1.50468E-05, 1.51636E-05, 7.53692E-06, 5.18848E-06, 5.70372E-07, 3.13456E-07, 3.01962E-07, 2.99613E-05
181, 1.48609E-05, 1.50066E-05, 7.12771E-06, 5.32257E-06, 5.67850E-07, 3.11450E-07, 3.00246E-07, 2.98056E-05
182, 1.46618E-05, 1.48147E-05, 6.99212E-06, 5.45087E-06, 5.65407E-07, 3.09475E-07, 2.98592E-07, 2.95795E-05
183, 1.45118E-05, 1.45898E-05, 6.96649E-06, 5.57338E-06, 5.63065E-07, 3.07497E-07, 2.97038E-07, 2.92852E-05
184, 1.43708E-05, 1.43339E-05, 6.97716E-06, 5.69014E-06, 5.60854E-07, 3.05548E-07, 2.95490E-07, 2.89249E-05
185, 1.44716E-05, 1.40488E-05, 6.99222E-06, 5.80117E-06, 5.58756E-07, 3.03556E-07, 2.93963E-07, 2.85012E-05
186, 1.49182E-05, 1.37367E-05, 6.99702E-06, 5.90651E-06, 5.56715E-07, 3.01496E-07, 2.92491E-07, 2.80166E-05
187, 1.53480E-05, 1.33995E-05, 6.99196E-06, 6.00622E-06, 5.54641E-07, 2.99411E-07, 2.91039E-07, 2.74738E-05
188, 1.57596E-05, 1.30393E-05, 6.97748E-06, 6.10035E-06, 5.52571E-07, 2.97336E-07, 2.89561E-07, 2.68755E-05
189, 1.61520E-05, 1.26581E-05, 6.95405E-06, 6.18898E-06, 5.50479E-07, 2.95236E-07, 2.88091E-07, 2.62244E-05
190, 1.65241E-05, 1.22580E-05, 6.92215E-06, 6.27215E-06, 5.48321E-07, 2.93076E-07, 2.86589E-07, 2.55232E-05
191, 1.68749E-05, 1.18409E-05, 6.88230E-06, 6.34995E-06, 5.46133E-07, 2.90880E-07, 2.85092E-07, 2.47747E-05
192, 1.72034E-05, 1.14088E-05, 6.87440E-06, 6.42242E-06, 5.44079E-07, 2.88702E-07, 2.83611E-07, 2.39813E-05
193, 1.76600E-05, 1.09636E-05, 7.01760E-06, 6.48962E-06, 5.42115E-07, 2.86486E-07, 2.82119E-07, 2.31458E-05
194, 1.81364E-05, 1.06527E-05, 7.14819E-06, 6.55163E-06, 5.40209E-07, 2.84356E-07, 2.80626E-07, 2.22705E-05
195, 1.85961E-05, 1.08635E-05, 7.26594E-06, 6.61481E-06, 5.38181E-07, 2.82325E-07, 2.79147E-07, 2.13581E-05
196, 1.90379E-05, 1.10577E-05, 7.42361E-06, 6.78614E-06, 5.36091E-07, 2.80298E-07, 2.77667E-07, 2.04108E-05
197, 1.94605E-05, 1.12352E-05, 7.60756E-06, 6.94781E-06, 5.33911E-07, 2.78249E-07, 2.76185E-07, 1.94310E-05
198, 1.98629E-05, 1.13956E-05, 7.77875E-06, 7.09965E-06, 5.31807E-07, 2.76207E-07, 2.74753E-07, 1.84211E-05
199, 2.02438E-05, 1.15388E-05, 7.93678E-06, 7.24151E-06, 5.29696E-07, 2.74177E-07, 2.73334E-07, 1.73831E-05
200, 2.06022E-05, 1.16646E-05, 8.08131E-06, 7.37328E-06, 5.27533E-07, 2.72175E-07, 2.71927E-07, 1.63195E-05
201, 2.09370E-05, 1.17727E-05, 8.30916E-06, 7.49485E-06, 5.25320E-07, 2.70209E-07, 2.70530E-07, 1.52323E-05
202, 2.12472E-05, 1.18631E-05, 8.52935E-06, 7.60615E-06, 5.23110E-07, 2.68194E-07, 2.69150E-07, 1.41237E-05
203, 2.15320E-05, 1.19357E-05, 8.73696E-06, 7.70715E-06, 5.20891E-07, 2.66134E-07, 2.67815E-07, 1.32798E-05
204, 2.17905E-05, 1.19904E-05, 8.93163E-06, 7.79782E-06, 5.18630E-07, 2.64127E-07, 2.66459E-07, 1.25238E-05
205, 2.20218E-05, 1.21074E-05, 9.11315E-06, 7.87816E-06, 5.16348E-07, 2.62131E-07, 2.65115E-07, 1.23142E-05
206, 2.22253E-05, 1.22368E-05, 9.28118E-06, 7.94818E-06, 5.14080E-07, 2.60120E-07, 2.63776E-07, 1.24022E-05
207, 2.24004E-05, 1.23474E-05, 9.43539E-06, 8.00794E-06, 5.11880E-07, 2.58088E-07, 2.62415E-07, 1.24356E-05
208, 2.25465E-05, 1.24395E-05, 9.57554E-06, 8.05749E-06, 5.09660E-07, 2.56039E-07, 2.61056E-07, 1.24146E-05
209, 2.26631E-05, 1.25133E-05, 9.73376E-06, 8.09692E-06, 5.07394E-07, 2.53953E-07, 2.59704E-07, 1.23400E-05
210, 2.27499E-05, 1.25687E-05, 9.96793E-06, 8.12633E-06, 5.05105E-07, 2.51879E-07, 2.58354E-07, 1.22131E-05
211, 2.28615E-05, 1.26060E-05, 1.01908E-05, 8.14584E-06, 5.02769E-07, 2.49878E-07, 2.57017E-07, 1.20357E-05
212, 2.29595E-05, 1.26253E-05, 1.04019E-05, 8.15560E-06, 5.00476E-07, 2.47939E-07, 2.55690E-07, 1.18104E-05
213, 2.30272E-05, 1.26269E-05, 1.06009E-05, 8.15575E-06, 4.98210E-07, 2.46008E-07, 2.54371E-07, 1.17601E-05
214, 2.30644E-05, 1.26108E-05, 1.07872E-05, 8.14647E-06, 4.95916E-07, 2.44071E-07, 2.53045E-07, 1.21529E-05
215, 2.30712E-05, 1.25774E-05, 1.09606E-05, 8.12795E-06, 4.93627E-07, 2.42169E-07, 2.51733E-07, 1.25141E-05
216, 2.31441E-05, 1.28261E-05, 1.11207E-05, 8.10040E-06, 4.91328E-07, 2.40269E-07, 2.50437E-07, 1.28430E-05
217, 2.32482E-05, 1.30934E-05, 1.12671E-05, 8.06403E-06, 4.89085E-07, 2.38417E-07, 2.49133E-07, 1.31391E-05
218, 2.33265E-05, 1.33494E-05, 1.13996E-05, 8.01907E-06, 4.86894E-07, 2.36634E-07, 2.47852E-07, 1.34020E-05
219, 2.33789E-05, 1.35936E-05, 1.15179E-05, 7.96577E-06, 4.84709E-07, 2.34868E-07, 2.46589E-07, 1.36315E-05
220, 2.34050E-05, 1.38255E-05, 1.16219E-05, 7.90438E-06, 4.82487E-07, 2.33099E-07, 2.45314E-07, 1.38277E-05
221, 2.34047E-05, 1.40449E-05, 1.17112E-05, 7.83518E-06, 4.80203E-07, 2.31303E-07, 2.44045E-07, 1.41599E-05
222, 2.33781E-05, 1.42512E-05, 1.17859E-05, 7.75843E-06, 4.77984E-07, 2.29462E-07, 2.42761E-07, 1.45738E-05
223, 2.33252E-05, 1.44442E-05, 1.18458E-05, 7.67443E-06, 4.75749E-07, 2.27684E-07, 2.41471E-07, 1.49509E-05
224, 2.32460E-05, 1.46236E-05, 1.18908E-05, 7.60229E-06, 4.73484E-07, 2.25971E-07, 2.40190E-07, 1.52896E-05
225, 2.31407E-05, 1.47890E-05, 1.19209E-05, 7.54179E-06, 4.71206E-07, 2.24308E-07, 2.38928E-07, 1.55888E-05
226, 2.30097E-05, 1.49402E-05, 1.19491E-05, 7.47455E-06, 4.68943E-07, 2.22650E-07, 2.37648E-07, 1.58472E-05
227, 2.28532E-05, 1.50768E-05, 1.20525E-05, 7.40078E-06, 4.66672E-07, 2.21002E-07, 2.36369E-07, 1.60642E-05
228, 2.26716E-05, 1.51988E-05, 1.21974E-05, 7.32068E-06, 4.64296E-07, 2.19369E-07, 2.35065E-07, 1.62390E-05
229, 2.24654E-05, 1.53059E-05, 1.23309E-05, 7.23448E-06, 4.61809E-07, 2.17726E-07, 2.33759E-07, 1.63716E-05
230, 2.22351E-05, 1.53979E-05, 1.24527E-05, 7.14241E-06, 4.59242E-07, 2.16065E-07, 2.32465E-07, 1.66072E-05
231, 2.19814E-05, 1.54748E-05, 1.25623E-05, 7.04472E-06, 4.56638E-07, 2.14404E-07, 2.31191E-07, 1.73795E-05
232, 2.17050E-05, 1.55364E-05, 1.26594E-05, 6.94167E-06, 4.53930E-07, 2.12718E-07, 2.29916E-07, 1.81114E-05
233, 2.14065E-05, 1.55827E-05, 1.27437E-05, 6.83352E-06, 4.51159E-07, 2.11041E-07, 2.28629E-07, 1.88014E-05
234, 2.10869E-05, 1.56136E-05, 1.28147E-05, 6.72056E-06, 4.48388E-07, 2.09355E-07, 2.27331E-07, 1.94485E-05
235, 2.07469E-05, 1.56293E-05, 1.28723E-05, 6.60306E-06, 4.45612E-07, 2.07701E-07, 2.26011E-07, 2.00518E-05
236, 2.03875E-05, 1.56296E-05, 1.29162E-05, 6.48131E-06, 4.42764E-07, 2.06053E-07, 2.24683E-07, 2.06106E-05
237, 2.01103E-05, 1.56148E-05, 1.29461E-05, 6.35561E-06, 4.39914E-07, 2.04429E-07, 2.23338E-07, 2.11243E-05
238, 1.98390E-05, 1.55850E-05, 1.29620E-05, 6.22625E-06, 4.37031E-07, 2.02816E-07, 2.21981E-07, 2.15926E-05
239, 1.95470E-05, 1.55408E-05, 1.29636E-05, 6.09353E-06, 4.34091E-07, 2.01202E-07, 2.20630E-07, 2.20152E-05
240, 1.92352E-05, 1.54819E-05, 1.29509E-05, 5.95774E-06, 4.31100E-07, 1.99599E-07, 2.19279E-07, 2.23919E-05
241, 1.89045E-05, 1.54084E-05, 1.29238E-05, 5.81919E-06, 4.28035E-07, 1.98042E-07, 2.17930E-07, 2.27228E-05
242, 1.85558E-05, 1.53207E-05, 1.28824E-05, 5.67818E-06, 4.24938E-07, 1.96509E-07, 2.16589E-07, 2.30079E-05
243, 1.81902E-05, 1.52189E-05, 1.28266E-05, 5.53499E-06, 4.21816E-07, 1.94995E-07, 2.15244E-07, 2.32475E-05
244, 1.78086E-05, 1.51033E-05, 1.27565E-05, 5.38992E-06, 4.18603E-07, 1.93502E-07, 2.13909E-07, 2.34421E-05
245, 1.75456E-05, 1.49744E-05, 1.26724E-05, 5.24325E-06, 4.15315E-07, 1.92016E-07, 2.12557E-07, 2.35920E-05
246, 1.73017E-05, 1.48324E-05, 1.25743E-05, 5.09528E-06, 4.11989E-07, 1.90540E-07, 2.11205E-07, 2.36978E-05
247, 1.70415E-05, 1.48487E-05, 1.24624E-05, 4.94627E-06, 4.08632E-07, 1.89070E-07, 2.09868E-07, 2.37602E-05
248, 1.67655E-05, 1.48757E-05, 1.23371E-05, 4.79651E-06, 4.05289E-07, 1.87608E-07, 2.08518E-07, 2.37799E-05
249, 1.64745E-05, 1.48901E-05, 1.21987E-05, 4.64625E-06, 4.01899E-07, 1.86146E-07, 2.07169E-07, 2.37577E-05
250, 1.61693E-05, 1.48917E-05, 1.20474E-05, 4.49576E-06, 3.98453E-07, 1.84673E-07, 2.05829E-07, 2.36946E-05
