time_step, rel_err_u, rel_err_v, rel_err_w, rel_err_p, rel_err_u_m, rel_err_v_m, rel_err_w_m, rel_err_p_m
0, 0.00000E+00, 0.00000E+00, 0.00000E+00, 0.00000E+00, 0.00000E+00, 0.00000E+00, 0.00000E+00,    Infinity
1, 1.75304E-05, 1.36884E-05, 1.18850E-05, 1.34673E-03, 1.04793E-06, 8.96312E-07, 7.26593E-07, 6.07603E+02
2, 4.83969E-05, 3.70060E-05, 4.30229E-05, 6.97217E-04, 1.13153E-06, 9.79072E-07, 7.58013E-07, 1.91464E-01
3, 1.91590E-05, 1.47169E-05, 7.20213E-06, 4.26871E-05, 8.68810E-07, 7.04925E-07, 5.62085E-07, 6.10276E-02
4, 2.02219E-05, 1.25993E-05, 7.20794E-06, 1.75655E-05, 7.72847E-07, 6.09786E-07, 4.91817E-07, 1.15070E-02
5, 2.00557E-05, 1.27350E-05, 7.15168E-06, 6.35296E-06, 7.69893E-07, 6.09287E-07, 4.89928E-07, 4.43820E-03
6, 2.03949E-05, 1.31040E-05, 7.04684E-06, 5.58666E-06, 7.62700E-07, 6.04862E-07, 4.86162E-07, 1.11651E-03
7, 2.11125E-05, 1.34292E-05, 6.89327E-06, 5.65935E-06, 7.57292E-07, 6.01973E-07, 4.82947E-07, 2.96645E-04
8, 2.17716E-05, 1.37185E-05, 6.69118E-06, 5.62301E-06, 7.51667E-07, 5.98948E-07, 4.79848E-07, 1.21505E-04
9, 2.23127E-05, 1.39741E-05, 6.52411E-06, 5.60519E-06, 7.46276E-07, 5.95989E-07, 4.76825E-07, 5.70011E-05
10, 2.30765E-05, 1.41904E-05, 6.51441E-06, 5.69460E-06, 7.40949E-07, 5.93204E-07, 4.73780E-07, 5.12460E-05
11, 2.40950E-05, 1.43662E-05, 6.57373E-06, 5.82833E-06, 7.35989E-07, 5.90488E-07, 4.70869E-07, 5.15738E-05
12, 2.50195E-05, 1.45006E-05, 6.72486E-06, 5.94626E-06, 7.30851E-07, 5.87725E-07, 4.67989E-07, 5.27577E-05
13, 2.64082E-05, 1.45925E-05, 6.86658E-06, 6.04337E-06, 7.25762E-07, 5.84990E-07, 4.65145E-07, 5.28475E-05
14, 2.77637E-05, 1.46414E-05, 7.07016E-06, 6.11825E-06, 7.20752E-07, 5.82295E-07, 4.62193E-07, 5.24237E-05
15, 2.90767E-05, 1.46812E-05, 7.45276E-06, 6.17008E-06, 7.15731E-07, 5.79730E-07, 4.59277E-07, 5.15121E-05
16, 3.03372E-05, 1.46924E-05, 7.82188E-06, 6.19801E-06, 7.11230E-07, 5.77447E-07, 4.56547E-07, 5.06623E-05
17, 3.15357E-05, 1.46606E-05, 8.17327E-06, 6.20146E-06, 7.06825E-07, 5.75195E-07, 4.53952E-07, 5.13108E-05
18, 3.26629E-05, 1.45857E-05, 8.50260E-06, 6.18018E-06, 7.02343E-07, 5.72861E-07, 4.51355E-07, 5.24803E-05
19, 3.37099E-05, 1.47096E-05, 8.80553E-06, 6.13425E-06, 6.97723E-07, 5.70484E-07, 4.48791E-07, 5.30882E-05
20, 3.46678E-05, 1.49938E-05, 9.07776E-06, 6.06404E-06, 6.93169E-07, 5.68039E-07, 4.46376E-07, 5.31280E-05
21, 3.59665E-05, 1.52416E-05, 9.31507E-06, 5.97023E-06, 6.88540E-07, 5.65620E-07, 4.43965E-07, 5.26038E-05
22, 3.75631E-05, 1.54513E-05, 9.51344E-06, 6.04998E-06, 6.83901E-07, 5.63288E-07, 4.41604E-07, 5.15297E-05
23, 3.90836E-05, 1.56216E-05, 9.66907E-06, 6.17665E-06, 6.79603E-07, 5.61140E-07, 4.39296E-07, 5.00264E-05
24, 4.05171E-05, 1.57511E-05, 9.77844E-06, 6.28050E-06, 6.75257E-07, 5.59022E-07, 4.37020E-07, 5.04479E-05
25, 4.18506E-05, 1.58390E-05, 1.01991E-05, 6.36024E-06, 6.70977E-07, 5.56850E-07, 4.34736E-07, 5.16618E-05
26, 4.30726E-05, 1.58842E-05, 1.07743E-05, 6.41479E-06, 6.66697E-07, 5.54714E-07, 4.32422E-07, 5.24447E-05
27, 4.41718E-05, 1.58861E-05, 1.13275E-05, 6.44340E-06, 6.62387E-07, 5.52635E-07, 4.30159E-07, 5.28103E-05
28, 4.51378E-05, 1.58843E-05, 1.18532E-05, 6.44556E-06, 6.58304E-07, 5.50503E-07, 4.27949E-07, 5.27793E-05
29, 4.59608E-05, 1.58934E-05, 1.23454E-05, 6.42110E-06, 6.54191E-07, 5.48532E-07, 4.25906E-07, 5.23783E-05
30, 4.66317E-05, 1.58595E-05, 1.27986E-05, 6.37011E-06, 6.50225E-07, 5.46609E-07, 4.23856E-07, 5.24031E-05
31, 4.71424E-05, 1.57821E-05, 1.32073E-05, 6.29300E-06, 6.46458E-07, 5.44730E-07, 4.21862E-07, 5.35349E-05
32, 4.74859E-05, 1.56611E-05, 1.35661E-05, 6.19049E-06, 6.42714E-07, 5.42934E-07, 4.19911E-07, 5.42099E-05
33, 4.81230E-05, 1.54966E-05, 1.38701E-05, 6.06354E-06, 6.38993E-07, 5.41154E-07, 4.17975E-07, 5.44512E-05
34, 4.92476E-05, 1.52890E-05, 1.41148E-05, 5.91341E-06, 6.35204E-07, 5.39465E-07, 4.16043E-07, 5.42889E-05
35, 5.02138E-05, 1.51610E-05, 1.42960E-05, 5.74158E-06, 6.31573E-07, 5.37726E-07, 4.14085E-07, 5.37594E-05
36, 5.10103E-05, 1.51157E-05, 1.44103E-05, 5.66814E-06, 6.27860E-07, 5.36050E-07, 4.12161E-07, 5.29035E-05
37, 5.16270E-05, 1.52172E-05, 1.44545E-05, 5.63699E-06, 6.24056E-07, 5.34341E-07, 4.10306E-07, 5.29606E-05
38, 5.20546E-05, 1.52821E-05, 1.44265E-05, 5.58243E-06, 6.20246E-07, 5.32735E-07, 4.08521E-07, 5.33462E-05
39, 5.22854E-05, 1.53100E-05, 1.43245E-05, 5.50509E-06, 6.16439E-07, 5.31137E-07, 4.06777E-07, 5.35943E-05
40, 5.23128E-05, 1.53005E-05, 1.47724E-05, 5.59053E-06, 6.12594E-07, 5.29670E-07, 4.05085E-07, 5.60439E-05
41, 5.21316E-05, 1.52535E-05, 1.54099E-05, 5.68718E-06, 6.08861E-07, 5.28173E-07, 4.03376E-07, 5.79968E-05
42, 5.17384E-05, 1.51693E-05, 1.59900E-05, 5.77299E-06, 6.05201E-07, 5.26607E-07, 4.01622E-07, 5.94546E-05
43, 5.11312E-05, 1.52341E-05, 1.65060E-05, 5.84657E-06, 6.01395E-07, 5.25027E-07, 3.99829E-07, 6.04281E-05
44, 5.04170E-05, 1.54432E-05, 1.69515E-05, 5.90654E-06, 5.97595E-07, 5.23466E-07, 3.97986E-07, 6.09364E-05
45, 5.07254E-05, 1.56144E-05, 1.73204E-05, 5.95157E-06, 5.94108E-07, 5.21945E-07, 3.96224E-07, 6.10065E-05
46, 5.08330E-05, 1.57461E-05, 1.76076E-05, 5.98037E-06, 5.90536E-07, 5.20423E-07, 3.94502E-07, 6.06720E-05
47, 5.07333E-05, 1.58371E-05, 1.78080E-05, 5.99176E-06, 5.86844E-07, 5.18909E-07, 3.92894E-07, 5.99723E-05
48, 5.04214E-05, 1.58863E-05, 1.79177E-05, 5.98468E-06, 5.83019E-07, 5.17370E-07, 3.91184E-07, 5.89511E-05
49, 4.98937E-05, 1.58927E-05, 1.79333E-05, 5.95821E-06, 5.78819E-07, 5.15862E-07, 3.89468E-07, 5.76546E-05
50, 4.91486E-05, 1.61806E-05, 1.78522E-05, 5.91156E-06, 5.74554E-07, 5.14565E-07, 3.87740E-07, 5.61307E-05
51, 4.81859E-05, 1.69954E-05, 1.76727E-05, 5.84416E-06, 5.70535E-07, 5.13179E-07, 3.85999E-07, 5.44266E-05
52, 4.74433E-05, 1.77961E-05, 1.73941E-05, 5.97229E-06, 5.66440E-07, 5.11796E-07, 3.84291E-07, 5.25880E-05
53, 4.84090E-05, 1.85802E-05, 1.70163E-05, 6.13016E-06, 5.62373E-07, 5.10534E-07, 3.82591E-07, 5.33937E-05
54, 4.91297E-05, 1.93454E-05, 1.68663E-05, 6.28010E-06, 5.58057E-07, 5.09288E-07, 3.80912E-07, 5.43650E-05
55, 5.01563E-05, 2.00894E-05, 1.77749E-05, 6.42024E-06, 5.53820E-07, 5.07981E-07, 3.79198E-07, 5.49631E-05
56, 5.19839E-05, 2.08102E-05, 1.86384E-05, 6.54871E-06, 5.49858E-07, 5.06551E-07, 3.77438E-07, 5.51890E-05
57, 5.35621E-05, 2.15055E-05, 1.94506E-05, 6.66367E-06, 5.45699E-07, 5.05058E-07, 3.75570E-07, 5.50485E-05
58, 5.48820E-05, 2.21735E-05, 2.02056E-05, 6.76336E-06, 5.41505E-07, 5.03511E-07, 3.73618E-07, 5.45519E-05
59, 5.59375E-05, 2.28123E-05, 2.08978E-05, 6.84613E-06, 5.37322E-07, 5.01992E-07, 3.71598E-07, 5.37139E-05
60, 5.67246E-05, 2.34200E-05, 2.15222E-05, 6.91046E-06, 5.33070E-07, 5.00472E-07, 3.69644E-07, 5.40000E-05
61, 5.72422E-05, 2.39953E-05, 2.20738E-05, 6.95504E-06, 5.29137E-07, 4.98907E-07, 3.67762E-07, 5.70935E-05
62, 5.74915E-05, 2.45365E-05, 2.25486E-05, 6.97873E-06, 5.25207E-07, 4.97254E-07, 3.65959E-07, 5.98273E-05
63, 5.74758E-05, 2.50425E-05, 2.29428E-05, 6.98064E-06, 5.21325E-07, 4.95487E-07, 3.64094E-07, 6.21753E-05
64, 5.72009E-05, 2.55176E-05, 2.32544E-05, 6.96012E-06, 5.17376E-07, 4.93788E-07, 3.62257E-07, 6.41170E-05
65, 5.66745E-05, 2.60768E-05, 2.34806E-05, 6.91676E-06, 5.13386E-07, 4.92148E-07, 3.60379E-07, 6.56374E-05
66, 5.65622E-05, 2.65954E-05, 2.36186E-05, 6.85044E-06, 5.09735E-07, 4.90716E-07, 3.58509E-07, 6.67273E-05
67, 5.68712E-05, 2.70721E-05, 2.36672E-05, 6.76129E-06, 5.05971E-07, 4.89276E-07, 3.56607E-07, 6.73833E-05
68, 5.69008E-05, 2.75059E-05, 2.36258E-05, 6.64968E-06, 5.02154E-07, 4.87842E-07, 3.54716E-07, 6.76075E-05
69, 5.66532E-05, 2.78959E-05, 2.34946E-05, 6.51626E-06, 4.98467E-07, 4.86369E-07, 3.52768E-07, 6.74075E-05
70, 5.61328E-05, 2.82415E-05, 2.32744E-05, 6.36187E-06, 4.94626E-07, 4.84915E-07, 3.50952E-07, 6.67958E-05
71, 5.53466E-05, 2.85422E-05, 2.29666E-05, 6.18760E-06, 4.91209E-07, 4.83431E-07, 3.49210E-07, 6.57893E-05
72, 5.62268E-05, 2.87978E-05, 2.25735E-05, 5.99471E-06, 4.87959E-07, 4.81890E-07, 3.47400E-07, 6.44092E-05
73, 5.74179E-05, 2.90082E-05, 2.20977E-05, 5.78462E-06, 4.84847E-07, 4.80406E-07, 3.45545E-07, 6.26800E-05
74, 5.83757E-05, 2.91737E-05, 2.15427E-05, 5.55890E-06, 4.82001E-07, 4.78914E-07, 3.43611E-07, 6.06291E-05
75, 5.90941E-05, 2.92944E-05, 2.09124E-05, 5.31924E-06, 4.79361E-07, 4.77365E-07, 3.41647E-07, 5.82859E-05
76, 5.95693E-05, 2.93710E-05, 2.02112E-05, 5.06739E-06, 4.76554E-07, 4.75743E-07, 3.39663E-07, 5.56818E-05
77, 5.97989E-05, 2.94042E-05, 1.94440E-05, 4.80519E-06, 4.73702E-07, 4.73990E-07, 3.37679E-07, 5.57749E-05
78, 5.97824E-05, 2.93947E-05, 1.86161E-05, 4.53449E-06, 4.70811E-07, 4.72213E-07, 3.35710E-07, 5.73376E-05
79, 5.95211E-05, 2.93436E-05, 1.77332E-05, 4.25714E-06, 4.67897E-07, 4.70438E-07, 3.33771E-07, 5.85035E-05
80, 5.90178E-05, 2.92519E-05, 1.68011E-05, 3.97499E-06, 4.65074E-07, 4.68726E-07, 3.31936E-07, 5.92794E-05
81, 5.82769E-05, 2.92162E-05, 1.58261E-05, 3.68984E-06, 4.62299E-07, 4.67142E-07, 3.30080E-07, 5.96768E-05
82, 5.73043E-05, 2.91711E-05, 1.48143E-05, 3.40343E-06, 4.60023E-07, 4.65478E-07, 3.28228E-07, 5.97110E-05
83, 5.61076E-05, 2.90831E-05, 1.48648E-05, 3.11744E-06, 4.58085E-07, 4.63839E-07, 3.26373E-07, 5.94011E-05
84, 5.46953E-05, 2.89537E-05, 1.51368E-05, 2.93015E-06, 4.56016E-07, 4.62198E-07, 3.24489E-07, 5.87690E-05
85, 5.30773E-05, 2.87843E-05, 1.53579E-05, 2.94032E-06, 4.53919E-07, 4.60541E-07, 3.22580E-07, 5.78394E-05
86, 5.12647E-05, 2.85766E-05, 1.56295E-05, 2.94855E-06, 4.51947E-07, 4.58894E-07, 3.20650E-07, 5.66383E-05
87, 4.92693E-05, 2.83322E-05, 1.59387E-05, 2.95484E-06, 4.50011E-07, 4.57278E-07, 3.18728E-07, 5.51934E-05
88, 4.71041E-05, 2.91744E-05, 1.61626E-05, 2.95922E-06, 4.47982E-07, 4.55646E-07, 3.16836E-07, 5.35329E-05
89, 4.47825E-05, 3.01420E-05, 1.63021E-05, 2.96171E-06, 4.45964E-07, 4.53938E-07, 3.14943E-07, 5.16853E-05
90, 4.23189E-05, 3.10483E-05, 1.63585E-05, 2.96234E-06, 4.43957E-07, 4.52251E-07, 3.13017E-07, 4.96788E-05
91, 3.97278E-05, 3.18904E-05, 1.63337E-05, 2.96114E-06, 4.41865E-07, 4.50470E-07, 3.11072E-07, 4.75411E-05
92, 3.73316E-05, 3.26659E-05, 1.62300E-05, 2.96140E-06, 4.39778E-07, 4.48619E-07, 3.09103E-07, 4.52984E-05
93, 3.77821E-05, 3.33727E-05, 1.60500E-05, 2.97822E-06, 4.37841E-07, 4.46785E-07, 3.07131E-07, 4.29760E-05
94, 3.80604E-05, 3.40093E-05, 1.57970E-05, 2.99311E-06, 4.36259E-07, 4.44898E-07, 3.05192E-07, 4.05971E-05
95, 3.81719E-05, 3.45744E-05, 1.54745E-05, 3.00607E-06, 4.34683E-07, 4.42986E-07, 3.03442E-07, 3.81832E-05
96, 3.91332E-05, 3.50671E-05, 1.50864E-05, 3.01710E-06, 4.33041E-07, 4.41024E-07, 3.01806E-07, 3.57539E-05
97, 4.09861E-05, 3.54869E-05, 1.46369E-05, 3.02622E-06, 4.31472E-07, 4.39148E-07, 3.00335E-07, 3.33266E-05
98, 4.26901E-05, 3.58338E-05, 1.47625E-05, 3.03343E-06, 4.29824E-07, 4.37318E-07, 2.98940E-07, 3.09166E-05
99, 4.42413E-05, 3.61085E-05, 1.49750E-05, 3.03875E-06, 4.28100E-07, 4.35570E-07, 2.97567E-07, 2.85372E-05
100, 4.56364E-05, 3.63111E-05, 1.51187E-05, 3.04221E-06, 4.26455E-07, 4.33817E-07, 2.96197E-07, 2.61995E-05
101, 4.68734E-05, 3.64424E-05, 1.51943E-05, 3.04381E-06, 4.24743E-07, 4.32019E-07, 2.94810E-07, 2.44983E-05
102, 4.79511E-05, 3.65037E-05, 1.52027E-05, 3.04358E-06, 4.22956E-07, 4.30179E-07, 2.93415E-07, 2.38809E-05
103, 4.88692E-05, 3.64965E-05, 1.51452E-05, 3.04155E-06, 4.21070E-07, 4.28330E-07, 2.91979E-07, 2.30317E-05
104, 4.96282E-05, 3.64226E-05, 1.50239E-05, 3.05101E-06, 4.19201E-07, 4.26487E-07, 2.90497E-07, 2.19699E-05
105, 5.02295E-05, 3.62838E-05, 1.48408E-05, 3.06994E-06, 4.17473E-07, 4.24617E-07, 2.88973E-07, 2.14622E-05
106, 5.06753E-05, 3.60824E-05, 1.45986E-05, 3.08668E-06, 4.15884E-07, 4.22672E-07, 2.87445E-07, 2.21638E-05
107, 5.09685E-05, 3.58208E-05, 1.43003E-05, 3.10123E-06, 4.14281E-07, 4.20739E-07, 2.85952E-07, 2.27318E-05
108, 5.11125E-05, 3.55015E-05, 1.39490E-05, 3.11360E-06, 4.12738E-07, 4.18773E-07, 2.84463E-07, 2.32428E-05
109, 5.11116E-05, 3.51272E-05, 1.35483E-05, 3.12380E-06, 4.11201E-07, 4.16819E-07, 2.82988E-07, 2.36139E-05
110, 5.09705E-05, 3.47006E-05, 1.31018E-05, 3.13183E-06, 4.09646E-07, 4.14842E-07, 2.81492E-07, 2.38489E-05
111, 5.06944E-05, 3.42245E-05, 1.26135E-05, 3.13772E-06, 4.08040E-07, 4.12823E-07, 2.79981E-07, 2.39522E-05
112, 5.02891E-05, 3.37021E-05, 1.20876E-05, 3.14149E-06, 4.06466E-07, 4.10778E-07, 2.78473E-07, 2.39291E-05
113, 4.97607E-05, 3.31361E-05, 1.15281E-05, 3.14316E-06, 4.04887E-07, 4.08708E-07, 2.76979E-07, 2.37850E-05
114, 4.91156E-05, 3.25296E-05, 1.13282E-05, 3.14276E-06, 4.03297E-07, 4.06663E-07, 2.75506E-07, 2.35261E-05
115, 4.83606E-05, 3.18857E-05, 1.15750E-05, 3.14336E-06, 4.01653E-07, 4.04612E-07, 2.74047E-07, 2.31589E-05
116, 4.75027E-05, 3.12074E-05, 1.17759E-05, 3.14688E-06, 4.00018E-07, 4.02513E-07, 2.72616E-07, 2.26906E-05
117, 4.65491E-05, 3.04977E-05, 1.19313E-05, 3.16217E-06, 3.98378E-07, 4.00391E-07, 2.71192E-07, 2.21284E-05
118, 4.55076E-05, 2.97596E-05, 1.20415E-05, 3.17884E-06, 3.96694E-07, 3.98245E-07, 2.69845E-07, 2.14801E-05
119, 4.43857E-05, 2.89960E-05, 1.21070E-05, 3.19331E-06, 3.94957E-07, 3.96109E-07, 2.68548E-07, 2.07537E-05
120, 4.31904E-05, 2.82098E-05, 1.21287E-05, 3.20558E-06, 3.93196E-07, 3.94025E-07, 2.67245E-07, 1.99572E-05
121, 4.19292E-05, 2.74038E-05, 1.21080E-05, 3.21567E-06, 3.91399E-07, 3.91923E-07, 2.65936E-07, 1.90991E-05
122, 4.06095E-05, 2.65808E-05, 1.20461E-05, 3.22358E-06, 3.89689E-07, 3.89813E-07, 2.64641E-07, 1.81878E-05
123, 3.92389E-05, 2.57434E-05, 1.19447E-05, 3.22933E-06, 3.88061E-07, 3.87697E-07, 2.63352E-07, 1.72315E-05
124, 3.78245E-05, 2.48943E-05, 1.18056E-05, 3.23293E-06, 3.86447E-07, 3.85577E-07, 2.62083E-07, 1.66942E-05
125, 3.63737E-05, 2.40358E-05, 1.16306E-05, 3.24169E-06, 3.84941E-07, 3.83474E-07, 2.60841E-07, 1.65330E-05
126, 3.48932E-05, 2.31705E-05, 1.14219E-05, 3.24985E-06, 3.83502E-07, 3.81383E-07, 2.59602E-07, 1.63476E-05
127, 3.33901E-05, 2.23006E-05, 1.11817E-05, 3.25587E-06, 3.82136E-07, 3.79278E-07, 2.58404E-07, 1.63276E-05
128, 3.18707E-05, 2.14282E-05, 1.09122E-05, 3.25975E-06, 3.80798E-07, 3.77150E-07, 2.57206E-07, 1.63781E-05
129, 3.05159E-05, 2.05554E-05, 1.06160E-05, 3.26152E-06, 3.79658E-07, 3.75009E-07, 2.55993E-07, 1.64058E-05
130, 3.01167E-05, 1.96843E-05, 1.02954E-05, 3.26120E-06, 3.78563E-07, 3.72853E-07, 2.54812E-07, 1.64106E-05
131, 2.96257E-05, 1.88167E-05, 9.95296E-06, 3.25881E-06, 3.77435E-07, 3.70796E-07, 2.53635E-07, 1.63924E-05
132, 2.90500E-05, 1.79542E-05, 9.59125E-06, 3.25438E-06, 3.76284E-07, 3.68786E-07, 2.52455E-07, 1.63511E-05
133, 2.83973E-05, 1.70986E-05, 9.21284E-06, 3.25877E-06, 3.75084E-07, 3.66781E-07, 2.51318E-07, 1.62867E-05
134, 2.76749E-05, 1.62513E-05, 8.82028E-06, 3.27354E-06, 3.73860E-07, 3.64778E-07, 2.50172E-07, 1.61993E-05
135, 2.68905E-05, 1.54138E-05, 8.41612E-06, 3.29031E-06, 3.72621E-07, 3.62778E-07, 2.49020E-07, 1.60888E-05
136, 2.60517E-05, 1.45873E-05, 8.00285E-06, 3.30482E-06, 3.71353E-07, 3.60772E-07, 2.47886E-07, 1.59555E-05
137, 2.51659E-05, 1.37731E-05, 7.58294E-06, 3.31708E-06, 3.70059E-07, 3.58769E-07, 2.46750E-07, 1.57994E-05
138, 2.42405E-05, 1.29722E-05, 7.15878E-06, 3.32708E-06, 3.68784E-07, 3.56827E-07, 2.45633E-07, 1.56209E-05
139, 2.32829E-05, 1.21856E-05, 6.73268E-06, 3.33484E-06, 3.67479E-07, 3.54886E-07, 2.44561E-07, 1.55112E-05
140, 2.22999E-05, 1.16233E-05, 6.30686E-06, 3.34037E-06, 3.66187E-07, 3.52924E-07, 2.43498E-07, 1.55660E-05
141, 2.12986E-05, 1.12993E-05, 5.88344E-06, 3.34368E-06, 3.64871E-07, 3.50993E-07, 2.42433E-07, 1.56000E-05
142, 2.02854E-05, 1.09679E-05, 5.46443E-06, 3.34478E-06, 3.63547E-07, 3.49065E-07, 2.41391E-07, 1.56130E-05
143, 1.92666E-05, 1.06309E-05, 5.05172E-06, 3.34369E-06, 3.62253E-07, 3.47131E-07, 2.40379E-07, 1.56049E-05
144, 1.82482E-05, 1.02897E-05, 4.64706E-06, 3.34851E-06, 3.61032E-07, 3.45210E-07, 2.39374E-07, 1.55755E-05
145, 1.72357E-05, 9.94581E-06, 4.25207E-06, 3.35186E-06, 3.59821E-07, 3.43284E-07, 2.38356E-07, 1.55248E-05
146, 1.62343E-05, 9.60056E-06, 3.86825E-06, 3.35290E-06, 3.58581E-07, 3.41409E-07, 2.37320E-07, 1.54527E-05
147, 1.52490E-05, 9.25528E-06, 3.55262E-06, 3.35164E-06, 3.57340E-07, 3.39563E-07, 2.36296E-07, 1.53593E-05
148, 1.42841E-05, 8.91118E-06, 3.50282E-06, 3.34811E-06, 3.56178E-07, 3.37733E-07, 2.35276E-07, 1.52445E-05
149, 1.33436E-05, 8.56941E-06, 3.49260E-06, 3.34850E-06, 3.55023E-07, 3.35887E-07, 2.34296E-07, 1.51084E-05
150, 1.24312E-05, 8.47298E-06, 3.48099E-06, 3.35204E-06, 3.53835E-07, 3.34070E-07, 2.33350E-07, 1.49512E-05
151, 1.22247E-05, 8.44143E-06, 3.46529E-06, 3.36277E-06, 3.52667E-07, 3.32303E-07, 2.32404E-07, 1.47729E-05
152, 1.23086E-05, 8.39808E-06, 3.44564E-06, 3.37116E-06, 3.51524E-07, 3.30548E-07, 2.31445E-07, 1.46717E-05
153, 1.23507E-05, 8.34321E-06, 3.42221E-06, 3.38011E-06, 3.50376E-07, 3.28808E-07, 2.30483E-07, 1.47228E-05
154, 1.23514E-05, 8.27715E-06, 3.39516E-06, 3.39375E-06, 3.49211E-07, 3.27044E-07, 2.29535E-07, 1.47546E-05
155, 1.23116E-05, 8.20023E-06, 3.38720E-06, 3.40487E-06, 3.48071E-07, 3.25280E-07, 2.28564E-07, 1.47669E-05
156, 1.22319E-05, 8.11281E-06, 3.39997E-06, 3.41346E-06, 3.47073E-07, 3.23551E-07, 2.27573E-07, 1.47597E-05
157, 1.21135E-05, 8.01525E-06, 3.42765E-06, 3.41954E-06, 3.46094E-07, 3.21853E-07, 2.26611E-07, 1.47327E-05
158, 1.19577E-05, 7.90796E-06, 3.45292E-06, 3.42311E-06, 3.45086E-07, 3.20169E-07, 2.25687E-07, 1.46858E-05
159, 1.17660E-05, 7.79132E-06, 3.47573E-06, 3.42419E-06, 3.44080E-07, 3.18478E-07, 2.24799E-07, 1.46188E-05
160, 1.15402E-05, 7.66576E-06, 3.49605E-06, 3.42280E-06, 3.43069E-07, 3.16890E-07, 2.23923E-07, 1.45317E-05
161, 1.12821E-05, 7.53169E-06, 3.51383E-06, 3.41896E-06, 3.42045E-07, 3.15421E-07, 2.23026E-07, 1.44245E-05
162, 1.09938E-05, 7.43454E-06, 3.52907E-06, 3.41269E-06, 3.41011E-07, 3.13982E-07, 2.22126E-07, 1.42971E-05
163, 1.06773E-05, 7.41567E-06, 3.54174E-06, 3.40403E-06, 3.39953E-07, 3.12526E-07, 2.21218E-07, 1.41496E-05
164, 1.03351E-05, 7.38679E-06, 3.55182E-06, 3.40835E-06, 3.38894E-07, 3.11050E-07, 2.20316E-07, 1.39820E-05
165, 9.96944E-06, 7.34807E-06, 3.55933E-06, 3.41460E-06, 3.37827E-07, 3.09573E-07, 2.19467E-07, 1.37945E-05
166, 9.58271E-06, 7.29968E-06, 3.56426E-06, 3.41791E-06, 3.36797E-07, 3.08081E-07, 2.18671E-07, 1.38280E-05
167, 9.17742E-06, 7.24182E-06, 3.56664E-06, 3.41831E-06, 3.35793E-07, 3.06605E-07, 2.17901E-07, 1.38642E-05
168, 8.75605E-06, 7.17472E-06, 3.56647E-06, 3.43010E-06, 3.34791E-07, 3.05173E-07, 2.17134E-07, 1.38822E-05
169, 8.36989E-06, 7.09863E-06, 3.56379E-06, 3.43978E-06, 3.33772E-07, 3.03757E-07, 2.16370E-07, 1.38818E-05
170, 8.36770E-06, 7.01378E-06, 3.55864E-06, 3.44676E-06, 3.32752E-07, 3.02367E-07, 2.15617E-07, 1.38627E-05
171, 8.37214E-06, 6.92046E-06, 3.55107E-06, 3.45106E-06, 3.31749E-07, 3.00990E-07, 2.14885E-07, 1.38248E-05
172, 8.38289E-06, 6.81895E-06, 3.54992E-06, 3.45268E-06, 3.30765E-07, 2.99578E-07, 2.14146E-07, 1.37678E-05
173, 8.39949E-06, 6.70954E-06, 3.57447E-06, 3.45163E-06, 3.29809E-07, 2.98184E-07, 2.13387E-07, 1.36917E-05
174, 8.42141E-06, 6.59255E-06, 3.59654E-06, 3.44795E-06, 3.28864E-07, 2.96793E-07, 2.12594E-07, 1.35962E-05
175, 8.44803E-06, 6.48731E-06, 3.61611E-06, 3.44165E-06, 3.27915E-07, 2.95392E-07, 2.11814E-07, 1.34814E-05
176, 8.47865E-06, 6.47714E-06, 3.63316E-06, 3.43276E-06, 3.26961E-07, 2.94000E-07, 2.11023E-07, 1.33471E-05
177, 8.51249E-06, 6.45836E-06, 3.64766E-06, 3.42821E-06, 3.26016E-07, 2.92623E-07, 2.10268E-07, 1.31934E-05
178, 8.54874E-06, 6.43103E-06, 3.65963E-06, 3.43352E-06, 3.25062E-07, 2.91290E-07, 2.09535E-07, 1.30204E-05
179, 8.76502E-06, 6.39523E-06, 3.66906E-06, 3.43575E-06, 3.24134E-07, 2.90003E-07, 2.08810E-07, 1.28871E-05
180, 8.98092E-06, 6.35104E-06, 3.67595E-06, 3.43494E-06, 3.23235E-07, 2.88732E-07, 2.08091E-07, 1.29205E-05
181, 9.19268E-06, 6.29858E-06, 3.68033E-06, 3.43112E-06, 3.22323E-07, 2.87465E-07, 2.07382E-07, 1.29434E-05
182, 9.40043E-06, 6.23798E-06, 3.68222E-06, 3.42435E-06, 3.21423E-07, 2.86199E-07, 2.06700E-07, 1.29488E-05
183, 9.60423E-06, 6.16937E-06, 3.68166E-06, 3.41467E-06, 3.20544E-07, 2.84963E-07, 2.06012E-07, 1.29365E-05
184, 9.80401E-06, 6.09294E-06, 3.67867E-06, 3.41908E-06, 3.19652E-07, 2.83743E-07, 2.05319E-07, 1.29063E-05
185, 9.99965E-06, 6.00886E-06, 3.67330E-06, 3.42151E-06, 3.18755E-07, 2.82541E-07, 2.04641E-07, 1.28579E-05
186, 1.01909E-05, 5.91732E-06, 3.66561E-06, 3.42110E-06, 3.17854E-07, 2.81334E-07, 2.03970E-07, 1.27911E-05
187, 1.03776E-05, 5.95729E-06, 3.65564E-06, 3.41788E-06, 3.16949E-07, 2.80122E-07, 2.03317E-07, 1.27058E-05
188, 1.05593E-05, 6.02325E-06, 3.64347E-06, 3.41187E-06, 3.16049E-07, 2.78929E-07, 2.02674E-07, 1.26019E-05
189, 1.07356E-05, 6.08165E-06, 3.63458E-06, 3.40310E-06, 3.15195E-07, 2.77730E-07, 2.02036E-07, 1.24793E-05
190, 1.09061E-05, 6.13276E-06, 3.65383E-06, 3.39175E-06, 3.14354E-07, 2.76564E-07, 2.01399E-07, 1.23381E-05
191, 1.10703E-05, 6.17685E-06, 3.67069E-06, 3.39629E-06, 3.13541E-07, 2.75397E-07, 2.00763E-07, 1.21781E-05
192, 1.12276E-05, 6.21418E-06, 3.68514E-06, 3.39765E-06, 3.12740E-07, 2.74225E-07, 2.00160E-07, 1.20079E-05
193, 1.13776E-05, 6.24500E-06, 3.72039E-06, 3.39585E-06, 3.11934E-07, 2.73083E-07, 1.99569E-07, 1.19388E-05
194, 1.15197E-05, 6.26957E-06, 3.78239E-06, 3.39093E-06, 3.11104E-07, 2.71935E-07, 1.98959E-07, 1.19210E-05
195, 1.16532E-05, 6.28814E-06, 3.84047E-06, 3.38295E-06, 3.10251E-07, 2.70777E-07, 1.98363E-07, 1.19275E-05
196, 1.17777E-05, 6.30097E-06, 3.89456E-06, 3.37195E-06, 3.09423E-07, 2.69596E-07, 1.97787E-07, 1.19172E-05
197, 1.18924E-05, 6.30831E-06, 3.94463E-06, 3.35800E-06, 3.08628E-07, 2.68418E-07, 1.97194E-07, 1.18900E-05
198, 1.19970E-05, 6.31041E-06, 3.99065E-06, 3.34115E-06, 3.07820E-07, 2.67257E-07, 1.96596E-07, 1.18456E-05
199, 1.20907E-05, 6.30753E-06, 4.03260E-06, 3.32147E-06, 3.07030E-07, 2.66069E-07, 1.96003E-07, 1.17839E-05
200, 1.21731E-05, 6.29991E-06, 4.07046E-06, 3.31125E-06, 3.06265E-07, 2.64863E-07, 1.95414E-07, 1.17049E-05
201, 1.22436E-05, 6.28781E-06, 4.12200E-06, 3.30574E-06, 3.05535E-07, 2.63695E-07, 1.94831E-07, 1.16083E-05
202, 1.23018E-05, 6.27150E-06, 4.20790E-06, 3.29735E-06, 3.04816E-07, 2.62557E-07, 1.94256E-07, 1.14941E-05
203, 1.23473E-05, 6.25123E-06, 4.28950E-06, 3.28610E-06, 3.04116E-07, 2.61398E-07, 1.93685E-07, 1.13624E-05
204, 1.23795E-05, 6.22722E-06, 4.36667E-06, 3.28722E-06, 3.03416E-07, 2.60218E-07, 1.93114E-07, 1.12133E-05
205, 1.23982E-05, 6.19970E-06, 4.43926E-06, 3.28770E-06, 3.02740E-07, 2.59065E-07, 1.92577E-07, 1.10467E-05
206, 1.24030E-05, 6.16892E-06, 4.50717E-06, 3.28496E-06, 3.02057E-07, 2.57920E-07, 1.92044E-07, 1.09797E-05
207, 1.23937E-05, 6.13513E-06, 4.57028E-06, 3.27904E-06, 3.01379E-07, 2.56760E-07, 1.91526E-07, 1.09100E-05
208, 1.23699E-05, 6.09856E-06, 4.62852E-06, 3.26999E-06, 3.00730E-07, 2.55602E-07, 1.91021E-07, 1.08414E-05
209, 1.23316E-05, 6.05945E-06, 4.68180E-06, 3.25787E-06, 3.00067E-07, 2.54430E-07, 1.90520E-07, 1.08297E-05
210, 1.22785E-05, 6.01804E-06, 4.73009E-06, 3.24273E-06, 2.99393E-07, 2.53267E-07, 1.90013E-07, 1.08024E-05
211, 1.22107E-05, 5.97454E-06, 4.77333E-06, 3.22464E-06, 2.98734E-07, 2.52096E-07, 1.89503E-07, 1.07592E-05
212, 1.21280E-05, 5.94840E-06, 4.81152E-06, 3.20366E-06, 2.98088E-07, 2.50940E-07, 1.88971E-07, 1.07002E-05
213, 1.20306E-05, 5.94357E-06, 4.84464E-06, 3.17987E-06, 2.97443E-07, 2.49804E-07, 1.88463E-07, 1.06251E-05
214, 1.19184E-05, 5.93436E-06, 4.87270E-06, 3.15335E-06, 2.96819E-07, 2.48673E-07, 1.87951E-07, 1.05341E-05
215, 1.17916E-05, 5.92074E-06, 4.89573E-06, 3.12418E-06, 2.96237E-07, 2.47541E-07, 1.87453E-07, 1.04270E-05
216, 1.16504E-05, 5.90273E-06, 4.91378E-06, 3.09355E-06, 2.95669E-07, 2.46421E-07, 1.86965E-07, 1.03040E-05
217, 1.14950E-05, 5.88033E-06, 4.98772E-06, 3.09632E-06, 2.95115E-07, 2.45302E-07, 1.86495E-07, 1.01650E-05
218, 1.13257E-05, 5.85356E-06, 5.06837E-06, 3.09585E-06, 2.94552E-07, 2.44171E-07, 1.86042E-07, 1.00102E-05
219, 1.11427E-05, 5.83580E-06, 5.14376E-06, 3.09216E-06, 2.93988E-07, 2.43053E-07, 1.85581E-07, 9.96049E-06
220, 1.09465E-05, 5.86201E-06, 5.21376E-06, 3.08531E-06, 2.93397E-07, 2.41924E-07, 1.85119E-07, 9.90869E-06
221, 1.07374E-05, 5.88415E-06, 5.27825E-06, 3.07534E-06, 2.92790E-07, 2.40820E-07, 1.84659E-07, 9.84204E-06
222, 1.05159E-05, 5.90215E-06, 5.33715E-06, 3.06230E-06, 2.92189E-07, 2.39765E-07, 1.84199E-07, 9.76055E-06
223, 1.02824E-05, 5.91597E-06, 5.39037E-06, 3.04626E-06, 2.91572E-07, 2.38741E-07, 1.83730E-07, 9.71677E-06
224, 1.00375E-05, 5.92554E-06, 5.43785E-06, 3.02728E-06, 2.90969E-07, 2.37741E-07, 1.83268E-07, 9.67900E-06
225, 9.78154E-06, 5.93082E-06, 5.47955E-06, 3.00543E-06, 2.90373E-07, 2.36732E-07, 1.82807E-07, 9.62696E-06
226, 9.51519E-06, 5.93814E-06, 5.51546E-06, 2.98078E-06, 2.89795E-07, 2.35703E-07, 1.82337E-07, 9.56060E-06
227, 9.23898E-06, 5.97309E-06, 5.54556E-06, 2.95342E-06, 2.89235E-07, 2.34672E-07, 1.81869E-07, 9.47987E-06
228, 8.95348E-06, 6.00513E-06, 5.56987E-06, 2.92342E-06, 2.88690E-07, 2.33629E-07, 1.81412E-07, 9.38480E-06
229, 8.65930E-06, 6.03429E-06, 5.58843E-06, 2.89088E-06, 2.88167E-07, 2.32581E-07, 1.80946E-07, 9.30181E-06
230, 8.35705E-06, 6.06057E-06, 5.60127E-06, 2.85588E-06, 2.87653E-07, 2.31523E-07, 1.80488E-07, 9.31025E-06
231, 8.04735E-06, 6.08397E-06, 5.63699E-06, 2.82603E-06, 2.87145E-07, 2.30458E-07, 1.80031E-07, 9.31267E-06
232, 7.73082E-06, 6.10451E-06, 5.70377E-06, 2.81505E-06, 2.86644E-07, 2.29382E-07, 1.79567E-07, 9.30932E-06
233, 7.40810E-06, 6.12219E-06, 5.76567E-06, 2.80736E-06, 2.86144E-07, 2.28296E-07, 1.79091E-07, 9.30044E-06
234, 7.07981E-06, 6.13702E-06, 5.82255E-06, 2.79665E-06, 2.85666E-07, 2.27222E-07, 1.78637E-07, 9.28629E-06
235, 6.74659E-06, 6.14900E-06, 5.87430E-06, 2.78299E-06, 2.85208E-07, 2.26178E-07, 1.78198E-07, 9.28792E-06
236, 6.74002E-06, 6.15813E-06, 5.92079E-06, 2.76642E-06, 2.84776E-07, 2.25139E-07, 1.77761E-07, 9.36074E-06
237, 6.72589E-06, 6.16441E-06, 5.96194E-06, 2.74701E-06, 2.84332E-07, 2.24122E-07, 1.77321E-07, 9.42558E-06
238, 6.70005E-06, 6.16785E-06, 5.99768E-06, 2.72484E-06, 2.83946E-07, 2.23098E-07, 1.76870E-07, 9.48267E-06
239, 6.66283E-06, 6.16845E-06, 6.02794E-06, 2.69997E-06, 2.83611E-07, 2.22075E-07, 1.76420E-07, 9.53223E-06
240, 6.61459E-06, 6.16620E-06, 6.05270E-06, 2.67250E-06, 2.83292E-07, 2.21046E-07, 1.75979E-07, 9.57450E-06
241, 6.55573E-06, 6.16109E-06, 6.07192E-06, 2.64249E-06, 2.82974E-07, 2.20003E-07, 1.75538E-07, 9.60970E-06
242, 6.48666E-06, 6.15313E-06, 6.09659E-06, 2.61406E-06, 2.82648E-07, 2.18975E-07, 1.75110E-07, 9.63805E-06
243, 6.40783E-06, 6.14231E-06, 6.16088E-06, 2.59496E-06, 2.82325E-07, 2.17944E-07, 1.74674E-07, 9.65977E-06
244, 6.31969E-06, 6.12861E-06, 6.22114E-06, 2.57340E-06, 2.82039E-07, 2.16893E-07, 1.74241E-07, 9.67506E-06
245, 6.22272E-06, 6.11203E-06, 6.27725E-06, 2.54948E-06, 2.81744E-07, 2.15829E-07, 1.73825E-07, 9.68413E-06
246, 6.11742E-06, 6.09256E-06, 6.32909E-06, 2.52328E-06, 2.81467E-07, 2.14783E-07, 1.73406E-07, 9.68717E-06
247, 6.00427E-06, 6.07018E-06, 6.37655E-06, 2.49492E-06, 2.81188E-07, 2.13755E-07, 1.72995E-07, 9.68436E-06
248, 5.88381E-06, 6.04488E-06, 6.41951E-06, 2.46448E-06, 2.80894E-07, 2.12723E-07, 1.72583E-07, 9.67588E-06
249, 5.75652E-06, 6.01665E-06, 6.45788E-06, 2.43207E-06, 2.80600E-07, 2.11705E-07, 1.72170E-07, 9.66191E-06
250, 5.62294E-06, 5.98546E-06, 6.49158E-06, 2.40062E-06, 2.80331E-07, 2.10679E-07, 1.71758E-07, 9.69826E-06
251, 5.48358E-06, 5.95582E-06, 6.52052E-06, 2.37880E-06, 2.80035E-07, 2.09662E-07, 1.71333E-07, 9.77329E-06
252, 5.33893E-06, 5.92781E-06, 6.54464E-06, 2.35694E-06, 2.79721E-07, 2.08645E-07, 1.70910E-07, 9.84010E-06
253, 5.18952E-06, 5.89732E-06, 6.56389E-06, 2.34428E-06, 2.79450E-07, 2.07619E-07, 1.70479E-07, 9.89883E-06
254, 5.03584E-06, 5.86431E-06, 6.57822E-06, 2.32916E-06, 2.79213E-07, 2.06592E-07, 1.70054E-07, 9.94962E-06
255, 4.87837E-06, 5.82877E-06, 6.58761E-06, 2.31168E-06, 2.78992E-07, 2.05549E-07, 1.69642E-07, 9.99263E-06
256, 4.71759E-06, 5.79066E-06, 6.59203E-06, 2.29192E-06, 2.78826E-07, 2.04503E-07, 1.69219E-07, 1.00280E-05
257, 4.55396E-06, 5.74997E-06, 6.59147E-06, 2.26996E-06, 2.78669E-07, 2.03464E-07, 1.68790E-07, 1.00558E-05
258, 4.38794E-06, 5.70667E-06, 6.58596E-06, 2.24589E-06, 2.78518E-07, 2.02436E-07, 1.68359E-07, 1.00763E-05
259, 4.21995E-06, 5.66073E-06, 6.57549E-06, 2.21980E-06, 2.78360E-07, 2.01431E-07, 1.67937E-07, 1.00895E-05
260, 4.05041E-06, 5.61213E-06, 6.56010E-06, 2.19179E-06, 2.78203E-07, 2.00447E-07, 1.67521E-07, 1.00957E-05
261, 4.08244E-06, 5.56084E-06, 6.53983E-06, 2.16196E-06, 2.78054E-07, 1.99459E-07, 1.67096E-07, 1.00948E-05
262, 4.12649E-06, 5.50684E-06, 6.51473E-06, 2.13039E-06, 2.77905E-07, 1.98472E-07, 1.66671E-07, 1.00872E-05
263, 4.16757E-06, 5.45010E-06, 6.48487E-06, 2.09719E-06, 2.77744E-07, 1.97494E-07, 1.66247E-07, 1.00729E-05
264, 4.20562E-06, 5.39060E-06, 6.45032E-06, 2.06244E-06, 2.77572E-07, 1.96516E-07, 1.65821E-07, 1.00520E-05
265, 4.31565E-06, 5.32833E-06, 6.41117E-06, 2.04004E-06, 2.77391E-07, 1.95530E-07, 1.65398E-07, 1.00819E-05
266, 4.43294E-06, 5.26327E-06, 6.38550E-06, 2.02729E-06, 2.77182E-07, 1.94549E-07, 1.64987E-07, 1.01505E-05
267, 4.54825E-06, 5.19540E-06, 6.39997E-06, 2.01241E-06, 2.76964E-07, 1.93564E-07, 1.64583E-07, 1.02099E-05
268, 4.66153E-06, 5.12469E-06, 6.41099E-06, 1.99548E-06, 2.76748E-07, 1.92565E-07, 1.64175E-07, 1.02600E-05
269, 4.77272E-06, 5.06407E-06, 6.41857E-06, 1.97657E-06, 2.76517E-07, 1.91564E-07, 1.63762E-07, 1.03012E-05
270, 4.88176E-06, 5.00530E-06, 6.42267E-06, 1.95577E-06, 2.76270E-07, 1.90590E-07, 1.63348E-07, 1.03335E-05
271, 4.98861E-06, 4.94301E-06, 6.42331E-06, 1.93316E-06, 2.76038E-07, 1.89620E-07, 1.62922E-07, 1.03570E-05
272, 5.09320E-06, 4.87726E-06, 6.42049E-06, 1.90881E-06, 2.75811E-07, 1.88673E-07, 1.62499E-07, 1.03719E-05
273, 5.19551E-06, 4.89056E-06, 6.41420E-06, 1.88283E-06, 2.75597E-07, 1.87745E-07, 1.62084E-07, 1.03784E-05
274, 5.29551E-06, 4.92211E-06, 6.40447E-06, 1.85529E-06, 2.75395E-07, 1.86828E-07, 1.61671E-07, 1.03767E-05
275, 5.39316E-06, 4.94995E-06, 6.39130E-06, 1.82685E-06, 2.75204E-07, 1.85926E-07, 1.61260E-07, 1.03669E-05
276, 5.53070E-06, 4.97401E-06, 6.37899E-06, 1.80761E-06, 2.75011E-07, 1.85018E-07, 1.60846E-07, 1.03492E-05
277, 5.72396E-06, 4.99423E-06, 6.46842E-06, 1.80530E-06, 2.74810E-07, 1.84103E-07, 1.60427E-07, 1.03238E-05
278, 5.91136E-06, 5.01055E-06, 6.55375E-06, 1.80898E-06, 2.74587E-07, 1.83182E-07, 1.60006E-07, 1.02910E-05
279, 6.09294E-06, 5.02292E-06, 6.63499E-06, 1.81214E-06, 2.74359E-07, 1.82255E-07, 1.59585E-07, 1.02508E-05
280, 6.26876E-06, 5.03128E-06, 6.71213E-06, 1.81474E-06, 2.74119E-07, 1.81322E-07, 1.59163E-07, 1.02304E-05
281, 6.43889E-06, 5.03561E-06, 6.78515E-06, 1.81676E-06, 2.73875E-07, 1.80395E-07, 1.58739E-07, 1.02791E-05
282, 6.60338E-06, 5.03586E-06, 6.85407E-06, 1.81817E-06, 2.73626E-07, 1.79488E-07, 1.58306E-07, 1.03179E-05
283, 6.76229E-06, 5.03201E-06, 6.91889E-06, 1.81952E-06, 2.73367E-07, 1.78582E-07, 1.57877E-07, 1.03471E-05
284, 6.91568E-06, 5.02404E-06, 6.97963E-06, 1.82981E-06, 2.73105E-07, 1.77684E-07, 1.57440E-07, 1.03669E-05
285, 7.06367E-06, 5.01195E-06, 7.03629E-06, 1.83939E-06, 2.72844E-07, 1.76806E-07, 1.57005E-07, 1.03774E-05
286, 7.20629E-06, 4.99572E-06, 7.08889E-06, 1.84822E-06, 2.72590E-07, 1.75931E-07, 1.56564E-07, 1.03789E-05
287, 7.34358E-06, 4.97536E-06, 7.13746E-06, 1.85626E-06, 2.72337E-07, 1.75055E-07, 1.56131E-07, 1.03717E-05
288, 7.47559E-06, 4.95089E-06, 7.18203E-06, 1.86347E-06, 2.72083E-07, 1.74197E-07, 1.55707E-07, 1.03559E-05
289, 7.60239E-06, 4.92231E-06, 7.22261E-06, 1.86980E-06, 2.71820E-07, 1.73334E-07, 1.55278E-07, 1.03319E-05
290, 7.72403E-06, 4.88966E-06, 7.25924E-06, 1.87523E-06, 2.71562E-07, 1.72474E-07, 1.54838E-07, 1.02998E-05
291, 7.84057E-06, 4.85296E-06, 7.29196E-06, 1.87971E-06, 2.71304E-07, 1.71619E-07, 1.54388E-07, 1.02599E-05
292, 7.95206E-06, 4.81226E-06, 7.32080E-06, 1.88320E-06, 2.71050E-07, 1.70781E-07, 1.53931E-07, 1.02126E-05
293, 8.05855E-06, 4.76760E-06, 7.34580E-06, 1.88568E-06, 2.70795E-07, 1.69948E-07, 1.53473E-07, 1.01580E-05
294, 8.16009E-06, 4.77063E-06, 7.36700E-06, 1.88710E-06, 2.70550E-07, 1.69132E-07, 1.53024E-07, 1.00965E-05
295, 8.25673E-06, 4.78721E-06, 7.38444E-06, 1.88743E-06, 2.70275E-07, 1.68332E-07, 1.52569E-07, 1.00282E-05
296, 8.34852E-06, 4.80025E-06, 7.39818E-06, 1.88666E-06, 2.69984E-07, 1.67526E-07, 1.52113E-07, 9.98443E-06
297, 8.43549E-06, 4.80965E-06, 7.40826E-06, 1.88473E-06, 2.69678E-07, 1.66746E-07, 1.51662E-07, 1.00002E-05
298, 8.51770E-06, 4.81534E-06, 7.41472E-06, 1.88164E-06, 2.69366E-07, 1.65977E-07, 1.51211E-07, 1.00070E-05
299, 8.59518E-06, 4.81722E-06, 7.41763E-06, 1.87734E-06, 2.69028E-07, 1.65253E-07, 1.50753E-07, 1.00048E-05
300, 8.66797E-06, 4.81522E-06, 7.41704E-06, 1.87183E-06, 2.68674E-07, 1.64525E-07, 1.50296E-07, 9.99412E-06
301, 8.73610E-06, 4.80927E-06, 7.41300E-06, 1.86507E-06, 2.68308E-07, 1.63787E-07, 1.49843E-07, 9.97509E-06
302, 8.79961E-06, 4.79929E-06, 7.40556E-06, 1.85705E-06, 2.67940E-07, 1.63060E-07, 1.49390E-07, 9.94800E-06
303, 8.85854E-06, 4.78523E-06, 7.39479E-06, 1.84775E-06, 2.67591E-07, 1.62334E-07, 1.48935E-07, 9.91313E-06
304, 8.91292E-06, 4.76703E-06, 7.38074E-06, 1.83715E-06, 2.67253E-07, 1.61622E-07, 1.48473E-07, 9.87075E-06
305, 8.96277E-06, 4.74466E-06, 7.36348E-06, 1.82524E-06, 2.66946E-07, 1.60915E-07, 1.48007E-07, 9.82112E-06
306, 9.00813E-06, 4.71806E-06, 7.34306E-06, 1.81201E-06, 2.66643E-07, 1.60206E-07, 1.47538E-07, 9.76453E-06
307, 9.04902E-06, 4.68722E-06, 7.31956E-06, 1.79745E-06, 2.66337E-07, 1.59497E-07, 1.47082E-07, 9.70123E-06
308, 9.08549E-06, 4.65210E-06, 7.29303E-06, 1.78155E-06, 2.66023E-07, 1.58793E-07, 1.46625E-07, 9.63151E-06
309, 9.11755E-06, 4.61270E-06, 7.26353E-06, 1.78866E-06, 2.65703E-07, 1.58086E-07, 1.46169E-07, 9.55562E-06
310, 9.14524E-06, 4.56901E-06, 7.23114E-06, 1.79681E-06, 2.65384E-07, 1.57380E-07, 1.45711E-07, 9.47384E-06
311, 9.16858E-06, 4.52102E-06, 7.19592E-06, 1.80414E-06, 2.65054E-07, 1.56708E-07, 1.45255E-07, 9.38641E-06
312, 9.18761E-06, 4.47093E-06, 7.15794E-06, 1.81065E-06, 2.64720E-07, 1.56071E-07, 1.44798E-07, 9.29360E-06
313, 9.20235E-06, 4.42824E-06, 7.11726E-06, 1.81637E-06, 2.64394E-07, 1.55421E-07, 1.44342E-07, 9.27900E-06
314, 9.21285E-06, 4.38190E-06, 7.07395E-06, 1.82130E-06, 2.64066E-07, 1.54763E-07, 1.43886E-07, 9.25974E-06
315, 9.21912E-06, 4.33189E-06, 7.02808E-06, 1.82546E-06, 2.63731E-07, 1.54091E-07, 1.43428E-07, 9.23296E-06
316, 9.22121E-06, 4.27826E-06, 6.97971E-06, 1.82886E-06, 2.63365E-07, 1.53423E-07, 1.42970E-07, 9.19891E-06
317, 9.21914E-06, 4.22100E-06, 6.92893E-06, 1.83153E-06, 2.62984E-07, 1.52768E-07, 1.42512E-07, 9.15785E-06
318, 9.21297E-06, 4.18936E-06, 6.87579E-06, 1.83346E-06, 2.62587E-07, 1.52128E-07, 1.42050E-07, 9.11005E-06
319, 9.20272E-06, 4.27640E-06, 6.82036E-06, 1.83469E-06, 2.62188E-07, 1.51487E-07, 1.41587E-07, 9.05576E-06
320, 9.18844E-06, 4.36097E-06, 6.76272E-06, 1.83884E-06, 2.61799E-07, 1.50849E-07, 1.41124E-07, 8.99524E-06
321, 9.17018E-06, 4.44300E-06, 6.70294E-06, 1.84802E-06, 2.61390E-07, 1.50214E-07, 1.40665E-07, 8.92875E-06
322, 9.14797E-06, 4.52240E-06, 6.64108E-06, 1.85637E-06, 2.60968E-07, 1.49586E-07, 1.40210E-07, 8.85653E-06
323, 9.12187E-06, 4.59910E-06, 6.57722E-06, 1.86392E-06, 2.60548E-07, 1.48950E-07, 1.39760E-07, 8.77884E-06
324, 9.09193E-06, 4.67304E-06, 6.51141E-06, 1.87067E-06, 2.60149E-07, 1.48315E-07, 1.39306E-07, 8.69890E-06
325, 9.06330E-06, 4.75122E-06, 6.44375E-06, 1.87664E-06, 2.59731E-07, 1.47682E-07, 1.38844E-07, 8.74842E-06
326, 9.03492E-06, 4.85836E-06, 6.37429E-06, 1.88184E-06, 2.59309E-07, 1.47059E-07, 1.38375E-07, 8.78874E-06
327, 9.00228E-06, 4.96231E-06, 6.30310E-06, 1.88629E-06, 2.58897E-07, 1.46430E-07, 1.37904E-07, 8.81988E-06
328, 8.96549E-06, 5.06298E-06, 6.23025E-06, 1.89000E-06, 2.58474E-07, 1.45797E-07, 1.37438E-07, 8.84191E-06
329, 8.92467E-06, 5.16026E-06, 6.15581E-06, 1.89298E-06, 2.58043E-07, 1.45174E-07, 1.36975E-07, 8.86936E-06
330, 8.87992E-06, 5.25409E-06, 6.07986E-06, 1.89525E-06, 2.57594E-07, 1.44558E-07, 1.36513E-07, 8.98971E-06
331, 8.83138E-06, 5.34438E-06, 6.00246E-06, 1.89683E-06, 2.57125E-07, 1.43929E-07, 1.36048E-07, 9.19046E-06
332, 8.77917E-06, 5.43104E-06, 5.92367E-06, 1.89772E-06, 2.56633E-07, 1.43296E-07, 1.35584E-07, 9.38651E-06
333, 8.72340E-06, 5.51402E-06, 5.84357E-06, 1.90491E-06, 2.56125E-07, 1.42670E-07, 1.35120E-07, 9.57764E-06
334, 8.66420E-06, 5.59324E-06, 5.76223E-06, 1.91352E-06, 2.55614E-07, 1.42051E-07, 1.34659E-07, 9.76359E-06
335, 8.60170E-06, 5.66863E-06, 5.67970E-06, 1.92135E-06, 2.55099E-07, 1.41430E-07, 1.34189E-07, 9.94414E-06
336, 8.53601E-06, 5.74015E-06, 5.59607E-06, 1.92840E-06, 2.54568E-07, 1.40815E-07, 1.33718E-07, 1.01191E-05
337, 8.46727E-06, 5.80774E-06, 5.51139E-06, 1.93469E-06, 2.54027E-07, 1.40198E-07, 1.33251E-07, 1.02882E-05
338, 8.39559E-06, 5.87134E-06, 5.42574E-06, 1.94024E-06, 2.53483E-07, 1.39581E-07, 1.32786E-07, 1.04513E-05
339, 8.32110E-06, 5.93093E-06, 5.33917E-06, 1.94505E-06, 2.52925E-07, 1.38968E-07, 1.32324E-07, 1.06081E-05
340, 8.24392E-06, 5.98645E-06, 5.25176E-06, 1.94915E-06, 2.52370E-07, 1.38364E-07, 1.31871E-07, 1.07586E-05
341, 8.16417E-06, 6.03788E-06, 5.16357E-06, 1.95254E-06, 2.51829E-07, 1.37768E-07, 1.31426E-07, 1.09026E-05
342, 8.08198E-06, 6.08520E-06, 5.07467E-06, 1.95523E-06, 2.51280E-07, 1.37173E-07, 1.30992E-07, 1.10399E-05
343, 7.99746E-06, 6.13297E-06, 4.98512E-06, 1.95724E-06, 2.50716E-07, 1.36580E-07, 1.30561E-07, 1.11703E-05
344, 7.91073E-06, 6.19229E-06, 4.89498E-06, 1.95859E-06, 2.50143E-07, 1.35981E-07, 1.30132E-07, 1.12937E-05
345, 7.82191E-06, 6.24706E-06, 4.80432E-06, 1.95928E-06, 2.49563E-07, 1.35388E-07, 1.29700E-07, 1.14101E-05
346, 7.73110E-06, 6.29726E-06, 4.71321E-06, 1.96432E-06, 2.48979E-07, 1.34796E-07, 1.29269E-07, 1.15194E-05
347, 7.63843E-06, 6.34291E-06, 4.62169E-06, 1.97249E-06, 2.48407E-07, 1.34207E-07, 1.28843E-07, 1.16213E-05
348, 7.54399E-06, 6.38401E-06, 4.52985E-06, 1.97992E-06, 2.47841E-07, 1.33614E-07, 1.28413E-07, 1.17160E-05
349, 7.44790E-06, 6.42058E-06, 4.43774E-06, 1.98662E-06, 2.47268E-07, 1.33024E-07, 1.27982E-07, 1.18032E-05
350, 7.35025E-06, 6.45263E-06, 4.34541E-06, 1.99260E-06, 2.46694E-07, 1.32440E-07, 1.27556E-07, 1.18830E-05
351, 7.25117E-06, 6.48019E-06, 4.25294E-06, 1.99787E-06, 2.46108E-07, 1.31868E-07, 1.27128E-07, 1.19552E-05
352, 7.15073E-06, 6.50330E-06, 4.16038E-06, 2.00245E-06, 2.45546E-07, 1.31308E-07, 1.26712E-07, 1.20200E-05
353, 7.04905E-06, 6.52199E-06, 4.06780E-06, 2.00634E-06, 2.44994E-07, 1.30764E-07, 1.26299E-07, 1.20772E-05
354, 6.94621E-06, 6.53632E-06, 3.97525E-06, 2.00956E-06, 2.44437E-07, 1.30233E-07, 1.25887E-07, 1.21269E-05
355, 6.84231E-06, 6.54631E-06, 3.88280E-06, 2.01212E-06, 2.43868E-07, 1.29725E-07, 1.25472E-07, 1.21690E-05
356, 6.79880E-06, 6.55204E-06, 3.79051E-06, 2.01404E-06, 2.43278E-07, 1.29234E-07, 1.25050E-07, 1.22036E-05
357, 6.75736E-06, 6.55356E-06, 3.69842E-06, 2.01532E-06, 2.42692E-07, 1.28763E-07, 1.24632E-07, 1.22307E-05
358, 6.71430E-06, 6.55093E-06, 3.60660E-06, 2.01598E-06, 2.42094E-07, 1.28296E-07, 1.24225E-07, 1.22504E-05
359, 6.66961E-06, 6.54423E-06, 3.51510E-06, 2.01603E-06, 2.41485E-07, 1.27843E-07, 1.23821E-07, 1.22626E-05
360, 6.62553E-06, 6.53352E-06, 3.42398E-06, 2.01548E-06, 2.40879E-07, 1.27400E-07, 1.23426E-07, 1.22675E-05
361, 6.60642E-06, 6.51888E-06, 3.33330E-06, 2.01434E-06, 2.40295E-07, 1.26961E-07, 1.23035E-07, 1.22651E-05
362, 6.58526E-06, 6.50040E-06, 3.24310E-06, 2.02077E-06, 2.39727E-07, 1.26536E-07, 1.22653E-07, 1.22554E-05
363, 6.56203E-06, 6.47814E-06, 3.15345E-06, 2.02662E-06, 2.39180E-07, 1.26127E-07, 1.22279E-07, 1.22386E-05
364, 6.53671E-06, 6.45221E-06, 3.06439E-06, 2.03181E-06, 2.38636E-07, 1.25721E-07, 1.21921E-07, 1.22147E-05
365, 6.50927E-06, 6.42269E-06, 2.97598E-06, 2.05474E-06, 2.38097E-07, 1.25313E-07, 1.21575E-07, 1.21839E-05
366, 6.47969E-06, 6.38967E-06, 2.97696E-06, 2.08150E-06, 2.37576E-07, 1.24906E-07, 1.21245E-07, 1.21461E-05
367, 6.44796E-06, 6.35325E-06, 2.98424E-06, 2.10770E-06, 2.37062E-07, 1.24494E-07, 1.20929E-07, 1.21016E-05
368, 6.41404E-06, 6.31353E-06, 2.99030E-06, 2.13334E-06, 2.36549E-07, 1.24088E-07, 1.20617E-07, 1.20504E-05
369, 6.37794E-06, 6.27059E-06, 2.99517E-06, 2.15842E-06, 2.36044E-07, 1.23678E-07, 1.20311E-07, 1.19926E-05
370, 6.33963E-06, 6.22455E-06, 2.99888E-06, 2.18295E-06, 2.35538E-07, 1.23267E-07, 1.20008E-07, 1.19283E-05
371, 6.29910E-06, 6.17551E-06, 3.00144E-06, 2.20692E-06, 2.35036E-07, 1.22873E-07, 1.19721E-07, 1.18577E-05
372, 6.25635E-06, 6.12356E-06, 3.00289E-06, 2.23033E-06, 2.34535E-07, 1.22476E-07, 1.19440E-07, 1.17809E-05
373, 6.21137E-06, 6.06881E-06, 3.00324E-06, 2.25320E-06, 2.34071E-07, 1.22074E-07, 1.19153E-07, 1.16980E-05
374, 6.16416E-06, 6.01137E-06, 3.00252E-06, 2.27551E-06, 2.33620E-07, 1.21668E-07, 1.18863E-07, 1.16090E-05
375, 6.11471E-06, 5.95133E-06, 3.00077E-06, 2.29728E-06, 2.33172E-07, 1.21259E-07, 1.18575E-07, 1.15142E-05
376, 6.06303E-06, 5.88881E-06, 2.99801E-06, 2.31850E-06, 2.32741E-07, 1.20840E-07, 1.18286E-07, 1.14137E-05
377, 6.00912E-06, 5.82391E-06, 2.99426E-06, 2.33918E-06, 2.32319E-07, 1.20414E-07, 1.17997E-07, 1.13075E-05
378, 5.95299E-06, 5.75673E-06, 2.98957E-06, 2.35931E-06, 2.31898E-07, 1.19982E-07, 1.17713E-07, 1.11958E-05
379, 5.89466E-06, 5.68738E-06, 2.98396E-06, 2.37891E-06, 2.31480E-07, 1.19558E-07, 1.17430E-07, 1.10788E-05
380, 5.86678E-06, 5.61597E-06, 2.97745E-06, 2.39798E-06, 2.31060E-07, 1.19134E-07, 1.17148E-07, 1.09565E-05
381, 5.94936E-06, 5.54258E-06, 2.97010E-06, 2.41651E-06, 2.30637E-07, 1.18704E-07, 1.16868E-07, 1.08290E-05
382, 6.03203E-06, 5.46733E-06, 2.96192E-06, 2.43451E-06, 2.30207E-07, 1.18269E-07, 1.16590E-07, 1.06966E-05
383, 6.11341E-06, 5.39032E-06, 2.95295E-06, 2.45198E-06, 2.29781E-07, 1.17832E-07, 1.16315E-07, 1.05593E-05
384, 6.19347E-06, 5.31164E-06, 2.94322E-06, 2.46893E-06, 2.29347E-07, 1.17407E-07, 1.16040E-07, 1.04172E-05
385, 6.27216E-06, 5.23140E-06, 2.93276E-06, 2.48535E-06, 2.28906E-07, 1.16969E-07, 1.15767E-07, 1.02704E-05
386, 6.34942E-06, 5.14968E-06, 2.92162E-06, 2.50126E-06, 2.28456E-07, 1.16529E-07, 1.15494E-07, 1.01191E-05
387, 6.42521E-06, 5.06659E-06, 2.90981E-06, 2.51665E-06, 2.28020E-07, 1.16094E-07, 1.15217E-07, 9.96340E-06
388, 6.49947E-06, 4.98222E-06, 2.89738E-06, 2.53152E-06, 2.27588E-07, 1.15661E-07, 1.14939E-07, 9.80339E-06
389, 6.59504E-06, 4.89665E-06, 2.88676E-06, 2.54588E-06, 2.27151E-07, 1.15234E-07, 1.14663E-07, 9.63919E-06
390, 6.69584E-06, 4.80999E-06, 2.88102E-06, 2.55972E-06, 2.26700E-07, 1.14819E-07, 1.14392E-07, 9.47092E-06
391, 6.79506E-06, 4.72231E-06, 2.87474E-06, 2.57306E-06, 2.26251E-07, 1.14421E-07, 1.14119E-07, 9.29868E-06
392, 6.89263E-06, 4.63370E-06, 2.86794E-06, 2.58589E-06, 2.25804E-07, 1.14031E-07, 1.13846E-07, 9.12258E-06
393, 6.98850E-06, 4.54424E-06, 2.86310E-06, 2.59821E-06, 2.25352E-07, 1.13636E-07, 1.13571E-07, 8.94274E-06
394, 7.08259E-06, 4.47705E-06, 2.88649E-06, 2.61003E-06, 2.24900E-07, 1.13243E-07, 1.13300E-07, 8.75925E-06
395, 7.17485E-06, 4.41292E-06, 2.90854E-06, 2.62134E-06, 2.24452E-07, 1.12849E-07, 1.13033E-07, 8.57224E-06
396, 7.26521E-06, 4.43068E-06, 2.92923E-06, 2.63215E-06, 2.24006E-07, 1.12448E-07, 1.12768E-07, 8.38180E-06
397, 7.35360E-06, 4.46918E-06, 2.95789E-06, 2.64246E-06, 2.23558E-07, 1.12047E-07, 1.12509E-07, 8.18803E-06
398, 7.43998E-06, 4.50598E-06, 2.99531E-06, 2.65586E-06, 2.23114E-07, 1.11648E-07, 1.12250E-07, 7.99105E-06
399, 7.52426E-06, 4.54105E-06, 3.03141E-06, 2.68785E-06, 2.22665E-07, 1.11247E-07, 1.11997E-07, 7.79096E-06
400, 7.60641E-06, 4.57439E-06, 3.06617E-06, 2.71887E-06, 2.22219E-07, 1.10864E-07, 1.11747E-07, 7.58785E-06
401, 7.68636E-06, 4.60598E-06, 3.09956E-06, 2.74890E-06, 2.21785E-07, 1.10489E-07, 1.11491E-07, 7.38183E-06
402, 7.76405E-06, 4.63579E-06, 3.13158E-06, 2.77793E-06, 2.21347E-07, 1.10112E-07, 1.11237E-07, 7.17301E-06
403, 7.83944E-06, 4.66383E-06, 3.16220E-06, 2.80597E-06, 2.20904E-07, 1.09737E-07, 1.10979E-07, 6.96148E-06
404, 7.91246E-06, 4.69008E-06, 3.19140E-06, 2.83300E-06, 2.20460E-07, 1.09362E-07, 1.10723E-07, 6.74735E-06
405, 7.98306E-06, 4.71453E-06, 3.21918E-06, 2.85902E-06, 2.20013E-07, 1.08992E-07, 1.10471E-07, 6.53072E-06
406, 8.05120E-06, 4.73717E-06, 3.24683E-06, 2.88403E-06, 2.19558E-07, 1.08618E-07, 1.10217E-07, 6.31169E-06
407, 8.11682E-06, 4.75799E-06, 3.29278E-06, 2.90802E-06, 2.19103E-07, 1.08239E-07, 1.09965E-07, 6.09037E-06
408, 8.17988E-06, 4.77699E-06, 3.33748E-06, 2.93099E-06, 2.18646E-07, 1.07863E-07, 1.09711E-07, 5.86685E-06
409, 8.24034E-06, 4.79416E-06, 3.38089E-06, 2.95294E-06, 2.18181E-07, 1.07485E-07, 1.09455E-07, 5.72790E-06
410, 8.29814E-06, 4.80950E-06, 3.42300E-06, 2.97386E-06, 2.17720E-07, 1.07102E-07, 1.09200E-07, 5.74945E-06
411, 8.35326E-06, 4.83426E-06, 3.46379E-06, 2.99375E-06, 2.17259E-07, 1.06708E-07, 1.08942E-07, 5.76470E-06
412, 8.40564E-06, 4.86694E-06, 3.50325E-06, 3.01261E-06, 2.16792E-07, 1.06313E-07, 1.08687E-07, 5.77360E-06
413, 8.45525E-06, 4.89776E-06, 3.54135E-06, 3.03045E-06, 2.16329E-07, 1.05923E-07, 1.08437E-07, 5.77614E-06
414, 8.50206E-06, 4.92672E-06, 3.57809E-06, 3.04725E-06, 2.15863E-07, 1.05531E-07, 1.08186E-07, 5.77232E-06
415, 8.54604E-06, 4.95384E-06, 3.61344E-06, 3.06303E-06, 2.15409E-07, 1.05140E-07, 1.07933E-07, 5.76217E-06
416, 8.58714E-06, 4.97912E-06, 3.64741E-06, 3.07778E-06, 2.14986E-07, 1.04750E-07, 1.07677E-07, 5.74570E-06
417, 8.62535E-06, 5.00259E-06, 3.67997E-06, 3.09151E-06, 2.14555E-07, 1.04369E-07, 1.07421E-07, 5.72299E-06
418, 8.66063E-06, 5.02425E-06, 3.71111E-06, 3.10421E-06, 2.14112E-07, 1.03998E-07, 1.07170E-07, 5.69408E-06
419, 8.69297E-06, 5.04411E-06, 3.74081E-06, 3.11589E-06, 2.13681E-07, 1.03623E-07, 1.06922E-07, 5.65908E-06
420, 8.72234E-06, 5.06218E-06, 3.76908E-06, 3.12655E-06, 2.13253E-07, 1.03249E-07, 1.06671E-07, 5.61806E-06
421, 8.74871E-06, 5.07847E-06, 3.79591E-06, 3.13620E-06, 2.12825E-07, 1.02878E-07, 1.06424E-07, 5.57117E-06
422, 8.77209E-06, 5.09298E-06, 3.82127E-06, 3.14483E-06, 2.12395E-07, 1.02506E-07, 1.06176E-07, 5.51852E-06
423, 8.79244E-06, 5.10573E-06, 3.86380E-06, 3.15246E-06, 2.11957E-07, 1.02139E-07, 1.05925E-07, 5.46026E-06
424, 8.80975E-06, 5.11672E-06, 3.91135E-06, 3.15909E-06, 2.11522E-07, 1.01775E-07, 1.05670E-07, 5.39657E-06
425, 8.82403E-06, 5.12596E-06, 3.95775E-06, 3.16473E-06, 2.11081E-07, 1.01411E-07, 1.05419E-07, 5.32762E-06
426, 8.83526E-06, 5.13346E-06, 4.00297E-06, 3.16937E-06, 2.10637E-07, 1.01044E-07, 1.05169E-07, 5.25360E-06
427, 8.84343E-06, 5.13924E-06, 4.04699E-06, 3.17303E-06, 2.10199E-07, 1.00675E-07, 1.04917E-07, 5.17473E-06
428, 8.84854E-06, 5.14329E-06, 4.08977E-06, 3.17571E-06, 2.09757E-07, 1.00308E-07, 1.04664E-07, 5.09122E-06
429, 8.85060E-06, 5.14563E-06, 4.13132E-06, 3.17743E-06, 2.09327E-07, 9.99500E-08, 1.04408E-07, 5.00330E-06
430, 8.88516E-06, 5.14626E-06, 4.17159E-06, 3.17818E-06, 2.08913E-07, 9.95897E-08, 1.04150E-07, 4.91123E-06
431, 8.92348E-06, 5.14520E-06, 4.21057E-06, 3.17797E-06, 2.08492E-07, 9.92378E-08, 1.03894E-07, 4.81525E-06
432, 8.95933E-06, 5.14245E-06, 4.24825E-06, 3.17683E-06, 2.08067E-07, 9.88937E-08, 1.03643E-07, 4.88728E-06
433, 8.99268E-06, 5.13802E-06, 4.28461E-06, 3.17474E-06, 2.07645E-07, 9.85511E-08, 1.03390E-07, 4.96089E-06
434, 9.02351E-06, 5.13193E-06, 4.31962E-06, 3.17173E-06, 2.07217E-07, 9.82048E-08, 1.03137E-07, 5.03129E-06
435, 9.05179E-06, 5.12418E-06, 4.35326E-06, 3.16779E-06, 2.06793E-07, 9.78606E-08, 1.02881E-07, 5.09845E-06
436, 9.07752E-06, 5.11479E-06, 4.38554E-06, 3.16295E-06, 2.06380E-07, 9.75163E-08, 1.02623E-07, 5.16235E-06
437, 9.10066E-06, 5.10376E-06, 4.41642E-06, 3.15721E-06, 2.05967E-07, 9.71692E-08, 1.02370E-07, 5.22295E-06
438, 9.12121E-06, 5.09111E-06, 4.44589E-06, 3.15059E-06, 2.05573E-07, 9.68224E-08, 1.02118E-07, 5.28025E-06
439, 9.13915E-06, 5.07685E-06, 4.47394E-06, 3.14308E-06, 2.05196E-07, 9.64732E-08, 1.01863E-07, 5.33424E-06
440, 9.15447E-06, 5.06099E-06, 4.50057E-06, 3.13471E-06, 2.04814E-07, 9.61196E-08, 1.01611E-07, 5.38489E-06
441, 9.16715E-06, 5.09495E-06, 4.52574E-06, 3.12549E-06, 2.04431E-07, 9.57674E-08, 1.01359E-07, 5.43550E-06
442, 9.17720E-06, 5.14479E-06, 4.54946E-06, 3.11543E-06, 2.04035E-07, 9.54119E-08, 1.01106E-07, 5.53602E-06
443, 9.18460E-06, 5.19341E-06, 4.57172E-06, 3.10453E-06, 2.03636E-07, 9.50586E-08, 1.00855E-07, 5.63313E-06
444, 9.18935E-06, 5.24079E-06, 4.59250E-06, 3.09282E-06, 2.03261E-07, 9.47039E-08, 1.00605E-07, 5.72673E-06
445, 9.19145E-06, 5.28691E-06, 4.61180E-06, 3.08031E-06, 2.02895E-07, 9.43506E-08, 1.00351E-07, 5.81673E-06
446, 9.19089E-06, 5.33175E-06, 4.62962E-06, 3.06700E-06, 2.02530E-07, 9.39954E-08, 1.00097E-07, 5.90302E-06
447, 9.18768E-06, 5.37529E-06, 4.64593E-06, 3.05292E-06, 2.02152E-07, 9.36501E-08, 9.98471E-08, 5.98553E-06
448, 9.18182E-06, 5.41751E-06, 4.66075E-06, 3.03807E-06, 2.01764E-07, 9.33057E-08, 9.96008E-08, 6.06417E-06
449, 9.17332E-06, 5.45839E-06, 4.67406E-06, 3.02730E-06, 2.01368E-07, 9.29595E-08, 9.93532E-08, 6.13886E-06
450, 9.16217E-06, 5.49792E-06, 4.68587E-06, 3.01809E-06, 2.00961E-07, 9.26078E-08, 9.91008E-08, 6.20954E-06
451, 9.14840E-06, 5.53608E-06, 4.69617E-06, 3.00818E-06, 2.00546E-07, 9.22551E-08, 9.88457E-08, 6.27613E-06
452, 9.13201E-06, 5.57284E-06, 4.70496E-06, 2.99756E-06, 2.00122E-07, 9.18992E-08, 9.85900E-08, 6.33859E-06
453, 9.11302E-06, 5.60821E-06, 4.71223E-06, 2.98625E-06, 1.99693E-07, 9.15426E-08, 9.83328E-08, 6.39685E-06
454, 9.09143E-06, 5.64215E-06, 4.72154E-06, 2.97425E-06, 1.99252E-07, 9.11813E-08, 9.80736E-08, 6.45089E-06
455, 9.06727E-06, 5.67467E-06, 4.75595E-06, 2.96157E-06, 1.98797E-07, 9.08200E-08, 9.78134E-08, 6.50065E-06
456, 9.04055E-06, 5.70573E-06, 4.78929E-06, 2.94822E-06, 1.98324E-07, 9.04825E-08, 9.75588E-08, 6.54611E-06
457, 9.01130E-06, 5.73534E-06, 4.82153E-06, 2.93422E-06, 1.97833E-07, 9.01720E-08, 9.73038E-08, 6.58725E-06
458, 8.97953E-06, 5.76348E-06, 4.85265E-06, 2.91956E-06, 1.97334E-07, 8.98643E-08, 9.70466E-08, 6.62404E-06
459, 8.94527E-06, 5.79013E-06, 4.88263E-06, 2.90427E-06, 1.96828E-07, 8.95570E-08, 9.67879E-08, 6.65648E-06
460, 8.90855E-06, 5.81529E-06, 4.91145E-06, 2.88835E-06, 1.96325E-07, 8.92486E-08, 9.65263E-08, 6.68456E-06
461, 8.86939E-06, 5.83895E-06, 4.93908E-06, 2.87181E-06, 1.95820E-07, 8.89387E-08, 9.62645E-08, 6.70828E-06
462, 8.82782E-06, 5.86110E-06, 4.96550E-06, 2.85467E-06, 1.95305E-07, 8.86294E-08, 9.60012E-08, 6.72765E-06
463, 8.78387E-06, 5.88173E-06, 4.99069E-06, 2.83694E-06, 1.94780E-07, 8.83146E-08, 9.57390E-08, 6.74269E-06
464, 8.73757E-06, 5.90083E-06, 5.01463E-06, 2.81863E-06, 1.94249E-07, 8.80026E-08, 9.54751E-08, 6.81581E-06
465, 8.68896E-06, 5.91840E-06, 5.03731E-06, 2.79974E-06, 1.93717E-07, 8.76970E-08, 9.52103E-08, 6.90009E-06
466, 8.63808E-06, 5.93444E-06, 5.05870E-06, 2.78031E-06, 1.93179E-07, 8.73904E-08, 9.49476E-08, 7.02384E-06
467, 8.58495E-06, 5.94893E-06, 5.07879E-06, 2.76033E-06, 1.92635E-07, 8.70798E-08, 9.46854E-08, 7.17652E-06
468, 8.52962E-06, 5.96188E-06, 5.09755E-06, 2.73982E-06, 1.92090E-07, 8.67689E-08, 9.44196E-08, 7.32591E-06
469, 8.47214E-06, 5.97328E-06, 5.11498E-06, 2.71879E-06, 1.91535E-07, 8.64596E-08, 9.41546E-08, 7.47091E-06
470, 8.41253E-06, 5.98314E-06, 5.13105E-06, 2.69726E-06, 1.90966E-07, 8.61465E-08, 9.38912E-08, 7.61143E-06
471, 8.35085E-06, 5.99144E-06, 5.14576E-06, 2.67525E-06, 1.90383E-07, 8.58309E-08, 9.36249E-08, 7.74744E-06
472, 8.28713E-06, 5.99820E-06, 5.15909E-06, 2.65275E-06, 1.89797E-07, 8.55139E-08, 9.33580E-08, 7.87887E-06
473, 8.22144E-06, 6.00340E-06, 5.17102E-06, 2.62980E-06, 1.89208E-07, 8.51994E-08, 9.30942E-08, 8.00568E-06
474, 8.15380E-06, 6.00707E-06, 5.18155E-06, 2.60640E-06, 1.88609E-07, 8.48861E-08, 9.28300E-08, 8.12781E-06
475, 8.08427E-06, 6.00918E-06, 5.19066E-06, 2.58257E-06, 1.88009E-07, 8.45723E-08, 9.25638E-08, 8.24522E-06
476, 8.01290E-06, 6.00976E-06, 5.19834E-06, 2.55832E-06, 1.87401E-07, 8.42605E-08, 9.22958E-08, 8.35788E-06
477, 7.93976E-06, 6.00881E-06, 5.20459E-06, 2.53366E-06, 1.86786E-07, 8.39489E-08, 9.20226E-08, 8.46574E-06
478, 7.86489E-06, 6.00636E-06, 5.20939E-06, 2.50862E-06, 1.86175E-07, 8.36377E-08, 9.17460E-08, 8.56878E-06
479, 7.81341E-06, 6.00238E-06, 5.21275E-06, 2.48321E-06, 1.85558E-07, 8.33245E-08, 9.14670E-08, 8.66697E-06
480, 7.76057E-06, 5.99690E-06, 5.21465E-06, 2.45743E-06, 1.84933E-07, 8.30135E-08, 9.11885E-08, 8.76028E-06
481, 7.70567E-06, 5.98990E-06, 5.21508E-06, 2.43131E-06, 1.84300E-07, 8.27034E-08, 9.09102E-08, 8.84871E-06
482, 7.64875E-06, 5.98141E-06, 5.21405E-06, 2.40487E-06, 1.83663E-07, 8.23939E-08, 9.06310E-08, 8.93222E-06
483, 7.58986E-06, 5.97143E-06, 5.21156E-06, 2.37810E-06, 1.83023E-07, 8.20871E-08, 9.03482E-08, 9.01081E-06
484, 7.52904E-06, 5.95997E-06, 5.20759E-06, 2.35104E-06, 1.82376E-07, 8.17824E-08, 9.00631E-08, 9.08448E-06
485, 7.46633E-06, 5.94704E-06, 5.20216E-06, 2.32370E-06, 1.81722E-07, 8.14777E-08, 8.97786E-08, 9.15321E-06
486, 7.40179E-06, 5.93267E-06, 5.19525E-06, 2.29608E-06, 1.81062E-07, 8.11744E-08, 8.94928E-08, 9.21701E-06
487, 7.33547E-06, 5.91685E-06, 5.18688E-06, 2.26821E-06, 1.80394E-07, 8.08763E-08, 8.92068E-08, 9.27587E-06
488, 7.26742E-06, 5.92227E-06, 5.17705E-06, 2.24011E-06, 1.79719E-07, 8.05807E-08, 8.89225E-08, 9.32982E-06
489, 7.19768E-06, 5.94088E-06, 5.16575E-06, 2.21177E-06, 1.79035E-07, 8.02856E-08, 8.86388E-08, 9.37884E-06
490, 7.12836E-06, 5.95834E-06, 5.15300E-06, 2.18323E-06, 1.78343E-07, 7.99912E-08, 8.83561E-08, 9.42297E-06
491, 7.08801E-06, 5.97463E-06, 5.13880E-06, 2.15450E-06, 1.77641E-07, 7.97021E-08, 8.80751E-08, 9.46222E-06
492, 7.04589E-06, 5.98974E-06, 5.12316E-06, 2.12558E-06, 1.76930E-07, 7.94171E-08, 8.77934E-08, 9.49660E-06
493, 7.00202E-06, 6.00364E-06, 5.10609E-06, 2.09650E-06, 1.76212E-07, 7.91300E-08, 8.75131E-08, 9.52613E-06
494, 6.95645E-06, 6.01632E-06, 5.08759E-06, 2.06727E-06, 1.75492E-07, 7.88437E-08, 8.72329E-08, 9.55086E-06
495, 6.90919E-06, 6.02777E-06, 5.06768E-06, 2.03790E-06, 1.74767E-07, 7.85590E-08, 8.69496E-08, 9.57079E-06
496, 6.86029E-06, 6.03796E-06, 5.04637E-06, 2.00841E-06, 1.74048E-07, 7.82748E-08, 8.66653E-08, 9.58597E-06
497, 6.80978E-06, 6.04689E-06, 5.02368E-06, 1.97881E-06, 1.73320E-07, 7.79927E-08, 8.63774E-08, 9.59643E-06
498, 6.75769E-06, 6.05453E-06, 4.99961E-06, 1.94912E-06, 1.72583E-07, 7.77124E-08, 8.60899E-08, 9.60221E-06
499, 6.70406E-06, 6.06088E-06, 4.97418E-06, 1.91935E-06, 1.71840E-07, 7.74325E-08, 8.58023E-08, 9.60335E-06
500, 6.64893E-06, 6.06592E-06, 4.94742E-06, 1.88952E-06, 1.71095E-07, 7.71538E-08, 8.55129E-08, 9.59989E-06
