time_step, rel_err_u, rel_err_v, rel_err_w, rel_err_p
0, 0.00000E+00, 0.00000E+00, 0.00000E+00, 0.00000E+00
1, 1.53796E-04, 1.14813E-04, 1.28730E-04, 6.59925E-03
2, 8.90715E-05, 8.83987E-05, 5.73410E-05, 1.11804E-02
3, 6.94991E-05, 5.76306E-05, 5.95492E-05, 1.10648E-02
4, 2.75414E-05, 1.87747E-05, 1.09643E-05, 1.83854E-04
5, 2.82190E-05, 1.92801E-05, 1.09195E-05, 1.52796E-04
6, 2.84869E-05, 1.92772E-05, 1.08501E-05, 3.45109E-05
7, 2.88915E-05, 1.94648E-05, 1.07611E-05, 4.63207E-06
8, 2.92559E-05, 1.96404E-05, 1.06527E-05, 1.81322E-06
9, 2.95783E-05, 1.97999E-05, 1.05250E-05, 5.12763E-07
10, 2.98582E-05, 1.99456E-05, 1.03784E-05, 2.07936E-07
11, 3.00952E-05, 2.00764E-05, 1.02130E-05, 2.01326E-07
12, 3.03659E-05, 2.01922E-05, 1.00294E-05, 2.01531E-07
13, 3.09934E-05, 2.02926E-05, 9.98538E-06, 2.01906E-07
14, 3.15772E-05, 2.03776E-05, 1.00395E-05, 2.01139E-07
15, 3.21159E-05, 2.04470E-05, 1.00766E-05, 1.99957E-07
16, 3.26084E-05, 2.05005E-05, 1.00963E-05, 1.98371E-07
17, 3.30534E-05, 2.05382E-05, 1.00987E-05, 1.96858E-07
18, 3.34501E-05, 2.05597E-05, 1.00834E-05, 1.98818E-07
19, 3.37977E-05, 2.05652E-05, 1.00506E-05, 2.00315E-07
20, 3.40956E-05, 2.05544E-05, 1.00002E-05, 2.01350E-07
21, 3.43434E-05, 2.05274E-05, 9.93228E-06, 2.01925E-07
22, 3.45407E-05, 2.04841E-05, 9.84686E-06, 2.02046E-07
23, 3.46875E-05, 2.07125E-05, 9.74414E-06, 2.01720E-07
24, 3.47838E-05, 2.09619E-05, 9.62432E-06, 2.00955E-07
25, 3.48297E-05, 2.11974E-05, 9.48763E-06, 1.99764E-07
26, 3.48256E-05, 2.14187E-05, 9.33440E-06, 1.98158E-07
27, 3.50964E-05, 2.16255E-05, 9.36703E-06, 1.96153E-07
28, 3.54326E-05, 2.18175E-05, 9.50503E-06, 1.97055E-07
29, 3.60127E-05, 2.19943E-05, 9.71851E-06, 1.99417E-07
30, 3.68295E-05, 2.21557E-05, 1.00489E-05, 2.01374E-07
31, 3.75964E-05, 2.23014E-05, 1.03805E-05, 2.02924E-07
32, 3.83117E-05, 2.24312E-05, 1.07126E-05, 2.04064E-07
33, 3.89740E-05, 2.25449E-05, 1.10446E-05, 2.04793E-07
34, 3.95820E-05, 2.26422E-05, 1.13758E-05, 2.05113E-07
35, 4.01346E-05, 2.27230E-05, 1.17056E-05, 2.05027E-07
36, 4.06310E-05, 2.28199E-05, 1.20332E-05, 2.04539E-07
37, 4.10702E-05, 2.29066E-05, 1.23578E-05, 2.03654E-07
38, 4.14519E-05, 2.29773E-05, 1.26787E-05, 2.02380E-07
39, 4.17756E-05, 2.30319E-05, 1.29951E-05, 2.00725E-07
40, 4.24072E-05, 2.30700E-05, 1.33063E-05, 2.02249E-07
41, 4.33035E-05, 2.30917E-05, 1.36115E-05, 2.05249E-07
42, 4.41774E-05, 2.30967E-05, 1.39098E-05, 2.07809E-07
43, 4.50272E-05, 2.30850E-05, 1.42005E-05, 2.09924E-07
44, 4.58512E-05, 2.30564E-05, 1.44828E-05, 2.11589E-07
45, 4.66477E-05, 2.30109E-05, 1.47557E-05, 2.12800E-07
46, 4.74151E-05, 2.29486E-05, 1.50186E-05, 2.13557E-07
47, 4.81518E-05, 2.28692E-05, 1.52707E-05, 2.13860E-07
48, 4.88562E-05, 2.27730E-05, 1.55111E-05, 2.13713E-07
49, 4.95268E-05, 2.26600E-05, 1.57390E-05, 2.13119E-07
50, 5.01620E-05, 2.26035E-05, 1.59537E-05, 2.12083E-07
51, 5.10811E-05, 2.28035E-05, 1.61545E-05, 2.10615E-07
52, 5.22545E-05, 2.29894E-05, 1.63406E-05, 2.08723E-07
53, 5.34027E-05, 2.31608E-05, 1.65113E-05, 2.06416E-07
54, 5.45235E-05, 2.33176E-05, 1.66659E-05, 2.03708E-07
55, 5.56145E-05, 2.34594E-05, 1.68038E-05, 2.00611E-07
56, 5.66737E-05, 2.35860E-05, 1.69243E-05, 1.97139E-07
57, 5.76987E-05, 2.36972E-05, 1.70268E-05, 1.93307E-07
58, 5.86875E-05, 2.37928E-05, 1.71109E-05, 1.89132E-07
59, 5.96379E-05, 2.38726E-05, 1.71760E-05, 1.88884E-07
60, 6.05478E-05, 2.39363E-05, 1.72215E-05, 1.89126E-07
61, 6.14150E-05, 2.39840E-05, 1.72472E-05, 1.88917E-07
62, 6.22376E-05, 2.40155E-05, 1.74244E-05, 1.88261E-07
63, 6.30136E-05, 2.40307E-05, 1.78509E-05, 1.87164E-07
64, 6.37411E-05, 2.40295E-05, 1.82671E-05, 1.85633E-07
65, 6.44184E-05, 2.40120E-05, 1.86720E-05, 1.84724E-07
66, 6.50435E-05, 2.39780E-05, 1.90645E-05, 1.85082E-07
67, 6.56150E-05, 2.39277E-05, 1.94436E-05, 1.85106E-07
68, 6.61311E-05, 2.39237E-05, 1.98083E-05, 1.84780E-07
69, 6.65903E-05, 2.39141E-05, 2.01575E-05, 1.84090E-07
70, 6.69914E-05, 2.38883E-05, 2.04903E-05, 1.83024E-07
71, 6.73328E-05, 2.38461E-05, 2.08058E-05, 1.81571E-07
72, 6.76135E-05, 2.37875E-05, 2.11029E-05, 1.79722E-07
73, 6.78323E-05, 2.37125E-05, 2.13809E-05, 1.77470E-07
74, 6.81997E-05, 2.36213E-05, 2.16387E-05, 1.74915E-07
75, 6.91188E-05, 2.35138E-05, 2.18756E-05, 1.73268E-07
76, 6.99844E-05, 2.33903E-05, 2.20909E-05, 1.71214E-07
77, 7.07942E-05, 2.32507E-05, 2.22837E-05, 1.68747E-07
78, 7.15463E-05, 2.30953E-05, 2.24533E-05, 1.65861E-07
79, 7.22383E-05, 2.29242E-05, 2.25991E-05, 1.62553E-07
80, 7.28682E-05, 2.27377E-05, 2.27205E-05, 1.59639E-07
81, 7.34341E-05, 2.26549E-05, 2.28169E-05, 1.56793E-07
82, 7.39343E-05, 2.25677E-05, 2.28879E-05, 1.53652E-07
83, 7.43669E-05, 2.24652E-05, 2.29330E-05, 1.50229E-07
84, 7.47304E-05, 2.23475E-05, 2.29518E-05, 1.46537E-07
85, 7.50233E-05, 2.22145E-05, 2.29440E-05, 1.45962E-07
86, 7.52443E-05, 2.20665E-05, 2.29094E-05, 1.50854E-07
87, 7.53920E-05, 2.20006E-05, 2.28477E-05, 1.56688E-07
88, 7.54654E-05, 2.20104E-05, 2.27589E-05, 1.62197E-07
89, 7.54636E-05, 2.20064E-05, 2.26428E-05, 1.67377E-07
90, 7.53856E-05, 2.19886E-05, 2.27293E-05, 1.72221E-07
91, 7.52309E-05, 2.19570E-05, 2.32069E-05, 1.76725E-07
92, 7.49990E-05, 2.19116E-05, 2.36638E-05, 1.80885E-07
93, 7.46893E-05, 2.18527E-05, 2.40986E-05, 1.84698E-07
94, 7.43019E-05, 2.18999E-05, 2.45102E-05, 1.88163E-07
95, 7.38364E-05, 2.20305E-05, 2.48974E-05, 1.91277E-07
96, 7.35495E-05, 2.21474E-05, 2.52592E-05, 1.94041E-07
97, 7.39237E-05, 2.22504E-05, 2.55944E-05, 1.96455E-07
98, 7.42270E-05, 2.23394E-05, 2.59020E-05, 1.98520E-07
99, 7.44580E-05, 2.24142E-05, 2.61811E-05, 2.00238E-07
100, 7.46153E-05, 2.24746E-05, 2.64307E-05, 2.01610E-07
101, 7.46977E-05, 2.25861E-05, 2.66499E-05, 2.02641E-07
102, 7.47039E-05, 2.26894E-05, 2.68380E-05, 2.03332E-07
103, 7.46331E-05, 2.27778E-05, 2.69942E-05, 2.03688E-07
104, 7.44844E-05, 2.28514E-05, 2.71179E-05, 2.03712E-07
105, 7.42572E-05, 2.29097E-05, 2.72083E-05, 2.03411E-07
106, 7.39510E-05, 2.29527E-05, 2.72649E-05, 2.02788E-07
107, 7.35653E-05, 2.29802E-05, 2.72874E-05, 2.01849E-07
108, 7.31001E-05, 2.29920E-05, 2.72752E-05, 2.00600E-07
109, 7.25553E-05, 2.29880E-05, 2.72281E-05, 1.99048E-07
110, 7.19310E-05, 2.29683E-05, 2.71457E-05, 1.97198E-07
111, 7.12275E-05, 2.29326E-05, 2.70279E-05, 1.95059E-07
112, 7.04453E-05, 2.28810E-05, 2.68747E-05, 1.93873E-07
113, 6.95851E-05, 2.30338E-05, 2.66859E-05, 1.92830E-07
114, 6.86477E-05, 2.35980E-05, 2.64617E-05, 1.91294E-07
115, 6.76340E-05, 2.41562E-05, 2.62020E-05, 1.89268E-07
116, 6.76227E-05, 2.47080E-05, 2.59073E-05, 1.86757E-07
117, 6.81284E-05, 2.52530E-05, 2.55776E-05, 1.83769E-07
118, 6.85499E-05, 2.57909E-05, 2.52135E-05, 1.81850E-07
119, 6.92181E-05, 2.63212E-05, 2.53598E-05, 1.79935E-07
120, 7.05812E-05, 2.68435E-05, 2.60179E-05, 1.77542E-07
121, 7.18607E-05, 2.73574E-05, 2.66588E-05, 1.74683E-07
122, 7.30549E-05, 2.78626E-05, 2.72813E-05, 1.71371E-07
123, 7.41620E-05, 2.83588E-05, 2.78844E-05, 1.67622E-07
124, 7.51809E-05, 2.88455E-05, 2.84670E-05, 1.66968E-07
125, 7.61103E-05, 2.93224E-05, 2.90281E-05, 1.66663E-07
126, 7.69493E-05, 2.97892E-05, 2.95666E-05, 1.65975E-07
127, 7.76973E-05, 3.02457E-05, 3.00817E-05, 1.64912E-07
128, 7.83537E-05, 3.06914E-05, 3.05723E-05, 1.63487E-07
129, 7.89181E-05, 3.11261E-05, 3.10376E-05, 1.68411E-07
130, 7.93906E-05, 3.15495E-05, 3.14768E-05, 1.76851E-07
131, 7.97710E-05, 3.19614E-05, 3.18890E-05, 1.85035E-07
132, 8.00598E-05, 3.23614E-05, 3.22735E-05, 1.92930E-07
133, 8.02574E-05, 3.27495E-05, 3.26297E-05, 2.00503E-07
134, 8.03643E-05, 3.31253E-05, 3.29571E-05, 2.07720E-07
135, 8.03814E-05, 3.34887E-05, 3.32549E-05, 2.14551E-07
136, 8.03097E-05, 3.38394E-05, 3.35225E-05, 2.20966E-07
137, 8.01502E-05, 3.41773E-05, 3.37594E-05, 2.26937E-07
138, 7.99044E-05, 3.45022E-05, 3.39652E-05, 2.32437E-07
139, 7.95735E-05, 3.48140E-05, 3.41396E-05, 2.37443E-07
140, 7.93384E-05, 3.51125E-05, 3.42822E-05, 2.41932E-07
141, 7.97613E-05, 3.53977E-05, 3.43927E-05, 2.45883E-07
142, 8.00880E-05, 3.56694E-05, 3.44709E-05, 2.49280E-07
143, 8.03182E-05, 3.60092E-05, 3.45168E-05, 2.52107E-07
144, 8.04522E-05, 3.63384E-05, 3.45302E-05, 2.54352E-07
145, 8.04901E-05, 3.66527E-05, 3.45112E-05, 2.56005E-07
146, 8.04323E-05, 3.69520E-05, 3.44597E-05, 2.57059E-07
147, 8.02796E-05, 3.72360E-05, 3.43759E-05, 2.57510E-07
148, 8.00327E-05, 3.75047E-05, 3.42600E-05, 2.57357E-07
149, 7.96926E-05, 3.77579E-05, 3.41122E-05, 2.56601E-07
150, 7.92605E-05, 3.79957E-05, 3.39327E-05, 2.55247E-07
151, 7.87377E-05, 3.82180E-05, 3.37219E-05, 2.53302E-07
152, 7.87890E-05, 3.84247E-05, 3.34802E-05, 2.50776E-07
153, 7.98438E-05, 3.86158E-05, 3.32081E-05, 2.47681E-07
154, 8.08207E-05, 3.87913E-05, 3.29060E-05, 2.44032E-07
155, 8.17183E-05, 3.89512E-05, 3.25746E-05, 2.39847E-07
156, 8.25352E-05, 3.90955E-05, 3.22143E-05, 2.35145E-07
157, 8.32704E-05, 3.92243E-05, 3.18259E-05, 2.29948E-07
158, 8.39228E-05, 3.93377E-05, 3.14100E-05, 2.24280E-07
159, 8.44916E-05, 3.94357E-05, 3.09675E-05, 2.18166E-07
160, 8.49760E-05, 3.95184E-05, 3.04990E-05, 2.11634E-07
161, 8.53754E-05, 3.95859E-05, 3.00054E-05, 2.04712E-07
162, 8.56895E-05, 3.96383E-05, 2.94876E-05, 1.97430E-07
163, 8.59180E-05, 3.96758E-05, 2.89464E-05, 1.89818E-07
164, 8.60607E-05, 3.96985E-05, 2.83828E-05, 1.88872E-07
165, 8.61176E-05, 3.97065E-05, 2.77978E-05, 1.87577E-07
166, 8.60888E-05, 3.97000E-05, 2.71922E-05, 1.85891E-07
167, 8.59747E-05, 3.96793E-05, 2.65672E-05, 1.83838E-07
168, 8.57757E-05, 3.96444E-05, 2.59237E-05, 1.81446E-07
169, 8.54923E-05, 3.95956E-05, 2.52628E-05, 1.78739E-07
170, 8.51251E-05, 3.95331E-05, 2.45856E-05, 1.75746E-07
171, 8.46750E-05, 3.94571E-05, 2.38931E-05, 1.72492E-07
172, 8.41430E-05, 3.94263E-05, 2.31865E-05, 1.69006E-07
173, 8.35299E-05, 3.94160E-05, 2.24668E-05, 1.65315E-07
174, 8.28371E-05, 3.93908E-05, 2.17352E-05, 1.61445E-07
175, 8.20657E-05, 3.93511E-05, 2.10418E-05, 1.60753E-07
176, 8.12172E-05, 3.92971E-05, 2.12724E-05, 1.62144E-07
177, 8.02930E-05, 3.92289E-05, 2.14848E-05, 1.63127E-07
178, 7.92948E-05, 3.91468E-05, 2.16791E-05, 1.63700E-07
179, 7.82241E-05, 3.90512E-05, 2.18551E-05, 1.63865E-07
180, 7.70828E-05, 3.89422E-05, 2.20128E-05, 1.63624E-07
181, 7.58727E-05, 3.88201E-05, 2.21523E-05, 1.62981E-07
182, 7.45957E-05, 3.86852E-05, 2.22735E-05, 1.61945E-07
183, 7.32540E-05, 3.85378E-05, 2.23767E-05, 1.60522E-07
184, 7.18495E-05, 3.83782E-05, 2.24618E-05, 1.58723E-07
185, 7.03845E-05, 3.82066E-05, 2.25290E-05, 1.56559E-07
186, 6.88611E-05, 3.88653E-05, 2.25785E-05, 1.57076E-07
187, 6.72817E-05, 3.95687E-05, 2.26104E-05, 1.58321E-07
188, 6.56486E-05, 4.02511E-05, 2.26528E-05, 1.59028E-07
189, 6.39642E-05, 4.09118E-05, 2.27472E-05, 1.59207E-07
190, 6.22309E-05, 4.15505E-05, 2.28123E-05, 1.58866E-07
191, 6.04514E-05, 4.21667E-05, 2.28484E-05, 1.58019E-07
192, 5.86279E-05, 4.27599E-05, 2.28559E-05, 1.56681E-07
193, 5.67632E-05, 4.33299E-05, 2.28350E-05, 1.54868E-07
194, 5.48599E-05, 4.38763E-05, 2.27863E-05, 1.52599E-07
195, 5.31283E-05, 4.43987E-05, 2.27101E-05, 1.49894E-07
196, 5.34517E-05, 4.48969E-05, 2.26069E-05, 1.48353E-07
197, 5.37150E-05, 4.53707E-05, 2.24772E-05, 1.50239E-07
198, 5.39188E-05, 4.58198E-05, 2.23216E-05, 1.51718E-07
199, 5.40638E-05, 4.62441E-05, 2.21407E-05, 1.52795E-07
200, 5.41509E-05, 4.66435E-05, 2.19351E-05, 1.53473E-07
201, 5.41811E-05, 4.70178E-05, 2.17054E-05, 1.53762E-07
202, 5.41554E-05, 4.73670E-05, 2.14523E-05, 1.53668E-07
203, 5.40748E-05, 4.76910E-05, 2.11765E-05, 1.53202E-07
204, 5.53292E-05, 4.79898E-05, 2.08788E-05, 1.52375E-07
205, 5.66206E-05, 4.82634E-05, 2.05599E-05, 1.51200E-07
206, 5.78596E-05, 4.85119E-05, 2.07703E-05, 1.49689E-07
207, 5.90453E-05, 4.87353E-05, 2.09689E-05, 1.47858E-07
208, 6.01772E-05, 4.89337E-05, 2.11433E-05, 1.45721E-07
209, 6.12546E-05, 4.91073E-05, 2.12935E-05, 1.43295E-07
210, 6.22772E-05, 4.92561E-05, 2.14195E-05, 1.40595E-07
211, 6.32446E-05, 4.93805E-05, 2.15212E-05, 1.37640E-07
212, 6.41563E-05, 4.94806E-05, 2.15989E-05, 1.34445E-07
213, 6.50123E-05, 4.95566E-05, 2.16526E-05, 1.31030E-07
214, 6.58123E-05, 4.96087E-05, 2.16825E-05, 1.27411E-07
215, 6.65562E-05, 4.96372E-05, 2.16888E-05, 1.23607E-07
216, 6.72441E-05, 4.96424E-05, 2.16717E-05, 1.19635E-07
217, 6.78760E-05, 4.96246E-05, 2.16316E-05, 1.15514E-07
218, 6.84520E-05, 4.95841E-05, 2.15686E-05, 1.11260E-07
219, 6.89724E-05, 4.95213E-05, 2.14833E-05, 1.06892E-07
220, 6.94373E-05, 4.94365E-05, 2.13760E-05, 1.03085E-07
221, 6.98471E-05, 4.93301E-05, 2.12471E-05, 1.03124E-07
222, 7.02023E-05, 4.92024E-05, 2.10969E-05, 1.03094E-07
223, 7.05032E-05, 4.90539E-05, 2.09261E-05, 1.03000E-07
224, 7.07503E-05, 4.88850E-05, 2.07352E-05, 1.02845E-07
225, 7.09443E-05, 4.86962E-05, 2.05245E-05, 1.02635E-07
226, 7.10858E-05, 4.84877E-05, 2.02948E-05, 1.02374E-07
227, 7.11754E-05, 4.82602E-05, 2.00466E-05, 1.02064E-07
228, 7.12139E-05, 4.80140E-05, 1.97804E-05, 1.01708E-07
229, 7.12020E-05, 4.77496E-05, 1.94970E-05, 1.01311E-07
230, 7.11405E-05, 4.74675E-05, 1.91970E-05, 1.00873E-07
231, 7.10304E-05, 4.71681E-05, 1.88810E-05, 1.00397E-07
232, 7.08725E-05, 4.68520E-05, 1.85496E-05, 9.98851E-08
233, 7.06678E-05, 4.65197E-05, 1.82037E-05, 9.93380E-08
234, 7.04173E-05, 4.61715E-05, 1.78440E-05, 9.87572E-08
235, 7.01220E-05, 4.58081E-05, 1.74710E-05, 9.81436E-08
236, 6.97829E-05, 4.54299E-05, 1.70857E-05, 9.74978E-08
237, 6.94011E-05, 4.50374E-05, 1.66886E-05, 9.68203E-08
238, 6.89778E-05, 4.46311E-05, 1.62807E-05, 9.61115E-08
239, 6.85141E-05, 4.42116E-05, 1.61647E-05, 9.53716E-08
240, 6.80112E-05, 4.37793E-05, 1.63633E-05, 9.46005E-08
241, 6.74702E-05, 4.33347E-05, 1.65455E-05, 9.37981E-08
242, 6.68925E-05, 4.28784E-05, 1.67113E-05, 9.29643E-08
243, 6.62791E-05, 4.24108E-05, 1.68606E-05, 9.20988E-08
244, 6.56314E-05, 4.19324E-05, 1.69936E-05, 9.12013E-08
245, 6.49508E-05, 4.14438E-05, 1.71102E-05, 9.02714E-08
246, 6.42384E-05, 4.09454E-05, 1.72105E-05, 8.93088E-08
247, 6.34955E-05, 4.04378E-05, 1.72945E-05, 8.83132E-08
248, 6.27234E-05, 3.99214E-05, 1.73624E-05, 8.72842E-08
249, 6.19234E-05, 3.93967E-05, 1.74144E-05, 8.62216E-08
250, 6.10968E-05, 3.88641E-05, 1.74505E-05, 8.51250E-08
251, 6.02450E-05, 3.83242E-05, 1.74709E-05, 8.39944E-08
252, 5.93692E-05, 3.77775E-05, 1.74760E-05, 8.28296E-08
253, 5.84707E-05, 3.72243E-05, 1.74657E-05, 8.16306E-08
254, 5.75509E-05, 3.66652E-05, 1.74405E-05, 8.03975E-08
255, 5.66111E-05, 3.61005E-05, 1.74006E-05, 7.91304E-08
256, 5.56526E-05, 3.55308E-05, 1.73462E-05, 7.78298E-08
257, 5.46767E-05, 3.49565E-05, 1.72775E-05, 7.64958E-08
258, 5.36847E-05, 3.43780E-05, 1.71951E-05, 7.51291E-08
259, 5.26778E-05, 3.37958E-05, 1.70990E-05, 7.37303E-08
260, 5.16573E-05, 3.32102E-05, 1.69898E-05, 7.23002E-08
261, 5.06245E-05, 3.26217E-05, 1.68677E-05, 7.08395E-08
262, 4.95806E-05, 3.20306E-05, 1.67331E-05, 6.93495E-08
263, 4.85268E-05, 3.14374E-05, 1.65863E-05, 6.78310E-08
264, 4.74644E-05, 3.08424E-05, 1.64278E-05, 6.62855E-08
265, 4.63945E-05, 3.02460E-05, 1.62580E-05, 6.47142E-08
266, 4.53182E-05, 2.96487E-05, 1.60772E-05, 6.31187E-08
267, 4.42368E-05, 2.90507E-05, 1.58858E-05, 6.15004E-08
268, 4.35505E-05, 2.84523E-05, 1.56844E-05, 5.98610E-08
269, 4.33175E-05, 2.78540E-05, 1.54733E-05, 5.82024E-08
270, 4.30484E-05, 2.72561E-05, 1.52530E-05, 5.82694E-08
271, 4.27447E-05, 2.66589E-05, 1.50239E-05, 5.85904E-08
272, 4.24074E-05, 2.60627E-05, 1.47864E-05, 5.88612E-08
273, 4.20380E-05, 2.54679E-05, 1.45410E-05, 5.90818E-08
274, 4.16377E-05, 2.48746E-05, 1.42882E-05, 5.92523E-08
275, 4.12078E-05, 2.42833E-05, 1.40285E-05, 5.93731E-08
276, 4.07497E-05, 2.36941E-05, 1.37622E-05, 5.94447E-08
277, 4.02647E-05, 2.31074E-05, 1.34898E-05, 5.94676E-08
278, 3.97542E-05, 2.25234E-05, 1.32118E-05, 5.94428E-08
279, 3.92194E-05, 2.19424E-05, 1.29287E-05, 5.93710E-08
280, 3.86619E-05, 2.13646E-05, 1.26409E-05, 5.92534E-08
281, 3.80828E-05, 2.07903E-05, 1.23489E-05, 5.90911E-08
282, 3.74836E-05, 2.02196E-05, 1.20531E-05, 5.88855E-08
283, 3.68657E-05, 1.96528E-05, 1.17540E-05, 5.86378E-08
284, 3.62304E-05, 1.90901E-05, 1.14520E-05, 5.83498E-08
285, 3.55789E-05, 1.85317E-05, 1.11475E-05, 5.80228E-08
286, 3.49128E-05, 1.79777E-05, 1.08410E-05, 5.76587E-08
287, 3.42331E-05, 1.74285E-05, 1.05330E-05, 5.72591E-08
288, 3.35414E-05, 1.68840E-05, 1.02238E-05, 5.68258E-08
289, 3.28388E-05, 1.63628E-05, 9.91386E-06, 5.63608E-08
290, 3.21267E-05, 1.61480E-05, 9.60358E-06, 5.58658E-08
291, 3.14062E-05, 1.59296E-05, 9.29336E-06, 5.53428E-08
292, 3.06787E-05, 1.57079E-05, 8.98359E-06, 5.47937E-08
293, 2.99453E-05, 1.54831E-05, 8.67465E-06, 5.42205E-08
294, 2.92072E-05, 1.52556E-05, 8.36691E-06, 5.39762E-08
295, 2.84655E-05, 1.50257E-05, 8.06072E-06, 5.39263E-08
296, 2.77215E-05, 1.47935E-05, 7.75644E-06, 5.38596E-08
297, 2.69761E-05, 1.45594E-05, 7.45440E-06, 5.37770E-08
298, 2.62305E-05, 1.43237E-05, 7.15493E-06, 5.36794E-08
299, 2.54858E-05, 1.40866E-05, 6.85834E-06, 5.35678E-08
300, 2.47429E-05, 1.38484E-05, 6.56493E-06, 5.34431E-08
301, 2.40027E-05, 1.36092E-05, 6.27500E-06, 5.33062E-08
302, 2.32664E-05, 1.33694E-05, 5.98881E-06, 5.31579E-08
303, 2.25347E-05, 1.31292E-05, 5.70664E-06, 5.29990E-08
304, 2.18086E-05, 1.28888E-05, 5.42873E-06, 5.28304E-08
305, 2.10889E-05, 1.26484E-05, 5.26996E-06, 5.26528E-08
306, 2.03763E-05, 1.24083E-05, 5.24312E-06, 5.24668E-08
307, 1.96718E-05, 1.21686E-05, 5.21147E-06, 5.22733E-08
308, 1.89759E-05, 1.19295E-05, 5.17517E-06, 5.20726E-08
309, 1.82894E-05, 1.16913E-05, 5.13442E-06, 5.18657E-08
310, 1.76130E-05, 1.14644E-05, 5.08940E-06, 5.16527E-08
311, 1.69473E-05, 1.14398E-05, 5.04032E-06, 5.14344E-08
312, 1.68699E-05, 1.14111E-05, 4.99218E-06, 5.12111E-08
313, 1.69551E-05, 1.13784E-05, 4.99114E-06, 5.11570E-08
314, 1.70253E-05, 1.13417E-05, 4.98924E-06, 5.15379E-08
315, 1.70805E-05, 1.13011E-05, 4.98647E-06, 5.18945E-08
316, 1.71209E-05, 1.12566E-05, 4.98284E-06, 5.22264E-08
317, 1.71463E-05, 1.12083E-05, 4.97837E-06, 5.25329E-08
318, 1.71569E-05, 1.11561E-05, 4.97972E-06, 5.28138E-08
319, 1.71528E-05, 1.11003E-05, 4.99829E-06, 5.30686E-08
320, 1.71340E-05, 1.10408E-05, 5.01602E-06, 5.32970E-08
321, 1.71007E-05, 1.09776E-05, 5.03290E-06, 5.34986E-08
322, 1.70530E-05, 1.09110E-05, 5.04892E-06, 5.36733E-08
323, 1.69911E-05, 1.08408E-05, 5.06407E-06, 5.38208E-08
324, 1.69152E-05, 1.07673E-05, 5.07835E-06, 5.39409E-08
325, 1.68255E-05, 1.06904E-05, 5.09175E-06, 5.40334E-08
326, 1.67222E-05, 1.06102E-05, 5.10427E-06, 5.40984E-08
327, 1.66056E-05, 1.05268E-05, 5.11591E-06, 5.41356E-08
328, 1.64760E-05, 1.04403E-05, 5.12667E-06, 5.41450E-08
329, 1.63336E-05, 1.03507E-05, 5.13653E-06, 5.41267E-08
330, 1.61788E-05, 1.03285E-05, 5.14551E-06, 5.40805E-08
331, 1.60118E-05, 1.03087E-05, 5.15359E-06, 5.40066E-08
332, 1.58330E-05, 1.02853E-05, 5.16079E-06, 5.39050E-08
333, 1.56428E-05, 1.02583E-05, 5.16709E-06, 5.37757E-08
334, 1.54415E-05, 1.02277E-05, 5.17251E-06, 5.38246E-08
335, 1.52294E-05, 1.01937E-05, 5.17704E-06, 5.39073E-08
336, 1.50070E-05, 1.01614E-05, 5.18069E-06, 5.39650E-08
337, 1.47747E-05, 1.01325E-05, 5.18346E-06, 5.39978E-08
338, 1.45329E-05, 1.01001E-05, 5.18535E-06, 5.42173E-08
339, 1.42819E-05, 1.00644E-05, 5.18637E-06, 5.45426E-08
340, 1.40223E-05, 1.00253E-05, 5.18652E-06, 5.48445E-08
341, 1.37544E-05, 9.98293E-06, 5.18582E-06, 5.51228E-08
342, 1.34787E-05, 9.93726E-06, 5.18426E-06, 5.53774E-08
343, 1.31956E-05, 9.88836E-06, 5.18186E-06, 5.56081E-08
344, 1.29056E-05, 9.83626E-06, 5.17861E-06, 5.58148E-08
345, 1.26091E-05, 9.78100E-06, 5.17454E-06, 5.59973E-08
346, 1.23066E-05, 9.72262E-06, 5.16965E-06, 5.61557E-08
347, 1.19985E-05, 9.66118E-06, 5.16394E-06, 5.62897E-08
348, 1.19205E-05, 9.59672E-06, 5.15743E-06, 5.63992E-08
349, 1.18861E-05, 9.52929E-06, 5.15014E-06, 5.64841E-08
350, 1.18545E-05, 9.45893E-06, 5.14206E-06, 5.65443E-08
351, 1.18256E-05, 9.38570E-06, 5.15516E-06, 5.65798E-08
352, 1.17995E-05, 9.30965E-06, 5.17033E-06, 5.65904E-08
353, 1.17761E-05, 9.23083E-06, 5.18463E-06, 5.65762E-08
354, 1.17554E-05, 9.22173E-06, 5.19809E-06, 5.65368E-08
355, 1.17373E-05, 9.21005E-06, 5.21068E-06, 5.64725E-08
356, 1.17218E-05, 9.19523E-06, 5.22241E-06, 5.63830E-08
357, 1.17087E-05, 9.17730E-06, 5.23328E-06, 5.62685E-08
358, 1.16981E-05, 9.15627E-06, 5.24328E-06, 5.61287E-08
359, 1.16897E-05, 9.13642E-06, 5.25243E-06, 5.59638E-08
360, 1.16835E-05, 9.11780E-06, 5.26071E-06, 5.58462E-08
361, 1.16795E-05, 9.09614E-06, 5.26813E-06, 5.59301E-08
362, 1.16774E-05, 9.07146E-06, 5.27469E-06, 5.59913E-08
363, 1.17425E-05, 9.04377E-06, 5.28040E-06, 5.60297E-08
364, 1.18816E-05, 9.01308E-06, 5.28525E-06, 5.60452E-08
365, 1.20188E-05, 8.97941E-06, 5.28925E-06, 5.60379E-08
366, 1.21543E-05, 8.94278E-06, 5.29242E-06, 5.60076E-08
367, 1.22882E-05, 8.90321E-06, 5.29474E-06, 5.61483E-08
368, 1.24205E-05, 8.86073E-06, 5.29623E-06, 5.63814E-08
369, 1.25513E-05, 8.81535E-06, 5.29689E-06, 5.65923E-08
370, 1.26807E-05, 8.76710E-06, 5.29674E-06, 5.67809E-08
371, 1.28088E-05, 8.71602E-06, 5.29577E-06, 5.69469E-08
372, 1.29356E-05, 8.66212E-06, 5.29400E-06, 5.70901E-08
373, 1.30612E-05, 8.60545E-06, 5.29143E-06, 5.72104E-08
374, 1.31856E-05, 8.54604E-06, 5.28807E-06, 5.73075E-08
375, 1.33088E-05, 8.48391E-06, 5.28394E-06, 5.73814E-08
376, 1.34308E-05, 8.41911E-06, 5.27904E-06, 5.74317E-08
377, 1.35518E-05, 8.35168E-06, 5.27339E-06, 5.74583E-08
378, 1.36715E-05, 8.29732E-06, 5.26699E-06, 5.74612E-08
379, 1.37902E-05, 8.30105E-06, 5.25986E-06, 5.74401E-08
380, 1.39077E-05, 8.30206E-06, 5.25200E-06, 5.73950E-08
381, 1.40240E-05, 8.30036E-06, 5.24343E-06, 5.73257E-08
382, 1.41390E-05, 8.29591E-06, 5.23417E-06, 5.72322E-08
383, 1.42529E-05, 8.29445E-06, 5.22422E-06, 5.71144E-08
384, 1.43654E-05, 8.34132E-06, 5.21361E-06, 5.69721E-08
385, 1.44767E-05, 8.38549E-06, 5.21214E-06, 5.68055E-08
386, 1.45865E-05, 8.42702E-06, 5.22360E-06, 5.66143E-08
387, 1.46948E-05, 8.46594E-06, 5.23426E-06, 5.63986E-08
388, 1.48017E-05, 8.50232E-06, 5.24412E-06, 5.64739E-08
389, 1.49070E-05, 8.53620E-06, 5.25318E-06, 5.65346E-08
390, 1.50106E-05, 8.56762E-06, 5.26144E-06, 5.65729E-08
391, 1.51124E-05, 8.59665E-06, 5.26891E-06, 5.65887E-08
392, 1.52125E-05, 8.62331E-06, 5.27558E-06, 5.65819E-08
393, 1.53106E-05, 8.64767E-06, 5.28146E-06, 5.65524E-08
394, 1.54067E-05, 8.66977E-06, 5.28656E-06, 5.65001E-08
395, 1.55008E-05, 8.68965E-06, 5.29088E-06, 5.64248E-08
396, 1.55926E-05, 8.70736E-06, 5.29443E-06, 5.64385E-08
397, 1.56822E-05, 8.72296E-06, 5.29721E-06, 5.65868E-08
398, 1.57694E-05, 8.73647E-06, 5.29922E-06, 5.67125E-08
399, 1.58541E-05, 8.74796E-06, 5.30048E-06, 5.68152E-08
400, 1.59362E-05, 8.75747E-06, 5.30099E-06, 5.68948E-08
401, 1.60156E-05, 8.76503E-06, 5.31339E-06, 5.69510E-08
402, 1.60923E-05, 8.77071E-06, 5.34382E-06, 5.69835E-08
403, 1.61660E-05, 8.77453E-06, 5.37291E-06, 5.69921E-08
404, 1.62367E-05, 8.77656E-06, 5.40066E-06, 5.69764E-08
405, 1.63044E-05, 8.77682E-06, 5.42705E-06, 5.69365E-08
406, 1.63688E-05, 8.77538E-06, 5.45208E-06, 5.68718E-08
407, 1.64300E-05, 8.77226E-06, 5.47576E-06, 5.67824E-08
408, 1.64877E-05, 8.76752E-06, 5.49808E-06, 5.66679E-08
409, 1.65419E-05, 8.76120E-06, 5.51904E-06, 5.65282E-08
410, 1.65925E-05, 8.75334E-06, 5.53865E-06, 5.63631E-08
411, 1.66394E-05, 8.74400E-06, 5.58552E-06, 5.61724E-08
412, 1.66826E-05, 8.73322E-06, 5.63919E-06, 5.59560E-08
413, 1.67218E-05, 8.72103E-06, 5.69147E-06, 5.57138E-08
414, 1.67571E-05, 8.70748E-06, 5.74232E-06, 5.55101E-08
415, 1.67883E-05, 8.69260E-06, 5.79172E-06, 5.55529E-08
416, 1.68154E-05, 8.67646E-06, 5.83966E-06, 5.55714E-08
417, 1.68382E-05, 8.65908E-06, 5.88609E-06, 5.55652E-08
418, 1.68568E-05, 8.64051E-06, 5.93102E-06, 5.55342E-08
419, 1.68710E-05, 8.62079E-06, 5.97441E-06, 5.54783E-08
420, 1.68807E-05, 8.59997E-06, 6.01625E-06, 5.53971E-08
421, 1.68859E-05, 8.57809E-06, 6.05652E-06, 5.52905E-08
422, 1.68866E-05, 8.55518E-06, 6.09520E-06, 5.51583E-08
423, 1.68826E-05, 8.53130E-06, 6.13229E-06, 5.50005E-08
424, 1.68740E-05, 8.50647E-06, 6.16776E-06, 5.48169E-08
425, 1.68606E-05, 8.48075E-06, 6.20160E-06, 5.46075E-08
426, 1.68424E-05, 8.45417E-06, 6.23382E-06, 5.45620E-08
427, 1.68194E-05, 8.42678E-06, 6.26438E-06, 5.45260E-08
428, 1.67916E-05, 8.39862E-06, 6.29330E-06, 5.44639E-08
429, 1.67589E-05, 8.36972E-06, 6.32055E-06, 5.43756E-08
430, 1.67213E-05, 8.34012E-06, 6.34615E-06, 5.42608E-08
431, 1.66787E-05, 8.31218E-06, 6.37008E-06, 5.41194E-08
432, 1.66312E-05, 8.31193E-06, 6.39233E-06, 5.39512E-08
433, 1.65787E-05, 8.31019E-06, 6.41292E-06, 5.37561E-08
434, 1.65212E-05, 8.30697E-06, 6.43184E-06, 5.35342E-08
435, 1.64588E-05, 8.30227E-06, 6.44908E-06, 5.32852E-08
436, 1.63914E-05, 8.29607E-06, 6.46467E-06, 5.30091E-08
437, 1.63190E-05, 8.28839E-06, 6.47859E-06, 5.27060E-08
438, 1.62416E-05, 8.27922E-06, 6.49085E-06, 5.23757E-08
439, 1.61593E-05, 8.26857E-06, 6.50146E-06, 5.20186E-08
440, 1.60720E-05, 8.25644E-06, 6.51998E-06, 5.16343E-08
441, 1.59799E-05, 8.24282E-06, 6.57503E-06, 5.14537E-08
442, 1.58828E-05, 8.22773E-06, 6.62846E-06, 5.13640E-08
443, 1.57809E-05, 8.21117E-06, 6.68023E-06, 5.12488E-08
444, 1.56742E-05, 8.19314E-06, 6.73033E-06, 5.11081E-08
445, 1.55627E-05, 8.17366E-06, 6.77871E-06, 5.09419E-08
446, 1.54465E-05, 8.16425E-06, 6.82537E-06, 5.07503E-08
447, 1.53256E-05, 8.18425E-06, 6.87028E-06, 5.05333E-08
448, 1.52001E-05, 8.20286E-06, 6.91341E-06, 5.02910E-08
449, 1.50700E-05, 8.22009E-06, 6.95475E-06, 5.00236E-08
450, 1.49354E-05, 8.23591E-06, 6.99429E-06, 4.97311E-08
451, 1.47964E-05, 8.25033E-06, 7.03200E-06, 4.94138E-08
452, 1.46530E-05, 8.26332E-06, 7.06786E-06, 4.90718E-08
453, 1.45052E-05, 8.27489E-06, 7.10187E-06, 4.87054E-08
454, 1.43533E-05, 8.28501E-06, 7.13402E-06, 4.83148E-08
455, 1.41971E-05, 8.29369E-06, 7.16429E-06, 4.79171E-08
456, 1.40370E-05, 8.30092E-06, 7.19267E-06, 4.76608E-08
457, 1.38728E-05, 8.30670E-06, 7.21916E-06, 4.74560E-08
458, 1.37047E-05, 8.31802E-06, 7.24376E-06, 4.76726E-08
459, 1.35328E-05, 8.34650E-06, 7.26645E-06, 4.78828E-08
460, 1.33572E-05, 8.37403E-06, 7.28723E-06, 4.80866E-08
461, 1.31779E-05, 8.40062E-06, 7.30611E-06, 4.82838E-08
462, 1.29951E-05, 8.42625E-06, 7.32308E-06, 4.84744E-08
463, 1.28089E-05, 8.45095E-06, 7.33815E-06, 4.86583E-08
464, 1.26193E-05, 8.47470E-06, 7.35131E-06, 4.88355E-08
465, 1.24265E-05, 8.49751E-06, 7.36258E-06, 4.90057E-08
466, 1.22305E-05, 8.51937E-06, 7.37195E-06, 4.91691E-08
467, 1.20315E-05, 8.54030E-06, 7.37945E-06, 4.93254E-08
468, 1.18296E-05, 8.56029E-06, 7.38506E-06, 4.94746E-08
469, 1.16249E-05, 8.57935E-06, 7.40284E-06, 4.96165E-08
470, 1.14174E-05, 8.59747E-06, 7.44679E-06, 4.97512E-08
471, 1.12074E-05, 8.61465E-06, 7.48925E-06, 4.98784E-08
472, 1.09948E-05, 8.63090E-06, 7.53020E-06, 4.99980E-08
473, 1.07799E-05, 8.64621E-06, 7.56961E-06, 5.01101E-08
474, 1.05627E-05, 8.66059E-06, 7.60745E-06, 5.02144E-08
475, 1.03434E-05, 8.67404E-06, 7.64369E-06, 5.03108E-08
476, 1.01220E-05, 8.68656E-06, 7.67833E-06, 5.03994E-08
477, 9.89862E-06, 8.69814E-06, 7.71132E-06, 5.04799E-08
478, 9.67346E-06, 8.70879E-06, 7.74267E-06, 5.05523E-08
479, 9.44658E-06, 8.71851E-06, 7.77233E-06, 5.06165E-08
480, 9.21810E-06, 8.72729E-06, 7.80031E-06, 5.07180E-08
481, 9.21100E-06, 8.73515E-06, 7.82657E-06, 5.09830E-08
482, 9.20980E-06, 8.74207E-06, 7.85111E-06, 5.12351E-08
483, 9.20432E-06, 8.74805E-06, 7.87391E-06, 5.14744E-08
484, 9.19458E-06, 8.75310E-06, 7.89496E-06, 5.17007E-08
485, 9.18065E-06, 8.75721E-06, 7.91425E-06, 5.19140E-08
486, 9.16258E-06, 8.76039E-06, 7.93177E-06, 5.21142E-08
487, 9.14041E-06, 8.76263E-06, 7.94751E-06, 5.23014E-08
488, 9.11422E-06, 8.76393E-06, 7.97320E-06, 5.24754E-08
489, 9.08406E-06, 8.76429E-06, 8.01716E-06, 5.26364E-08
490, 9.05000E-06, 8.76370E-06, 8.05998E-06, 5.27842E-08
491, 9.01210E-06, 8.76217E-06, 8.10163E-06, 5.29188E-08
492, 8.97045E-06, 8.75970E-06, 8.14209E-06, 5.30404E-08
493, 8.92511E-06, 8.75627E-06, 8.18134E-06, 5.31488E-08
494, 8.87616E-06, 8.75190E-06, 8.21937E-06, 5.32441E-08
495, 8.82368E-06, 8.74657E-06, 8.25615E-06, 5.33264E-08
496, 8.76775E-06, 8.74028E-06, 8.29165E-06, 5.33956E-08
497, 8.70845E-06, 8.73304E-06, 8.32587E-06, 5.34518E-08
498, 8.64586E-06, 8.72484E-06, 8.35877E-06, 5.34952E-08
499, 8.58008E-06, 8.71567E-06, 8.39034E-06, 5.35256E-08
500, 8.51119E-06, 8.70553E-06, 8.42057E-06, 5.35433E-08
501, 8.43927E-06, 8.69442E-06, 8.44942E-06, 5.35483E-08
502, 8.36443E-06, 8.68234E-06, 8.47689E-06, 5.35407E-08
503, 8.28674E-06, 8.66928E-06, 8.50296E-06, 5.35205E-08
504, 8.20630E-06, 8.65525E-06, 8.52761E-06, 5.34880E-08
505, 8.12321E-06, 8.64022E-06, 8.55081E-06, 5.34431E-08
506, 8.03756E-06, 8.62421E-06, 8.57257E-06, 5.33860E-08
507, 7.94943E-06, 8.60720E-06, 8.59286E-06, 5.33169E-08
508, 7.85893E-06, 8.58920E-06, 8.61167E-06, 5.32359E-08
509, 7.76614E-06, 8.57020E-06, 8.62898E-06, 5.31430E-08
510, 7.67116E-06, 8.55020E-06, 8.64479E-06, 5.31695E-08
511, 7.57409E-06, 8.52918E-06, 8.65908E-06, 5.32667E-08
512, 7.47502E-06, 8.51318E-06, 8.67184E-06, 5.33483E-08
513, 7.37404E-06, 8.49785E-06, 8.68305E-06, 5.34143E-08
514, 7.27125E-06, 8.48169E-06, 8.69272E-06, 5.34650E-08
515, 7.16673E-06, 8.46468E-06, 8.70083E-06, 5.35006E-08
516, 7.06058E-06, 8.44682E-06, 8.70738E-06, 5.35212E-08
517, 6.95289E-06, 8.42811E-06, 8.71235E-06, 5.35272E-08
518, 6.84375E-06, 8.40853E-06, 8.71574E-06, 5.35187E-08
519, 6.73325E-06, 8.38809E-06, 8.71756E-06, 5.34959E-08
520, 6.62147E-06, 8.36678E-06, 8.71778E-06, 5.34591E-08
521, 6.50851E-06, 8.34460E-06, 8.71642E-06, 5.34086E-08
522, 6.39444E-06, 8.32153E-06, 8.71347E-06, 5.33445E-08
523, 6.27936E-06, 8.29757E-06, 8.70892E-06, 5.32671E-08
524, 6.16334E-06, 8.27272E-06, 8.70278E-06, 5.31767E-08
525, 6.04648E-06, 8.24697E-06, 8.69506E-06, 5.30735E-08
526, 5.92883E-06, 8.22031E-06, 8.68574E-06, 5.29578E-08
527, 5.81050E-06, 8.19274E-06, 8.67483E-06, 5.28299E-08
528, 5.69154E-06, 8.16426E-06, 8.66235E-06, 5.26900E-08
529, 5.70236E-06, 8.13486E-06, 8.64828E-06, 5.25384E-08
530, 5.76070E-06, 8.10452E-06, 8.63265E-06, 5.23753E-08
531, 5.81880E-06, 8.07326E-06, 8.61545E-06, 5.22011E-08
532, 5.87666E-06, 8.04106E-06, 8.59669E-06, 5.20159E-08
533, 5.93428E-06, 8.00791E-06, 8.57639E-06, 5.18202E-08
534, 5.99165E-06, 7.97382E-06, 8.55454E-06, 5.16141E-08
535, 6.04878E-06, 7.93878E-06, 8.53117E-06, 5.13979E-08
536, 6.10565E-06, 7.90278E-06, 8.51874E-06, 5.11720E-08
537, 6.16226E-06, 7.86581E-06, 8.53074E-06, 5.09365E-08
538, 6.22507E-06, 7.82788E-06, 8.54166E-06, 5.06918E-08
539, 6.31336E-06, 7.78898E-06, 8.55150E-06, 5.04381E-08
540, 6.40105E-06, 7.74911E-06, 8.56025E-06, 5.01987E-08
541, 6.48815E-06, 7.70826E-06, 8.56792E-06, 5.01322E-08
542, 6.57462E-06, 7.66642E-06, 8.57449E-06, 5.00533E-08
543, 6.66047E-06, 7.62360E-06, 8.57997E-06, 4.99624E-08
544, 6.74567E-06, 7.57980E-06, 8.58435E-06, 4.98597E-08
545, 6.83023E-06, 7.53500E-06, 8.58764E-06, 4.97456E-08
546, 6.91412E-06, 7.48921E-06, 8.58982E-06, 4.96204E-08
547, 6.99734E-06, 7.44242E-06, 8.59089E-06, 4.94843E-08
548, 7.07987E-06, 7.39463E-06, 8.59087E-06, 4.93377E-08
549, 7.16172E-06, 7.35528E-06, 8.58973E-06, 4.91808E-08
550, 7.24286E-06, 7.32423E-06, 8.58749E-06, 4.90140E-08
551, 7.32328E-06, 7.29242E-06, 8.58414E-06, 4.88375E-08
552, 7.40299E-06, 7.25983E-06, 8.57968E-06, 4.86516E-08
553, 7.48196E-06, 7.22648E-06, 8.57411E-06, 4.84567E-08
554, 7.56019E-06, 7.19235E-06, 8.56744E-06, 4.82530E-08
555, 7.63768E-06, 7.15745E-06, 8.55966E-06, 4.80407E-08
556, 7.71441E-06, 7.12177E-06, 8.55077E-06, 4.78203E-08
557, 7.79038E-06, 7.08532E-06, 8.54294E-06, 4.75919E-08
558, 7.86558E-06, 7.04810E-06, 8.61021E-06, 4.73559E-08
559, 7.94000E-06, 7.01010E-06, 8.67610E-06, 4.71125E-08
560, 8.01364E-06, 7.02127E-06, 8.74060E-06, 4.68620E-08
561, 8.08649E-06, 7.03823E-06, 8.80371E-06, 4.66046E-08
562, 8.15854E-06, 7.05411E-06, 8.86543E-06, 4.63407E-08
563, 8.22979E-06, 7.06888E-06, 8.92576E-06, 4.60705E-08
564, 8.30023E-06, 7.08256E-06, 8.98469E-06, 4.57942E-08
565, 8.36986E-06, 7.09512E-06, 9.04222E-06, 4.55121E-08
566, 8.43867E-06, 7.10656E-06, 9.09836E-06, 4.52246E-08
567, 8.50666E-06, 7.11688E-06, 9.15311E-06, 4.49317E-08
568, 8.57382E-06, 7.12607E-06, 9.20645E-06, 4.46338E-08
569, 8.64015E-06, 7.13412E-06, 9.25840E-06, 4.43310E-08
570, 8.70564E-06, 7.14103E-06, 9.30895E-06, 4.40237E-08
571, 8.77030E-06, 7.14679E-06, 9.35811E-06, 4.37121E-08
572, 8.83412E-06, 7.15140E-06, 9.40587E-06, 4.35450E-08
573, 8.89709E-06, 7.15485E-06, 9.45224E-06, 4.34087E-08
574, 8.95921E-06, 7.15715E-06, 9.49722E-06, 4.32649E-08
575, 9.02048E-06, 7.15828E-06, 9.54081E-06, 4.31139E-08
576, 9.08091E-06, 7.15825E-06, 9.58302E-06, 4.29559E-08
577, 9.14047E-06, 7.15705E-06, 9.62384E-06, 4.27912E-08
578, 9.19918E-06, 7.15468E-06, 9.66328E-06, 4.26201E-08
579, 9.28400E-06, 7.15114E-06, 9.70135E-06, 4.24426E-08
580, 9.37998E-06, 7.14642E-06, 9.73805E-06, 4.22592E-08
581, 9.47416E-06, 7.14053E-06, 9.77338E-06, 4.20700E-08
582, 9.56655E-06, 7.13347E-06, 9.80734E-06, 4.18752E-08
583, 9.65716E-06, 7.12524E-06, 9.83995E-06, 4.16750E-08
584, 9.74602E-06, 7.11584E-06, 9.87120E-06, 4.14698E-08
585, 9.83312E-06, 7.10526E-06, 9.90109E-06, 4.12597E-08
586, 9.91848E-06, 7.09351E-06, 9.92965E-06, 4.10449E-08
587, 1.00021E-05, 7.08060E-06, 9.95686E-06, 4.08256E-08
588, 1.00840E-05, 7.06652E-06, 9.98274E-06, 4.06020E-08
589, 1.01642E-05, 7.05127E-06, 1.00073E-05, 4.03745E-08
590, 1.02427E-05, 7.03487E-06, 1.00305E-05, 4.01430E-08
591, 1.03195E-05, 7.01731E-06, 1.00524E-05, 3.99079E-08
592, 1.03947E-05, 6.99860E-06, 1.00730E-05, 3.96693E-08
593, 1.04681E-05, 6.97874E-06, 1.00923E-05, 3.94275E-08
594, 1.05399E-05, 6.95774E-06, 1.01103E-05, 3.91826E-08
595, 1.06100E-05, 6.93560E-06, 1.01270E-05, 3.89347E-08
596, 1.06785E-05, 6.91233E-06, 1.01424E-05, 3.86841E-08
597, 1.07454E-05, 6.88794E-06, 1.01566E-05, 3.84310E-08
598, 1.08106E-05, 6.86243E-06, 1.01694E-05, 3.81755E-08
599, 1.08742E-05, 6.83580E-06, 1.01811E-05, 3.79177E-08
600, 1.09362E-05, 6.80807E-06, 1.01914E-05, 3.76579E-08
601, 1.09966E-05, 6.77925E-06, 1.02005E-05, 3.73962E-08
602, 1.10554E-05, 6.76234E-06, 1.02084E-05, 3.71327E-08
603, 1.11126E-05, 6.77004E-06, 1.02150E-05, 3.68677E-08
604, 1.11682E-05, 6.77644E-06, 1.02204E-05, 3.66011E-08
605, 1.12222E-05, 6.78154E-06, 1.02246E-05, 3.64663E-08
606, 1.12747E-05, 6.78530E-06, 1.02276E-05, 3.63556E-08
607, 1.13256E-05, 6.78773E-06, 1.02293E-05, 3.62405E-08
608, 1.13749E-05, 6.78881E-06, 1.02299E-05, 3.61215E-08
609, 1.14227E-05, 6.78852E-06, 1.02293E-05, 3.59984E-08
610, 1.14689E-05, 6.78685E-06, 1.02275E-05, 3.58716E-08
611, 1.15136E-05, 6.78380E-06, 1.02246E-05, 3.57411E-08
612, 1.15567E-05, 6.77936E-06, 1.02205E-05, 3.56072E-08
613, 1.15983E-05, 6.77351E-06, 1.02152E-05, 3.54699E-08
614, 1.16384E-05, 6.76624E-06, 1.02088E-05, 3.53294E-08
615, 1.16769E-05, 6.75755E-06, 1.02013E-05, 3.51859E-08
616, 1.17139E-05, 6.74829E-06, 1.01927E-05, 3.50395E-08
617, 1.17572E-05, 6.74281E-06, 1.01829E-05, 3.48902E-08
618, 1.18125E-05, 6.73611E-06, 1.01720E-05, 3.47384E-08
619, 1.18659E-05, 6.72820E-06, 1.01601E-05, 3.45840E-08
620, 1.19174E-05, 6.71905E-06, 1.01470E-05, 3.44271E-08
621, 1.19670E-05, 6.70868E-06, 1.01329E-05, 3.42680E-08
622, 1.20147E-05, 6.69706E-06, 1.01177E-05, 3.41068E-08
623, 1.20605E-05, 6.68421E-06, 1.01015E-05, 3.39435E-08
624, 1.21045E-05, 6.67010E-06, 1.00842E-05, 3.37782E-08
625, 1.21465E-05, 6.65474E-06, 1.00658E-05, 3.36111E-08
626, 1.21867E-05, 6.63813E-06, 1.00465E-05, 3.34422E-08
627, 1.22250E-05, 6.62025E-06, 1.00261E-05, 3.32717E-08
628, 1.22613E-05, 6.60111E-06, 1.00047E-05, 3.30996E-08
629, 1.22958E-05, 6.58071E-06, 9.98235E-06, 3.29261E-08
630, 1.23284E-05, 6.55905E-06, 9.95898E-06, 3.27511E-08
631, 1.23591E-05, 6.53611E-06, 9.93464E-06, 3.25749E-08
632, 1.23879E-05, 6.51191E-06, 9.90933E-06, 3.23975E-08
633, 1.24149E-05, 6.48644E-06, 9.88306E-06, 3.22189E-08
634, 1.24399E-05, 6.45970E-06, 9.85584E-06, 3.20392E-08
635, 1.24631E-05, 6.43170E-06, 9.82769E-06, 3.18585E-08
636, 1.24845E-05, 6.40243E-06, 9.79861E-06, 3.16769E-08
637, 1.25040E-05, 6.37189E-06, 9.76862E-06, 3.14944E-08
638, 1.25216E-05, 6.34010E-06, 9.73772E-06, 3.13111E-08
639, 1.25374E-05, 6.30705E-06, 9.70593E-06, 3.11970E-08
640, 1.25513E-05, 6.27275E-06, 9.67326E-06, 3.11413E-08
641, 1.25635E-05, 6.23719E-06, 9.63971E-06, 3.10824E-08
642, 1.25738E-05, 6.20040E-06, 9.60530E-06, 3.10204E-08
643, 1.25823E-05, 6.16236E-06, 9.57005E-06, 3.09553E-08
644, 1.25890E-05, 6.12309E-06, 9.53395E-06, 3.08872E-08
645, 1.25940E-05, 6.17484E-06, 9.49702E-06, 3.08161E-08
646, 1.25971E-05, 6.24288E-06, 9.45927E-06, 3.07422E-08
647, 1.25986E-05, 6.31012E-06, 9.42072E-06, 3.06654E-08
648, 1.25982E-05, 6.37655E-06, 9.38137E-06, 3.05859E-08
649, 1.25962E-05, 6.44214E-06, 9.34124E-06, 3.05037E-08
650, 1.25924E-05, 6.50689E-06, 9.30033E-06, 3.04187E-08
651, 1.25870E-05, 6.57078E-06, 9.25866E-06, 3.03312E-08
652, 1.25798E-05, 6.63381E-06, 9.21624E-06, 3.02411E-08
653, 1.25710E-05, 6.69595E-06, 9.17308E-06, 3.01484E-08
654, 1.25605E-05, 6.75719E-06, 9.12919E-06, 3.00532E-08
655, 1.25484E-05, 6.81752E-06, 9.08458E-06, 2.99556E-08
656, 1.25346E-05, 6.87693E-06, 9.03926E-06, 2.98555E-08
657, 1.25193E-05, 6.93540E-06, 8.99325E-06, 2.97531E-08
658, 1.25023E-05, 6.99293E-06, 8.94656E-06, 2.96483E-08
659, 1.24838E-05, 7.04949E-06, 8.89919E-06, 2.95845E-08
660, 1.24637E-05, 7.10509E-06, 8.85117E-06, 2.95537E-08
661, 1.24421E-05, 7.15971E-06, 8.80249E-06, 2.95148E-08
662, 1.24190E-05, 7.21333E-06, 8.75318E-06, 2.94678E-08
663, 1.23943E-05, 7.26594E-06, 8.70325E-06, 2.94130E-08
664, 1.23682E-05, 7.31755E-06, 8.65269E-06, 2.93504E-08
665, 1.23406E-05, 7.36812E-06, 8.60154E-06, 2.92803E-08
666, 1.23116E-05, 7.41766E-06, 8.54979E-06, 2.92028E-08
667, 1.22811E-05, 7.46616E-06, 8.49747E-06, 2.91181E-08
668, 1.22493E-05, 7.51360E-06, 8.44458E-06, 2.90263E-08
669, 1.22160E-05, 7.55997E-06, 8.39113E-06, 2.89277E-08
670, 1.21814E-05, 7.60527E-06, 8.33714E-06, 2.88223E-08
671, 1.21455E-05, 7.64949E-06, 8.28262E-06, 2.87105E-08
672, 1.21082E-05, 7.69262E-06, 8.22757E-06, 2.85923E-08
673, 1.20696E-05, 7.73464E-06, 8.17202E-06, 2.85178E-08
674, 1.20297E-05, 7.77556E-06, 8.11597E-06, 2.87577E-08
675, 1.19886E-05, 7.81537E-06, 8.05944E-06, 2.89935E-08
676, 1.19462E-05, 7.85405E-06, 8.00243E-06, 2.92253E-08
677, 1.19026E-05, 7.90114E-06, 7.94496E-06, 2.94531E-08
678, 1.18578E-05, 7.95967E-06, 7.88705E-06, 2.96769E-08
679, 1.18118E-05, 8.01689E-06, 7.82869E-06, 2.98967E-08
680, 1.17646E-05, 8.07281E-06, 7.76992E-06, 3.01125E-08
681, 1.17163E-05, 8.12740E-06, 7.71072E-06, 3.03245E-08
682, 1.16669E-05, 8.18068E-06, 7.65113E-06, 3.05326E-08
683, 1.16164E-05, 8.23261E-06, 7.59115E-06, 3.07368E-08
684, 1.15648E-05, 8.28321E-06, 7.53079E-06, 3.09373E-08
685, 1.15121E-05, 8.33245E-06, 7.47007E-06, 3.11340E-08
686, 1.14584E-05, 8.38033E-06, 7.40899E-06, 3.13269E-08
687, 1.14037E-05, 8.42685E-06, 7.34757E-06, 3.15162E-08
688, 1.13480E-05, 8.47200E-06, 7.28582E-06, 3.17018E-08
689, 1.13037E-05, 8.51577E-06, 7.22376E-06, 3.18838E-08
690, 1.12618E-05, 8.55816E-06, 7.16139E-06, 3.20622E-08
691, 1.12190E-05, 8.59916E-06, 7.09873E-06, 3.22371E-08
692, 1.11753E-05, 8.63877E-06, 7.03579E-06, 3.24086E-08
693, 1.11308E-05, 8.67698E-06, 6.97258E-06, 3.25766E-08
694, 1.10855E-05, 8.71379E-06, 6.90911E-06, 3.27413E-08
695, 1.10394E-05, 8.74920E-06, 6.84540E-06, 3.29026E-08
696, 1.09925E-05, 8.78321E-06, 6.78146E-06, 3.30607E-08
697, 1.09448E-05, 8.81580E-06, 6.71730E-06, 3.32156E-08
698, 1.09025E-05, 8.84699E-06, 6.65292E-06, 3.33673E-08
699, 1.08801E-05, 8.87676E-06, 6.58836E-06, 3.35160E-08
700, 1.08569E-05, 8.90512E-06, 6.52361E-06, 3.36616E-08
701, 1.08330E-05, 8.93207E-06, 6.45868E-06, 3.38042E-08
702, 1.08082E-05, 8.95761E-06, 6.39360E-06, 3.39438E-08
703, 1.07828E-05, 8.98173E-06, 6.32837E-06, 3.40806E-08
704, 1.07565E-05, 9.00444E-06, 6.26300E-06, 3.42146E-08
705, 1.07295E-05, 9.02574E-06, 6.19751E-06, 3.43458E-08
706, 1.07017E-05, 9.04563E-06, 6.13191E-06, 3.44744E-08
707, 1.06750E-05, 9.06412E-06, 6.06621E-06, 3.46003E-08
708, 1.06690E-05, 9.08120E-06, 6.00042E-06, 3.47236E-08
709, 1.06621E-05, 9.09688E-06, 5.93455E-06, 3.48444E-08
710, 1.06544E-05, 9.11116E-06, 5.86862E-06, 3.49627E-08
711, 1.06459E-05, 9.12404E-06, 5.80264E-06, 3.50786E-08
712, 1.06365E-05, 9.13554E-06, 5.73662E-06, 3.51922E-08
713, 1.06263E-05, 9.14564E-06, 5.67057E-06, 3.53035E-08
714, 1.06152E-05, 9.15437E-06, 5.60450E-06, 3.54126E-08
715, 1.06033E-05, 9.16172E-06, 5.53843E-06, 3.55195E-08
716, 1.05905E-05, 9.16770E-06, 5.47237E-06, 3.56243E-08
717, 1.05768E-05, 9.17232E-06, 5.40632E-06, 3.57269E-08
718, 1.05622E-05, 9.17558E-06, 5.34031E-06, 3.58277E-08
719, 1.05467E-05, 9.17748E-06, 5.27434E-06, 3.59264E-08
720, 1.05304E-05, 9.17805E-06, 5.20842E-06, 3.60232E-08
721, 1.05131E-05, 9.17728E-06, 5.14257E-06, 3.61182E-08
722, 1.04949E-05, 9.17517E-06, 5.07680E-06, 3.62114E-08
723, 1.04759E-05, 9.17175E-06, 5.01111E-06, 3.63028E-08
724, 1.04559E-05, 9.16702E-06, 4.94552E-06, 3.63925E-08
725, 1.04350E-05, 9.16098E-06, 4.88005E-06, 3.64805E-08
726, 1.04132E-05, 9.15365E-06, 4.81469E-06, 3.65669E-08
727, 1.03904E-05, 9.14503E-06, 4.74947E-06, 3.66518E-08
728, 1.03668E-05, 9.13514E-06, 4.68440E-06, 3.67351E-08
729, 1.03422E-05, 9.12398E-06, 4.61948E-06, 3.68169E-08
730, 1.03166E-05, 9.11157E-06, 4.55472E-06, 3.68972E-08
731, 1.02901E-05, 9.09792E-06, 4.49015E-06, 3.69761E-08
732, 1.02627E-05, 9.08303E-06, 4.42576E-06, 3.70536E-08
733, 1.02344E-05, 9.06692E-06, 4.36157E-06, 3.71297E-08
734, 1.02050E-05, 9.04961E-06, 4.29759E-06, 3.72045E-08
735, 1.01748E-05, 9.03109E-06, 4.23383E-06, 3.72779E-08
736, 1.01436E-05, 9.01138E-06, 4.17031E-06, 3.73501E-08
737, 1.01114E-05, 8.99946E-06, 4.12500E-06, 3.74209E-08
738, 1.00783E-05, 8.98811E-06, 4.13011E-06, 3.74906E-08
739, 1.00442E-05, 8.97562E-06, 4.13478E-06, 3.75589E-08
740, 1.00091E-05, 8.96201E-06, 4.13902E-06, 3.76261E-08
741, 9.97312E-06, 8.94729E-06, 4.14283E-06, 3.76920E-08
742, 9.93615E-06, 8.93149E-06, 4.14622E-06, 3.77567E-08
743, 9.89823E-06, 8.91461E-06, 4.14919E-06, 3.78201E-08
744, 9.85935E-06, 8.89667E-06, 4.15175E-06, 3.78824E-08
745, 9.81951E-06, 8.87768E-06, 4.15390E-06, 3.79434E-08
746, 9.77870E-06, 8.85768E-06, 4.15565E-06, 3.80032E-08
747, 9.73695E-06, 8.83666E-06, 4.15700E-06, 3.80618E-08
748, 9.69423E-06, 8.81464E-06, 4.15796E-06, 3.81191E-08
749, 9.65056E-06, 8.79165E-06, 4.15853E-06, 3.81751E-08
750, 9.60594E-06, 8.76770E-06, 4.15873E-06, 3.82299E-08
751, 9.56037E-06, 8.74280E-06, 4.15855E-06, 3.82834E-08
752, 9.51385E-06, 8.71697E-06, 4.15801E-06, 3.83356E-08
753, 9.46638E-06, 8.69024E-06, 4.15710E-06, 3.83863E-08
754, 9.41798E-06, 8.66260E-06, 4.15584E-06, 3.84357E-08
755, 9.36864E-06, 8.63409E-06, 4.15422E-06, 3.84837E-08
756, 9.31836E-06, 8.60472E-06, 4.15227E-06, 3.85302E-08
757, 9.26716E-06, 8.57450E-06, 4.14998E-06, 3.85752E-08
758, 9.21503E-06, 8.54346E-06, 4.14736E-06, 3.86187E-08
759, 9.16199E-06, 8.51160E-06, 4.14442E-06, 3.86606E-08
760, 9.10803E-06, 8.47895E-06, 4.14116E-06, 3.87008E-08
761, 9.05316E-06, 8.44551E-06, 4.13759E-06, 3.87394E-08
762, 8.99739E-06, 8.41132E-06, 4.13372E-06, 3.87761E-08
763, 8.94073E-06, 8.37638E-06, 4.12955E-06, 3.88111E-08
764, 8.88318E-06, 8.34071E-06, 4.12510E-06, 3.88442E-08
765, 8.82475E-06, 8.30433E-06, 4.12036E-06, 3.88753E-08
766, 8.76545E-06, 8.26725E-06, 4.11534E-06, 3.89045E-08
767, 8.70528E-06, 8.22950E-06, 4.11006E-06, 3.89315E-08
768, 8.64426E-06, 8.19107E-06, 4.10452E-06, 3.89564E-08
769, 8.58239E-06, 8.15200E-06, 4.09872E-06, 3.89791E-08
770, 8.51968E-06, 8.11230E-06, 4.09267E-06, 3.89994E-08
771, 8.45614E-06, 8.07198E-06, 4.08638E-06, 3.90174E-08
772, 8.39179E-06, 8.03105E-06, 4.07986E-06, 3.90329E-08
773, 8.32663E-06, 7.98955E-06, 4.07311E-06, 3.90458E-08
774, 8.26067E-06, 7.94747E-06, 4.06614E-06, 3.90560E-08
775, 8.19392E-06, 7.90484E-06, 4.05895E-06, 3.90636E-08
776, 8.12640E-06, 7.86166E-06, 4.05156E-06, 3.90682E-08
777, 8.05812E-06, 7.81796E-06, 4.04397E-06, 3.90700E-08
778, 7.98908E-06, 7.77376E-06, 4.03619E-06, 3.90687E-08
779, 7.91931E-06, 7.72905E-06, 4.02822E-06, 3.90643E-08
780, 7.84881E-06, 7.68387E-06, 4.02008E-06, 3.90567E-08
781, 7.77760E-06, 7.63822E-06, 4.01176E-06, 3.90457E-08
782, 7.70569E-06, 7.59211E-06, 4.00327E-06, 3.90313E-08
783, 7.63310E-06, 7.54557E-06, 3.99463E-06, 3.90135E-08
784, 7.55983E-06, 7.49861E-06, 3.98583E-06, 3.89919E-08
785, 7.48591E-06, 7.45123E-06, 3.97689E-06, 3.89666E-08
786, 7.41134E-06, 7.40345E-06, 3.96780E-06, 3.89375E-08
787, 7.44097E-06, 7.35530E-06, 3.95858E-06, 3.89045E-08
788, 7.49169E-06, 7.30676E-06, 3.94924E-06, 3.88674E-08
789, 7.54191E-06, 7.25788E-06, 3.93977E-06, 3.88261E-08
790, 7.59162E-06, 7.20864E-06, 3.93325E-06, 3.87806E-08
791, 7.64081E-06, 7.15908E-06, 3.93152E-06, 3.87307E-08
792, 7.68948E-06, 7.10919E-06, 3.92967E-06, 3.86763E-08
793, 7.73762E-06, 7.05899E-06, 3.92768E-06, 3.86174E-08
794, 7.78522E-06, 7.00850E-06, 3.92558E-06, 3.85538E-08
795, 7.83227E-06, 6.95773E-06, 3.92336E-06, 3.84854E-08
796, 7.87876E-06, 6.90668E-06, 3.92101E-06, 3.84121E-08
797, 7.92470E-06, 6.85536E-06, 3.91855E-06, 3.83338E-08
798, 7.97006E-06, 6.80380E-06, 3.91597E-06, 3.82505E-08
799, 8.01484E-06, 6.75200E-06, 3.91328E-06, 3.81620E-08
800, 8.05904E-06, 6.69997E-06, 3.91047E-06, 3.80682E-08
801, 8.10265E-06, 6.64772E-06, 3.90755E-06, 3.79691E-08
802, 8.14566E-06, 6.59861E-06, 3.90452E-06, 3.78645E-08
803, 8.18807E-06, 6.56674E-06, 3.90138E-06, 3.77543E-08
804, 8.22986E-06, 6.53459E-06, 3.89813E-06, 3.76386E-08
805, 8.27103E-06, 6.50216E-06, 3.89476E-06, 3.75171E-08
806, 8.31157E-06, 6.46944E-06, 3.89129E-06, 3.73899E-08
807, 8.35148E-06, 6.43643E-06, 3.88771E-06, 3.72568E-08
808, 8.39075E-06, 6.40315E-06, 3.88402E-06, 3.71177E-08
809, 8.43198E-06, 6.36959E-06, 3.88023E-06, 3.69726E-08
810, 8.49119E-06, 6.33575E-06, 3.87632E-06, 3.68215E-08
811, 8.54973E-06, 6.30163E-06, 3.87231E-06, 3.66642E-08
812, 8.60758E-06, 6.26723E-06, 3.86819E-06, 3.65007E-08
813, 8.66475E-06, 6.23256E-06, 3.86396E-06, 3.63310E-08
814, 8.72122E-06, 6.19761E-06, 3.85962E-06, 3.61549E-08
815, 8.77699E-06, 6.16238E-06, 3.85517E-06, 3.59725E-08
816, 8.83203E-06, 6.12688E-06, 3.85061E-06, 3.57837E-08
817, 8.88635E-06, 6.09109E-06, 3.84594E-06, 3.55884E-08
818, 8.93993E-06, 6.05504E-06, 3.84116E-06, 3.53867E-08
819, 8.99277E-06, 6.01871E-06, 3.83627E-06, 3.51785E-08
820, 9.04485E-06, 5.98210E-06, 3.83127E-06, 3.49637E-08
821, 9.09617E-06, 5.96047E-06, 3.84247E-06, 3.47424E-08
822, 9.14672E-06, 5.97962E-06, 3.86242E-06, 3.45145E-08
823, 9.19649E-06, 5.99815E-06, 3.88188E-06, 3.42800E-08
824, 9.24547E-06, 6.01607E-06, 3.90085E-06, 3.40390E-08
825, 9.29366E-06, 6.03337E-06, 3.91933E-06, 3.37913E-08
826, 9.34104E-06, 6.05004E-06, 3.93731E-06, 3.35371E-08
827, 9.38761E-06, 6.06610E-06, 3.95480E-06, 3.32763E-08
828, 9.43336E-06, 6.08153E-06, 3.97179E-06, 3.30089E-08
829, 9.47828E-06, 6.09634E-06, 3.98828E-06, 3.27349E-08
830, 9.52236E-06, 6.11053E-06, 4.00427E-06, 3.24545E-08
831, 9.56560E-06, 6.12409E-06, 4.01976E-06, 3.21675E-08
832, 9.60799E-06, 6.13703E-06, 4.03474E-06, 3.18741E-08
833, 9.64953E-06, 6.14934E-06, 4.04923E-06, 3.15742E-08
834, 9.69020E-06, 6.16706E-06, 4.06321E-06, 3.12680E-08
835, 9.73000E-06, 6.19186E-06, 4.07859E-06, 3.09555E-08
836, 9.76893E-06, 6.21609E-06, 4.10673E-06, 3.06366E-08
837, 9.80697E-06, 6.23976E-06, 4.13441E-06, 3.03833E-08
838, 9.84412E-06, 6.26286E-06, 4.16165E-06, 3.01543E-08
839, 9.88037E-06, 6.28539E-06, 4.18843E-06, 2.99184E-08
840, 9.91573E-06, 6.30736E-06, 4.21476E-06, 2.96757E-08
841, 9.95018E-06, 6.32877E-06, 4.24063E-06, 2.94262E-08
842, 9.98371E-06, 6.34963E-06, 4.26604E-06, 2.91701E-08
843, 1.00163E-05, 6.36992E-06, 4.29099E-06, 2.89073E-08
844, 1.00480E-05, 6.38965E-06, 4.31547E-06, 2.86380E-08
845, 1.00788E-05, 6.40882E-06, 4.33948E-06, 2.83622E-08
846, 1.01086E-05, 6.42744E-06, 4.36303E-06, 2.80801E-08
847, 1.01375E-05, 6.44550E-06, 4.38610E-06, 2.77916E-08
848, 1.01655E-05, 6.46300E-06, 4.40871E-06, 2.74968E-08
849, 1.01925E-05, 6.47995E-06, 4.43083E-06, 2.71960E-08
850, 1.02186E-05, 6.49635E-06, 4.45249E-06, 2.68891E-08
851, 1.02437E-05, 6.51220E-06, 4.47366E-06, 2.65762E-08
852, 1.02678E-05, 6.52749E-06, 4.49436E-06, 2.62576E-08
853, 1.02910E-05, 6.54223E-06, 4.51457E-06, 2.59332E-08
854, 1.03132E-05, 6.55641E-06, 4.53430E-06, 2.56032E-08
855, 1.03345E-05, 6.57005E-06, 4.55355E-06, 2.52677E-08
856, 1.03548E-05, 6.58314E-06, 4.57232E-06, 2.49269E-08
857, 1.03741E-05, 6.59568E-06, 4.59060E-06, 2.45808E-08
858, 1.03925E-05, 6.60766E-06, 4.60839E-06, 2.42296E-08
859, 1.04098E-05, 6.61910E-06, 4.62570E-06, 2.38734E-08
860, 1.04262E-05, 6.62999E-06, 4.64252E-06, 2.35123E-08
861, 1.04417E-05, 6.64034E-06, 4.65885E-06, 2.31466E-08
862, 1.04561E-05, 6.65013E-06, 4.67469E-06, 2.27762E-08
863, 1.04696E-05, 6.65938E-06, 4.69005E-06, 2.24015E-08
864, 1.04820E-05, 6.66808E-06, 4.70491E-06, 2.22479E-08
865, 1.04935E-05, 6.67624E-06, 4.72841E-06, 2.21289E-08
866, 1.05040E-05, 6.68384E-06, 4.75953E-06, 2.20055E-08
867, 1.05179E-05, 6.69090E-06, 4.79026E-06, 2.18780E-08
868, 1.05514E-05, 6.69742E-06, 4.82057E-06, 2.17464E-08
869, 1.05841E-05, 6.70339E-06, 4.85047E-06, 2.16110E-08
870, 1.06161E-05, 6.70882E-06, 4.87996E-06, 2.14718E-08
871, 1.06473E-05, 6.71370E-06, 4.90903E-06, 2.13290E-08
872, 1.06777E-05, 6.71803E-06, 4.93768E-06, 2.11827E-08
873, 1.07074E-05, 6.72183E-06, 4.96590E-06, 2.10330E-08
874, 1.07363E-05, 6.72508E-06, 4.99369E-06, 2.08802E-08
875, 1.07644E-05, 6.72778E-06, 5.02106E-06, 2.07242E-08
876, 1.07916E-05, 6.72995E-06, 5.04799E-06, 2.05654E-08
877, 1.08181E-05, 6.73157E-06, 5.07448E-06, 2.04037E-08
878, 1.08438E-05, 6.73264E-06, 5.10052E-06, 2.02394E-08
879, 1.08687E-05, 6.73318E-06, 5.12613E-06, 2.00726E-08
880, 1.08928E-05, 6.73318E-06, 5.15129E-06, 1.99034E-08
881, 1.09161E-05, 6.73263E-06, 5.17599E-06, 1.97319E-08
882, 1.09385E-05, 6.73155E-06, 5.20025E-06, 1.95583E-08
883, 1.09602E-05, 6.72993E-06, 5.22405E-06, 1.93828E-08
884, 1.09810E-05, 6.72777E-06, 5.24739E-06, 1.92054E-08
885, 1.10010E-05, 6.72507E-06, 5.27027E-06, 1.90264E-08
886, 1.10202E-05, 6.72183E-06, 5.29269E-06, 1.88457E-08
887, 1.10385E-05, 6.71806E-06, 5.31464E-06, 1.86637E-08
888, 1.10560E-05, 6.71375E-06, 5.33612E-06, 1.84803E-08
889, 1.10727E-05, 6.70891E-06, 5.35713E-06, 1.82957E-08
890, 1.10885E-05, 6.70353E-06, 5.37767E-06, 1.81101E-08
891, 1.11035E-05, 6.69763E-06, 5.39774E-06, 1.79235E-08
892, 1.11177E-05, 6.69119E-06, 5.41733E-06, 1.77391E-08
893, 1.11310E-05, 6.68422E-06, 5.43644E-06, 1.75720E-08
894, 1.11434E-05, 6.67673E-06, 5.45507E-06, 1.74042E-08
895, 1.11551E-05, 6.66870E-06, 5.47321E-06, 1.72356E-08
896, 1.11658E-05, 6.66015E-06, 5.49087E-06, 1.70666E-08
897, 1.11757E-05, 6.65871E-06, 5.50805E-06, 1.68970E-08
898, 1.11848E-05, 6.66427E-06, 5.52474E-06, 1.67272E-08
899, 1.11931E-05, 6.66928E-06, 5.54094E-06, 1.65571E-08
900, 1.12004E-05, 6.67374E-06, 5.55664E-06, 1.63869E-08
901, 1.12070E-05, 6.67765E-06, 5.57186E-06, 1.62168E-08
902, 1.12126E-05, 6.68100E-06, 5.58659E-06, 1.60467E-08
903, 1.12174E-05, 6.68381E-06, 5.60081E-06, 1.58768E-08
904, 1.12214E-05, 6.68607E-06, 5.61455E-06, 1.57072E-08
905, 1.12245E-05, 6.68777E-06, 5.62779E-06, 1.55380E-08
906, 1.12268E-05, 6.68892E-06, 5.64053E-06, 1.53693E-08
907, 1.12282E-05, 6.68952E-06, 5.65277E-06, 1.52011E-08
908, 1.12288E-05, 6.68956E-06, 5.66451E-06, 1.50336E-08
909, 1.12285E-05, 6.68905E-06, 5.67576E-06, 1.48668E-08
910, 1.12273E-05, 6.68799E-06, 5.68650E-06, 1.47009E-08
911, 1.12253E-05, 6.68638E-06, 5.69674E-06, 1.45359E-08
912, 1.12225E-05, 6.68422E-06, 5.70648E-06, 1.43718E-08
913, 1.12188E-05, 6.68150E-06, 5.71573E-06, 1.42088E-08
914, 1.12143E-05, 6.67823E-06, 5.72446E-06, 1.40469E-08
915, 1.12089E-05, 6.67442E-06, 5.73852E-06, 1.38862E-08
916, 1.12027E-05, 6.67005E-06, 5.76453E-06, 1.37267E-08
917, 1.11956E-05, 6.66513E-06, 5.79021E-06, 1.35686E-08
918, 1.11877E-05, 6.65967E-06, 5.81553E-06, 1.34118E-08
919, 1.11790E-05, 6.65365E-06, 5.84051E-06, 1.32565E-08
920, 1.11695E-05, 6.64709E-06, 5.86514E-06, 1.31026E-08
921, 1.11591E-05, 6.63999E-06, 5.88941E-06, 1.29503E-08
922, 1.11478E-05, 6.63234E-06, 5.91331E-06, 1.27996E-08
923, 1.11358E-05, 6.62415E-06, 5.93685E-06, 1.26504E-08
924, 1.11229E-05, 6.64067E-06, 5.96003E-06, 1.25030E-08
925, 1.11092E-05, 6.66695E-06, 5.98282E-06, 1.23573E-08
926, 1.10947E-05, 6.69291E-06, 6.00525E-06, 1.22134E-08
927, 1.10794E-05, 6.71854E-06, 6.02729E-06, 1.22445E-08
928, 1.10633E-05, 6.74384E-06, 6.04894E-06, 1.23884E-08
929, 1.10464E-05, 6.76881E-06, 6.07021E-06, 1.25274E-08
930, 1.10286E-05, 6.79345E-06, 6.09108E-06, 1.26615E-08
931, 1.10101E-05, 6.81775E-06, 6.11156E-06, 1.27906E-08
932, 1.09907E-05, 6.84171E-06, 6.13163E-06, 1.29149E-08
933, 1.09706E-05, 6.86532E-06, 6.15130E-06, 1.30342E-08
934, 1.09497E-05, 6.88859E-06, 6.17057E-06, 1.31486E-08
935, 1.09280E-05, 6.91151E-06, 6.18942E-06, 1.32582E-08
936, 1.09056E-05, 6.93409E-06, 6.20786E-06, 1.33628E-08
937, 1.08823E-05, 6.95631E-06, 6.22589E-06, 1.34625E-08
938, 1.08583E-05, 6.97817E-06, 6.24349E-06, 1.35574E-08
939, 1.08336E-05, 6.99967E-06, 6.26067E-06, 1.36474E-08
940, 1.08080E-05, 7.02082E-06, 6.27742E-06, 1.37325E-08
941, 1.07818E-05, 7.04160E-06, 6.29374E-06, 1.38129E-08
942, 1.07547E-05, 7.06201E-06, 6.30962E-06, 1.39173E-08
943, 1.07270E-05, 7.08206E-06, 6.32507E-06, 1.40675E-08
944, 1.06985E-05, 7.10173E-06, 6.34008E-06, 1.42126E-08
945, 1.06693E-05, 7.12104E-06, 6.35465E-06, 1.43837E-08
946, 1.06393E-05, 7.13996E-06, 6.36877E-06, 1.45838E-08
947, 1.06086E-05, 7.15851E-06, 6.38244E-06, 1.47782E-08
948, 1.05773E-05, 7.17668E-06, 6.39567E-06, 1.49668E-08
949, 1.05452E-05, 7.19447E-06, 6.40844E-06, 1.51496E-08
950, 1.05124E-05, 7.21187E-06, 6.42075E-06, 1.53267E-08
951, 1.04789E-05, 7.22888E-06, 6.43261E-06, 1.54980E-08
952, 1.04447E-05, 7.24550E-06, 6.44400E-06, 1.56635E-08
953, 1.04099E-05, 7.26173E-06, 6.45493E-06, 1.58233E-08
954, 1.03744E-05, 7.27757E-06, 6.46540E-06, 1.60246E-08
955, 1.03382E-05, 7.29301E-06, 6.47540E-06, 1.62274E-08
956, 1.03014E-05, 7.30805E-06, 6.48493E-06, 1.64249E-08
957, 1.02639E-05, 7.32270E-06, 6.49399E-06, 1.66171E-08
958, 1.02257E-05, 7.33694E-06, 6.50257E-06, 1.68040E-08
959, 1.01870E-05, 7.35077E-06, 6.51068E-06, 1.69856E-08
960, 1.01476E-05, 7.36420E-06, 6.51832E-06, 1.71620E-08
961, 1.01075E-05, 7.37722E-06, 6.52547E-06, 1.73331E-08
962, 1.00669E-05, 7.38982E-06, 6.53215E-06, 1.74991E-08
963, 1.00257E-05, 7.40202E-06, 6.53834E-06, 1.76599E-08
964, 9.98383E-06, 7.41380E-06, 6.54405E-06, 1.78155E-08
965, 9.94140E-06, 7.42517E-06, 6.54928E-06, 1.79660E-08
966, 9.89839E-06, 7.43611E-06, 6.55402E-06, 1.81115E-08
967, 9.85481E-06, 7.44664E-06, 6.55828E-06, 1.82518E-08
968, 9.81066E-06, 7.45674E-06, 6.56204E-06, 1.83871E-08
969, 9.76596E-06, 7.46642E-06, 6.56532E-06, 1.85174E-08
970, 9.72070E-06, 7.47568E-06, 6.56811E-06, 1.86427E-08
971, 9.67491E-06, 7.48451E-06, 6.57041E-06, 1.87631E-08
972, 9.62858E-06, 7.49291E-06, 6.57222E-06, 1.88786E-08
973, 9.58173E-06, 7.50088E-06, 6.57354E-06, 1.89892E-08
974, 9.53437E-06, 7.50842E-06, 6.57436E-06, 1.90950E-08
975, 9.48649E-06, 7.51552E-06, 6.57470E-06, 1.91959E-08
976, 9.43813E-06, 7.52220E-06, 6.57454E-06, 1.92921E-08
977, 9.38927E-06, 7.53733E-06, 6.57388E-06, 1.93836E-08
978, 9.34320E-06, 7.55582E-06, 6.57274E-06, 1.94704E-08
979, 9.31003E-06, 7.57396E-06, 6.57110E-06, 1.95525E-08
980, 9.27621E-06, 7.59174E-06, 6.56897E-06, 1.96301E-08
981, 9.24174E-06, 7.60916E-06, 6.56635E-06, 1.97030E-08
982, 9.20664E-06, 7.62621E-06, 6.56323E-06, 1.97715E-08
983, 9.17091E-06, 7.64289E-06, 6.55962E-06, 1.98355E-08
984, 9.13456E-06, 7.65919E-06, 6.55552E-06, 1.98950E-08
985, 9.09759E-06, 7.67513E-06, 6.55093E-06, 1.99501E-08
986, 9.07885E-06, 7.69068E-06, 6.54585E-06, 2.00009E-08
987, 9.06020E-06, 7.70585E-06, 6.54028E-06, 2.00474E-08
988, 9.04094E-06, 7.72063E-06, 6.53422E-06, 2.00896E-08
989, 9.02108E-06, 7.73503E-06, 6.52768E-06, 2.01276E-08
990, 9.00061E-06, 7.74903E-06, 6.52064E-06, 2.01614E-08
991, 8.97954E-06, 7.76264E-06, 6.51312E-06, 2.01912E-08
992, 8.95788E-06, 7.77585E-06, 6.50512E-06, 2.02168E-08
993, 8.93563E-06, 7.78866E-06, 6.49663E-06, 2.02384E-08
994, 8.91279E-06, 7.80106E-06, 6.48766E-06, 2.02561E-08
995, 8.88937E-06, 7.81306E-06, 6.47822E-06, 2.02698E-08
996, 8.86537E-06, 7.82465E-06, 6.46829E-06, 2.02796E-08
997, 8.84079E-06, 7.83583E-06, 6.45788E-06, 2.02856E-08
998, 8.81565E-06, 7.84659E-06, 6.44701E-06, 2.02879E-08
999, 8.78995E-06, 7.85693E-06, 6.43565E-06, 2.02864E-08
1000, 8.76368E-06, 7.86685E-06, 6.42383E-06, 2.02812E-08
