time_step, rel_err_u, rel_err_v, rel_err_w, rel_err_p, rel_err_u_m, rel_err_v_m, rel_err_w_m, rel_err_p_m
0, 0.00000E+00, 0.00000E+00, 0.00000E+00, 0.00000E+00, 0.00000E+00, 0.00000E+00, 0.00000E+00, 2.11893E-07
1, 3.05463E-03, 2.22341E-03, 2.25045E-03, 2.03487E-02, 1.11438E-04, 1.25273E-04, 9.30205E-05, 5.44820E+00
2, 2.46697E-03, 2.08708E-03, 1.39534E-03, 6.83915E-02, 4.33605E-05, 3.84526E-05, 3.04722E-05, 9.98289E+00
3, 1.88173E-03, 1.26169E-03, 1.38594E-03, 1.49465E-03, 4.49913E-05, 3.73199E-05, 3.01254E-05, 6.56030E-02
4, 7.00843E-04, 2.78663E-04, 2.23445E-04, 2.74805E-03, 1.47049E-05, 1.15511E-05, 8.33551E-06, 2.89729E-01
5, 6.64876E-04, 2.86643E-04, 2.15089E-04, 8.72530E-04, 1.62225E-05, 1.25847E-05, 9.10570E-06, 9.00428E-02
6, 6.79120E-04, 2.86021E-04, 2.09722E-04, 3.75960E-04, 1.45134E-05, 1.13927E-05, 8.07992E-06, 3.96920E-02
7, 6.95753E-04, 2.98228E-04, 2.06931E-04, 1.80768E-04, 1.44932E-05, 1.12555E-05, 7.95346E-06, 1.90428E-02
8, 7.24245E-04, 3.06403E-04, 1.98977E-04, 1.52699E-04, 1.40626E-05, 1.09959E-05, 7.73545E-06, 1.61553E-02
9, 7.46495E-04, 3.09461E-04, 2.06184E-04, 9.09755E-05, 1.37765E-05, 1.08113E-05, 7.59856E-06, 9.64986E-03
10, 7.97230E-04, 3.07660E-04, 2.34142E-04, 9.43917E-05, 1.34753E-05, 1.06118E-05, 7.43843E-06, 1.00425E-02
11, 8.22932E-04, 3.01212E-04, 2.60316E-04, 9.07800E-05, 1.31784E-05, 1.04362E-05, 7.29387E-06, 9.68515E-03
12, 8.21159E-04, 2.90271E-04, 2.82379E-04, 9.33295E-05, 1.28986E-05, 1.02659E-05, 7.15034E-06, 9.98360E-03
13, 7.97425E-04, 2.95583E-04, 2.99486E-04, 9.81480E-05, 1.26346E-05, 1.00982E-05, 7.00797E-06, 1.05249E-02
14, 8.29969E-04, 3.05513E-04, 3.10751E-04, 1.00281E-04, 1.23601E-05, 9.92586E-06, 6.86936E-06, 1.07778E-02
15, 9.09441E-04, 3.10661E-04, 3.15496E-04, 9.97646E-05, 1.21048E-05, 9.76976E-06, 6.73717E-06, 1.07438E-02
16, 9.71815E-04, 3.10903E-04, 3.13373E-04, 9.69811E-05, 1.18557E-05, 9.62327E-06, 6.61214E-06, 1.04622E-02
17, 1.00808E-03, 3.06336E-04, 3.37850E-04, 9.60582E-05, 1.16167E-05, 9.47476E-06, 6.49176E-06, 1.03778E-02
18, 1.01579E-03, 3.15714E-04, 3.63608E-04, 9.85371E-05, 1.13881E-05, 9.32828E-06, 6.36840E-06, 1.06579E-02
19, 1.03770E-03, 3.28542E-04, 3.82007E-04, 1.00628E-04, 1.11769E-05, 9.18831E-06, 6.25187E-06, 1.08935E-02
20, 1.07438E-03, 3.40579E-04, 3.92245E-04, 1.02129E-04, 1.09628E-05, 9.04963E-06, 6.13772E-06, 1.10621E-02
21, 1.08109E-03, 3.52924E-04, 3.93876E-04, 1.02809E-04, 1.07508E-05, 8.91553E-06, 6.03174E-06, 1.11383E-02
22, 1.05637E-03, 3.62365E-04, 3.86819E-04, 1.02394E-04, 1.05417E-05, 8.79056E-06, 5.92533E-06, 1.10926E-02
23, 1.00022E-03, 3.68617E-04, 3.71340E-04, 1.00609E-04, 1.03240E-05, 8.67346E-06, 5.83149E-06, 1.08952E-02
24, 9.89386E-04, 3.71433E-04, 3.91501E-04, 9.71880E-05, 1.01463E-05, 8.55357E-06, 5.73897E-06, 1.05175E-02
25, 9.60837E-04, 3.70619E-04, 4.09964E-04, 9.19173E-05, 9.97317E-06, 8.43511E-06, 5.65076E-06, 9.93742E-03
26, 9.48678E-04, 3.71951E-04, 4.18360E-04, 8.46593E-05, 9.80296E-06, 8.32331E-06, 5.56210E-06, 9.14113E-03
27, 9.98227E-04, 3.80802E-04, 4.16427E-04, 7.53849E-05, 9.61852E-06, 8.20972E-06, 5.47281E-06, 8.12710E-03
28, 1.02644E-03, 4.12076E-04, 4.04316E-04, 7.49358E-05, 9.45560E-06, 8.09904E-06, 5.38420E-06, 8.06390E-03
29, 1.03317E-03, 4.41409E-04, 4.25167E-04, 7.51441E-05, 9.29814E-06, 7.98794E-06, 5.29215E-06, 8.06931E-03
30, 1.08054E-03, 4.68233E-04, 4.64042E-04, 8.21639E-05, 9.14322E-06, 7.87130E-06, 5.19972E-06, 8.80222E-03
31, 1.11502E-03, 4.91963E-04, 4.92134E-04, 8.73647E-05, 8.99746E-06, 7.75355E-06, 5.11341E-06, 9.33478E-03
32, 1.12650E-03, 5.12010E-04, 5.08593E-04, 9.06266E-05, 8.84252E-06, 7.64754E-06, 5.03896E-06, 9.65537E-03
33, 1.11540E-03, 5.27803E-04, 5.13007E-04, 9.19026E-05, 8.68922E-06, 7.54204E-06, 4.97427E-06, 9.76062E-03
34, 1.08505E-03, 5.38805E-04, 5.05396E-04, 9.19592E-05, 8.54079E-06, 7.43890E-06, 4.91298E-06, 9.73363E-03
35, 1.09226E-03, 5.44546E-04, 4.86199E-04, 9.07594E-05, 8.38880E-06, 7.33496E-06, 4.85117E-06, 9.57188E-03
36, 1.07625E-03, 5.44859E-04, 4.56224E-04, 8.74405E-05, 8.23152E-06, 7.23488E-06, 4.78804E-06, 9.18634E-03
37, 1.06255E-03, 5.39395E-04, 4.16608E-04, 8.22130E-05, 8.06448E-06, 7.14044E-06, 4.71806E-06, 8.60195E-03
38, 1.10985E-03, 5.27908E-04, 3.68752E-04, 7.53320E-05, 7.90574E-06, 7.05106E-06, 4.65040E-06, 7.84815E-03
39, 1.13838E-03, 5.10411E-04, 3.79388E-04, 7.94424E-05, 7.74432E-06, 6.96237E-06, 4.58555E-06, 8.23907E-03
40, 1.14747E-03, 4.87087E-04, 4.00955E-04, 8.46026E-05, 7.59047E-06, 6.87839E-06, 4.52116E-06, 8.73292E-03
41, 1.13706E-03, 4.58283E-04, 4.13594E-04, 8.77333E-05, 7.43676E-06, 6.79663E-06, 4.46165E-06, 9.01163E-03
42, 1.10769E-03, 4.24495E-04, 4.17356E-04, 8.89327E-05, 7.28453E-06, 6.71238E-06, 4.40030E-06, 9.08824E-03
43, 1.06047E-03, 3.86354E-04, 4.12604E-04, 8.83484E-05, 7.14296E-06, 6.63986E-06, 4.34489E-06, 8.98082E-03
44, 1.01322E-03, 3.44587E-04, 3.99941E-04, 8.61635E-05, 7.01503E-06, 6.57109E-06, 4.28787E-06, 8.71085E-03
45, 1.05971E-03, 3.48953E-04, 3.80167E-04, 8.25830E-05, 6.88999E-06, 6.50044E-06, 4.24616E-06, 8.30175E-03
46, 1.10781E-03, 3.52753E-04, 3.54241E-04, 7.78218E-05, 6.76258E-06, 6.42881E-06, 4.20192E-06, 7.77761E-03
47, 1.13405E-03, 3.51992E-04, 3.23227E-04, 7.20955E-05, 6.64377E-06, 6.35773E-06, 4.15460E-06, 7.16215E-03
48, 1.13877E-03, 3.46776E-04, 2.88256E-04, 6.56137E-05, 6.54792E-06, 6.28878E-06, 4.10778E-06, 6.47806E-03
49, 1.12292E-03, 3.37337E-04, 2.50483E-04, 5.85754E-05, 6.45733E-06, 6.21680E-06, 4.06120E-06, 5.74653E-03
50, 1.08793E-03, 3.24158E-04, 2.50917E-04, 5.11663E-05, 6.36150E-06, 6.14867E-06, 4.01703E-06, 4.98700E-03
51, 1.03563E-03, 3.07374E-04, 2.68163E-04, 4.35582E-05, 6.26951E-06, 6.08252E-06, 3.97471E-06, 4.21711E-03
52, 9.68212E-04, 2.87414E-04, 2.77794E-04, 4.59901E-05, 6.17751E-06, 6.02142E-06, 3.93121E-06, 4.42204E-03
53, 8.88078E-04, 2.64755E-04, 2.80163E-04, 4.87828E-05, 6.08484E-06, 5.96387E-06, 3.88526E-06, 4.65760E-03
54, 7.97816E-04, 2.39909E-04, 2.75805E-04, 5.04913E-05, 6.00132E-06, 5.90292E-06, 3.84204E-06, 4.78602E-03
55, 7.00098E-04, 2.13411E-04, 2.65407E-04, 5.11691E-05, 5.93361E-06, 5.83968E-06, 3.80631E-06, 4.81453E-03
56, 6.59515E-04, 1.85798E-04, 2.49773E-04, 5.08924E-05, 5.88027E-06, 5.77650E-06, 3.77193E-06, 4.75240E-03
57, 6.41877E-04, 1.90972E-04, 2.29791E-04, 4.97565E-05, 5.83138E-06, 5.71458E-06, 3.74126E-06, 4.61057E-03
58, 6.13833E-04, 2.09214E-04, 2.28653E-04, 4.78721E-05, 5.77698E-06, 5.65440E-06, 3.70896E-06, 4.40111E-03
59, 5.76731E-04, 2.27434E-04, 2.27471E-04, 4.53602E-05, 5.72312E-06, 5.59405E-06, 3.67910E-06, 4.13681E-03
60, 5.32067E-04, 2.42078E-04, 2.20996E-04, 4.23482E-05, 5.66723E-06, 5.53034E-06, 3.65106E-06, 3.83068E-03
61, 4.81432E-04, 2.53293E-04, 2.09836E-04, 3.89645E-05, 5.61122E-06, 5.47052E-06, 3.62361E-06, 3.49547E-03
62, 4.75233E-04, 2.61269E-04, 1.94686E-04, 3.68533E-05, 5.56599E-06, 5.41352E-06, 3.59803E-06, 3.27837E-03
63, 4.87234E-04, 2.66228E-04, 1.76306E-04, 3.75469E-05, 5.52500E-06, 5.35647E-06, 3.57158E-06, 3.31174E-03
64, 4.90987E-04, 2.68416E-04, 1.55489E-04, 3.81173E-05, 5.48478E-06, 5.30255E-06, 3.54455E-06, 3.33326E-03
65, 4.87401E-04, 2.68130E-04, 1.33085E-04, 3.85596E-05, 5.44317E-06, 5.24842E-06, 3.51633E-06, 3.34282E-03
66, 4.77457E-04, 2.65618E-04, 1.40440E-04, 3.88692E-05, 5.40101E-06, 5.19361E-06, 3.48770E-06, 3.34040E-03
67, 4.62184E-04, 2.61152E-04, 1.44345E-04, 3.90428E-05, 5.35692E-06, 5.13932E-06, 3.46354E-06, 3.32608E-03
68, 4.42675E-04, 2.55008E-04, 1.45049E-04, 3.90777E-05, 5.31407E-06, 5.08502E-06, 3.43996E-06, 3.30000E-03
69, 4.19910E-04, 2.47457E-04, 1.42834E-04, 3.89722E-05, 5.27417E-06, 5.03150E-06, 3.41724E-06, 3.26239E-03
70, 3.94843E-04, 2.38756E-04, 1.38030E-04, 3.87980E-05, 5.23839E-06, 4.97782E-06, 3.39417E-06, 3.21956E-03
71, 3.68391E-04, 2.29149E-04, 1.31026E-04, 3.93119E-05, 5.20732E-06, 4.92651E-06, 3.37165E-06, 3.23400E-03
72, 3.41382E-04, 2.18859E-04, 1.22238E-04, 3.96817E-05, 5.17768E-06, 4.87820E-06, 3.35141E-06, 3.23639E-03
73, 3.14548E-04, 2.08089E-04, 1.12093E-04, 3.99027E-05, 5.14699E-06, 4.82997E-06, 3.33203E-06, 3.22674E-03
74, 2.88514E-04, 1.97019E-04, 1.01014E-04, 3.99715E-05, 5.11789E-06, 4.78206E-06, 3.31401E-06, 3.20515E-03
75, 2.63787E-04, 1.85804E-04, 8.94085E-05, 3.98854E-05, 5.09143E-06, 4.73452E-06, 3.29620E-06, 3.17178E-03
76, 2.40760E-04, 1.74577E-04, 7.76592E-05, 3.96431E-05, 5.06770E-06, 4.68728E-06, 3.27948E-06, 3.12684E-03
77, 2.19711E-04, 1.63447E-04, 6.61118E-05, 3.92442E-05, 5.04541E-06, 4.64224E-06, 3.26366E-06, 3.07065E-03
78, 2.03040E-04, 1.52501E-04, 5.50700E-05, 3.92063E-05, 5.02409E-06, 4.59863E-06, 3.24728E-06, 3.04371E-03
79, 1.93404E-04, 1.41806E-04, 5.12147E-05, 3.94879E-05, 5.00466E-06, 4.55595E-06, 3.23116E-06, 3.04217E-03
80, 1.79744E-04, 1.31413E-04, 5.02238E-05, 3.96309E-05, 4.98697E-06, 4.51339E-06, 3.21467E-06, 3.03048E-03
81, 1.62840E-04, 1.21353E-04, 5.04529E-05, 3.96322E-05, 4.97106E-06, 4.47136E-06, 3.19765E-06, 3.00867E-03
82, 1.46720E-04, 1.11649E-04, 5.57298E-05, 3.94897E-05, 4.95479E-06, 4.43007E-06, 3.18257E-06, 2.97684E-03
83, 1.39014E-04, 1.02311E-04, 5.98455E-05, 3.92024E-05, 4.93826E-06, 4.39159E-06, 3.17021E-06, 2.93513E-03
84, 1.42010E-04, 9.33404E-05, 6.25474E-05, 3.91490E-05, 4.92127E-06, 4.35511E-06, 3.15822E-06, 2.91192E-03
85, 1.41881E-04, 8.47346E-05, 6.38600E-05, 3.95550E-05, 4.90524E-06, 4.31835E-06, 3.14625E-06, 2.92354E-03
86, 1.38893E-04, 7.64864E-05, 6.38456E-05, 3.99134E-05, 4.88809E-06, 4.28173E-06, 3.13396E-06, 2.93210E-03
87, 1.33397E-04, 6.85868E-05, 6.25981E-05, 4.02240E-05, 4.87321E-06, 4.24556E-06, 3.12293E-06, 2.93767E-03
88, 1.25783E-04, 6.27162E-05, 6.02380E-05, 4.04868E-05, 4.85911E-06, 4.21047E-06, 3.11183E-06, 2.94031E-03
89, 1.16469E-04, 6.30060E-05, 5.69055E-05, 4.07996E-05, 4.84585E-06, 4.17703E-06, 3.10021E-06, 2.94715E-03
90, 1.05879E-04, 6.29935E-05, 5.27547E-05, 4.11684E-05, 4.83469E-06, 4.14334E-06, 3.08860E-06, 2.95854E-03
91, 9.74669E-05, 6.26860E-05, 4.79475E-05, 4.16793E-05, 4.82379E-06, 4.11006E-06, 3.07755E-06, 2.98060E-03
92, 9.68255E-05, 6.20918E-05, 4.26478E-05, 4.21369E-05, 4.81404E-06, 4.07650E-06, 3.06775E-06, 2.99924E-03
93, 9.48531E-05, 6.12206E-05, 3.70695E-05, 4.25655E-05, 4.80517E-06, 4.04388E-06, 3.05924E-06, 3.01625E-03
94, 9.16722E-05, 6.00857E-05, 3.63544E-05, 4.31498E-05, 4.79691E-06, 4.01323E-06, 3.05026E-06, 3.04469E-03
95, 8.74283E-05, 5.87050E-05, 3.67186E-05, 4.36716E-05, 4.79068E-06, 3.98459E-06, 3.04021E-06, 3.06907E-03
96, 8.22837E-05, 5.89703E-05, 3.61092E-05, 4.41309E-05, 4.78412E-06, 3.95489E-06, 3.02978E-06, 3.08945E-03
97, 8.00673E-05, 5.89531E-05, 3.46059E-05, 4.45283E-05, 4.77776E-06, 3.92491E-06, 3.02059E-06, 3.10591E-03
98, 8.47382E-05, 5.86611E-05, 3.53367E-05, 4.48641E-05, 4.76976E-06, 3.89538E-06, 3.01190E-06, 3.11854E-03
99, 8.83555E-05, 5.81012E-05, 3.62376E-05, 4.51391E-05, 4.76070E-06, 3.86634E-06, 3.00367E-06, 3.12741E-03
100, 9.08040E-05, 5.72819E-05, 3.67858E-05, 4.53540E-05, 4.75125E-06, 3.83756E-06, 2.99538E-06, 3.13263E-03
101, 9.19772E-05, 5.62140E-05, 3.69751E-05, 4.55096E-05, 4.74154E-06, 3.80927E-06, 2.98658E-06, 3.13429E-03
102, 9.18350E-05, 5.52809E-05, 3.68071E-05, 4.58369E-05, 4.73158E-06, 3.78246E-06, 2.97710E-06, 3.14832E-03
103, 9.03801E-05, 5.54364E-05, 3.62864E-05, 4.63237E-05, 4.72433E-06, 3.75550E-06, 2.96728E-06, 3.17381E-03
104, 8.76539E-05, 5.53285E-05, 3.54280E-05, 4.67404E-05, 4.71685E-06, 3.72898E-06, 2.95753E-06, 3.19503E-03
105, 8.37317E-05, 5.49642E-05, 3.70472E-05, 4.70874E-05, 4.70900E-06, 3.70257E-06, 2.94852E-06, 3.21210E-03
106, 8.04177E-05, 5.43517E-05, 3.93591E-05, 4.73655E-05, 4.70014E-06, 3.67661E-06, 2.93969E-06, 3.22516E-03
107, 8.27917E-05, 5.37838E-05, 4.11635E-05, 4.75754E-05, 4.69262E-06, 3.65149E-06, 2.93135E-06, 3.23436E-03
108, 8.42745E-05, 5.38519E-05, 4.24562E-05, 4.77180E-05, 4.68722E-06, 3.62592E-06, 2.92302E-06, 3.23987E-03
109, 8.49013E-05, 5.37275E-05, 4.32575E-05, 4.77945E-05, 4.68216E-06, 3.60011E-06, 2.91430E-06, 3.24186E-03
110, 8.47235E-05, 5.34114E-05, 4.35959E-05, 4.78060E-05, 4.67734E-06, 3.57491E-06, 2.90487E-06, 3.24053E-03
111, 8.54065E-05, 5.30409E-05, 4.35062E-05, 4.78533E-05, 4.67325E-06, 3.55013E-06, 2.89532E-06, 3.24279E-03
112, 9.21314E-05, 5.35383E-05, 4.30274E-05, 4.81931E-05, 4.67000E-06, 3.52662E-06, 2.88621E-06, 3.26617E-03
113, 9.80446E-05, 5.38424E-05, 4.22014E-05, 4.84568E-05, 4.66741E-06, 3.50369E-06, 2.87711E-06, 3.28580E-03
114, 1.03137E-04, 5.39509E-05, 4.10713E-05, 4.86455E-05, 4.66455E-06, 3.48040E-06, 2.86822E-06, 3.30188E-03
115, 1.07413E-04, 5.38627E-05, 3.96799E-05, 4.87604E-05, 4.66188E-06, 3.45693E-06, 2.85914E-06, 3.31461E-03
116, 1.10890E-04, 5.35777E-05, 4.10517E-05, 4.88028E-05, 4.66083E-06, 3.43316E-06, 2.85082E-06, 3.32418E-03
117, 1.13595E-04, 5.30973E-05, 4.27538E-05, 4.87744E-05, 4.66019E-06, 3.40949E-06, 2.84211E-06, 3.33078E-03
118, 1.15567E-04, 5.30366E-05, 4.41081E-05, 4.88109E-05, 4.65886E-06, 3.38673E-06, 2.83301E-06, 3.34374E-03
119, 1.16848E-04, 5.34485E-05, 4.51215E-05, 4.88448E-05, 4.65832E-06, 3.36430E-06, 2.82363E-06, 3.35856E-03
120, 1.17490E-04, 5.36605E-05, 4.58048E-05, 4.88097E-05, 4.65859E-06, 3.34224E-06, 2.81423E-06, 3.37071E-03
121, 1.17545E-04, 5.36699E-05, 4.61714E-05, 4.87077E-05, 4.66025E-06, 3.31999E-06, 2.80477E-06, 3.38033E-03
122, 1.17070E-04, 5.34757E-05, 4.62367E-05, 4.89090E-05, 4.66369E-06, 3.29742E-06, 2.79546E-06, 3.41318E-03
123, 1.16123E-04, 5.30781E-05, 4.60176E-05, 4.91082E-05, 4.66732E-06, 3.27479E-06, 2.78635E-06, 3.44820E-03
124, 1.14759E-04, 5.34173E-05, 4.55323E-05, 4.92273E-05, 4.67064E-06, 3.25231E-06, 2.77720E-06, 3.47987E-03
125, 1.13033E-04, 5.39242E-05, 4.47992E-05, 4.92688E-05, 4.67396E-06, 3.23041E-06, 2.76815E-06, 3.50822E-03
126, 1.10998E-04, 5.42268E-05, 4.38369E-05, 4.92355E-05, 4.67802E-06, 3.20846E-06, 2.75944E-06, 3.53325E-03
127, 1.08708E-04, 5.43212E-05, 4.26638E-05, 4.91300E-05, 4.68314E-06, 3.18669E-06, 2.75105E-06, 3.55492E-03
128, 1.06206E-04, 5.42051E-05, 4.12980E-05, 4.89551E-05, 4.68877E-06, 3.16498E-06, 2.74299E-06, 3.57316E-03
129, 1.03530E-04, 5.38782E-05, 3.97567E-05, 4.87137E-05, 4.69530E-06, 3.14318E-06, 2.73411E-06, 3.58790E-03
130, 1.00716E-04, 5.34423E-05, 3.80569E-05, 4.86466E-05, 4.70182E-06, 3.12172E-06, 2.72481E-06, 3.61671E-03
131, 9.77967E-05, 5.41032E-05, 3.79009E-05, 4.87047E-05, 4.70821E-06, 3.10030E-06, 2.71534E-06, 3.65608E-03
132, 9.47998E-05, 5.45495E-05, 3.78872E-05, 4.86841E-05, 4.71345E-06, 3.07865E-06, 2.70596E-06, 3.69065E-03
133, 9.17488E-05, 5.47761E-05, 3.77025E-05, 4.85880E-05, 4.71833E-06, 3.05736E-06, 2.69737E-06, 3.72029E-03
134, 8.86633E-05, 5.62977E-05, 3.73610E-05, 4.84195E-05, 4.72312E-06, 3.03674E-06, 2.68890E-06, 3.74488E-03
135, 8.55592E-05, 5.87320E-05, 3.68765E-05, 4.81820E-05, 4.72816E-06, 3.01623E-06, 2.68032E-06, 3.76433E-03
136, 8.24488E-05, 6.11261E-05, 3.62628E-05, 4.78785E-05, 4.73439E-06, 2.99601E-06, 2.67141E-06, 3.77853E-03
137, 7.93418E-05, 6.34692E-05, 3.55332E-05, 4.75124E-05, 4.74149E-06, 2.97550E-06, 2.66216E-06, 3.78743E-03
138, 7.62450E-05, 6.57496E-05, 3.47008E-05, 4.71327E-05, 4.74894E-06, 2.95518E-06, 2.65289E-06, 3.79471E-03
139, 7.31633E-05, 6.79556E-05, 3.47892E-05, 4.70663E-05, 4.75646E-06, 2.93450E-06, 2.64332E-06, 3.82676E-03
140, 7.00996E-05, 7.00746E-05, 3.52959E-05, 4.69259E-05, 4.76376E-06, 2.91405E-06, 2.63377E-06, 3.85245E-03
141, 6.70557E-05, 7.20943E-05, 3.57806E-05, 4.67150E-05, 4.77138E-06, 2.89357E-06, 2.62437E-06, 3.87181E-03
142, 6.42329E-05, 7.40021E-05, 3.62431E-05, 4.64370E-05, 4.78102E-06, 2.87343E-06, 2.61467E-06, 3.88488E-03
143, 6.46517E-05, 7.57854E-05, 3.66831E-05, 4.60952E-05, 4.79080E-06, 2.85327E-06, 2.60458E-06, 3.89176E-03
144, 6.50254E-05, 7.74319E-05, 3.71005E-05, 4.56930E-05, 4.80025E-06, 2.83286E-06, 2.59417E-06, 3.89254E-03
145, 6.53564E-05, 7.89298E-05, 3.78191E-05, 4.52335E-05, 4.80954E-06, 2.81251E-06, 2.58351E-06, 3.88737E-03
146, 6.58837E-05, 8.02676E-05, 3.86468E-05, 4.47202E-05, 4.81890E-06, 2.79235E-06, 2.57263E-06, 3.87637E-03
147, 6.95439E-05, 8.14346E-05, 3.94471E-05, 4.43017E-05, 4.82836E-06, 2.77190E-06, 2.56180E-06, 3.87248E-03
148, 7.32022E-05, 8.25071E-05, 4.02186E-05, 4.40754E-05, 4.83819E-06, 2.75144E-06, 2.55077E-06, 3.88444E-03
149, 7.68471E-05, 8.36653E-05, 4.09602E-05, 4.37849E-05, 4.84722E-06, 2.73190E-06, 2.53963E-06, 3.88994E-03
150, 8.04673E-05, 8.46419E-05, 4.16705E-05, 4.34338E-05, 4.85554E-06, 2.71310E-06, 2.52808E-06, 3.88915E-03
151, 8.40520E-05, 8.54297E-05, 4.23483E-05, 4.30252E-05, 4.86319E-06, 2.69489E-06, 2.51624E-06, 3.88224E-03
152, 8.75904E-05, 8.60225E-05, 4.29921E-05, 4.25623E-05, 4.87062E-06, 2.67638E-06, 2.50397E-06, 3.86943E-03
153, 9.10724E-05, 8.64157E-05, 4.36007E-05, 4.20483E-05, 4.87744E-06, 2.65775E-06, 2.49136E-06, 3.85089E-03
154, 9.44881E-05, 8.66057E-05, 4.44604E-05, 4.14864E-05, 4.88415E-06, 2.63937E-06, 2.47863E-06, 3.82683E-03
155, 9.78279E-05, 8.65904E-05, 4.58542E-05, 4.08796E-05, 4.89058E-06, 2.62115E-06, 2.46557E-06, 3.79748E-03
156, 1.01083E-04, 8.63686E-05, 4.72229E-05, 4.02530E-05, 4.89702E-06, 2.60283E-06, 2.45240E-06, 3.76509E-03
157, 1.04244E-04, 8.59408E-05, 4.85646E-05, 3.99238E-05, 4.90301E-06, 2.58427E-06, 2.43895E-06, 3.75953E-03
158, 1.07302E-04, 8.53084E-05, 4.98775E-05, 3.95785E-05, 4.90870E-06, 2.56520E-06, 2.42546E-06, 3.75164E-03
159, 1.10250E-04, 8.44740E-05, 5.11599E-05, 4.08333E-05, 4.91413E-06, 2.54573E-06, 2.41176E-06, 3.89560E-03
160, 1.13080E-04, 8.34413E-05, 5.24098E-05, 4.20658E-05, 4.91946E-06, 2.52639E-06, 2.39786E-06, 4.03854E-03
161, 1.15785E-04, 8.22148E-05, 5.36256E-05, 4.32718E-05, 4.92480E-06, 2.50691E-06, 2.38366E-06, 4.17997E-03
162, 1.18357E-04, 8.07999E-05, 5.48055E-05, 4.44472E-05, 4.92964E-06, 2.48773E-06, 2.36936E-06, 4.31942E-03
163, 1.21296E-04, 7.92933E-05, 5.59478E-05, 4.55880E-05, 4.93323E-06, 2.46812E-06, 2.35509E-06, 4.45637E-03
164, 1.24469E-04, 7.79645E-05, 5.70508E-05, 4.66904E-05, 4.93654E-06, 2.44828E-06, 2.34091E-06, 4.59034E-03
165, 1.27532E-04, 7.64697E-05, 5.81129E-05, 4.77504E-05, 4.93897E-06, 2.42799E-06, 2.32642E-06, 4.72085E-03
166, 1.30477E-04, 7.48141E-05, 5.91323E-05, 4.87644E-05, 4.94051E-06, 2.40750E-06, 2.31144E-06, 4.84740E-03
167, 1.33295E-04, 7.30028E-05, 6.01074E-05, 4.97291E-05, 4.94081E-06, 2.38704E-06, 2.29645E-06, 4.96954E-03
168, 1.35980E-04, 7.10414E-05, 6.10365E-05, 5.06409E-05, 4.94085E-06, 2.36654E-06, 2.28204E-06, 5.08681E-03
169, 1.38523E-04, 6.89353E-05, 6.19180E-05, 5.14969E-05, 4.94004E-06, 2.34581E-06, 2.26783E-06, 5.19877E-03
170, 1.40918E-04, 6.86495E-05, 6.27503E-05, 5.22941E-05, 4.93739E-06, 2.32522E-06, 2.25348E-06, 5.30502E-03
171, 1.43159E-04, 6.88616E-05, 6.35318E-05, 5.30298E-05, 4.93367E-06, 2.30495E-06, 2.23876E-06, 5.40517E-03
172, 1.45239E-04, 6.89699E-05, 6.42607E-05, 5.37015E-05, 4.92890E-06, 2.28520E-06, 2.22412E-06, 5.49887E-03
173, 1.47152E-04, 7.00277E-05, 6.49357E-05, 5.43072E-05, 4.92402E-06, 2.26500E-06, 2.20928E-06, 5.58580E-03
174, 1.48892E-04, 7.30837E-05, 6.55551E-05, 5.48447E-05, 4.91847E-06, 2.24506E-06, 2.19439E-06, 5.66569E-03
175, 1.50455E-04, 7.60993E-05, 6.61181E-05, 5.53125E-05, 4.91216E-06, 2.22594E-06, 2.17968E-06, 5.73828E-03
176, 1.51835E-04, 7.91565E-05, 6.66252E-05, 5.57091E-05, 4.90542E-06, 2.20732E-06, 2.16504E-06, 5.80337E-03
177, 1.53029E-04, 8.26320E-05, 6.70722E-05, 5.60333E-05, 4.89814E-06, 2.18947E-06, 2.15048E-06, 5.86081E-03
178, 1.54032E-04, 8.60321E-05, 6.74577E-05, 5.62842E-05, 4.88963E-06, 2.17188E-06, 2.13615E-06, 5.91046E-03
179, 1.54841E-04, 8.93485E-05, 6.77804E-05, 5.64613E-05, 4.88021E-06, 2.15452E-06, 2.12182E-06, 5.95224E-03
180, 1.55811E-04, 9.25731E-05, 6.86894E-05, 5.65642E-05, 4.86973E-06, 2.13798E-06, 2.10744E-06, 5.98610E-03
181, 1.56561E-04, 9.56981E-05, 6.98357E-05, 5.65928E-05, 4.85780E-06, 2.12138E-06, 2.09301E-06, 6.01204E-03
182, 1.57085E-04, 9.87159E-05, 7.09134E-05, 5.65473E-05, 4.84519E-06, 2.10516E-06, 2.07864E-06, 6.03007E-03
183, 1.57381E-04, 1.01620E-04, 7.19195E-05, 5.64281E-05, 4.83229E-06, 2.08936E-06, 2.06458E-06, 6.04023E-03
184, 1.57449E-04, 1.04402E-04, 7.28515E-05, 5.62358E-05, 4.81859E-06, 2.07375E-06, 2.05065E-06, 6.04261E-03
185, 1.57287E-04, 1.07058E-04, 7.37066E-05, 5.59715E-05, 4.80394E-06, 2.05834E-06, 2.03701E-06, 6.03731E-03
186, 1.56895E-04, 1.09580E-04, 7.44824E-05, 5.56363E-05, 4.78804E-06, 2.04375E-06, 2.02339E-06, 6.02443E-03
187, 1.56274E-04, 1.11964E-04, 7.51765E-05, 5.52315E-05, 4.77112E-06, 2.02907E-06, 2.01000E-06, 6.00412E-03
188, 1.55427E-04, 1.14205E-04, 7.57866E-05, 5.47586E-05, 4.75291E-06, 2.01465E-06, 1.99680E-06, 5.97652E-03
189, 1.56193E-04, 1.16298E-04, 7.63108E-05, 5.42196E-05, 4.73443E-06, 2.00110E-06, 1.98361E-06, 5.94180E-03
190, 1.56910E-04, 1.18246E-04, 7.67469E-05, 5.36163E-05, 4.71558E-06, 1.98823E-06, 1.97034E-06, 5.90012E-03
191, 1.57434E-04, 1.20039E-04, 7.70933E-05, 5.29508E-05, 4.69560E-06, 1.97599E-06, 1.95736E-06, 5.85166E-03
192, 1.57763E-04, 1.21674E-04, 7.73482E-05, 5.22255E-05, 4.67436E-06, 1.96451E-06, 1.94470E-06, 5.79662E-03
193, 1.57895E-04, 1.23151E-04, 7.75103E-05, 5.14427E-05, 4.65237E-06, 1.95354E-06, 1.93199E-06, 5.73517E-03
194, 1.57826E-04, 1.24466E-04, 7.75781E-05, 5.06051E-05, 4.62917E-06, 1.94296E-06, 1.91905E-06, 5.66752E-03
195, 1.57557E-04, 1.25619E-04, 7.75506E-05, 4.97152E-05, 4.60498E-06, 1.93260E-06, 1.90629E-06, 5.59387E-03
196, 1.57086E-04, 1.26609E-04, 7.74269E-05, 4.87760E-05, 4.58000E-06, 1.92280E-06, 1.89365E-06, 5.51443E-03
197, 1.56413E-04, 1.27438E-04, 7.72062E-05, 4.77902E-05, 4.55450E-06, 1.91339E-06, 1.88107E-06, 5.42940E-03
198, 1.55538E-04, 1.28104E-04, 7.68927E-05, 4.67609E-05, 4.52843E-06, 1.90411E-06, 1.86853E-06, 5.33900E-03
199, 1.54463E-04, 1.28610E-04, 7.64830E-05, 4.56909E-05, 4.50220E-06, 1.89490E-06, 1.85621E-06, 5.24346E-03
200, 1.53189E-04, 1.28957E-04, 7.59755E-05, 4.45835E-05, 4.47620E-06, 1.88562E-06, 1.84401E-06, 5.14301E-03
201, 1.51718E-04, 1.29147E-04, 7.53705E-05, 4.34418E-05, 4.45054E-06, 1.87684E-06, 1.83187E-06, 5.03787E-03
202, 1.50054E-04, 1.29183E-04, 7.46685E-05, 4.22688E-05, 4.42565E-06, 1.86806E-06, 1.81973E-06, 4.92828E-03
203, 1.48200E-04, 1.29068E-04, 7.38703E-05, 4.10677E-05, 4.40170E-06, 1.85904E-06, 1.80769E-06, 4.81449E-03
204, 1.46160E-04, 1.28806E-04, 7.29770E-05, 3.98418E-05, 4.37862E-06, 1.85013E-06, 1.79578E-06, 4.69676E-03
205, 1.43939E-04, 1.28400E-04, 7.19899E-05, 3.85941E-05, 4.35523E-06, 1.84155E-06, 1.78389E-06, 4.57533E-03
206, 1.41543E-04, 1.27855E-04, 7.09108E-05, 3.73279E-05, 4.33230E-06, 1.83328E-06, 1.77188E-06, 4.45047E-03
207, 1.41202E-04, 1.27175E-04, 6.97418E-05, 3.60462E-05, 4.30905E-06, 1.82518E-06, 1.75996E-06, 4.32245E-03
208, 1.40896E-04, 1.26366E-04, 6.87854E-05, 3.47522E-05, 4.28515E-06, 1.81728E-06, 1.74835E-06, 4.19154E-03
209, 1.40448E-04, 1.25433E-04, 6.79867E-05, 3.34489E-05, 4.26190E-06, 1.80973E-06, 1.73678E-06, 4.05803E-03
210, 1.39859E-04, 1.24381E-04, 6.74658E-05, 3.21394E-05, 4.23797E-06, 1.80230E-06, 1.72520E-06, 3.92219E-03
211, 1.39130E-04, 1.23215E-04, 6.69600E-05, 3.08265E-05, 4.21333E-06, 1.79530E-06, 1.71363E-06, 3.78432E-03
212, 1.38264E-04, 1.21942E-04, 6.63807E-05, 2.95131E-05, 4.18879E-06, 1.78881E-06, 1.70217E-06, 3.64470E-03
213, 1.37262E-04, 1.20568E-04, 6.57277E-05, 2.82021E-05, 4.16410E-06, 1.78266E-06, 1.69091E-06, 3.50363E-03
214, 1.36126E-04, 1.19240E-04, 6.50010E-05, 2.68961E-05, 4.13911E-06, 1.77671E-06, 1.67983E-06, 3.36141E-03
215, 1.34859E-04, 1.18009E-04, 6.42008E-05, 2.55978E-05, 4.11453E-06, 1.77129E-06, 1.66885E-06, 3.21833E-03
216, 1.33465E-04, 1.16679E-04, 6.33275E-05, 2.43097E-05, 4.08976E-06, 1.76647E-06, 1.65808E-06, 3.07469E-03
217, 1.31945E-04, 1.15253E-04, 6.23820E-05, 2.31410E-05, 4.06493E-06, 1.76203E-06, 1.64744E-06, 2.94438E-03
218, 1.30303E-04, 1.13737E-04, 6.13652E-05, 2.21183E-05, 4.03976E-06, 1.75770E-06, 1.63693E-06, 2.83103E-03
219, 1.28543E-04, 1.12135E-04, 6.02785E-05, 2.10931E-05, 4.01497E-06, 1.75355E-06, 1.62650E-06, 2.71583E-03
220, 1.26669E-04, 1.10450E-04, 5.91234E-05, 2.00672E-05, 3.99003E-06, 1.74957E-06, 1.61610E-06, 2.59900E-03
221, 1.24685E-04, 1.08688E-04, 5.79019E-05, 1.90425E-05, 3.96545E-06, 1.74552E-06, 1.60575E-06, 2.48075E-03
222, 1.22596E-04, 1.06853E-04, 5.66160E-05, 1.80208E-05, 3.94095E-06, 1.74124E-06, 1.59552E-06, 2.36131E-03
223, 1.20404E-04, 1.04951E-04, 5.52684E-05, 1.70040E-05, 3.91675E-06, 1.73650E-06, 1.58552E-06, 2.24092E-03
224, 1.18116E-04, 1.02984E-04, 5.38617E-05, 1.59938E-05, 3.89315E-06, 1.73140E-06, 1.57560E-06, 2.11982E-03
225, 1.15736E-04, 1.00960E-04, 5.23991E-05, 1.49920E-05, 3.87015E-06, 1.72620E-06, 1.56589E-06, 1.99827E-03
226, 1.13269E-04, 9.88817E-05, 5.08839E-05, 1.40005E-05, 3.84803E-06, 1.72075E-06, 1.55632E-06, 1.87653E-03
227, 1.10719E-04, 9.67546E-05, 4.93197E-05, 1.38108E-05, 3.82638E-06, 1.71503E-06, 1.54686E-06, 1.86130E-03
228, 1.08093E-04, 9.45834E-05, 4.77104E-05, 1.37351E-05, 3.80433E-06, 1.70895E-06, 1.53759E-06, 1.86117E-03
229, 1.05394E-04, 9.23729E-05, 4.60601E-05, 1.37112E-05, 3.78191E-06, 1.70234E-06, 1.52856E-06, 1.86789E-03
230, 1.02629E-04, 9.01277E-05, 4.43731E-05, 1.39149E-05, 3.75893E-06, 1.69542E-06, 1.51941E-06, 1.90565E-03
231, 9.98035E-05, 8.78524E-05, 4.26540E-05, 1.41179E-05, 3.73573E-06, 1.68860E-06, 1.51037E-06, 1.94349E-03
232, 9.69220E-05, 8.55516E-05, 4.09075E-05, 1.43200E-05, 3.71248E-06, 1.68177E-06, 1.50157E-06, 1.98140E-03
233, 9.39904E-05, 8.32296E-05, 3.93844E-05, 1.45210E-05, 3.68911E-06, 1.67453E-06, 1.49325E-06, 2.01932E-03
234, 9.10144E-05, 8.08907E-05, 3.83266E-05, 1.47208E-05, 3.66583E-06, 1.66685E-06, 1.48506E-06, 2.05725E-03
235, 9.03623E-05, 7.85390E-05, 3.72316E-05, 1.49193E-05, 3.64264E-06, 1.65894E-06, 1.47690E-06, 2.09516E-03
236, 9.07815E-05, 7.61786E-05, 3.61017E-05, 1.51164E-05, 3.61932E-06, 1.65086E-06, 1.46895E-06, 2.13302E-03
237, 9.11113E-05, 7.38134E-05, 3.49394E-05, 1.53118E-05, 3.59627E-06, 1.64264E-06, 1.46124E-06, 2.17081E-03
238, 9.13492E-05, 7.14471E-05, 3.37473E-05, 1.55439E-05, 3.57316E-06, 1.63407E-06, 1.45363E-06, 2.21399E-03
239, 9.14927E-05, 6.90832E-05, 3.25282E-05, 1.57914E-05, 3.55018E-06, 1.62527E-06, 1.44620E-06, 2.25959E-03
240, 9.15396E-05, 6.67252E-05, 3.12852E-05, 1.60352E-05, 3.52697E-06, 1.61627E-06, 1.43878E-06, 2.30491E-03
241, 9.16270E-05, 6.43764E-05, 3.00212E-05, 1.62752E-05, 3.50364E-06, 1.60683E-06, 1.43139E-06, 2.34994E-03
242, 9.19247E-05, 6.20836E-05, 2.87395E-05, 1.65114E-05, 3.48041E-06, 1.59712E-06, 1.42421E-06, 2.39467E-03
243, 9.21317E-05, 6.00905E-05, 2.76803E-05, 1.67437E-05, 3.45731E-06, 1.58720E-06, 1.41723E-06, 2.43911E-03
244, 9.22454E-05, 5.80829E-05, 2.76409E-05, 1.69720E-05, 3.43428E-06, 1.57720E-06, 1.41061E-06, 2.48326E-03
245, 9.22634E-05, 5.60662E-05, 2.75792E-05, 1.71964E-05, 3.41098E-06, 1.56690E-06, 1.40419E-06, 2.52712E-03
246, 9.21834E-05, 5.40458E-05, 2.74945E-05, 1.74168E-05, 3.38730E-06, 1.55648E-06, 1.39776E-06, 2.57071E-03
247, 9.20028E-05, 5.20266E-05, 2.73865E-05, 1.76331E-05, 3.36327E-06, 1.54600E-06, 1.39148E-06, 2.61402E-03
248, 9.17192E-05, 5.00136E-05, 2.72549E-05, 1.78454E-05, 3.33943E-06, 1.53551E-06, 1.38534E-06, 2.65708E-03
249, 9.13301E-05, 4.80117E-05, 2.70995E-05, 1.80535E-05, 3.31600E-06, 1.52492E-06, 1.37939E-06, 2.69988E-03
250, 9.08331E-05, 4.60253E-05, 2.69202E-05, 1.82576E-05, 3.29243E-06, 1.51421E-06, 1.37368E-06, 2.74245E-03
