time_step, rel_err_u, rel_err_v, rel_err_w, rel_err_p, rel_err_u_m, rel_err_v_m, rel_err_w_m, rel_err_p_m
0, 0.00000E+00, 0.00000E+00, 0.00000E+00, 0.00000E+00, 0.00000E+00, 0.00000E+00, 0.00000E+00, 5.81675E-06
1, 7.17952E-04, 5.47266E-04, 5.51666E-04, 8.75836E-03, 2.71021E-05, 3.06325E-05, 2.28501E-05, 6.82075E+00
2, 5.14431E-04, 5.03864E-04, 3.20574E-04, 3.37188E-02, 9.28195E-06, 8.23723E-06, 6.56788E-06, 9.56653E+00
3, 4.22906E-04, 3.25364E-04, 3.30501E-04, 3.59948E-04, 9.18317E-06, 7.91249E-06, 6.46999E-06, 3.18713E-02
4, 7.63641E-05, 3.66769E-05, 2.90290E-05, 6.57294E-04, 2.04148E-06, 1.61832E-06, 1.12507E-06, 1.37654E-01
5, 6.86440E-05, 3.92841E-05, 2.84901E-05, 1.83134E-04, 2.25419E-06, 1.75535E-06, 1.23464E-06, 3.79499E-02
6, 7.03864E-05, 3.84137E-05, 2.83168E-05, 4.51154E-05, 2.08702E-06, 1.62802E-06, 1.12172E-06, 9.44884E-03
7, 7.14347E-05, 3.86536E-05, 2.81849E-05, 1.83549E-05, 2.08550E-06, 1.61976E-06, 1.11629E-06, 3.84123E-03
8, 7.14383E-05, 3.87709E-05, 2.78024E-05, 1.53549E-05, 2.05642E-06, 1.60259E-06, 1.10262E-06, 3.21874E-03
9, 7.24768E-05, 3.87255E-05, 2.71717E-05, 1.45159E-05, 2.03355E-06, 1.58870E-06, 1.09136E-06, 3.04687E-03
10, 7.49994E-05, 3.85382E-05, 2.63022E-05, 1.41377E-05, 2.01047E-06, 1.57456E-06, 1.07949E-06, 2.97175E-03
11, 7.69212E-05, 3.84766E-05, 2.59575E-05, 1.37697E-05, 1.98805E-06, 1.56051E-06, 1.06824E-06, 2.89855E-03
12, 7.81899E-05, 3.96430E-05, 2.58193E-05, 1.37096E-05, 1.96642E-06, 1.54650E-06, 1.05696E-06, 2.89007E-03
13, 7.87620E-05, 4.06816E-05, 2.54431E-05, 1.38216E-05, 1.94513E-06, 1.53286E-06, 1.04607E-06, 2.91793E-03
14, 8.09030E-05, 4.15857E-05, 2.52387E-05, 1.38610E-05, 1.92466E-06, 1.51891E-06, 1.03507E-06, 2.93048E-03
15, 8.33086E-05, 4.23494E-05, 2.49765E-05, 1.38293E-05, 1.90534E-06, 1.50552E-06, 1.02443E-06, 2.92804E-03
16, 8.51172E-05, 4.29675E-05, 2.45360E-05, 1.37279E-05, 1.88563E-06, 1.49287E-06, 1.01450E-06, 2.91076E-03
17, 8.62908E-05, 4.34356E-05, 2.49405E-05, 1.35600E-05, 1.86663E-06, 1.48060E-06, 1.00494E-06, 2.87926E-03
18, 8.67994E-05, 4.37509E-05, 2.65650E-05, 1.33295E-05, 1.84845E-06, 1.46867E-06, 9.95645E-07, 2.83430E-03
19, 8.83335E-05, 4.39111E-05, 2.81678E-05, 1.30410E-05, 1.82980E-06, 1.45697E-06, 9.86720E-07, 2.77681E-03
20, 9.12523E-05, 4.39147E-05, 2.97342E-05, 1.29740E-05, 1.81093E-06, 1.44504E-06, 9.77994E-07, 2.76630E-03
21, 9.35323E-05, 4.37619E-05, 3.12480E-05, 1.29609E-05, 1.79208E-06, 1.43333E-06, 9.69203E-07, 2.76717E-03
22, 9.51240E-05, 4.34538E-05, 3.26917E-05, 1.28823E-05, 1.77443E-06, 1.42209E-06, 9.60596E-07, 2.75394E-03
23, 9.59858E-05, 4.29930E-05, 3.40492E-05, 1.27418E-05, 1.75704E-06, 1.41134E-06, 9.51832E-07, 2.72731E-03
24, 9.60852E-05, 4.23829E-05, 3.53046E-05, 1.25437E-05, 1.73966E-06, 1.40093E-06, 9.43534E-07, 2.68814E-03
25, 9.53994E-05, 4.16284E-05, 3.64428E-05, 1.22929E-05, 1.72261E-06, 1.39050E-06, 9.35366E-07, 2.63743E-03
26, 9.39158E-05, 4.16275E-05, 3.74494E-05, 1.21939E-05, 1.70530E-06, 1.37994E-06, 9.27165E-07, 2.61909E-03
27, 9.60447E-05, 4.24840E-05, 3.83110E-05, 1.20534E-05, 1.68876E-06, 1.36948E-06, 9.19098E-07, 2.59163E-03
28, 9.76978E-05, 4.31958E-05, 3.90156E-05, 1.18906E-05, 1.67213E-06, 1.35901E-06, 9.10645E-07, 2.55917E-03
29, 9.95681E-05, 4.37581E-05, 3.95527E-05, 1.20232E-05, 1.65612E-06, 1.34895E-06, 9.02511E-07, 2.59011E-03
30, 1.03952E-04, 4.41672E-05, 3.99130E-05, 1.20895E-05, 1.64021E-06, 1.33911E-06, 8.94911E-07, 2.60665E-03
31, 1.07740E-04, 4.44215E-05, 4.00892E-05, 1.20917E-05, 1.62361E-06, 1.32963E-06, 8.87332E-07, 2.60920E-03
32, 1.10871E-04, 4.45185E-05, 4.00758E-05, 1.20326E-05, 1.60747E-06, 1.31985E-06, 8.79784E-07, 2.59835E-03
33, 1.13293E-04, 4.44580E-05, 4.13738E-05, 1.19159E-05, 1.59346E-06, 1.31016E-06, 8.72515E-07, 2.57486E-03
34, 1.14959E-04, 4.42411E-05, 4.32111E-05, 1.17460E-05, 1.57903E-06, 1.30105E-06, 8.65659E-07, 2.53965E-03
35, 1.15830E-04, 4.38699E-05, 4.48991E-05, 1.15277E-05, 1.56503E-06, 1.29176E-06, 8.58930E-07, 2.49375E-03
36, 1.15877E-04, 4.33478E-05, 4.64194E-05, 1.12663E-05, 1.55078E-06, 1.28221E-06, 8.52286E-07, 2.43828E-03
37, 1.15077E-04, 4.26795E-05, 4.77551E-05, 1.09672E-05, 1.53668E-06, 1.27292E-06, 8.45578E-07, 2.37443E-03
38, 1.15803E-04, 4.19514E-05, 4.88908E-05, 1.06359E-05, 1.52205E-06, 1.26435E-06, 8.38726E-07, 2.30340E-03
39, 1.18197E-04, 4.15368E-05, 4.98131E-05, 1.02781E-05, 1.50800E-06, 1.25576E-06, 8.31982E-07, 2.22638E-03
40, 1.19817E-04, 4.09853E-05, 5.05107E-05, 1.02845E-05, 1.49407E-06, 1.24714E-06, 8.25554E-07, 2.22810E-03
41, 1.20619E-04, 4.11681E-05, 5.09742E-05, 1.04720E-05, 1.48061E-06, 1.23873E-06, 8.19201E-07, 2.26888E-03
42, 1.20569E-04, 4.15294E-05, 5.11966E-05, 1.06019E-05, 1.46770E-06, 1.23047E-06, 8.13041E-07, 2.29700E-03
43, 1.19641E-04, 4.17529E-05, 5.11734E-05, 1.06758E-05, 1.45395E-06, 1.22213E-06, 8.07131E-07, 2.31284E-03
44, 1.17818E-04, 4.18395E-05, 5.09020E-05, 1.06963E-05, 1.44078E-06, 1.21383E-06, 8.01578E-07, 2.31691E-03
45, 1.15093E-04, 4.17916E-05, 5.03827E-05, 1.06661E-05, 1.42775E-06, 1.20606E-06, 7.96204E-07, 2.30984E-03
46, 1.15778E-04, 4.16120E-05, 4.96177E-05, 1.05887E-05, 1.41484E-06, 1.19862E-06, 7.91053E-07, 2.29238E-03
47, 1.18290E-04, 4.15868E-05, 4.92313E-05, 1.04678E-05, 1.40306E-06, 1.19108E-06, 7.85613E-07, 2.26535E-03
48, 1.20240E-04, 4.14493E-05, 5.09022E-05, 1.03073E-05, 1.39077E-06, 1.18315E-06, 7.79988E-07, 2.22961E-03
49, 1.21617E-04, 4.12304E-05, 5.23266E-05, 1.01113E-05, 1.37907E-06, 1.17487E-06, 7.74222E-07, 2.18606E-03
50, 1.26020E-04, 4.20626E-05, 5.34897E-05, 9.88370E-06, 1.36771E-06, 1.16673E-06, 7.68637E-07, 2.13560E-03
51, 1.30418E-04, 4.39678E-05, 5.43795E-05, 9.70386E-06, 1.35712E-06, 1.15905E-06, 7.63123E-07, 2.09535E-03
52, 1.34202E-04, 4.58440E-05, 5.49862E-05, 9.95162E-06, 1.34677E-06, 1.15165E-06, 7.57742E-07, 2.14727E-03
53, 1.37341E-04, 4.76833E-05, 5.53030E-05, 1.01475E-05, 1.33592E-06, 1.14424E-06, 7.52617E-07, 2.18778E-03
54, 1.39810E-04, 4.94775E-05, 5.53258E-05, 1.02856E-05, 1.32451E-06, 1.13686E-06, 7.47450E-07, 2.21563E-03
55, 1.41591E-04, 5.12185E-05, 5.50533E-05, 1.03652E-05, 1.31322E-06, 1.12917E-06, 7.42278E-07, 2.23070E-03
56, 1.42672E-04, 5.28978E-05, 5.44868E-05, 1.03865E-05, 1.30196E-06, 1.12145E-06, 7.37286E-07, 2.23305E-03
57, 1.43047E-04, 5.45066E-05, 5.36306E-05, 1.03500E-05, 1.29061E-06, 1.11368E-06, 7.32254E-07, 2.22283E-03
58, 1.42716E-04, 5.60363E-05, 5.42801E-05, 1.04598E-05, 1.27845E-06, 1.10590E-06, 7.27001E-07, 2.24386E-03
59, 1.44847E-04, 5.74779E-05, 5.67746E-05, 1.08640E-05, 1.26698E-06, 1.09823E-06, 7.21518E-07, 2.32778E-03
60, 1.47887E-04, 5.88226E-05, 5.89910E-05, 1.12185E-05, 1.25686E-06, 1.09052E-06, 7.15988E-07, 2.40071E-03
61, 1.50223E-04, 6.00613E-05, 6.09097E-05, 1.15204E-05, 1.24645E-06, 1.08278E-06, 7.10647E-07, 2.46205E-03
62, 1.51834E-04, 6.11852E-05, 6.25136E-05, 1.17672E-05, 1.23614E-06, 1.07514E-06, 7.06283E-07, 2.51132E-03
63, 1.52709E-04, 6.21852E-05, 6.37882E-05, 1.19570E-05, 1.22546E-06, 1.06800E-06, 7.02163E-07, 2.54815E-03
64, 1.52843E-04, 6.30526E-05, 6.47223E-05, 1.20884E-05, 1.21483E-06, 1.06099E-06, 6.98287E-07, 2.57227E-03
65, 1.52238E-04, 6.37788E-05, 6.53074E-05, 1.21605E-05, 1.20486E-06, 1.05450E-06, 6.94320E-07, 2.58355E-03
66, 1.50901E-04, 6.43557E-05, 6.55380E-05, 1.21729E-05, 1.19404E-06, 1.04811E-06, 6.90256E-07, 2.58198E-03
67, 1.48847E-04, 6.47751E-05, 6.54119E-05, 1.21257E-05, 1.18305E-06, 1.04231E-06, 6.86379E-07, 2.56765E-03
68, 1.46099E-04, 6.50298E-05, 6.49297E-05, 1.21213E-05, 1.17169E-06, 1.03653E-06, 6.82561E-07, 2.56223E-03
69, 1.42682E-04, 6.51127E-05, 6.40950E-05, 1.20760E-05, 1.16010E-06, 1.03072E-06, 6.78652E-07, 2.54806E-03
70, 1.42406E-04, 6.50187E-05, 6.29142E-05, 1.19625E-05, 1.14874E-06, 1.02485E-06, 6.74829E-07, 2.51942E-03
71, 1.41613E-04, 6.47450E-05, 6.13964E-05, 1.17828E-05, 1.13769E-06, 1.01926E-06, 6.70998E-07, 2.47683E-03
72, 1.40089E-04, 6.42836E-05, 5.95534E-05, 1.15394E-05, 1.12646E-06, 1.01380E-06, 6.66942E-07, 2.42088E-03
73, 1.37844E-04, 6.36307E-05, 5.73995E-05, 1.12352E-05, 1.11523E-06, 1.00838E-06, 6.62603E-07, 2.35231E-03
74, 1.39270E-04, 6.27836E-05, 5.49510E-05, 1.08739E-05, 1.10480E-06, 1.00304E-06, 6.58038E-07, 2.27192E-03
75, 1.42194E-04, 6.17408E-05, 5.22264E-05, 1.04590E-05, 1.09415E-06, 9.98009E-07, 6.53617E-07, 2.18059E-03
76, 1.44556E-04, 6.05018E-05, 5.15038E-05, 1.06464E-05, 1.08373E-06, 9.92772E-07, 6.49160E-07, 2.21482E-03
77, 1.46333E-04, 5.90676E-05, 5.36128E-05, 1.11055E-05, 1.07293E-06, 9.87438E-07, 6.44761E-07, 2.30517E-03
78, 1.47509E-04, 5.74402E-05, 5.54631E-05, 1.15021E-05, 1.06206E-06, 9.82163E-07, 6.40820E-07, 2.38203E-03
79, 1.48070E-04, 5.56231E-05, 5.70457E-05, 1.18351E-05, 1.05147E-06, 9.77182E-07, 6.37114E-07, 2.44527E-03
80, 1.48008E-04, 5.36209E-05, 5.83503E-05, 1.21042E-05, 1.04101E-06, 9.72611E-07, 6.33428E-07, 2.49492E-03
81, 1.47319E-04, 5.14397E-05, 5.93715E-05, 1.23097E-05, 1.03036E-06, 9.67980E-07, 6.29735E-07, 2.53111E-03
82, 1.46004E-04, 4.90867E-05, 6.01066E-05, 1.24524E-05, 1.02032E-06, 9.63293E-07, 6.26003E-07, 2.55410E-03
83, 1.46897E-04, 4.65703E-05, 6.05549E-05, 1.25337E-05, 1.01066E-06, 9.58473E-07, 6.22187E-07, 2.56427E-03
84, 1.47794E-04, 4.39002E-05, 6.07177E-05, 1.25552E-05, 1.00207E-06, 9.53562E-07, 6.18677E-07, 2.56208E-03
85, 1.47897E-04, 4.43547E-05, 6.05988E-05, 1.25194E-05, 9.92936E-07, 9.48331E-07, 6.15065E-07, 2.54807E-03
86, 1.47223E-04, 4.53457E-05, 6.02039E-05, 1.24286E-05, 9.83658E-07, 9.43208E-07, 6.11563E-07, 2.52287E-03
87, 1.45796E-04, 4.61939E-05, 5.95404E-05, 1.22859E-05, 9.74646E-07, 9.38761E-07, 6.08251E-07, 2.48714E-03
88, 1.43641E-04, 4.68945E-05, 5.86176E-05, 1.20942E-05, 9.65437E-07, 9.34591E-07, 6.04978E-07, 2.44161E-03
89, 1.43788E-04, 4.74438E-05, 5.74467E-05, 1.18570E-05, 9.56491E-07, 9.30239E-07, 6.01907E-07, 2.38703E-03
90, 1.48276E-04, 4.78388E-05, 5.60400E-05, 1.15776E-05, 9.47798E-07, 9.25804E-07, 5.99135E-07, 2.32416E-03
91, 1.52072E-04, 4.80778E-05, 5.44113E-05, 1.12596E-05, 9.39841E-07, 9.21107E-07, 5.96180E-07, 2.25380E-03
92, 1.55163E-04, 4.81595E-05, 5.25757E-05, 1.09064E-05, 9.31916E-07, 9.16325E-07, 5.93077E-07, 2.17672E-03
93, 1.57540E-04, 4.80841E-05, 5.05491E-05, 1.05217E-05, 9.24610E-07, 9.11407E-07, 5.89880E-07, 2.09370E-03
94, 1.59201E-04, 4.78522E-05, 4.83484E-05, 1.01089E-05, 9.18300E-07, 9.06563E-07, 5.86697E-07, 2.00550E-03
95, 1.60146E-04, 4.74657E-05, 4.59912E-05, 9.67142E-06, 9.11747E-07, 9.01775E-07, 5.83473E-07, 1.91286E-03
96, 1.60382E-04, 4.69271E-05, 4.34955E-05, 9.21269E-06, 9.05113E-07, 8.96941E-07, 5.80152E-07, 1.81648E-03
97, 1.59918E-04, 4.62397E-05, 4.08797E-05, 8.73587E-06, 8.98527E-07, 8.92026E-07, 5.76782E-07, 1.71706E-03
98, 1.58769E-04, 4.54107E-05, 3.81625E-05, 8.24406E-06, 8.91853E-07, 8.87652E-07, 5.73617E-07, 1.61523E-03
99, 1.56953E-04, 4.44430E-05, 3.53626E-05, 7.74020E-06, 8.85776E-07, 8.83468E-07, 5.70446E-07, 1.51162E-03
100, 1.54493E-04, 4.33411E-05, 3.49824E-05, 7.22709E-06, 8.79641E-07, 8.79344E-07, 5.67521E-07, 1.40680E-03
101, 1.51413E-04, 4.21112E-05, 3.66855E-05, 6.70739E-06, 8.73566E-07, 8.75140E-07, 5.64674E-07, 1.30131E-03
102, 1.47742E-04, 4.07601E-05, 3.81318E-05, 6.18361E-06, 8.67419E-07, 8.70862E-07, 5.61802E-07, 1.19566E-03
103, 1.43511E-04, 3.92952E-05, 3.93200E-05, 6.31726E-06, 8.61704E-07, 8.66771E-07, 5.58838E-07, 1.21735E-03
104, 1.38756E-04, 3.77241E-05, 4.02508E-05, 6.58052E-06, 8.56168E-07, 8.62605E-07, 5.55832E-07, 1.26372E-03
105, 1.33512E-04, 3.74890E-05, 4.09263E-05, 6.80681E-06, 8.50910E-07, 8.58370E-07, 5.52733E-07, 1.30261E-03
106, 1.27817E-04, 3.74959E-05, 4.13507E-05, 6.99619E-06, 8.47005E-07, 8.54082E-07, 5.49576E-07, 1.33413E-03
107, 1.21713E-04, 3.74086E-05, 4.15296E-05, 7.14894E-06, 8.43192E-07, 8.49621E-07, 5.46417E-07, 1.35838E-03
108, 1.15242E-04, 3.72308E-05, 4.14699E-05, 7.26552E-06, 8.39376E-07, 8.45001E-07, 5.43290E-07, 1.37554E-03
109, 1.08445E-04, 3.69664E-05, 4.11802E-05, 7.34659E-06, 8.35541E-07, 8.40485E-07, 5.40080E-07, 1.38580E-03
110, 1.01367E-04, 3.74319E-05, 4.06704E-05, 7.39300E-06, 8.31918E-07, 8.35947E-07, 5.36853E-07, 1.38939E-03
111, 9.52770E-05, 3.91630E-05, 3.99515E-05, 7.40577E-06, 8.29126E-07, 8.31564E-07, 5.33658E-07, 1.38658E-03
112, 9.50675E-05, 4.10930E-05, 3.90354E-05, 7.38608E-06, 8.26118E-07, 8.27272E-07, 5.31092E-07, 1.37766E-03
113, 9.44425E-05, 4.28752E-05, 3.79352E-05, 7.33527E-06, 8.22880E-07, 8.23081E-07, 5.28955E-07, 1.36295E-03
114, 9.34151E-05, 4.45087E-05, 3.66648E-05, 7.25482E-06, 8.19434E-07, 8.18782E-07, 5.26758E-07, 1.34280E-03
115, 9.20001E-05, 4.59931E-05, 3.52387E-05, 7.14635E-06, 8.16175E-07, 8.14496E-07, 5.24590E-07, 1.31756E-03
116, 9.02149E-05, 4.73286E-05, 3.58454E-05, 7.01158E-06, 8.12665E-07, 8.10247E-07, 5.22429E-07, 1.28761E-03
117, 8.80786E-05, 4.85162E-05, 3.63164E-05, 6.85235E-06, 8.09025E-07, 8.06035E-07, 5.20250E-07, 1.25337E-03
118, 8.56119E-05, 4.95574E-05, 3.65805E-05, 6.67058E-06, 8.05311E-07, 8.01944E-07, 5.18167E-07, 1.21522E-03
119, 8.28375E-05, 5.04541E-05, 3.66421E-05, 6.46825E-06, 8.01514E-07, 7.98040E-07, 5.16056E-07, 1.17359E-03
120, 8.35024E-05, 5.12089E-05, 3.65073E-05, 6.24742E-06, 7.97715E-07, 7.94023E-07, 5.14024E-07, 1.12890E-03
121, 8.61020E-05, 5.18249E-05, 3.61831E-05, 6.01017E-06, 7.94139E-07, 7.89774E-07, 5.11968E-07, 1.08156E-03
122, 8.83080E-05, 5.23053E-05, 3.56778E-05, 5.75861E-06, 7.90730E-07, 7.85470E-07, 5.09890E-07, 1.03200E-03
123, 9.01263E-05, 5.26541E-05, 3.50007E-05, 5.49486E-06, 7.87242E-07, 7.81338E-07, 5.07790E-07, 9.80622E-04
124, 9.15644E-05, 5.28752E-05, 3.41620E-05, 5.34410E-06, 7.84023E-07, 7.77447E-07, 5.05660E-07, 9.49713E-04
125, 9.26317E-05, 5.29733E-05, 3.31727E-05, 5.38593E-06, 7.81395E-07, 7.73472E-07, 5.03544E-07, 9.53105E-04
126, 9.33391E-05, 5.29532E-05, 3.20444E-05, 5.42703E-06, 7.78769E-07, 7.69448E-07, 5.01423E-07, 9.56301E-04
127, 9.36990E-05, 5.28203E-05, 3.07895E-05, 5.46604E-06, 7.76013E-07, 7.65364E-07, 4.99370E-07, 9.59066E-04
128, 9.37252E-05, 5.25791E-05, 2.94207E-05, 5.50296E-06, 7.73237E-07, 7.61357E-07, 4.97297E-07, 9.61406E-04
129, 9.34326E-05, 5.22349E-05, 2.79511E-05, 5.53778E-06, 7.70357E-07, 7.57453E-07, 4.95283E-07, 9.63328E-04
130, 9.28371E-05, 5.17931E-05, 2.63940E-05, 5.57051E-06, 7.67423E-07, 7.53471E-07, 4.93269E-07, 9.64838E-04
131, 9.19559E-05, 5.12594E-05, 2.47628E-05, 5.60114E-06, 7.64496E-07, 7.49341E-07, 4.91250E-07, 9.65945E-04
132, 9.08065E-05, 5.06393E-05, 2.46488E-05, 5.62969E-06, 7.61506E-07, 7.45190E-07, 4.89233E-07, 9.66656E-04
133, 8.94074E-05, 4.99385E-05, 2.52880E-05, 5.65615E-06, 7.58488E-07, 7.41057E-07, 4.87202E-07, 9.66979E-04
134, 8.77775E-05, 4.91627E-05, 2.57945E-05, 5.68054E-06, 7.55587E-07, 7.37017E-07, 4.85440E-07, 9.66923E-04
135, 8.59369E-05, 4.83176E-05, 2.61702E-05, 5.70287E-06, 7.52627E-07, 7.33046E-07, 4.83702E-07, 9.66496E-04
136, 8.39051E-05, 4.74088E-05, 2.64186E-05, 5.72752E-06, 7.49650E-07, 7.29063E-07, 4.81985E-07, 9.66446E-04
137, 8.17008E-05, 4.64419E-05, 2.65426E-05, 5.75149E-06, 7.46817E-07, 7.25015E-07, 4.80320E-07, 9.66265E-04
138, 7.93437E-05, 4.54225E-05, 2.65459E-05, 5.77349E-06, 7.44019E-07, 7.21018E-07, 4.78626E-07, 9.65743E-04
139, 7.68533E-05, 4.43559E-05, 2.64335E-05, 5.79354E-06, 7.41384E-07, 7.16981E-07, 4.76966E-07, 9.64888E-04
140, 7.42488E-05, 4.32475E-05, 2.62104E-05, 5.81164E-06, 7.38885E-07, 7.12954E-07, 4.75404E-07, 9.63708E-04
141, 7.15492E-05, 4.21025E-05, 2.58827E-05, 5.83805E-06, 7.36501E-07, 7.08985E-07, 4.73833E-07, 9.63902E-04
142, 6.87730E-05, 4.09259E-05, 2.54566E-05, 5.86883E-06, 7.34118E-07, 7.05040E-07, 4.72229E-07, 9.64810E-04
143, 6.59380E-05, 3.97226E-05, 2.49387E-05, 5.89720E-06, 7.31699E-07, 7.01223E-07, 4.70662E-07, 9.65313E-04
144, 6.30614E-05, 3.84972E-05, 2.43360E-05, 5.92317E-06, 7.29316E-07, 6.97455E-07, 4.69157E-07, 9.65421E-04
145, 6.01599E-05, 3.72542E-05, 2.36559E-05, 5.94677E-06, 7.26981E-07, 6.93682E-07, 4.67650E-07, 9.65144E-04
146, 5.88945E-05, 3.59980E-05, 2.29059E-05, 5.96801E-06, 7.24587E-07, 6.89927E-07, 4.66174E-07, 9.64495E-04
147, 5.76587E-05, 3.47326E-05, 2.20935E-05, 5.98691E-06, 7.22563E-07, 6.86180E-07, 4.64815E-07, 9.63483E-04
148, 5.62145E-05, 3.34620E-05, 2.12265E-05, 6.02407E-06, 7.20531E-07, 6.82372E-07, 4.63443E-07, 9.65415E-04
149, 5.45830E-05, 3.21897E-05, 2.03126E-05, 6.06025E-06, 7.18474E-07, 6.78629E-07, 4.62061E-07, 9.67187E-04
150, 5.27859E-05, 3.09192E-05, 1.93595E-05, 6.09433E-06, 7.16502E-07, 6.74920E-07, 4.60751E-07, 9.68625E-04
151, 5.08444E-05, 2.96538E-05, 1.83749E-05, 6.12629E-06, 7.14625E-07, 6.71423E-07, 4.59544E-07, 9.69734E-04
152, 4.87798E-05, 2.83962E-05, 1.73663E-05, 6.15613E-06, 7.12797E-07, 6.67971E-07, 4.58270E-07, 9.70519E-04
153, 4.66132E-05, 2.71494E-05, 1.63409E-05, 6.18384E-06, 7.11123E-07, 6.64447E-07, 4.56935E-07, 9.70983E-04
154, 4.43651E-05, 2.59159E-05, 1.53058E-05, 6.21167E-06, 7.09428E-07, 6.61051E-07, 4.55563E-07, 9.71489E-04
155, 4.20554E-05, 2.46978E-05, 1.42679E-05, 6.24918E-06, 7.07838E-07, 6.57669E-07, 4.54212E-07, 9.73523E-04
156, 3.97035E-05, 2.34973E-05, 1.32336E-05, 6.28410E-06, 7.06316E-07, 6.54297E-07, 4.52890E-07, 9.75169E-04
157, 3.73278E-05, 2.23162E-05, 1.22090E-05, 6.32307E-06, 7.04813E-07, 6.50907E-07, 4.51540E-07, 9.77457E-04
158, 3.49459E-05, 2.11561E-05, 1.12001E-05, 6.36020E-06, 7.03322E-07, 6.47517E-07, 4.50268E-07, 9.79477E-04
159, 3.32100E-05, 2.00185E-05, 1.02120E-05, 6.39467E-06, 7.01859E-07, 6.44130E-07, 4.49042E-07, 9.81110E-04
160, 3.24508E-05, 1.89046E-05, 9.24988E-06, 6.42651E-06, 7.00482E-07, 6.40835E-07, 4.47817E-07, 9.82363E-04
161, 3.15243E-05, 1.78155E-05, 8.69081E-06, 6.45572E-06, 6.99039E-07, 6.37616E-07, 4.46599E-07, 9.83243E-04
162, 3.04435E-05, 1.67520E-05, 8.55183E-06, 6.48230E-06, 6.97587E-07, 6.34462E-07, 4.45439E-07, 9.83759E-04
163, 2.92222E-05, 1.57149E-05, 8.34516E-06, 6.50627E-06, 6.96237E-07, 6.31336E-07, 4.44323E-07, 9.83918E-04
164, 2.78745E-05, 1.47046E-05, 8.07620E-06, 6.52765E-06, 6.94996E-07, 6.28192E-07, 4.43253E-07, 9.83726E-04
165, 2.64147E-05, 1.37217E-05, 7.75056E-06, 6.54645E-06, 6.93809E-07, 6.25041E-07, 4.42160E-07, 9.83193E-04
166, 2.48574E-05, 1.27663E-05, 7.37395E-06, 6.56269E-06, 6.92644E-07, 6.21917E-07, 4.41017E-07, 9.82326E-04
167, 2.41009E-05, 1.20905E-05, 6.95222E-06, 6.57640E-06, 6.91408E-07, 6.18866E-07, 4.39825E-07, 9.81133E-04
168, 2.44981E-05, 1.15326E-05, 7.06434E-06, 6.58761E-06, 6.90175E-07, 6.15792E-07, 4.38608E-07, 9.79621E-04
169, 2.47710E-05, 1.10055E-05, 7.31406E-06, 6.59633E-06, 6.88906E-07, 6.12757E-07, 4.37414E-07, 9.77798E-04
170, 2.49220E-05, 1.09115E-05, 7.51557E-06, 6.60308E-06, 6.87637E-07, 6.09750E-07, 4.36192E-07, 9.75745E-04
171, 2.49538E-05, 1.08186E-05, 7.66849E-06, 6.64639E-06, 6.86344E-07, 6.06766E-07, 4.34966E-07, 9.79138E-04
172, 2.48694E-05, 1.07128E-05, 7.77282E-06, 6.68686E-06, 6.85060E-07, 6.03862E-07, 4.33854E-07, 9.82143E-04
173, 2.46730E-05, 1.06239E-05, 7.82890E-06, 6.72448E-06, 6.83784E-07, 6.01018E-07, 4.32794E-07, 9.84764E-04
174, 2.43694E-05, 1.06252E-05, 7.83745E-06, 6.75926E-06, 6.82568E-07, 5.98203E-07, 4.31758E-07, 9.87005E-04
175, 2.39641E-05, 1.06137E-05, 7.79950E-06, 6.79119E-06, 6.81408E-07, 5.95372E-07, 4.30739E-07, 9.88870E-04
176, 2.34628E-05, 1.05895E-05, 7.71638E-06, 6.82028E-06, 6.80323E-07, 5.92578E-07, 4.29746E-07, 9.90364E-04
177, 2.28721E-05, 1.05529E-05, 7.58970E-06, 6.84655E-06, 6.79263E-07, 5.89810E-07, 4.28765E-07, 9.91491E-04
178, 2.21986E-05, 1.05041E-05, 7.42134E-06, 6.87000E-06, 6.78167E-07, 5.87066E-07, 4.27804E-07, 9.92257E-04
179, 2.14495E-05, 1.04433E-05, 7.21341E-06, 6.89064E-06, 6.77018E-07, 5.84359E-07, 4.26825E-07, 9.92665E-04
180, 2.06320E-05, 1.03709E-05, 6.96822E-06, 6.90850E-06, 6.75927E-07, 5.81660E-07, 4.25855E-07, 9.92722E-04
181, 1.97538E-05, 1.02872E-05, 6.68829E-06, 6.92358E-06, 6.75085E-07, 5.79040E-07, 4.24924E-07, 9.92433E-04
182, 1.88224E-05, 1.01923E-05, 6.37626E-06, 6.93592E-06, 6.74374E-07, 5.76440E-07, 4.23971E-07, 9.91803E-04
183, 1.78457E-05, 1.01618E-05, 6.03492E-06, 6.94554E-06, 6.73596E-07, 5.73843E-07, 4.23003E-07, 9.90838E-04
184, 1.68313E-05, 1.01666E-05, 5.66716E-06, 6.95246E-06, 6.72933E-07, 5.71284E-07, 4.22038E-07, 9.89543E-04
185, 1.60260E-05, 1.01601E-05, 5.40620E-06, 6.95671E-06, 6.72355E-07, 5.68907E-07, 4.21165E-07, 9.87924E-04
186, 1.54110E-05, 1.01425E-05, 5.38782E-06, 6.95832E-06, 6.71748E-07, 5.66557E-07, 4.20337E-07, 9.85986E-04
187, 1.47231E-05, 1.01139E-05, 5.36629E-06, 6.95733E-06, 6.71149E-07, 5.64193E-07, 4.19519E-07, 9.83737E-04
188, 1.39704E-05, 1.00744E-05, 5.36145E-06, 6.95377E-06, 6.70632E-07, 5.61822E-07, 4.18681E-07, 9.81181E-04
189, 1.31610E-05, 1.00243E-05, 5.36139E-06, 6.97318E-06, 6.70096E-07, 5.59521E-07, 4.17834E-07, 9.81919E-04
190, 1.23032E-05, 9.96362E-06, 5.35936E-06, 7.00441E-06, 6.69613E-07, 5.57229E-07, 4.16979E-07, 9.84360E-04
191, 1.18012E-05, 9.89269E-06, 5.35544E-06, 7.03258E-06, 6.69056E-07, 5.54903E-07, 4.16097E-07, 9.86409E-04
192, 1.15560E-05, 9.81168E-06, 5.34974E-06, 7.05771E-06, 6.68426E-07, 5.52569E-07, 4.15213E-07, 9.88070E-04
193, 1.12704E-05, 9.75694E-06, 5.34233E-06, 7.07981E-06, 6.67835E-07, 5.50281E-07, 4.14333E-07, 9.89346E-04
194, 1.11641E-05, 9.77612E-06, 5.33332E-06, 7.09889E-06, 6.67220E-07, 5.48000E-07, 4.13474E-07, 9.90243E-04
195, 1.12724E-05, 9.78497E-06, 5.32279E-06, 7.11497E-06, 6.66585E-07, 5.45720E-07, 4.12605E-07, 9.90763E-04
196, 1.12962E-05, 9.78354E-06, 5.31083E-06, 7.12807E-06, 6.65956E-07, 5.43458E-07, 4.11713E-07, 9.90912E-04
197, 1.12401E-05, 9.77188E-06, 5.29752E-06, 7.13822E-06, 6.65320E-07, 5.41243E-07, 4.10823E-07, 9.90697E-04
198, 1.11090E-05, 9.75006E-06, 5.28296E-06, 7.14544E-06, 6.64691E-07, 5.39140E-07, 4.10034E-07, 9.90121E-04
199, 1.09080E-05, 9.71816E-06, 5.26722E-06, 7.14976E-06, 6.64044E-07, 5.37064E-07, 4.09270E-07, 9.89191E-04
200, 1.06427E-05, 9.67629E-06, 5.25038E-06, 7.15121E-06, 6.63361E-07, 5.35049E-07, 4.08492E-07, 9.87913E-04
201, 1.03515E-05, 9.62455E-06, 5.23252E-06, 7.14983E-06, 6.62732E-07, 5.33049E-07, 4.07697E-07, 9.86294E-04
202, 1.06932E-05, 9.56309E-06, 5.21371E-06, 7.14565E-06, 6.62144E-07, 5.31124E-07, 4.06939E-07, 9.84341E-04
203, 1.10242E-05, 9.49205E-06, 5.19402E-06, 7.14577E-06, 6.61572E-07, 5.29253E-07, 4.06194E-07, 9.83031E-04
204, 1.13419E-05, 9.41158E-06, 5.19777E-06, 7.15209E-06, 6.61030E-07, 5.27441E-07, 4.05396E-07, 9.82624E-04
205, 1.16437E-05, 9.37130E-06, 5.20340E-06, 7.15532E-06, 6.60511E-07, 5.25651E-07, 4.04543E-07, 9.81845E-04
206, 1.19273E-05, 9.39137E-06, 5.20758E-06, 7.15554E-06, 6.59958E-07, 5.23808E-07, 4.03663E-07, 9.80705E-04
207, 1.21906E-05, 9.40170E-06, 5.21037E-06, 7.15280E-06, 6.59355E-07, 5.21956E-07, 4.02825E-07, 9.79215E-04
208, 1.24317E-05, 9.40229E-06, 5.21185E-06, 7.14717E-06, 6.58753E-07, 5.20098E-07, 4.01997E-07, 9.77385E-04
209, 1.26488E-05, 9.39311E-06, 5.21209E-06, 7.15543E-06, 6.58127E-07, 5.18195E-07, 4.01218E-07, 9.77513E-04
210, 1.28404E-05, 9.37417E-06, 5.21116E-06, 7.16882E-06, 6.57456E-07, 5.16264E-07, 4.00452E-07, 9.78397E-04
211, 1.30053E-05, 9.34551E-06, 5.20913E-06, 7.17903E-06, 6.56827E-07, 5.14330E-07, 3.99712E-07, 9.78907E-04
212, 1.31424E-05, 9.30716E-06, 5.20608E-06, 7.18611E-06, 6.56197E-07, 5.12391E-07, 3.98955E-07, 9.79051E-04
213, 1.32509E-05, 9.25918E-06, 5.20206E-06, 7.19722E-06, 6.55580E-07, 5.10455E-07, 3.98168E-07, 9.79808E-04
214, 1.34908E-05, 9.20166E-06, 5.19714E-06, 7.21542E-06, 6.54979E-07, 5.08551E-07, 3.97352E-07, 9.81595E-04
215, 1.40039E-05, 9.13469E-06, 5.19138E-06, 7.23011E-06, 6.54411E-07, 5.06707E-07, 3.96505E-07, 9.82975E-04
216, 1.45004E-05, 9.10445E-06, 5.18484E-06, 7.24136E-06, 6.53848E-07, 5.04902E-07, 3.95641E-07, 9.83957E-04
217, 1.49782E-05, 9.14192E-06, 5.17757E-06, 7.24920E-06, 6.53337E-07, 5.03084E-07, 3.94792E-07, 9.84554E-04
218, 1.54358E-05, 9.16997E-06, 5.17565E-06, 7.25371E-06, 6.52902E-07, 5.01249E-07, 3.93904E-07, 9.84778E-04
219, 1.58713E-05, 9.18849E-06, 5.19209E-06, 7.25493E-06, 6.52502E-07, 4.99374E-07, 3.92999E-07, 9.84640E-04
220, 1.62834E-05, 9.19740E-06, 5.19286E-06, 7.25293E-06, 6.52127E-07, 4.97499E-07, 3.92132E-07, 9.84153E-04
221, 1.66705E-05, 9.19661E-06, 5.17902E-06, 7.24777E-06, 6.51776E-07, 4.95579E-07, 3.91311E-07, 9.83330E-04
222, 1.70315E-05, 9.18608E-06, 5.15167E-06, 7.23952E-06, 6.51438E-07, 4.93652E-07, 3.90544E-07, 9.82182E-04
223, 1.73651E-05, 9.16577E-06, 5.13342E-06, 7.22824E-06, 6.51072E-07, 4.91733E-07, 3.89793E-07, 9.80723E-04
224, 1.76705E-05, 9.13566E-06, 5.14600E-06, 7.21400E-06, 6.50658E-07, 4.89799E-07, 3.89024E-07, 9.78964E-04
225, 1.79469E-05, 9.09577E-06, 5.17104E-06, 7.19687E-06, 6.50220E-07, 4.87867E-07, 3.88262E-07, 9.76919E-04
226, 1.81934E-05, 9.04611E-06, 5.19433E-06, 7.17691E-06, 6.49785E-07, 4.85980E-07, 3.87490E-07, 9.74599E-04
227, 1.84097E-05, 8.98673E-06, 5.21589E-06, 7.15821E-06, 6.49363E-07, 4.84116E-07, 3.86687E-07, 9.72561E-04
228, 1.85953E-05, 8.91771E-06, 5.23575E-06, 7.17451E-06, 6.49030E-07, 4.82296E-07, 3.85884E-07, 9.75395E-04
229, 1.87501E-05, 8.83913E-06, 5.25393E-06, 7.18712E-06, 6.48759E-07, 4.80499E-07, 3.85089E-07, 9.77854E-04
230, 1.88739E-05, 8.83116E-06, 5.27047E-06, 7.19611E-06, 6.48564E-07, 4.78675E-07, 3.84309E-07, 9.79948E-04
231, 1.89669E-05, 8.86172E-06, 5.28540E-06, 7.20154E-06, 6.48388E-07, 4.76815E-07, 3.83537E-07, 9.81689E-04
232, 1.90292E-05, 8.88276E-06, 5.29877E-06, 7.20346E-06, 6.48209E-07, 4.74925E-07, 3.82755E-07, 9.83086E-04
233, 1.90611E-05, 8.89414E-06, 5.31061E-06, 7.20194E-06, 6.48084E-07, 4.73014E-07, 3.81966E-07, 9.84152E-04
234, 1.90631E-05, 8.89575E-06, 5.32097E-06, 7.19705E-06, 6.48015E-07, 4.71116E-07, 3.81169E-07, 9.84896E-04
235, 1.90357E-05, 8.88750E-06, 5.32988E-06, 7.18886E-06, 6.47908E-07, 4.69248E-07, 3.80376E-07, 9.85328E-04
236, 1.89797E-05, 8.86932E-06, 5.33739E-06, 7.17743E-06, 6.47817E-07, 4.67365E-07, 3.79579E-07, 9.85460E-04
237, 1.88957E-05, 8.84115E-06, 5.34356E-06, 7.16285E-06, 6.47733E-07, 4.65502E-07, 3.78797E-07, 9.85300E-04
238, 1.87847E-05, 8.80297E-06, 5.34841E-06, 7.14519E-06, 6.47623E-07, 4.63694E-07, 3.78041E-07, 9.84858E-04
239, 1.86477E-05, 8.75479E-06, 5.35201E-06, 7.12451E-06, 6.47470E-07, 4.61890E-07, 3.77263E-07, 9.84142E-04
240, 1.84855E-05, 8.69662E-06, 5.35440E-06, 7.10091E-06, 6.47337E-07, 4.60085E-07, 3.76474E-07, 9.83161E-04
241, 1.82993E-05, 8.62868E-06, 5.35563E-06, 7.07445E-06, 6.47229E-07, 4.58269E-07, 3.75705E-07, 9.81923E-04
242, 1.80902E-05, 8.67798E-06, 5.36673E-06, 7.04521E-06, 6.47169E-07, 4.56449E-07, 3.74981E-07, 9.80434E-04
243, 1.78595E-05, 8.71799E-06, 5.39848E-06, 7.01329E-06, 6.47216E-07, 4.54621E-07, 3.74245E-07, 9.78702E-04
244, 1.76083E-05, 8.74851E-06, 5.42873E-06, 6.99233E-06, 6.47290E-07, 4.52813E-07, 3.73504E-07, 9.78633E-04
245, 1.73379E-05, 8.76936E-06, 5.45751E-06, 6.99500E-06, 6.47378E-07, 4.51025E-07, 3.72809E-07, 9.82017E-04
246, 1.70495E-05, 8.78039E-06, 5.48483E-06, 6.99411E-06, 6.47499E-07, 4.49209E-07, 3.72149E-07, 9.85053E-04
247, 1.67447E-05, 8.78146E-06, 5.51073E-06, 6.98971E-06, 6.47696E-07, 4.47429E-07, 3.71513E-07, 9.87744E-04
248, 1.64246E-05, 8.77245E-06, 5.53522E-06, 6.98189E-06, 6.47918E-07, 4.45644E-07, 3.70863E-07, 9.90095E-04
249, 1.60903E-05, 8.75328E-06, 5.55834E-06, 6.97073E-06, 6.48147E-07, 4.43869E-07, 3.70199E-07, 9.92107E-04
250, 1.57433E-05, 8.72389E-06, 5.58011E-06, 6.95629E-06, 6.48408E-07, 4.42105E-07, 3.69528E-07, 9.93785E-04
251, 1.53847E-05, 8.68423E-06, 5.60057E-06, 6.93867E-06, 6.48666E-07, 4.40367E-07, 3.68859E-07, 9.95130E-04
252, 1.50158E-05, 8.71523E-06, 5.61975E-06, 6.91793E-06, 6.48899E-07, 4.38629E-07, 3.68190E-07, 9.96144E-04
253, 1.46378E-05, 8.82384E-06, 5.63768E-06, 6.89418E-06, 6.49094E-07, 4.36898E-07, 3.67498E-07, 9.96828E-04
254, 1.42520E-05, 8.94220E-06, 5.65439E-06, 6.86749E-06, 6.49308E-07, 4.35144E-07, 3.66787E-07, 9.97185E-04
255, 1.38594E-05, 9.05895E-06, 5.66992E-06, 6.83794E-06, 6.49537E-07, 4.33399E-07, 3.66048E-07, 9.97214E-04
256, 1.34611E-05, 9.17405E-06, 5.68429E-06, 6.80562E-06, 6.49819E-07, 4.31670E-07, 3.65303E-07, 9.96916E-04
257, 1.30583E-05, 9.28741E-06, 5.69756E-06, 6.77062E-06, 6.50132E-07, 4.29955E-07, 3.64538E-07, 9.96291E-04
258, 1.26519E-05, 9.39896E-06, 5.70975E-06, 6.73303E-06, 6.50448E-07, 4.28237E-07, 3.63760E-07, 9.95340E-04
259, 1.22430E-05, 9.50861E-06, 5.72089E-06, 6.69292E-06, 6.50769E-07, 4.26530E-07, 3.62997E-07, 9.94062E-04
260, 1.18323E-05, 9.61629E-06, 5.73103E-06, 6.65039E-06, 6.51100E-07, 4.24835E-07, 3.62248E-07, 9.92458E-04
261, 1.14209E-05, 9.72190E-06, 5.74019E-06, 6.60811E-06, 6.51438E-07, 4.23155E-07, 3.61503E-07, 9.90915E-04
262, 1.10094E-05, 9.82532E-06, 5.77294E-06, 6.59832E-06, 6.51784E-07, 4.21513E-07, 3.60756E-07, 9.94284E-04
263, 1.05987E-05, 9.92647E-06, 5.81359E-06, 6.58525E-06, 6.52131E-07, 4.19871E-07, 3.59990E-07, 9.97215E-04
264, 1.01895E-05, 1.00252E-05, 5.85308E-06, 6.56900E-06, 6.52452E-07, 4.18210E-07, 3.59207E-07, 9.99705E-04
265, 9.78231E-06, 1.01214E-05, 5.89141E-06, 6.54965E-06, 6.52793E-07, 4.16521E-07, 3.58445E-07, 1.00175E-03
266, 9.37784E-06, 1.02150E-05, 5.92859E-06, 6.52727E-06, 6.53168E-07, 4.14825E-07, 3.57687E-07, 1.00336E-03
267, 8.97661E-06, 1.03058E-05, 5.96465E-06, 6.50196E-06, 6.53565E-07, 4.13163E-07, 3.56920E-07, 1.00452E-03
268, 8.66241E-06, 1.03937E-05, 5.99959E-06, 6.47379E-06, 6.53981E-07, 4.11505E-07, 3.56172E-07, 1.00525E-03
269, 8.65787E-06, 1.04786E-05, 6.03344E-06, 6.44287E-06, 6.54443E-07, 4.09863E-07, 3.55424E-07, 1.00552E-03
270, 8.65053E-06, 1.05602E-05, 6.06621E-06, 6.40927E-06, 6.54949E-07, 4.08208E-07, 3.54679E-07, 1.00536E-03
271, 8.64050E-06, 1.06386E-05, 6.09791E-06, 6.37308E-06, 6.55474E-07, 4.06566E-07, 3.53921E-07, 1.00476E-03
272, 8.62787E-06, 1.07134E-05, 6.12856E-06, 6.33439E-06, 6.56020E-07, 4.04942E-07, 3.53147E-07, 1.00371E-03
273, 8.61273E-06, 1.07845E-05, 6.15818E-06, 6.29329E-06, 6.56586E-07, 4.03358E-07, 3.52354E-07, 1.00223E-03
274, 8.59518E-06, 1.08519E-05, 6.18679E-06, 6.24985E-06, 6.57186E-07, 4.01799E-07, 3.51571E-07, 1.00032E-03
275, 8.61273E-06, 1.09153E-05, 6.21440E-06, 6.20418E-06, 6.57769E-07, 4.00228E-07, 3.50778E-07, 9.97982E-04
276, 8.63371E-06, 1.09746E-05, 6.24103E-06, 6.15635E-06, 6.58377E-07, 3.98631E-07, 3.49978E-07, 9.95217E-04
277, 8.65171E-06, 1.10296E-05, 6.26670E-06, 6.10645E-06, 6.59016E-07, 3.97027E-07, 3.49190E-07, 9.92032E-04
278, 8.66676E-06, 1.10801E-05, 6.29142E-06, 6.05455E-06, 6.59629E-07, 3.95422E-07, 3.48407E-07, 9.88431E-04
279, 8.67893E-06, 1.11260E-05, 6.31521E-06, 6.00837E-06, 6.60235E-07, 3.93825E-07, 3.47630E-07, 9.85672E-04
280, 8.68827E-06, 1.11926E-05, 6.33808E-06, 5.98629E-06, 6.60824E-07, 3.92218E-07, 3.46836E-07, 9.86797E-04
281, 8.69482E-06, 1.12563E-05, 6.36005E-06, 5.96145E-06, 6.61409E-07, 3.90586E-07, 3.46019E-07, 9.87409E-04
282, 8.69865E-06, 1.13157E-05, 6.38113E-06, 5.93391E-06, 6.62028E-07, 3.88947E-07, 3.45184E-07, 9.87514E-04
283, 8.69980E-06, 1.13707E-05, 6.40135E-06, 5.90377E-06, 6.62680E-07, 3.87334E-07, 3.44333E-07, 9.87118E-04
284, 8.69834E-06, 1.14210E-05, 6.42070E-06, 5.87111E-06, 6.63316E-07, 3.85714E-07, 3.43491E-07, 9.86225E-04
285, 8.71003E-06, 1.14666E-05, 6.43920E-06, 5.83600E-06, 6.63953E-07, 3.84102E-07, 3.42637E-07, 9.84845E-04
286, 8.84893E-06, 1.15072E-05, 6.47822E-06, 5.79854E-06, 6.64616E-07, 3.82536E-07, 3.41761E-07, 9.82984E-04
287, 8.98814E-06, 1.15427E-05, 6.51853E-06, 5.75881E-06, 6.65305E-07, 3.81003E-07, 3.40867E-07, 9.80649E-04
288, 9.13446E-06, 1.15730E-05, 6.55783E-06, 5.71688E-06, 6.65953E-07, 3.79491E-07, 3.39961E-07, 9.77851E-04
289, 9.36344E-06, 1.15979E-05, 6.61596E-06, 5.67283E-06, 6.66586E-07, 3.77989E-07, 3.39040E-07, 9.74596E-04
290, 9.59148E-06, 1.16174E-05, 6.68945E-06, 5.62676E-06, 6.67192E-07, 3.76510E-07, 3.38104E-07, 9.70896E-04
291, 9.81838E-06, 1.16313E-05, 6.76174E-06, 5.57874E-06, 6.67819E-07, 3.75039E-07, 3.37173E-07, 9.66759E-04
292, 1.00439E-05, 1.16395E-05, 6.83281E-06, 5.52884E-06, 6.68420E-07, 3.73571E-07, 3.36238E-07, 9.62194E-04
293, 1.02679E-05, 1.16419E-05, 6.90266E-06, 5.47715E-06, 6.69039E-07, 3.72092E-07, 3.35280E-07, 9.57213E-04
294, 1.04902E-05, 1.16383E-05, 6.97126E-06, 5.42374E-06, 6.69621E-07, 3.70623E-07, 3.34303E-07, 9.51825E-04
295, 1.07105E-05, 1.16288E-05, 7.03859E-06, 5.36868E-06, 6.70211E-07, 3.69153E-07, 3.33323E-07, 9.46040E-04
296, 1.09287E-05, 1.16133E-05, 7.10466E-06, 5.31206E-06, 6.70869E-07, 3.67683E-07, 3.32351E-07, 9.39870E-04
297, 1.11446E-05, 1.15916E-05, 7.16943E-06, 5.25394E-06, 6.71507E-07, 3.66228E-07, 3.31381E-07, 9.33324E-04
298, 1.13580E-05, 1.15933E-05, 7.23290E-06, 5.21881E-06, 6.72101E-07, 3.64780E-07, 3.30426E-07, 9.30768E-04
299, 1.15687E-05, 1.16002E-05, 7.29506E-06, 5.18704E-06, 6.72672E-07, 3.63308E-07, 3.29458E-07, 9.28735E-04
300, 1.17766E-05, 1.16017E-05, 7.35589E-06, 5.15310E-06, 6.73252E-07, 3.61860E-07, 3.28475E-07, 9.26240E-04
301, 1.19815E-05, 1.15979E-05, 7.41538E-06, 5.11706E-06, 6.73796E-07, 3.60408E-07, 3.27499E-07, 9.23292E-04
302, 1.21832E-05, 1.15886E-05, 7.47352E-06, 5.07899E-06, 6.74317E-07, 3.58973E-07, 3.26514E-07, 9.19901E-04
303, 1.23816E-05, 1.15739E-05, 7.53029E-06, 5.03898E-06, 6.74803E-07, 3.57536E-07, 3.25539E-07, 9.16076E-04
304, 1.25966E-05, 1.15537E-05, 7.58570E-06, 5.09973E-06, 6.75267E-07, 3.56100E-07, 3.24571E-07, 9.30559E-04
305, 1.28437E-05, 1.15279E-05, 7.63972E-06, 5.16528E-06, 6.75683E-07, 3.54674E-07, 3.23588E-07, 9.45976E-04
306, 1.30876E-05, 1.14968E-05, 7.69234E-06, 5.23017E-06, 6.76057E-07, 3.53243E-07, 3.22597E-07, 9.61333E-04
307, 1.33282E-05, 1.14601E-05, 7.74356E-06, 5.29434E-06, 6.76405E-07, 3.51788E-07, 3.21603E-07, 9.76616E-04
308, 1.35652E-05, 1.14179E-05, 7.79337E-06, 5.35772E-06, 6.76799E-07, 3.50346E-07, 3.20604E-07, 9.91810E-04
309, 1.37984E-05, 1.13704E-05, 7.84175E-06, 5.42025E-06, 6.77195E-07, 3.48913E-07, 3.19592E-07, 1.00690E-03
310, 1.40277E-05, 1.13174E-05, 7.88870E-06, 5.48187E-06, 6.77574E-07, 3.47470E-07, 3.18581E-07, 1.02188E-03
311, 1.42527E-05, 1.12834E-05, 7.93420E-06, 5.54250E-06, 6.77921E-07, 3.46070E-07, 3.17556E-07, 1.03672E-03
312, 1.44733E-05, 1.12594E-05, 7.97825E-06, 5.60210E-06, 6.78255E-07, 3.44670E-07, 3.16529E-07, 1.05142E-03
313, 1.46894E-05, 1.12305E-05, 8.02084E-06, 5.66059E-06, 6.78551E-07, 3.43249E-07, 3.15516E-07, 1.06596E-03
314, 1.49006E-05, 1.11968E-05, 8.06196E-06, 5.71792E-06, 6.78847E-07, 3.41818E-07, 3.14498E-07, 1.08032E-03
315, 1.51068E-05, 1.11582E-05, 8.10159E-06, 5.77403E-06, 6.79148E-07, 3.40378E-07, 3.13469E-07, 1.09450E-03
316, 1.53079E-05, 1.11148E-05, 8.13974E-06, 5.82885E-06, 6.79421E-07, 3.38928E-07, 3.12428E-07, 1.10847E-03
317, 1.55036E-05, 1.10666E-05, 8.17638E-06, 5.88234E-06, 6.79685E-07, 3.37460E-07, 3.11374E-07, 1.12223E-03
318, 1.56938E-05, 1.10136E-05, 8.21151E-06, 5.93442E-06, 6.79892E-07, 3.35975E-07, 3.10311E-07, 1.13575E-03
319, 1.58783E-05, 1.09558E-05, 8.24512E-06, 5.98504E-06, 6.80064E-07, 3.34491E-07, 3.09256E-07, 1.14903E-03
320, 1.60569E-05, 1.08933E-05, 8.27720E-06, 6.03416E-06, 6.80228E-07, 3.33020E-07, 3.08193E-07, 1.16205E-03
321, 1.62295E-05, 1.08261E-05, 8.30774E-06, 6.08171E-06, 6.80359E-07, 3.31564E-07, 3.07150E-07, 1.17479E-03
322, 1.63959E-05, 1.07542E-05, 8.33673E-06, 6.12765E-06, 6.80442E-07, 3.30099E-07, 3.06110E-07, 1.18724E-03
323, 1.65561E-05, 1.06778E-05, 8.36415E-06, 6.17191E-06, 6.80505E-07, 3.28669E-07, 3.05050E-07, 1.19940E-03
324, 1.67097E-05, 1.05967E-05, 8.39000E-06, 6.21446E-06, 6.80555E-07, 3.27219E-07, 3.03976E-07, 1.21123E-03
325, 1.68568E-05, 1.05111E-05, 8.41427E-06, 6.25525E-06, 6.80602E-07, 3.25781E-07, 3.02914E-07, 1.22275E-03
326, 1.69972E-05, 1.04211E-05, 8.43695E-06, 6.29422E-06, 6.80629E-07, 3.24348E-07, 3.01872E-07, 1.23391E-03
327, 1.71307E-05, 1.03266E-05, 8.45802E-06, 6.33134E-06, 6.80615E-07, 3.22961E-07, 3.00834E-07, 1.24473E-03
328, 1.72573E-05, 1.02276E-05, 8.47748E-06, 6.36656E-06, 6.80576E-07, 3.21579E-07, 2.99788E-07, 1.25518E-03
329, 1.73768E-05, 1.01244E-05, 8.49530E-06, 6.39985E-06, 6.80520E-07, 3.20185E-07, 2.98736E-07, 1.26525E-03
330, 1.74891E-05, 1.00168E-05, 8.51149E-06, 6.43115E-06, 6.80412E-07, 3.18800E-07, 2.97681E-07, 1.27493E-03
331, 1.75942E-05, 9.90799E-06, 8.52602E-06, 6.46044E-06, 6.80264E-07, 3.17421E-07, 2.96629E-07, 1.28421E-03
332, 1.76919E-05, 9.81859E-06, 8.53890E-06, 6.48769E-06, 6.80084E-07, 3.16051E-07, 2.95573E-07, 1.29308E-03
333, 1.77822E-05, 9.72513E-06, 8.55009E-06, 6.51284E-06, 6.79886E-07, 3.14694E-07, 2.94516E-07, 1.30152E-03
334, 1.78649E-05, 9.62765E-06, 8.55960E-06, 6.53589E-06, 6.79665E-07, 3.13365E-07, 2.93450E-07, 1.30953E-03
335, 1.79401E-05, 9.52618E-06, 8.56744E-06, 6.55678E-06, 6.79402E-07, 3.12055E-07, 2.92390E-07, 1.31710E-03
336, 1.80076E-05, 9.42078E-06, 8.57360E-06, 6.57551E-06, 6.79101E-07, 3.10741E-07, 2.91334E-07, 1.32421E-03
337, 1.80674E-05, 9.31148E-06, 8.57804E-06, 6.59204E-06, 6.78761E-07, 3.09430E-07, 2.90273E-07, 1.33086E-03
338, 1.81194E-05, 9.50117E-06, 8.58073E-06, 6.60635E-06, 6.78388E-07, 3.08108E-07, 2.89205E-07, 1.33704E-03
339, 1.81636E-05, 9.72768E-06, 8.58168E-06, 6.61843E-06, 6.78012E-07, 3.06806E-07, 2.88147E-07, 1.34275E-03
340, 1.81999E-05, 9.95215E-06, 8.58086E-06, 6.62824E-06, 6.77595E-07, 3.05513E-07, 2.87097E-07, 1.34797E-03
341, 1.82284E-05, 1.01744E-05, 8.57826E-06, 6.63577E-06, 6.77154E-07, 3.04266E-07, 2.86045E-07, 1.35270E-03
342, 1.82490E-05, 1.03944E-05, 8.61300E-06, 6.64101E-06, 6.76688E-07, 3.03035E-07, 2.84993E-07, 1.35693E-03
343, 1.82617E-05, 1.06119E-05, 8.67207E-06, 6.64395E-06, 6.76189E-07, 3.01814E-07, 2.83963E-07, 1.36066E-03
344, 1.82664E-05, 1.08268E-05, 8.72919E-06, 6.64458E-06, 6.75661E-07, 3.00573E-07, 2.82952E-07, 1.36388E-03
345, 1.82632E-05, 1.10390E-05, 8.78431E-06, 6.64288E-06, 6.75161E-07, 2.99345E-07, 2.81954E-07, 1.36659E-03
346, 1.82927E-05, 1.12484E-05, 8.83739E-06, 6.63886E-06, 6.74617E-07, 2.98136E-07, 2.80956E-07, 1.36878E-03
347, 1.83564E-05, 1.14548E-05, 8.88840E-06, 6.63250E-06, 6.74070E-07, 2.96926E-07, 2.79967E-07, 1.37046E-03
348, 1.84130E-05, 1.16580E-05, 8.93730E-06, 6.62380E-06, 6.73501E-07, 2.95722E-07, 2.78986E-07, 1.37161E-03
349, 1.84626E-05, 1.18581E-05, 8.98404E-06, 6.61277E-06, 6.72912E-07, 2.94525E-07, 2.78011E-07, 1.37224E-03
350, 1.85051E-05, 1.20547E-05, 9.02860E-06, 6.59941E-06, 6.72242E-07, 2.93323E-07, 2.77054E-07, 1.37235E-03
351, 1.85403E-05, 1.22479E-05, 9.07093E-06, 6.58371E-06, 6.71520E-07, 2.92165E-07, 2.76102E-07, 1.37193E-03
352, 1.85682E-05, 1.24375E-05, 9.11101E-06, 6.56570E-06, 6.70773E-07, 2.91007E-07, 2.75143E-07, 1.37099E-03
353, 1.85889E-05, 1.26234E-05, 9.14880E-06, 6.54537E-06, 6.70029E-07, 2.89890E-07, 2.74195E-07, 1.36953E-03
354, 1.86022E-05, 1.28055E-05, 9.18427E-06, 6.52274E-06, 6.69276E-07, 2.88785E-07, 2.73253E-07, 1.36754E-03
355, 1.86465E-05, 1.29836E-05, 9.21739E-06, 6.49781E-06, 6.68500E-07, 2.87674E-07, 2.72313E-07, 1.36503E-03
356, 1.86898E-05, 1.31577E-05, 9.24812E-06, 6.47061E-06, 6.67704E-07, 2.86567E-07, 2.71375E-07, 1.36200E-03
357, 1.87256E-05, 1.33276E-05, 9.27643E-06, 6.44114E-06, 6.66894E-07, 2.85458E-07, 2.70438E-07, 1.35846E-03
358, 1.87537E-05, 1.34933E-05, 9.30231E-06, 6.40944E-06, 6.66050E-07, 2.84353E-07, 2.69499E-07, 1.35441E-03
359, 1.87742E-05, 1.36547E-05, 9.32571E-06, 6.37550E-06, 6.65147E-07, 2.83243E-07, 2.68560E-07, 1.34985E-03
360, 1.87870E-05, 1.38116E-05, 9.34662E-06, 6.33937E-06, 6.64206E-07, 2.82131E-07, 2.67639E-07, 1.34479E-03
361, 1.87920E-05, 1.39640E-05, 9.36500E-06, 6.30106E-06, 6.63228E-07, 2.81009E-07, 2.66723E-07, 1.33922E-03
362, 1.87894E-05, 1.41118E-05, 9.38084E-06, 6.26059E-06, 6.62203E-07, 2.79887E-07, 2.65822E-07, 1.33317E-03
363, 1.87789E-05, 1.42548E-05, 9.39412E-06, 6.21799E-06, 6.61144E-07, 2.78777E-07, 2.64916E-07, 1.32663E-03
364, 1.87607E-05, 1.43931E-05, 9.40479E-06, 6.17330E-06, 6.60055E-07, 2.77670E-07, 2.64014E-07, 1.31960E-03
365, 1.87347E-05, 1.45267E-05, 9.41286E-06, 6.12654E-06, 6.58957E-07, 2.76594E-07, 2.63127E-07, 1.31210E-03
366, 1.87009E-05, 1.46553E-05, 9.41829E-06, 6.07774E-06, 6.57812E-07, 2.75508E-07, 2.62254E-07, 1.30413E-03
367, 1.86594E-05, 1.47789E-05, 9.42107E-06, 6.02694E-06, 6.56659E-07, 2.74423E-07, 2.61378E-07, 1.29570E-03
368, 1.86465E-05, 1.48974E-05, 9.42118E-06, 5.97417E-06, 6.55448E-07, 2.73355E-07, 2.60509E-07, 1.28682E-03
369, 1.87311E-05, 1.50109E-05, 9.41860E-06, 5.91947E-06, 6.54186E-07, 2.72272E-07, 2.59641E-07, 1.27749E-03
370, 1.88098E-05, 1.51192E-05, 9.41332E-06, 5.86287E-06, 6.52914E-07, 2.71212E-07, 2.58773E-07, 1.26772E-03
371, 1.88827E-05, 1.52222E-05, 9.40532E-06, 5.80442E-06, 6.51620E-07, 2.70188E-07, 2.57908E-07, 1.25752E-03
372, 1.89495E-05, 1.53200E-05, 9.39458E-06, 5.74415E-06, 6.50276E-07, 2.69158E-07, 2.57039E-07, 1.24689E-03
373, 1.90102E-05, 1.54125E-05, 9.38110E-06, 5.68210E-06, 6.48879E-07, 2.68127E-07, 2.56171E-07, 1.23585E-03
374, 1.90649E-05, 1.54997E-05, 9.36487E-06, 5.61833E-06, 6.47461E-07, 2.67098E-07, 2.55312E-07, 1.22440E-03
375, 1.91134E-05, 1.55815E-05, 9.34587E-06, 5.55286E-06, 6.46034E-07, 2.66103E-07, 2.54464E-07, 1.21256E-03
376, 1.91557E-05, 1.56579E-05, 9.32410E-06, 5.48575E-06, 6.44606E-07, 2.65151E-07, 2.53624E-07, 1.20032E-03
377, 1.91918E-05, 1.57288E-05, 9.29954E-06, 5.41704E-06, 6.43128E-07, 2.64216E-07, 2.52797E-07, 1.18770E-03
378, 1.92216E-05, 1.57943E-05, 9.27220E-06, 5.34677E-06, 6.41628E-07, 2.63302E-07, 2.51972E-07, 1.17471E-03
379, 1.92452E-05, 1.58544E-05, 9.24216E-06, 5.27500E-06, 6.40150E-07, 2.62373E-07, 2.51153E-07, 1.16135E-03
380, 1.92624E-05, 1.59089E-05, 9.20933E-06, 5.20178E-06, 6.38677E-07, 2.61459E-07, 2.50343E-07, 1.14764E-03
381, 1.92733E-05, 1.59580E-05, 9.17369E-06, 5.12714E-06, 6.37189E-07, 2.60563E-07, 2.49534E-07, 1.13358E-03
382, 1.92779E-05, 1.60017E-05, 9.13525E-06, 5.05115E-06, 6.35695E-07, 2.59676E-07, 2.48739E-07, 1.11918E-03
383, 1.92762E-05, 1.60398E-05, 9.09401E-06, 4.97385E-06, 6.34191E-07, 2.58820E-07, 2.47951E-07, 1.10445E-03
384, 1.92681E-05, 1.60725E-05, 9.04997E-06, 4.89530E-06, 6.32655E-07, 2.57989E-07, 2.47166E-07, 1.08940E-03
385, 1.92537E-05, 1.60997E-05, 9.00313E-06, 4.81553E-06, 6.31116E-07, 2.57168E-07, 2.46387E-07, 1.07404E-03
386, 1.92330E-05, 1.61215E-05, 8.95351E-06, 4.73462E-06, 6.29545E-07, 2.56346E-07, 2.45612E-07, 1.05837E-03
387, 1.92060E-05, 1.61379E-05, 8.90109E-06, 4.65261E-06, 6.27968E-07, 2.55519E-07, 2.44840E-07, 1.04241E-03
388, 1.91727E-05, 1.61489E-05, 8.84590E-06, 4.56954E-06, 6.26382E-07, 2.54695E-07, 2.44079E-07, 1.02617E-03
389, 1.91331E-05, 1.61545E-05, 8.78794E-06, 4.48549E-06, 6.24762E-07, 2.53885E-07, 2.43314E-07, 1.00964E-03
390, 1.90873E-05, 1.61548E-05, 8.72723E-06, 4.40049E-06, 6.23137E-07, 2.53077E-07, 2.42540E-07, 9.92856E-04
391, 1.90354E-05, 1.61498E-05, 8.66377E-06, 4.31461E-06, 6.21485E-07, 2.52279E-07, 2.41766E-07, 9.75809E-04
392, 1.89773E-05, 1.61396E-05, 8.59758E-06, 4.22790E-06, 6.19823E-07, 2.51515E-07, 2.40999E-07, 9.58513E-04
393, 1.89131E-05, 1.61242E-05, 8.52868E-06, 4.14040E-06, 6.18148E-07, 2.50742E-07, 2.40230E-07, 9.40977E-04
394, 1.88428E-05, 1.61036E-05, 8.45708E-06, 4.05219E-06, 6.16465E-07, 2.49967E-07, 2.39456E-07, 9.23210E-04
395, 1.87666E-05, 1.60779E-05, 8.38281E-06, 3.96330E-06, 6.14748E-07, 2.49199E-07, 2.38682E-07, 9.05220E-04
396, 1.86844E-05, 1.60471E-05, 8.30589E-06, 3.87380E-06, 6.13040E-07, 2.48436E-07, 2.37914E-07, 8.87018E-04
397, 1.85963E-05, 1.60114E-05, 8.22633E-06, 3.78374E-06, 6.11347E-07, 2.47660E-07, 2.37149E-07, 8.68613E-04
398, 1.85024E-05, 1.59708E-05, 8.14418E-06, 3.69318E-06, 6.09703E-07, 2.46895E-07, 2.36384E-07, 8.50013E-04
399, 1.84027E-05, 1.59253E-05, 8.05945E-06, 3.60216E-06, 6.08093E-07, 2.46133E-07, 2.35616E-07, 8.31229E-04
400, 1.82974E-05, 1.58750E-05, 7.97218E-06, 3.51074E-06, 6.06460E-07, 2.45376E-07, 2.34856E-07, 8.12269E-04
401, 1.81865E-05, 1.58200E-05, 7.88239E-06, 3.41899E-06, 6.04788E-07, 2.44631E-07, 2.34106E-07, 7.93142E-04
402, 1.80701E-05, 1.57604E-05, 7.79013E-06, 3.32694E-06, 6.03078E-07, 2.43912E-07, 2.33362E-07, 7.73860E-04
403, 1.79482E-05, 1.56962E-05, 7.69542E-06, 3.23465E-06, 6.01386E-07, 2.43248E-07, 2.32618E-07, 7.54430E-04
404, 1.78210E-05, 1.56276E-05, 7.59832E-06, 3.14218E-06, 5.99685E-07, 2.42606E-07, 2.31876E-07, 7.34863E-04
405, 1.76886E-05, 1.55546E-05, 7.49884E-06, 3.04958E-06, 5.97966E-07, 2.41978E-07, 2.31143E-07, 7.15168E-04
406, 1.75510E-05, 1.54773E-05, 7.39705E-06, 2.95690E-06, 5.96221E-07, 2.41368E-07, 2.30416E-07, 6.95355E-04
407, 1.74083E-05, 1.53958E-05, 7.29299E-06, 2.86419E-06, 5.94448E-07, 2.40791E-07, 2.29684E-07, 6.75434E-04
408, 1.72606E-05, 1.53102E-05, 7.22275E-06, 2.77150E-06, 5.92668E-07, 2.40225E-07, 2.28960E-07, 6.55414E-04
409, 1.71081E-05, 1.52206E-05, 7.17342E-06, 2.67889E-06, 5.90888E-07, 2.39670E-07, 2.28248E-07, 6.35306E-04
410, 1.69509E-05, 1.51270E-05, 7.12211E-06, 2.58640E-06, 5.89090E-07, 2.39134E-07, 2.27533E-07, 6.15119E-04
411, 1.67890E-05, 1.50297E-05, 7.06882E-06, 2.49409E-06, 5.87336E-07, 2.38602E-07, 2.26817E-07, 5.94863E-04
412, 1.66225E-05, 1.49286E-05, 7.01354E-06, 2.40200E-06, 5.85615E-07, 2.38091E-07, 2.26100E-07, 5.74548E-04
413, 1.64516E-05, 1.48239E-05, 6.95629E-06, 2.31261E-06, 5.83902E-07, 2.37589E-07, 2.25385E-07, 5.54769E-04
414, 1.62764E-05, 1.47157E-05, 6.89705E-06, 2.29200E-06, 5.82172E-07, 2.37101E-07, 2.24666E-07, 5.51422E-04
415, 1.60970E-05, 1.46041E-05, 6.83584E-06, 2.27135E-06, 5.80461E-07, 2.36615E-07, 2.23951E-07, 5.48052E-04
416, 1.59449E-05, 1.44892E-05, 6.77265E-06, 2.25796E-06, 5.78783E-07, 2.36134E-07, 2.23240E-07, 5.46419E-04
417, 1.58473E-05, 1.43711E-05, 6.70749E-06, 2.25104E-06, 5.77081E-07, 2.35659E-07, 2.22530E-07, 5.46348E-04
418, 1.57456E-05, 1.42499E-05, 6.64037E-06, 2.24365E-06, 5.75398E-07, 2.35203E-07, 2.21812E-07, 5.46163E-04
419, 1.56399E-05, 1.41257E-05, 6.57130E-06, 2.23579E-06, 5.73768E-07, 2.34763E-07, 2.21110E-07, 5.45863E-04
420, 1.55302E-05, 1.39987E-05, 6.50028E-06, 2.22748E-06, 5.72097E-07, 2.34346E-07, 2.20417E-07, 5.45449E-04
421, 1.54165E-05, 1.38689E-05, 6.42734E-06, 2.21872E-06, 5.70391E-07, 2.33949E-07, 2.19722E-07, 5.44921E-04
422, 1.52990E-05, 1.37364E-05, 6.35249E-06, 2.20951E-06, 5.68673E-07, 2.33572E-07, 2.19033E-07, 5.44279E-04
423, 1.51776E-05, 1.36015E-05, 6.27574E-06, 2.19987E-06, 5.66956E-07, 2.33202E-07, 2.18348E-07, 5.43525E-04
424, 1.50525E-05, 1.34640E-05, 6.19711E-06, 2.18980E-06, 5.65234E-07, 2.32829E-07, 2.17669E-07, 5.42657E-04
425, 1.49236E-05, 1.33243E-05, 6.11662E-06, 2.17932E-06, 5.63539E-07, 2.32447E-07, 2.16992E-07, 5.41678E-04
426, 1.47911E-05, 1.31824E-05, 6.03429E-06, 2.16843E-06, 5.61857E-07, 2.32082E-07, 2.16316E-07, 5.40587E-04
427, 1.46550E-05, 1.30383E-05, 5.95015E-06, 2.15713E-06, 5.60218E-07, 2.31734E-07, 2.15649E-07, 5.39384E-04
428, 1.45154E-05, 1.28923E-05, 5.86423E-06, 2.14544E-06, 5.58623E-07, 2.31406E-07, 2.14979E-07, 5.38071E-04
429, 1.43724E-05, 1.27444E-05, 5.77654E-06, 2.13336E-06, 5.57006E-07, 2.31084E-07, 2.14314E-07, 5.36647E-04
430, 1.42260E-05, 1.25947E-05, 5.68713E-06, 2.12091E-06, 5.55372E-07, 2.30768E-07, 2.13658E-07, 5.35114E-04
431, 1.40763E-05, 1.24434E-05, 5.59602E-06, 2.10808E-06, 5.53779E-07, 2.30468E-07, 2.13008E-07, 5.33472E-04
432, 1.39234E-05, 1.22904E-05, 5.50325E-06, 2.09490E-06, 5.52209E-07, 2.30166E-07, 2.12362E-07, 5.31722E-04
433, 1.37673E-05, 1.21360E-05, 5.40885E-06, 2.08135E-06, 5.50657E-07, 2.29870E-07, 2.11720E-07, 5.29864E-04
434, 1.36081E-05, 1.19803E-05, 5.31287E-06, 2.06747E-06, 5.49162E-07, 2.29584E-07, 2.11069E-07, 5.27899E-04
435, 1.34460E-05, 1.18233E-05, 5.21535E-06, 2.05324E-06, 5.47657E-07, 2.29299E-07, 2.10414E-07, 5.25828E-04
436, 1.32809E-05, 1.16652E-05, 5.11632E-06, 2.03869E-06, 5.46168E-07, 2.29014E-07, 2.09763E-07, 5.23653E-04
437, 1.31131E-05, 1.15135E-05, 5.01584E-06, 2.02381E-06, 5.44719E-07, 2.28731E-07, 2.09111E-07, 5.21372E-04
438, 1.29424E-05, 1.14604E-05, 4.91394E-06, 2.00862E-06, 5.43317E-07, 2.28447E-07, 2.08458E-07, 5.18989E-04
439, 1.27692E-05, 1.14039E-05, 4.81069E-06, 1.99313E-06, 5.41926E-07, 2.28165E-07, 2.07806E-07, 5.16503E-04
440, 1.25933E-05, 1.13437E-05, 4.70613E-06, 1.97733E-06, 5.40548E-07, 2.27879E-07, 2.07165E-07, 5.13915E-04
441, 1.25833E-05, 1.12800E-05, 4.60032E-06, 1.96591E-06, 5.39206E-07, 2.27583E-07, 2.06532E-07, 5.12441E-04
442, 1.26495E-05, 1.12127E-05, 4.49330E-06, 1.97751E-06, 5.37872E-07, 2.27278E-07, 2.05900E-07, 5.16967E-04
443, 1.27134E-05, 1.11420E-05, 4.38514E-06, 1.98907E-06, 5.36538E-07, 2.26964E-07, 2.05275E-07, 5.21498E-04
444, 1.27751E-05, 1.10677E-05, 4.27591E-06, 2.00059E-06, 5.35206E-07, 2.26642E-07, 2.04660E-07, 5.26036E-04
445, 1.28444E-05, 1.09899E-05, 4.25307E-06, 2.01270E-06, 5.33900E-07, 2.26309E-07, 2.04043E-07, 5.30742E-04
446, 1.29142E-05, 1.09087E-05, 4.25304E-06, 2.02979E-06, 5.32622E-07, 2.25968E-07, 2.03438E-07, 5.36781E-04
447, 1.29821E-05, 1.08240E-05, 4.25231E-06, 2.04684E-06, 5.31343E-07, 2.25622E-07, 2.02839E-07, 5.42831E-04
448, 1.30479E-05, 1.07360E-05, 4.25087E-06, 2.06384E-06, 5.30085E-07, 2.25269E-07, 2.02233E-07, 5.48891E-04
449, 1.31118E-05, 1.06446E-05, 4.24871E-06, 2.08080E-06, 5.28880E-07, 2.24912E-07, 2.01639E-07, 5.54961E-04
450, 1.31735E-05, 1.05499E-05, 4.24581E-06, 2.09772E-06, 5.27714E-07, 2.24544E-07, 2.01052E-07, 5.61039E-04
451, 1.32331E-05, 1.04520E-05, 4.24218E-06, 2.11459E-06, 5.26551E-07, 2.24163E-07, 2.00473E-07, 5.67125E-04
452, 1.32906E-05, 1.03509E-05, 4.23780E-06, 2.13141E-06, 5.25403E-07, 2.23777E-07, 1.99892E-07, 5.73217E-04
453, 1.33515E-05, 1.02466E-05, 4.23266E-06, 2.14884E-06, 5.24293E-07, 2.23382E-07, 1.99307E-07, 5.79495E-04
454, 1.34122E-05, 1.01392E-05, 4.22675E-06, 2.16766E-06, 5.23177E-07, 2.22978E-07, 1.98727E-07, 5.86166E-04
455, 1.34702E-05, 1.00288E-05, 4.22007E-06, 2.18637E-06, 5.22047E-07, 2.22572E-07, 1.98155E-07, 5.92827E-04
456, 1.35256E-05, 9.91554E-06, 4.21261E-06, 2.20495E-06, 5.20921E-07, 2.22162E-07, 1.97585E-07, 5.99476E-04
457, 1.35783E-05, 9.79938E-06, 4.20435E-06, 2.22342E-06, 5.19822E-07, 2.21738E-07, 1.97018E-07, 6.06112E-04
458, 1.36283E-05, 9.68043E-06, 4.19531E-06, 2.24177E-06, 5.18722E-07, 2.21310E-07, 1.96473E-07, 6.12735E-04
459, 1.36756E-05, 9.55879E-06, 4.18547E-06, 2.25999E-06, 5.17602E-07, 2.20867E-07, 1.95932E-07, 6.19344E-04
460, 1.37202E-05, 9.43455E-06, 4.17482E-06, 2.27809E-06, 5.16456E-07, 2.20418E-07, 1.95397E-07, 6.25937E-04
461, 1.37619E-05, 9.30779E-06, 4.16336E-06, 2.29607E-06, 5.15298E-07, 2.19960E-07, 1.94866E-07, 6.32514E-04
462, 1.38008E-05, 9.17861E-06, 4.15110E-06, 2.31392E-06, 5.14110E-07, 2.19484E-07, 1.94337E-07, 6.39072E-04
463, 1.38369E-05, 9.04711E-06, 4.13802E-06, 2.33165E-06, 5.12921E-07, 2.19001E-07, 1.93806E-07, 6.45612E-04
464, 1.38701E-05, 8.91340E-06, 4.12412E-06, 2.34924E-06, 5.11747E-07, 2.18521E-07, 1.93280E-07, 6.52133E-04
465, 1.39003E-05, 8.77758E-06, 4.10940E-06, 2.36851E-06, 5.10567E-07, 2.18044E-07, 1.92766E-07, 6.59137E-04
466, 1.39395E-05, 8.63975E-06, 4.09387E-06, 2.39102E-06, 5.09392E-07, 2.17560E-07, 1.92252E-07, 6.67061E-04
467, 1.39837E-05, 8.50003E-06, 4.07753E-06, 2.41336E-06, 5.08229E-07, 2.17069E-07, 1.91753E-07, 6.74961E-04
468, 1.40250E-05, 8.35854E-06, 4.06037E-06, 2.43553E-06, 5.07055E-07, 2.16579E-07, 1.91257E-07, 6.82835E-04
469, 1.40636E-05, 8.21538E-06, 4.04240E-06, 2.45753E-06, 5.05877E-07, 2.16098E-07, 1.90773E-07, 6.90683E-04
470, 1.40994E-05, 8.07067E-06, 4.02362E-06, 2.47935E-06, 5.04706E-07, 2.15609E-07, 1.90295E-07, 6.98502E-04
471, 1.41324E-05, 7.92454E-06, 4.00403E-06, 2.50099E-06, 5.03512E-07, 2.15113E-07, 1.89821E-07, 7.06291E-04
472, 1.41624E-05, 7.77710E-06, 3.98365E-06, 2.52245E-06, 5.02296E-07, 2.14607E-07, 1.89346E-07, 7.14049E-04
473, 1.41896E-05, 7.62848E-06, 3.96248E-06, 2.54371E-06, 5.01080E-07, 2.14092E-07, 1.88869E-07, 7.21775E-04
474, 1.42138E-05, 7.47879E-06, 3.94053E-06, 2.56479E-06, 4.99867E-07, 2.13568E-07, 1.88405E-07, 7.29466E-04
475, 1.42350E-05, 7.32816E-06, 3.91780E-06, 2.58567E-06, 4.98652E-07, 2.13040E-07, 1.87942E-07, 7.37123E-04
476, 1.42532E-05, 7.17670E-06, 3.89430E-06, 2.60635E-06, 4.97432E-07, 2.12500E-07, 1.87475E-07, 7.44743E-04
477, 1.42684E-05, 7.02455E-06, 3.87005E-06, 2.62682E-06, 4.96196E-07, 2.11961E-07, 1.87018E-07, 7.52325E-04
478, 1.42804E-05, 6.87182E-06, 3.84506E-06, 2.64709E-06, 4.94929E-07, 2.11422E-07, 1.86571E-07, 7.59868E-04
479, 1.42894E-05, 6.71864E-06, 3.82075E-06, 2.66714E-06, 4.93656E-07, 2.10882E-07, 1.86127E-07, 7.67372E-04
480, 1.42953E-05, 6.56512E-06, 3.80324E-06, 2.68698E-06, 4.92377E-07, 2.10337E-07, 1.85689E-07, 7.74834E-04
481, 1.42980E-05, 6.41139E-06, 3.78527E-06, 2.70660E-06, 4.91087E-07, 2.09790E-07, 1.85249E-07, 7.82254E-04
482, 1.42975E-05, 6.25756E-06, 3.76686E-06, 2.72600E-06, 4.89782E-07, 2.09235E-07, 1.84809E-07, 7.89630E-04
483, 1.42937E-05, 6.10375E-06, 3.74802E-06, 2.74516E-06, 4.88434E-07, 2.08670E-07, 1.84382E-07, 7.96962E-04
484, 1.42867E-05, 5.95008E-06, 3.72876E-06, 2.76409E-06, 4.87054E-07, 2.08088E-07, 1.83966E-07, 8.04249E-04
485, 1.42764E-05, 5.79665E-06, 3.70910E-06, 2.78279E-06, 4.85640E-07, 2.07494E-07, 1.83556E-07, 8.11488E-04
486, 1.42628E-05, 5.76329E-06, 3.68905E-06, 2.80124E-06, 4.84217E-07, 2.06893E-07, 1.83146E-07, 8.18681E-04
487, 1.42458E-05, 5.75508E-06, 3.66862E-06, 2.81945E-06, 4.82824E-07, 2.06282E-07, 1.82736E-07, 8.25824E-04
488, 1.42254E-05, 5.74364E-06, 3.64784E-06, 2.83741E-06, 4.81418E-07, 2.05667E-07, 1.82323E-07, 8.32918E-04
489, 1.42016E-05, 5.72903E-06, 3.62671E-06, 2.85511E-06, 4.80006E-07, 2.05066E-07, 1.81906E-07, 8.39962E-04
490, 1.41743E-05, 5.71131E-06, 3.60526E-06, 2.87255E-06, 4.78574E-07, 2.04469E-07, 1.81489E-07, 8.46953E-04
491, 1.41435E-05, 5.69053E-06, 3.58350E-06, 2.88973E-06, 4.77114E-07, 2.03867E-07, 1.81070E-07, 8.53892E-04
492, 1.41092E-05, 5.66677E-06, 3.56144E-06, 2.90664E-06, 4.75632E-07, 2.03260E-07, 1.80657E-07, 8.60778E-04
493, 1.40929E-05, 5.64008E-06, 3.53910E-06, 2.92328E-06, 4.74133E-07, 2.02647E-07, 1.80262E-07, 8.67609E-04
494, 1.40736E-05, 5.61055E-06, 3.52344E-06, 2.93964E-06, 4.72609E-07, 2.02045E-07, 1.79875E-07, 8.74384E-04
495, 1.40509E-05, 5.57823E-06, 3.51292E-06, 2.95572E-06, 4.71068E-07, 2.01437E-07, 1.79493E-07, 8.81102E-04
496, 1.40249E-05, 5.54320E-06, 3.50194E-06, 2.97151E-06, 4.69505E-07, 2.00817E-07, 1.79117E-07, 8.87762E-04
497, 1.39953E-05, 5.50555E-06, 3.49973E-06, 2.98700E-06, 4.67919E-07, 2.00191E-07, 1.78748E-07, 8.94364E-04
498, 1.39623E-05, 5.46535E-06, 3.52412E-06, 3.00220E-06, 4.66326E-07, 1.99567E-07, 1.78389E-07, 9.00905E-04
499, 1.39257E-05, 5.42269E-06, 3.54835E-06, 3.01710E-06, 4.64703E-07, 1.98943E-07, 1.78035E-07, 9.07386E-04
500, 1.38857E-05, 5.41047E-06, 3.57244E-06, 3.03170E-06, 4.63059E-07, 1.98320E-07, 1.77685E-07, 9.13804E-04
