time_step, rel_err_u, rel_err_v, rel_err_w, rel_err_p, rel_err_u_m, rel_err_v_m, rel_err_w_m, rel_err_p_m
0, 0.00000E+00, 0.00000E+00, 0.00000E+00, 0.00000E+00, 0.00000E+00, 0.00000E+00, 0.00000E+00, 4.61153E-04
1, 4.89403E-16, 4.60881E-16, 7.14151E-16, 8.05986E-16, 7.75095E-18, 7.31659E-18, 7.84759E-18, 1.74170E-13
2, 9.79914E-16, 9.22834E-16, 7.14088E-16, 3.63418E-15, 1.30231E-17, 1.23978E-17, 1.17408E-17, 7.46610E-13
3, 9.81031E-16, 9.23897E-16, 7.14024E-16, 4.24829E-15, 2.63505E-17, 2.53501E-17, 2.17699E-17, 8.69288E-13
4, 1.47324E-15, 9.24953E-16, 1.07094E-15, 4.96611E-15, 4.53863E-17, 4.26011E-17, 3.69003E-17, 1.03759E-12
5, 1.22911E-15, 1.38900E-15, 1.42780E-15, 5.48355E-15, 6.55882E-17, 6.14464E-17, 5.38845E-17, 1.13959E-12
6, 1.47665E-15, 1.62232E-15, 1.07075E-15, 6.51164E-15, 8.30336E-17, 7.71227E-17, 6.88778E-17, 1.37528E-12
7, 1.97117E-15, 1.39211E-15, 1.42755E-15, 7.54358E-15, 9.74993E-17, 9.12575E-17, 8.15255E-17, 1.59602E-12
8, 1.48012E-15, 1.39365E-15, 1.24899E-15, 8.27295E-15, 1.08923E-16, 1.02070E-16, 9.28107E-17, 1.72990E-12
9, 1.97582E-15, 1.39517E-15, 1.07047E-15, 6.85603E-15, 1.18624E-16, 1.12214E-16, 1.01735E-16, 1.43957E-12
10, 1.23636E-15, 1.16390E-15, 1.42718E-15, 6.76640E-15, 1.27414E-16, 1.20052E-16, 1.09052E-16, 1.42648E-12
11, 1.48540E-15, 1.39818E-15, 1.07029E-15, 8.83326E-15, 1.34256E-16, 1.27359E-16, 1.15380E-16, 1.86392E-12
12, 1.48718E-15, 1.63295E-15, 1.42693E-15, 6.58575E-15, 1.41559E-16, 1.33986E-16, 1.20579E-16, 1.38370E-12
13, 1.48897E-15, 1.63467E-15, 1.07011E-15, 6.90709E-15, 1.47101E-16, 1.39454E-16, 1.26039E-16, 1.46171E-12
14, 1.49078E-15, 1.63637E-15, 1.42670E-15, 6.50653E-15, 1.52320E-16, 1.43870E-16, 1.30427E-16, 1.36601E-12
15, 1.99012E-15, 2.34009E-15, 1.42658E-15, 6.51826E-15, 1.56929E-16, 1.48763E-16, 1.34080E-16, 1.38509E-12
16, 1.99255E-15, 1.87399E-15, 1.42646E-15, 8.91383E-15, 1.60812E-16, 1.52295E-16, 1.37820E-16, 1.87987E-12
17, 1.49625E-15, 1.87589E-15, 1.42635E-15, 8.20278E-15, 1.63473E-16, 1.56930E-16, 1.41939E-16, 1.74257E-12
18, 1.49809E-15, 1.87776E-15, 1.42624E-15, 8.84126E-15, 1.67398E-16, 1.59627E-16, 1.43991E-16, 1.88632E-12
19, 1.49994E-15, 1.87963E-15, 1.78266E-15, 7.71048E-15, 1.71391E-16, 1.62629E-16, 1.47527E-16, 1.64997E-12
20, 1.75210E-15, 1.88147E-15, 1.78252E-15, 7.30626E-15, 1.75622E-16, 1.66105E-16, 1.49366E-16, 1.55447E-12
21, 1.50367E-15, 1.88330E-15, 1.42591E-15, 7.10963E-15, 1.78059E-16, 1.68113E-16, 1.52790E-16, 1.50669E-12
22, 1.50554E-15, 1.88511E-15, 1.78225E-15, 7.85478E-15, 1.81820E-16, 1.70522E-16, 1.55400E-16, 1.67771E-12
23, 1.75866E-15, 2.12276E-15, 1.78211E-15, 6.87134E-15, 1.83456E-16, 1.73003E-16, 1.56933E-16, 1.47087E-12
24, 1.76087E-15, 1.88867E-15, 1.78198E-15, 6.51498E-15, 1.85716E-16, 1.74995E-16, 1.58821E-16, 1.37436E-12
25, 2.51869E-15, 2.36303E-15, 1.78186E-15, 6.84147E-15, 1.87641E-16, 1.76574E-16, 1.60903E-16, 1.47570E-12
26, 1.51312E-15, 2.36520E-15, 1.78173E-15, 6.95807E-15, 1.89923E-16, 1.80143E-16, 1.62228E-16, 1.50008E-12
27, 1.76753E-15, 2.36735E-15, 1.78161E-15, 8.44767E-15, 1.91165E-16, 1.80811E-16, 1.64104E-16, 1.81966E-12
28, 1.51695E-15, 2.13253E-15, 1.78148E-15, 7.19204E-15, 1.92970E-16, 1.82046E-16, 1.65642E-16, 1.52773E-12
29, 2.02516E-15, 1.89726E-15, 1.78136E-15, 7.20348E-15, 1.94681E-16, 1.84072E-16, 1.66689E-16, 1.55539E-12
30, 1.77427E-15, 1.89893E-15, 1.78125E-15, 7.10874E-15, 1.97409E-16, 1.85927E-16, 1.67784E-16, 1.52997E-12
31, 1.52274E-15, 1.90057E-15, 2.13736E-15, 7.33239E-15, 1.98143E-16, 1.86958E-16, 1.68663E-16, 1.57820E-12
32, 1.77879E-15, 2.37775E-15, 1.78102E-15, 8.19521E-15, 1.99611E-16, 1.88140E-16, 1.69753E-16, 1.76478E-12
33, 1.78107E-15, 2.37976E-15, 1.78091E-15, 7.24846E-15, 2.01393E-16, 1.88941E-16, 1.70660E-16, 1.56774E-12
34, 1.78334E-15, 2.38175E-15, 1.78080E-15, 6.93925E-15, 2.02669E-16, 1.89926E-16, 1.71882E-16, 1.49144E-12
35, 1.53054E-15, 2.38371E-15, 1.78069E-15, 7.16359E-15, 2.03631E-16, 1.91757E-16, 1.73141E-16, 1.55410E-12
36, 2.80959E-15, 2.38565E-15, 1.78059E-15, 6.85311E-15, 2.04334E-16, 1.92426E-16, 1.74230E-16, 1.48018E-12
37, 1.79022E-15, 2.38756E-15, 1.78049E-15, 6.86333E-15, 2.05437E-16, 1.93351E-16, 1.74027E-16, 1.48876E-12
38, 1.79252E-15, 1.91157E-15, 1.78039E-15, 7.19568E-15, 2.06524E-16, 1.94648E-16, 1.74914E-16, 1.55399E-12
39, 1.79483E-15, 1.91306E-15, 1.78030E-15, 7.31382E-15, 2.07719E-16, 1.94926E-16, 1.75390E-16, 1.57746E-12
40, 2.31061E-15, 1.91454E-15, 1.42416E-15, 8.02462E-15, 2.07876E-16, 1.96066E-16, 1.77231E-16, 1.73551E-12
41, 2.05653E-15, 1.91600E-15, 2.13614E-15, 7.28117E-15, 2.09190E-16, 1.96936E-16, 1.76992E-16, 1.58147E-12
42, 1.80178E-15, 2.15711E-15, 2.49204E-15, 6.80554E-15, 2.11056E-16, 1.97278E-16, 1.77284E-16, 1.47494E-12
43, 2.06184E-15, 2.87828E-15, 2.49192E-15, 7.89707E-15, 2.11601E-16, 1.97579E-16, 1.77899E-16, 1.70851E-12
44, 2.06451E-15, 1.92025E-15, 1.77986E-15, 6.39164E-15, 2.12499E-16, 1.98978E-16, 1.79470E-16, 1.38060E-12
45, 2.58398E-15, 2.40204E-15, 1.95776E-15, 7.21432E-15, 2.13269E-16, 1.98698E-16, 1.80007E-16, 1.56113E-12
46, 2.06986E-15, 2.16337E-15, 1.77970E-15, 7.60469E-15, 2.13525E-16, 1.99491E-16, 1.80326E-16, 1.64462E-12
47, 1.81348E-15, 1.92433E-15, 1.77963E-15, 7.18016E-15, 2.14318E-16, 2.00803E-16, 1.81191E-16, 1.55053E-12
48, 2.33464E-15, 2.40707E-15, 1.77956E-15, 7.57144E-15, 2.15055E-16, 2.01484E-16, 1.81938E-16, 1.63771E-12
49, 1.81819E-15, 2.40870E-15, 1.77949E-15, 7.52736E-15, 2.15873E-16, 2.02104E-16, 1.82862E-16, 1.62733E-12
50, 1.82056E-15, 2.41030E-15, 1.77943E-15, 8.35704E-15, 2.15574E-16, 2.03142E-16, 1.83994E-16, 1.80638E-12
51, 1.82293E-15, 2.41188E-15, 1.77937E-15, 7.76683E-15, 2.16634E-16, 2.03107E-16, 1.84806E-16, 1.68345E-12
52, 1.82530E-15, 2.17209E-15, 1.77931E-15, 7.44879E-15, 2.17274E-16, 2.04250E-16, 1.84018E-16, 1.60714E-12
53, 2.08878E-15, 2.17346E-15, 1.77926E-15, 7.02015E-15, 2.17833E-16, 2.04051E-16, 1.85095E-16, 1.53625E-12
54, 2.61438E-15, 1.93317E-15, 2.13505E-15, 7.90834E-15, 2.18194E-16, 2.04932E-16, 1.85770E-16, 1.70096E-12
55, 1.83246E-15, 1.93435E-15, 2.13499E-15, 7.97398E-15, 2.19451E-16, 2.04098E-16, 1.86511E-16, 1.71137E-12
56, 1.83485E-15, 1.93551E-15, 2.13493E-15, 7.37894E-15, 2.19177E-16, 2.05434E-16, 1.87111E-16, 1.59744E-12
57, 2.09972E-15, 2.17873E-15, 1.77907E-15, 7.27853E-15, 2.20517E-16, 2.05172E-16, 1.87629E-16, 1.57857E-12
58, 1.83966E-15, 2.17999E-15, 1.77903E-15, 8.06122E-15, 2.20775E-16, 2.06879E-16, 1.87535E-16, 1.72459E-12
59, 2.36838E-15, 1.93886E-15, 2.13480E-15, 8.09956E-15, 2.21200E-16, 2.06755E-16, 1.87929E-16, 1.73333E-12
60, 2.10799E-15, 1.93994E-15, 2.13476E-15, 9.07909E-15, 2.21180E-16, 2.07517E-16, 1.88845E-16, 1.92467E-12
61, 1.84691E-15, 1.94100E-15, 2.13473E-15, 7.09547E-15, 2.21648E-16, 2.07349E-16, 1.89166E-16, 1.50519E-12
62, 1.84934E-15, 1.94203E-15, 2.13470E-15, 8.21494E-15, 2.22366E-16, 2.06848E-16, 1.88801E-16, 1.76275E-12
63, 2.11632E-15, 2.18592E-15, 2.13467E-15, 9.11499E-15, 2.22656E-16, 2.08488E-16, 1.88786E-16, 1.94685E-12
64, 2.11911E-15, 2.43004E-15, 2.49043E-15, 8.57040E-15, 2.23773E-16, 2.08824E-16, 1.89121E-16, 1.82100E-12
65, 2.38714E-15, 2.43126E-15, 2.13464E-15, 7.57856E-15, 2.23926E-16, 2.09574E-16, 1.89168E-16, 1.60945E-12
66, 1.85912E-15, 2.43244E-15, 2.13462E-15, 7.14206E-15, 2.24411E-16, 2.10433E-16, 1.89654E-16, 1.51221E-12
67, 1.86159E-15, 2.43360E-15, 2.13462E-15, 7.76591E-15, 2.25322E-16, 2.10686E-16, 1.89987E-16, 1.64269E-12
68, 2.13035E-15, 2.43473E-15, 1.77884E-15, 8.72702E-15, 2.26784E-16, 2.11795E-16, 1.90195E-16, 1.84706E-12
69, 2.13318E-15, 2.19224E-15, 1.95673E-15, 7.78607E-15, 2.25663E-16, 2.11279E-16, 1.90655E-16, 1.64371E-12
70, 1.86902E-15, 2.43690E-15, 1.77885E-15, 9.05811E-15, 2.26055E-16, 2.10586E-16, 1.90765E-16, 1.90783E-12
71, 1.87151E-15, 2.68174E-15, 2.13463E-15, 7.30077E-15, 2.26205E-16, 2.10950E-16, 1.91172E-16, 1.52424E-12
72, 2.14172E-15, 2.43896E-15, 1.77887E-15, 7.42265E-15, 2.26400E-16, 2.11099E-16, 1.91079E-16, 1.55141E-12
73, 2.14459E-15, 2.43995E-15, 2.49043E-15, 7.31959E-15, 2.27602E-16, 2.10873E-16, 1.91077E-16, 1.53074E-12
74, 2.14746E-15, 2.07477E-15, 1.77890E-15, 8.00552E-15, 2.27591E-16, 2.10941E-16, 1.91593E-16, 1.67198E-12
75, 2.41914E-15, 2.07557E-15, 1.77892E-15, 8.35449E-15, 2.27664E-16, 2.11386E-16, 1.91566E-16, 1.74467E-12
76, 2.42239E-15, 2.44274E-15, 1.77895E-15, 7.79999E-15, 2.28018E-16, 2.11277E-16, 1.90477E-16, 1.61264E-12
77, 2.15614E-15, 2.19926E-15, 1.77898E-15, 7.64019E-15, 2.29344E-16, 2.11250E-16, 1.91707E-16, 1.59164E-12
78, 2.69882E-15, 1.95557E-15, 2.49061E-15, 7.53663E-15, 2.29419E-16, 2.11518E-16, 1.91362E-16, 1.55804E-12
79, 2.70247E-15, 1.95622E-15, 2.13486E-15, 9.19168E-15, 2.29198E-16, 2.11727E-16, 1.91159E-16, 1.89628E-12
80, 2.16491E-15, 2.44606E-15, 2.13490E-15, 8.18081E-15, 2.30410E-16, 2.11223E-16, 1.90521E-16, 1.69400E-12
81, 2.16785E-15, 2.44682E-15, 2.13495E-15, 7.28110E-15, 2.31063E-16, 2.11396E-16, 1.92042E-16, 1.49163E-12
82, 2.17081E-15, 2.44755E-15, 2.13501E-15, 7.97384E-15, 2.30987E-16, 2.12805E-16, 1.91841E-16, 1.64627E-12
83, 2.17377E-15, 2.44824E-15, 2.13507E-15, 7.75588E-15, 2.30236E-16, 2.13012E-16, 1.92025E-16, 1.58340E-12
84, 2.44884E-15, 2.44891E-15, 2.13513E-15, 8.56515E-15, 2.31445E-16, 2.13187E-16, 1.91845E-16, 1.74511E-12
85, 2.45220E-15, 2.44955E-15, 2.13520E-15, 7.31821E-15, 2.31098E-16, 2.12209E-16, 1.92679E-16, 1.50083E-12
86, 2.72841E-15, 2.45016E-15, 2.13527E-15, 7.38474E-15, 2.31835E-16, 2.12464E-16, 1.92365E-16, 1.49401E-12
87, 2.45896E-15, 2.45074E-15, 2.49124E-15, 6.82092E-15, 2.31838E-16, 2.12866E-16, 1.91676E-16, 1.38234E-12
88, 3.00954E-15, 2.45129E-15, 2.31338E-15, 9.18261E-15, 2.32767E-16, 2.13460E-16, 1.93093E-16, 1.86064E-12
89, 2.46576E-15, 2.45181E-15, 2.13551E-15, 7.47032E-15, 2.33488E-16, 2.13491E-16, 1.92916E-16, 1.49313E-12
90, 2.46918E-15, 2.45230E-15, 2.13560E-15, 7.53731E-15, 2.33006E-16, 2.12968E-16, 1.92842E-16, 1.51460E-12
91, 2.19788E-15, 2.20748E-15, 2.84758E-15, 6.86993E-15, 2.33941E-16, 2.12185E-16, 1.93056E-16, 1.37592E-12
92, 2.47607E-15, 1.96255E-15, 2.13578E-15, 8.99844E-15, 2.33847E-16, 2.11462E-16, 1.92855E-16, 1.80168E-12
93, 2.47953E-15, 1.96287E-15, 2.49186E-15, 7.16164E-15, 2.33849E-16, 2.12725E-16, 1.92472E-16, 1.43971E-12
94, 2.48300E-15, 2.20857E-15, 1.95798E-15, 7.40200E-15, 2.34491E-16, 2.12461E-16, 1.92730E-16, 1.47357E-12
95, 2.48649E-15, 2.45430E-15, 2.13608E-15, 9.03258E-15, 2.34628E-16, 2.12313E-16, 1.92427E-16, 1.77513E-12
96, 2.21332E-15, 2.20916E-15, 2.49223E-15, 9.50777E-15, 2.35426E-16, 2.12210E-16, 1.93041E-16, 1.85448E-12
97, 2.21644E-15, 2.20941E-15, 2.13630E-15, 7.83639E-15, 2.35989E-16, 2.13192E-16, 1.92757E-16, 1.53748E-12
98, 2.49703E-15, 2.20964E-15, 2.13642E-15, 8.13688E-15, 2.34272E-16, 2.13913E-16, 1.93181E-16, 1.59057E-12
99, 2.22273E-15, 1.96431E-15, 2.13654E-15, 9.31102E-15, 2.36151E-16, 2.14198E-16, 1.93417E-16, 1.81173E-12
100, 2.22588E-15, 1.96446E-15, 2.13666E-15, 6.87553E-15, 2.37663E-16, 2.13644E-16, 1.94086E-16, 1.33856E-12
101, 2.22906E-15, 1.96460E-15, 2.13678E-15, 7.93433E-15, 2.36049E-16, 2.13790E-16, 1.94780E-16, 1.53570E-12
102, 2.51127E-15, 1.96471E-15, 2.49306E-15, 8.52848E-15, 2.36987E-16, 2.14064E-16, 1.93687E-16, 1.63908E-12
103, 2.51486E-15, 1.96480E-15, 1.78087E-15, 8.48075E-15, 2.37155E-16, 2.13713E-16, 1.93138E-16, 1.62940E-12
104, 2.51847E-15, 1.96487E-15, 2.13718E-15, 7.58374E-15, 2.37878E-16, 2.13273E-16, 1.93000E-16, 1.45503E-12
105, 2.52209E-15, 2.45614E-15, 2.13732E-15, 1.03199E-14, 2.37769E-16, 2.13973E-16, 1.92937E-16, 1.97464E-12
106, 2.52572E-15, 1.96493E-15, 1.95933E-15, 7.74966E-15, 2.38804E-16, 2.14061E-16, 1.92716E-16, 1.48894E-12
107, 2.81041E-15, 1.96493E-15, 1.78133E-15, 8.22972E-15, 2.39677E-16, 2.14067E-16, 1.92345E-16, 1.56695E-12
108, 2.53303E-15, 2.45613E-15, 1.78146E-15, 8.00468E-15, 2.39930E-16, 2.13278E-16, 1.93987E-16, 1.50519E-12
109, 2.53671E-15, 2.08766E-15, 2.13790E-15, 8.89878E-15, 2.39669E-16, 2.13027E-16, 1.93674E-16, 1.67841E-12
110, 2.54039E-15, 2.21039E-15, 2.13805E-15, 8.61501E-15, 2.39830E-16, 2.14067E-16, 1.93966E-16, 1.61721E-12
111, 2.26142E-15, 1.96470E-15, 1.96002E-15, 8.03510E-15, 2.40172E-16, 2.12988E-16, 1.94527E-16, 1.48650E-12
112, 3.11399E-15, 2.21016E-15, 2.31656E-15, 8.22275E-15, 2.40707E-16, 2.13375E-16, 1.94194E-16, 1.53034E-12
113, 2.26804E-15, 1.84168E-15, 2.85137E-15, 7.70009E-15, 2.40327E-16, 2.14204E-16, 1.94562E-16, 1.43183E-12
114, 2.27136E-15, 1.96430E-15, 2.13869E-15, 8.42155E-15, 2.40888E-16, 2.15049E-16, 1.95312E-16, 1.54989E-12
115, 3.12771E-15, 1.96413E-15, 2.13886E-15, 8.87762E-15, 2.41330E-16, 2.15217E-16, 1.94106E-16, 1.63476E-12
116, 3.13232E-15, 2.20943E-15, 2.13902E-15, 7.61059E-15, 2.42225E-16, 2.15518E-16, 1.94203E-16, 1.40484E-12
117, 2.85176E-15, 1.96372E-15, 2.13920E-15, 9.28722E-15, 2.42982E-16, 2.14218E-16, 1.93769E-16, 1.70620E-12
118, 2.85598E-15, 1.96348E-15, 2.13937E-15, 8.76260E-15, 2.41671E-16, 2.16485E-16, 1.94088E-16, 1.59504E-12
119, 2.86021E-15, 2.08592E-15, 2.13955E-15, 8.74396E-15, 2.42821E-16, 2.16808E-16, 1.93803E-16, 1.58596E-12
120, 2.86446E-15, 2.45368E-15, 2.49635E-15, 9.56194E-15, 2.41541E-16, 2.16977E-16, 1.94299E-16, 1.71980E-12
121, 2.86872E-15, 2.20797E-15, 2.49657E-15, 8.07824E-15, 2.42610E-16, 2.17828E-16, 1.94310E-16, 1.45075E-12
122, 3.16030E-15, 2.69820E-15, 2.14010E-15, 8.40318E-15, 2.42451E-16, 2.17278E-16, 1.94694E-16, 1.50599E-12
123, 3.16502E-15, 2.20723E-15, 2.49701E-15, 8.15903E-15, 2.43192E-16, 2.17315E-16, 1.94996E-16, 1.46015E-12
124, 3.16975E-15, 2.08423E-15, 2.49723E-15, 7.68899E-15, 2.42584E-16, 2.18061E-16, 1.95647E-16, 1.36607E-12
125, 2.88591E-15, 2.20641E-15, 2.14068E-15, 8.66130E-15, 2.43305E-16, 2.18635E-16, 1.95831E-16, 1.51316E-12
126, 3.17927E-15, 2.32851E-15, 2.14088E-15, 8.19071E-15, 2.43168E-16, 2.18554E-16, 1.95516E-16, 1.45728E-12
127, 3.18406E-15, 2.08296E-15, 1.96265E-15, 7.56815E-15, 2.43330E-16, 2.18479E-16, 1.96427E-16, 1.32861E-12
128, 2.60907E-15, 2.69500E-15, 2.49816E-15, 8.21201E-15, 2.44223E-16, 2.17891E-16, 1.95931E-16, 1.44761E-12
129, 3.19368E-15, 1.95954E-15, 2.14148E-15, 7.25534E-15, 2.44489E-16, 2.18312E-16, 1.96447E-16, 1.25525E-12
130, 2.61696E-15, 2.44884E-15, 2.14169E-15, 7.74914E-15, 2.44150E-16, 2.19053E-16, 1.97354E-16, 1.34371E-12
131, 3.20336E-15, 2.44822E-15, 2.14190E-15, 7.51680E-15, 2.45198E-16, 2.19311E-16, 1.97142E-16, 1.30551E-12
132, 2.91657E-15, 1.95807E-15, 1.78510E-15, 7.76946E-15, 2.45644E-16, 2.17807E-16, 1.97499E-16, 1.33086E-12
133, 2.92100E-15, 2.44692E-15, 2.14234E-15, 9.48148E-15, 2.44865E-16, 2.17596E-16, 1.97486E-16, 1.62378E-12
134, 2.92546E-15, 2.20161E-15, 2.14255E-15, 9.73740E-15, 2.45292E-16, 2.18598E-16, 1.97598E-16, 1.66275E-12
135, 2.63693E-15, 2.20098E-15, 2.14278E-15, 8.65335E-15, 2.45298E-16, 2.19013E-16, 1.97573E-16, 1.46659E-12
136, 2.34752E-15, 1.95584E-15, 2.14300E-15, 8.05460E-15, 2.45625E-16, 2.19144E-16, 1.98529E-16, 1.36166E-12
137, 3.23279E-15, 2.19964E-15, 1.78602E-15, 8.18748E-15, 2.46092E-16, 2.19769E-16, 1.97735E-16, 1.37525E-12
138, 2.94341E-15, 2.44327E-15, 2.32208E-15, 9.48317E-15, 2.46455E-16, 2.19632E-16, 1.97803E-16, 1.58633E-12
139, 2.94793E-15, 2.93097E-15, 1.96505E-15, 1.17625E-14, 2.47143E-16, 2.19314E-16, 1.98392E-16, 1.94488E-12
140, 2.65722E-15, 2.44166E-15, 2.50125E-15, 9.01768E-15, 2.46655E-16, 2.18479E-16, 1.97059E-16, 1.49572E-12
141, 2.36561E-15, 2.92898E-15, 2.14417E-15, 7.61690E-15, 2.47571E-16, 2.18956E-16, 1.96459E-16, 1.26035E-12
142, 2.66543E-15, 2.43995E-15, 2.14441E-15, 7.50407E-15, 2.47171E-16, 2.18467E-16, 1.96731E-16, 1.23890E-12
143, 2.96616E-15, 2.92689E-15, 2.14466E-15, 9.36184E-15, 2.47389E-16, 2.18472E-16, 1.97740E-16, 1.52210E-12
144, 2.97076E-15, 2.92580E-15, 2.50239E-15, 7.52418E-15, 2.47328E-16, 2.19009E-16, 1.97969E-16, 1.22484E-12
145, 2.97537E-15, 2.43724E-15, 2.14516E-15, 8.27535E-15, 2.48638E-16, 2.18492E-16, 1.97524E-16, 1.33811E-12
146, 3.27799E-15, 2.43629E-15, 2.32420E-15, 1.05127E-14, 2.48011E-16, 2.18221E-16, 1.98245E-16, 1.69949E-12
147, 2.98463E-15, 2.43532E-15, 2.32448E-15, 8.04991E-15, 2.48974E-16, 2.18186E-16, 1.97710E-16, 1.29865E-12
148, 2.69035E-15, 2.43433E-15, 2.50359E-15, 1.04789E-14, 2.48480E-16, 2.18786E-16, 1.97726E-16, 1.67825E-12
149, 2.69455E-15, 2.43332E-15, 2.14619E-15, 8.69246E-15, 2.48539E-16, 2.18559E-16, 1.98532E-16, 1.39847E-12
150, 2.69876E-15, 2.43229E-15, 2.50420E-15, 8.95284E-15, 2.49856E-16, 2.17717E-16, 1.98168E-16, 1.41745E-12
151, 2.40265E-15, 2.18812E-15, 2.50452E-15, 8.90262E-15, 2.49123E-16, 2.18399E-16, 1.98525E-16, 1.40648E-12
152, 2.70722E-15, 2.91620E-15, 2.14701E-15, 7.97949E-15, 2.48300E-16, 2.17225E-16, 1.98883E-16, 1.24704E-12
153, 2.41019E-15, 2.06471E-15, 2.50516E-15, 9.83171E-15, 2.49503E-16, 2.17793E-16, 1.98357E-16, 1.54337E-12
154, 3.31922E-15, 2.42796E-15, 2.50549E-15, 8.18846E-15, 2.49362E-16, 2.17773E-16, 1.98494E-16, 1.27887E-12
155, 2.11555E-15, 2.42683E-15, 2.14785E-15, 7.88648E-15, 2.50221E-16, 2.17394E-16, 1.97679E-16, 1.22719E-12
156, 2.42158E-15, 2.42567E-15, 2.14814E-15, 8.39844E-15, 2.50742E-16, 2.17000E-16, 1.97943E-16, 1.29390E-12
157, 3.03175E-15, 2.18205E-15, 2.14843E-15, 9.79036E-15, 2.50359E-16, 2.16990E-16, 1.97643E-16, 1.51176E-12
158, 2.42923E-15, 2.42331E-15, 1.96966E-15, 8.10667E-15, 2.50387E-16, 2.16551E-16, 1.98433E-16, 1.24765E-12
159, 2.73720E-15, 1.93767E-15, 2.14902E-15, 9.62769E-15, 2.50209E-16, 2.16707E-16, 1.97768E-16, 1.47719E-12
160, 2.43692E-15, 1.93669E-15, 2.14933E-15, 8.56930E-15, 2.50423E-16, 2.16662E-16, 1.98217E-16, 1.32749E-12
161, 2.44078E-15, 2.17765E-15, 2.14963E-15, 8.76992E-15, 2.50022E-16, 2.15223E-16, 1.97496E-16, 1.33125E-12
162, 3.05581E-15, 1.93467E-15, 2.32911E-15, 8.59197E-15, 2.50149E-16, 2.16648E-16, 1.96865E-16, 1.30277E-12
163, 2.44853E-15, 1.93363E-15, 2.15026E-15, 7.46459E-15, 2.48883E-16, 2.15975E-16, 1.96754E-16, 1.13618E-12
164, 2.45242E-15, 2.41573E-15, 2.15058E-15, 7.85442E-15, 2.49096E-16, 2.15005E-16, 1.97151E-16, 1.17268E-12
165, 3.07041E-15, 2.89728E-15, 2.50939E-15, 7.66646E-15, 2.50711E-16, 2.15755E-16, 1.97111E-16, 1.15174E-12
166, 2.46024E-15, 2.41304E-15, 1.79269E-15, 8.76396E-15, 2.49227E-16, 2.15171E-16, 1.96414E-16, 1.30726E-12
167, 2.77218E-15, 2.41167E-15, 2.15157E-15, 8.77527E-15, 2.51305E-16, 2.15437E-16, 1.96941E-16, 1.30508E-12
168, 2.77661E-15, 2.41028E-15, 2.15190E-15, 8.09014E-15, 2.51724E-16, 2.15951E-16, 1.97670E-16, 1.20310E-12
169, 2.78104E-15, 2.40888E-15, 2.51095E-15, 9.18027E-15, 2.51770E-16, 2.16089E-16, 1.97729E-16, 1.34552E-12
170, 3.09499E-15, 2.40745E-15, 2.15259E-15, 8.29826E-15, 2.52624E-16, 2.16705E-16, 1.98237E-16, 1.22540E-12
171, 3.09994E-15, 2.40600E-15, 2.15294E-15, 9.20350E-15, 2.52652E-16, 2.16123E-16, 1.98893E-16, 1.35847E-12
172, 2.79441E-15, 2.40454E-15, 2.51219E-15, 7.96715E-15, 2.53785E-16, 2.15377E-16, 1.98201E-16, 1.16950E-12
173, 3.10988E-15, 2.40305E-15, 2.51261E-15, 8.52166E-15, 2.52822E-16, 2.15842E-16, 1.98403E-16, 1.24396E-12
174, 3.11487E-15, 2.40155E-15, 2.51304E-15, 8.98123E-15, 2.54992E-16, 2.16206E-16, 1.97862E-16, 1.30741E-12
175, 3.11987E-15, 1.92002E-15, 2.15440E-15, 9.12066E-15, 2.55112E-16, 2.15625E-16, 1.98948E-16, 1.33286E-12
176, 2.81239E-15, 1.91879E-15, 2.15478E-15, 9.26033E-15, 2.55457E-16, 2.15591E-16, 1.98388E-16, 1.34239E-12
177, 2.81692E-15, 1.91754E-15, 2.15516E-15, 8.37006E-15, 2.55475E-16, 2.16056E-16, 1.98647E-16, 1.21041E-12
178, 3.76193E-15, 2.39535E-15, 2.15555E-15, 9.76594E-15, 2.54842E-16, 2.16371E-16, 1.98659E-16, 1.41254E-12
179, 2.51199E-15, 2.39376E-15, 2.15595E-15, 9.93878E-15, 2.53990E-16, 2.15921E-16, 1.98256E-16, 1.43880E-12
180, 3.14505E-15, 2.39215E-15, 1.97665E-15, 9.17500E-15, 2.55392E-16, 2.14678E-16, 1.98456E-16, 1.31410E-12
181, 2.83511E-15, 2.39051E-15, 2.15675E-15, 9.57369E-15, 2.55480E-16, 2.15670E-16, 1.98053E-16, 1.36887E-12
182, 3.15520E-15, 2.38887E-15, 2.15716E-15, 9.55222E-15, 2.54895E-16, 2.14461E-16, 1.98992E-16, 1.36821E-12
183, 3.16029E-15, 2.38720E-15, 2.15758E-15, 8.65530E-15, 2.55614E-16, 2.14146E-16, 1.98681E-16, 1.23248E-12
184, 3.16540E-15, 2.38552E-15, 1.79834E-15, 8.24303E-15, 2.55583E-16, 2.14971E-16, 1.98389E-16, 1.17572E-12
185, 3.48756E-15, 2.38382E-15, 2.15843E-15, 1.14359E-14, 2.56279E-16, 2.13551E-16, 1.98771E-16, 1.61946E-12
186, 3.81076E-15, 2.38210E-15, 2.15887E-15, 9.36681E-15, 2.55293E-16, 2.13251E-16, 1.99162E-16, 1.32702E-12
187, 3.49885E-15, 2.38037E-15, 2.15931E-15, 8.66052E-15, 2.54889E-16, 2.12532E-16, 1.97895E-16, 1.22575E-12
188, 3.50451E-15, 2.37862E-15, 1.79980E-15, 1.12770E-14, 2.56374E-16, 2.12745E-16, 1.98001E-16, 1.58827E-12
189, 3.19108E-15, 2.37685E-15, 1.98020E-15, 1.01142E-14, 2.56988E-16, 2.13533E-16, 1.98051E-16, 1.42254E-12
190, 3.19624E-15, 2.85008E-15, 2.16068E-15, 8.81810E-15, 2.57514E-16, 2.13548E-16, 1.97453E-16, 1.23929E-12
191, 3.52156E-15, 2.37327E-15, 1.98105E-15, 8.36926E-15, 2.56650E-16, 2.13666E-16, 1.97534E-16, 1.17445E-12
192, 3.52727E-15, 2.37145E-15, 2.16162E-15, 9.53924E-15, 2.57895E-16, 2.12631E-16, 1.98205E-16, 1.33596E-12
193, 3.85417E-15, 2.36962E-15, 2.16210E-15, 8.45115E-15, 2.58307E-16, 2.13674E-16, 1.98064E-16, 1.18066E-12
194, 3.21701E-15, 2.84133E-15, 2.52302E-15, 9.31168E-15, 2.57894E-16, 2.12856E-16, 1.98087E-16, 1.29610E-12
195, 3.22223E-15, 2.36591E-15, 2.52360E-15, 9.58293E-15, 2.57817E-16, 2.11427E-16, 1.97830E-16, 1.33619E-12
196, 3.22746E-15, 2.83684E-15, 2.52419E-15, 9.26323E-15, 2.58069E-16, 2.11639E-16, 1.97398E-16, 1.28999E-12
197, 3.55596E-15, 2.83456E-15, 2.52478E-15, 8.35097E-15, 2.59394E-16, 2.11603E-16, 1.98108E-16, 1.15695E-12
198, 3.23794E-15, 2.83227E-15, 2.52538E-15, 9.61289E-15, 2.59312E-16, 2.11801E-16, 1.97424E-16, 1.33207E-12
199, 2.91887E-15, 2.82997E-15, 2.16514E-15, 8.95835E-15, 2.59757E-16, 2.11703E-16, 1.97287E-16, 1.23547E-12
200, 3.24845E-15, 2.82764E-15, 2.52662E-15, 9.82292E-15, 2.60017E-16, 2.12246E-16, 1.98295E-16, 1.36046E-12
201, 2.92835E-15, 2.82530E-15, 2.16621E-15, 9.24543E-15, 2.60396E-16, 2.12913E-16, 1.98395E-16, 1.27506E-12
202, 2.60720E-15, 2.35245E-15, 2.16676E-15, 7.85791E-15, 2.61351E-16, 2.12447E-16, 1.99283E-16, 1.08107E-12
203, 2.93786E-15, 2.35047E-15, 2.16731E-15, 9.97877E-15, 2.62168E-16, 2.12893E-16, 1.99082E-16, 1.37110E-12
204, 3.26958E-15, 2.34848E-15, 2.70984E-15, 9.12662E-15, 2.61566E-16, 2.13016E-16, 1.98696E-16, 1.25373E-12
205, 2.94739E-15, 2.34647E-15, 2.16844E-15, 9.66287E-15, 2.61802E-16, 2.12033E-16, 1.98020E-16, 1.32491E-12
206, 3.60821E-15, 2.34445E-15, 2.16902E-15, 9.13999E-15, 2.61457E-16, 2.11716E-16, 1.98747E-16, 1.25319E-12
207, 3.61406E-15, 2.34242E-15, 2.16961E-15, 7.82083E-15, 2.62280E-16, 2.11750E-16, 1.98564E-16, 1.07524E-12
208, 3.61991E-15, 2.34037E-15, 2.17020E-15, 8.22409E-15, 2.62844E-16, 2.11372E-16, 1.99197E-16, 1.12157E-12
209, 3.29616E-15, 2.33831E-15, 2.17080E-15, 1.08842E-14, 2.62331E-16, 2.11259E-16, 1.97284E-16, 1.46981E-12
210, 3.30149E-15, 2.33624E-15, 2.17141E-15, 9.69575E-15, 2.62658E-16, 2.10840E-16, 1.97788E-16, 1.31807E-12
211, 3.96820E-15, 2.10074E-15, 1.99103E-15, 9.07044E-15, 2.62694E-16, 2.11597E-16, 1.97901E-16, 1.23699E-12
212, 3.31218E-15, 1.86565E-15, 2.17266E-15, 9.34178E-15, 2.63006E-16, 2.11366E-16, 1.97270E-16, 1.27278E-12
213, 3.31753E-15, 1.86396E-15, 2.53551E-15, 8.38246E-15, 2.63241E-16, 2.11079E-16, 1.97976E-16, 1.13313E-12
214, 3.32289E-15, 2.32784E-15, 1.81161E-15, 7.75470E-15, 2.63022E-16, 2.10454E-16, 1.97020E-16, 1.05485E-12
215, 2.99542E-15, 2.32571E-15, 2.53702E-15, 8.32487E-15, 2.65025E-16, 2.10374E-16, 1.97481E-16, 1.13524E-12
216, 3.33361E-15, 2.32357E-15, 2.53779E-15, 9.36186E-15, 2.66508E-16, 2.10354E-16, 1.97892E-16, 1.27156E-12
217, 3.33898E-15, 2.32142E-15, 2.53857E-15, 9.33301E-15, 2.67084E-16, 2.10377E-16, 1.98442E-16, 1.26308E-12
218, 3.34436E-15, 2.08733E-15, 2.53936E-15, 1.25386E-14, 2.66807E-16, 2.10554E-16, 1.98259E-16, 1.69468E-12
219, 2.67979E-15, 2.31709E-15, 2.54016E-15, 8.54062E-15, 2.66492E-16, 2.09548E-16, 1.98758E-16, 1.17615E-12
220, 3.01960E-15, 2.31491E-15, 2.17798E-15, 8.27711E-15, 2.67555E-16, 2.10519E-16, 1.98396E-16, 1.12284E-12
221, 3.02444E-15, 2.31272E-15, 2.54180E-15, 9.01483E-15, 2.68594E-16, 2.11194E-16, 1.98616E-16, 1.22410E-12
222, 3.02929E-15, 2.31052E-15, 2.54263E-15, 8.71748E-15, 2.69168E-16, 2.11335E-16, 1.98417E-16, 1.18245E-12
223, 2.69701E-15, 2.30831E-15, 2.54347E-15, 8.82064E-15, 2.69630E-16, 2.11310E-16, 1.98113E-16, 1.20315E-12
224, 3.03898E-15, 2.30610E-15, 2.54433E-15, 8.02126E-15, 2.70208E-16, 2.10983E-16, 1.98380E-16, 1.08954E-12
225, 2.70563E-15, 2.30387E-15, 2.18159E-15, 9.36081E-15, 2.70667E-16, 2.10054E-16, 1.98096E-16, 1.26729E-12
226, 3.38742E-15, 2.30164E-15, 2.18234E-15, 9.63078E-15, 2.70736E-16, 2.09983E-16, 1.97385E-16, 1.30758E-12
227, 2.71425E-15, 2.29940E-15, 2.18310E-15, 9.03099E-15, 2.70096E-16, 2.09836E-16, 1.97224E-16, 1.22591E-12
228, 2.71855E-15, 2.29715E-15, 2.18387E-15, 9.23363E-15, 2.72116E-16, 2.10438E-16, 1.98026E-16, 1.25353E-12
229, 3.06322E-15, 2.12277E-15, 2.18465E-15, 8.91745E-15, 2.71366E-16, 2.10543E-16, 1.98336E-16, 1.21289E-12
230, 2.55672E-15, 2.29263E-15, 2.18543E-15, 9.63841E-15, 2.71729E-16, 2.11013E-16, 1.97891E-16, 1.31656E-12
231, 2.73147E-15, 1.83229E-15, 2.18623E-15, 8.43474E-15, 2.72885E-16, 2.11433E-16, 1.98262E-16, 1.14527E-12
232, 2.73578E-15, 2.28808E-15, 1.82253E-15, 9.37295E-15, 2.72401E-16, 2.10469E-16, 1.98518E-16, 1.27720E-12
233, 2.74008E-15, 2.28580E-15, 2.18785E-15, 8.16853E-15, 2.73161E-16, 2.10712E-16, 1.97581E-16, 1.11627E-12
234, 3.08742E-15, 2.28351E-15, 2.18868E-15, 9.42447E-15, 2.73766E-16, 2.10240E-16, 1.97684E-16, 1.28932E-12
235, 2.74867E-15, 2.28121E-15, 2.37197E-15, 8.13576E-15, 2.72925E-16, 2.10418E-16, 1.96990E-16, 1.11601E-12
236, 3.09707E-15, 2.27891E-15, 2.00782E-15, 8.30319E-15, 2.74419E-16, 2.09623E-16, 1.97474E-16, 1.14365E-12
237, 3.10190E-15, 2.27660E-15, 2.19121E-15, 9.24045E-15, 2.74778E-16, 2.10200E-16, 1.97991E-16, 1.26422E-12
238, 3.45190E-15, 2.27429E-15, 2.55742E-15, 9.44088E-15, 2.73930E-16, 2.10019E-16, 1.98295E-16, 1.29916E-12
239, 3.11152E-15, 2.27198E-15, 2.01020E-15, 9.50714E-15, 2.73833E-16, 2.09608E-16, 1.98102E-16, 1.31345E-12
240, 3.11632E-15, 2.26966E-15, 2.19383E-15, 9.35557E-15, 2.73432E-16, 2.09743E-16, 1.98743E-16, 1.29624E-12
241, 3.12112E-15, 2.26733E-15, 2.56050E-15, 1.03584E-14, 2.73651E-16, 2.10285E-16, 1.98125E-16, 1.43669E-12
242, 3.12591E-15, 2.71800E-15, 2.56156E-15, 8.03119E-15, 2.74261E-16, 2.10332E-16, 1.98611E-16, 1.11476E-12
243, 2.78284E-15, 2.26267E-15, 2.19653E-15, 8.96658E-15, 2.74851E-16, 2.09918E-16, 1.98549E-16, 1.25015E-12
244, 3.83224E-15, 2.26033E-15, 2.19745E-15, 9.26582E-15, 2.76009E-16, 2.09204E-16, 1.98579E-16, 1.29628E-12
245, 3.14023E-15, 2.70959E-15, 2.19838E-15, 8.82896E-15, 2.76903E-16, 2.08975E-16, 1.98548E-16, 1.24128E-12
246, 2.79554E-15, 2.70678E-15, 2.19932E-15, 8.62614E-15, 2.75685E-16, 2.08699E-16, 1.98975E-16, 1.21288E-12
247, 3.49970E-15, 2.70397E-15, 2.01692E-15, 9.51788E-15, 2.77175E-16, 2.09522E-16, 1.99221E-16, 1.34475E-12
248, 2.80397E-15, 2.70115E-15, 2.56810E-15, 9.65704E-15, 2.76695E-16, 2.08950E-16, 1.99187E-16, 1.36920E-12
249, 2.80817E-15, 2.69834E-15, 2.20220E-15, 8.55156E-15, 2.75454E-16, 2.08617E-16, 1.97890E-16, 1.21223E-12
250, 2.81235E-15, 2.69552E-15, 1.83598E-15, 9.08287E-15, 2.76459E-16, 2.08640E-16, 1.97775E-16, 1.30702E-12
251, 3.16860E-15, 2.69269E-15, 2.57153E-15, 8.41189E-15, 2.75730E-16, 2.07734E-16, 1.98319E-16, 1.20069E-12
252, 2.82070E-15, 2.24156E-15, 2.20516E-15, 8.75894E-15, 2.77686E-16, 2.08782E-16, 1.98229E-16, 1.26097E-12
253, 3.17796E-15, 2.23920E-15, 2.20617E-15, 8.87203E-15, 2.77371E-16, 2.08075E-16, 1.97781E-16, 1.28510E-12
254, 3.18262E-15, 2.23685E-15, 2.39112E-15, 9.06817E-15, 2.77821E-16, 2.07826E-16, 1.98204E-16, 1.31919E-12
255, 3.18726E-15, 2.23449E-15, 2.20821E-15, 8.79742E-15, 2.78010E-16, 2.07191E-16, 1.98384E-16, 1.28316E-12
256, 3.19190E-15, 2.23214E-15, 2.20924E-15, 9.19288E-15, 2.77492E-16, 2.07069E-16, 1.98325E-16, 1.35641E-12
257, 2.84134E-15, 2.22978E-15, 2.21029E-15, 8.18955E-15, 2.78071E-16, 2.07131E-16, 1.98167E-16, 1.20588E-12
258, 3.20111E-15, 2.22742E-15, 2.39562E-15, 8.98384E-15, 2.77996E-16, 2.06484E-16, 1.98015E-16, 1.32934E-12
259, 3.20570E-15, 1.78005E-15, 2.58114E-15, 1.05087E-14, 2.78554E-16, 2.07285E-16, 1.97959E-16, 1.56455E-12
260, 2.85357E-15, 2.22271E-15, 2.39793E-15, 8.70807E-15, 2.78982E-16, 2.07496E-16, 1.98195E-16, 1.29472E-12
261, 2.85761E-15, 2.22036E-15, 2.39910E-15, 9.30096E-15, 2.79597E-16, 2.06935E-16, 1.99129E-16, 1.38985E-12
262, 2.86164E-15, 2.21801E-15, 1.84637E-15, 8.10030E-15, 2.78241E-16, 2.06878E-16, 1.98679E-16, 1.22096E-12
263, 3.22386E-15, 2.21566E-15, 2.21674E-15, 9.28973E-15, 2.78671E-16, 2.06363E-16, 1.98442E-16, 1.39894E-12
264, 2.86965E-15, 2.21331E-15, 2.21784E-15, 9.54915E-15, 2.78834E-16, 2.06491E-16, 1.98644E-16, 1.44831E-12
265, 2.87363E-15, 2.21096E-15, 2.03404E-15, 9.47672E-15, 2.78574E-16, 2.07200E-16, 1.99267E-16, 1.44568E-12
266, 3.23728E-15, 2.20861E-15, 2.22008E-15, 8.94064E-15, 2.78742E-16, 2.05797E-16, 1.98979E-16, 1.36992E-12
267, 2.88153E-15, 2.20627E-15, 2.22121E-15, 8.40515E-15, 2.78309E-16, 2.05577E-16, 1.98953E-16, 1.29668E-12
268, 3.24613E-15, 2.20393E-15, 2.59274E-15, 7.93640E-15, 2.79038E-16, 2.05681E-16, 1.98552E-16, 1.23384E-12
269, 3.25053E-15, 2.20159E-15, 2.59407E-15, 8.39346E-15, 2.78743E-16, 2.05377E-16, 1.98031E-16, 1.31256E-12
270, 3.25490E-15, 2.19926E-15, 2.59542E-15, 9.57623E-15, 2.77646E-16, 2.05652E-16, 1.98540E-16, 1.50104E-12
271, 3.62139E-15, 2.19693E-15, 2.22581E-15, 8.71132E-15, 2.77913E-16, 2.05438E-16, 1.99331E-16, 1.36758E-12
272, 3.26358E-15, 2.19460E-15, 2.22698E-15, 8.63893E-15, 2.79725E-16, 2.04897E-16, 1.99107E-16, 1.36736E-12
273, 3.26788E-15, 2.63073E-15, 2.59952E-15, 8.43476E-15, 2.81387E-16, 2.04599E-16, 1.99133E-16, 1.34847E-12
274, 3.27217E-15, 2.62795E-15, 2.60090E-15, 8.29664E-15, 2.79989E-16, 2.04915E-16, 1.99223E-16, 1.32038E-12
275, 3.27642E-15, 2.62517E-15, 2.97404E-15, 7.63228E-15, 2.81179E-16, 2.04808E-16, 1.99234E-16, 1.22360E-12
276, 3.28066E-15, 2.62240E-15, 2.23173E-15, 8.41525E-15, 2.81699E-16, 2.04671E-16, 1.99465E-16, 1.36449E-12
277, 3.83234E-15, 2.18302E-15, 2.23294E-15, 9.98521E-15, 2.81287E-16, 2.05632E-16, 2.00048E-16, 1.62562E-12
278, 4.38540E-15, 2.18072E-15, 2.42033E-15, 9.12392E-15, 2.82922E-16, 2.05052E-16, 1.99950E-16, 1.48587E-12
279, 3.65912E-15, 2.61411E-15, 2.23537E-15, 1.03627E-14, 2.82388E-16, 2.05401E-16, 1.99323E-16, 1.70172E-12
280, 4.03009E-15, 2.61136E-15, 2.23660E-15, 9.83000E-15, 2.83889E-16, 2.05443E-16, 2.00256E-16, 1.62045E-12
281, 4.03511E-15, 2.60862E-15, 1.86486E-15, 1.33578E-14, 2.83015E-16, 2.06234E-16, 2.00513E-16, 2.20983E-12
282, 3.30553E-15, 3.04020E-15, 2.05248E-15, 9.09412E-15, 2.83897E-16, 2.04799E-16, 2.00083E-16, 1.51168E-12
283, 3.67732E-15, 3.03701E-15, 1.86693E-15, 8.30208E-15, 2.83880E-16, 2.04819E-16, 1.99107E-16, 1.38559E-12
284, 4.04997E-15, 3.03384E-15, 1.86797E-15, 9.01359E-15, 2.84086E-16, 2.03921E-16, 1.99689E-16, 1.51122E-12
285, 3.31761E-15, 3.03067E-15, 2.24282E-15, 8.35337E-15, 2.84220E-16, 2.05055E-16, 1.99368E-16, 1.40376E-12
286, 3.32158E-15, 3.02751E-15, 1.87007E-15, 9.91119E-15, 2.83606E-16, 2.04245E-16, 2.00023E-16, 1.68169E-12
287, 3.69503E-15, 3.02436E-15, 2.61958E-15, 8.99063E-15, 2.85243E-16, 2.05054E-16, 1.99636E-16, 1.53051E-12
288, 4.80920E-15, 2.58962E-15, 2.24662E-15, 8.85273E-15, 2.85858E-16, 2.05201E-16, 1.99384E-16, 1.50509E-12
289, 3.33333E-15, 2.58694E-15, 2.62255E-15, 8.32480E-15, 2.84204E-16, 2.04479E-16, 2.00367E-16, 1.43670E-12
290, 3.70799E-15, 2.15356E-15, 2.62405E-15, 8.63844E-15, 2.84729E-16, 2.04435E-16, 2.00544E-16, 1.49077E-12
291, 3.52663E-15, 2.15134E-15, 2.62555E-15, 8.31037E-15, 2.84535E-16, 2.05044E-16, 2.00363E-16, 1.42035E-12
292, 3.53064E-15, 2.14912E-15, 2.62706E-15, 8.69235E-15, 2.86129E-16, 2.04961E-16, 2.00268E-16, 1.52363E-12
293, 3.72065E-15, 2.14692E-15, 2.62857E-15, 9.20325E-15, 2.85346E-16, 2.05600E-16, 1.99556E-16, 1.61324E-12
294, 3.53856E-15, 2.57367E-15, 2.25436E-15, 1.07493E-14, 2.86393E-16, 2.05697E-16, 1.99633E-16, 1.88380E-12
295, 3.72892E-15, 2.57104E-15, 2.25566E-15, 8.96877E-15, 2.87165E-16, 2.05028E-16, 2.00072E-16, 1.58091E-12
296, 3.35970E-15, 2.56842E-15, 2.63313E-15, 8.53264E-15, 2.86481E-16, 2.05206E-16, 2.00110E-16, 1.48757E-12
297, 3.73706E-15, 2.56582E-15, 2.63466E-15, 7.54022E-15, 2.87515E-16, 2.05497E-16, 2.00468E-16, 1.33878E-12
298, 3.74107E-15, 2.56322E-15, 2.63619E-15, 8.88462E-15, 2.87267E-16, 2.04855E-16, 2.00820E-16, 1.58460E-12
299, 3.55780E-15, 2.56063E-15, 2.82614E-15, 7.67199E-15, 2.86761E-16, 2.04780E-16, 2.01177E-16, 1.36984E-12
300, 3.37410E-15, 2.13172E-15, 2.63927E-15, 8.11612E-15, 2.88146E-16, 2.04706E-16, 2.00578E-16, 1.46619E-12
301, 3.37761E-15, 2.12958E-15, 2.26356E-15, 8.49510E-15, 2.87949E-16, 2.04233E-16, 1.99953E-16, 1.52685E-12
302, 3.75678E-15, 2.12745E-15, 2.26488E-15, 8.61620E-15, 2.89047E-16, 2.04899E-16, 2.00052E-16, 1.56132E-12
303, 3.76061E-15, 2.12533E-15, 2.26621E-15, 8.41586E-15, 2.88625E-16, 2.04577E-16, 1.99432E-16, 1.52455E-12
304, 4.89374E-15, 2.12323E-15, 2.64547E-15, 1.02698E-14, 2.90326E-16, 2.04267E-16, 1.99358E-16, 1.87254E-12
305, 4.14499E-15, 2.12113E-15, 2.64702E-15, 8.84993E-15, 2.90224E-16, 2.03754E-16, 1.98277E-16, 1.63037E-12
306, 4.14909E-15, 2.11904E-15, 2.64858E-15, 7.60872E-15, 2.89956E-16, 2.03100E-16, 1.98768E-16, 1.39819E-12
307, 3.77559E-15, 1.69357E-15, 2.65013E-15, 1.15231E-14, 2.89705E-16, 2.03427E-16, 1.98783E-16, 2.12951E-12
308, 3.77924E-15, 1.90340E-15, 2.65170E-15, 9.46618E-15, 2.90193E-16, 2.03059E-16, 1.99895E-16, 1.73908E-12
309, 3.78285E-15, 2.11283E-15, 2.27422E-15, 8.17977E-15, 2.90696E-16, 2.03056E-16, 2.00119E-16, 1.51613E-12
310, 4.16507E-15, 2.53294E-15, 2.27556E-15, 1.26819E-14, 2.89465E-16, 2.03309E-16, 1.99333E-16, 2.36483E-12
311, 4.54795E-15, 2.10875E-15, 2.27690E-15, 7.39992E-15, 2.90174E-16, 2.02902E-16, 1.99816E-16, 1.38716E-12
312, 3.79346E-15, 2.10672E-15, 2.27824E-15, 8.28576E-15, 2.91123E-16, 2.03651E-16, 1.99529E-16, 1.55065E-12
313, 4.17661E-15, 2.52564E-15, 2.27958E-15, 8.97902E-15, 2.90572E-16, 2.03406E-16, 2.00654E-16, 1.69033E-12
314, 4.18037E-15, 2.52324E-15, 2.28092E-15, 8.87575E-15, 2.92097E-16, 2.03575E-16, 1.99445E-16, 1.67661E-12
315, 4.56446E-15, 2.52084E-15, 2.28226E-15, 8.64554E-15, 2.93412E-16, 2.04179E-16, 2.00101E-16, 1.63000E-12
316, 5.32987E-15, 2.51846E-15, 2.28361E-15, 7.87585E-15, 2.93093E-16, 2.04604E-16, 2.00178E-16, 1.50307E-12
317, 5.71553E-15, 2.51609E-15, 2.66577E-15, 7.86903E-15, 2.92434E-16, 2.03904E-16, 1.99840E-16, 1.49750E-12
318, 4.95770E-15, 2.51374E-15, 2.28629E-15, 8.28923E-15, 2.93516E-16, 2.03528E-16, 1.99743E-16, 1.58646E-12
319, 5.34356E-15, 2.09284E-15, 2.28763E-15, 8.48896E-15, 2.94404E-16, 2.03208E-16, 1.99870E-16, 1.63053E-12
320, 4.58401E-15, 2.09090E-15, 2.09822E-15, 8.86144E-15, 2.94373E-16, 2.03661E-16, 1.98831E-16, 1.70407E-12
321, 5.35241E-15, 2.08897E-15, 2.29030E-15, 7.33603E-15, 2.94374E-16, 2.04409E-16, 1.98523E-16, 1.42749E-12
322, 5.35674E-15, 2.08706E-15, 2.29164E-15, 8.21439E-15, 2.93023E-16, 2.03786E-16, 1.98822E-16, 1.59178E-12
323, 5.36102E-15, 2.50218E-15, 2.29297E-15, 8.14424E-15, 2.93522E-16, 2.04133E-16, 1.99163E-16, 1.57735E-12
324, 4.59878E-15, 2.49991E-15, 2.29430E-15, 8.51580E-15, 2.94412E-16, 2.03021E-16, 1.98802E-16, 1.65818E-12
325, 4.98587E-15, 2.49766E-15, 2.29563E-15, 7.43712E-15, 2.93316E-16, 2.02506E-16, 1.98620E-16, 1.45279E-12
326, 5.37351E-15, 2.49542E-15, 2.48837E-15, 9.13111E-15, 2.93686E-16, 2.02731E-16, 1.98410E-16, 1.78855E-12
327, 5.37755E-15, 2.49319E-15, 2.48981E-15, 7.80209E-15, 2.93959E-16, 2.02441E-16, 1.98627E-16, 1.52873E-12
328, 5.38154E-15, 2.49098E-15, 2.29961E-15, 7.13542E-15, 2.94843E-16, 2.02464E-16, 1.97379E-16, 1.40853E-12
329, 5.38547E-15, 2.48879E-15, 2.30093E-15, 9.29654E-15, 2.94337E-16, 2.01851E-16, 1.97870E-16, 1.85232E-12
330, 5.38934E-15, 2.07217E-15, 2.49410E-15, 7.90800E-15, 2.94468E-16, 2.01678E-16, 1.98296E-16, 1.56302E-12
331, 6.16359E-15, 2.07037E-15, 2.30355E-15, 8.52851E-15, 2.95342E-16, 2.01369E-16, 1.97787E-16, 1.68520E-12
332, 5.78239E-15, 2.06857E-15, 2.30486E-15, 8.70940E-15, 2.92909E-16, 2.02164E-16, 1.97507E-16, 1.73846E-12
333, 5.78634E-15, 2.48015E-15, 2.30617E-15, 7.63790E-15, 2.92700E-16, 2.02251E-16, 1.97431E-16, 1.52520E-12
334, 5.79023E-15, 2.47803E-15, 2.49976E-15, 9.32055E-15, 2.95068E-16, 2.01958E-16, 1.98016E-16, 1.86779E-12
335, 5.79405E-15, 2.06327E-15, 2.30877E-15, 1.02504E-14, 2.95453E-16, 2.01847E-16, 1.97797E-16, 2.06566E-12
336, 6.18433E-15, 2.06153E-15, 2.11756E-15, 8.49338E-15, 2.96292E-16, 2.00409E-16, 1.97688E-16, 1.70811E-12
337, 6.18827E-15, 2.05980E-15, 2.11874E-15, 9.17284E-15, 2.95477E-16, 2.00608E-16, 1.97480E-16, 1.84720E-12
338, 6.19214E-15, 2.05808E-15, 2.11992E-15, 8.10543E-15, 2.96831E-16, 2.01294E-16, 1.97672E-16, 1.64313E-12
339, 6.58319E-15, 2.05638E-15, 2.12109E-15, 6.97746E-15, 2.97138E-16, 2.00213E-16, 1.98311E-16, 1.40312E-12
340, 6.97463E-15, 2.05469E-15, 2.31519E-15, 7.84329E-15, 2.96478E-16, 2.00468E-16, 1.97575E-16, 1.60553E-12
341, 6.20333E-15, 2.05301E-15, 1.93039E-15, 7.21498E-15, 2.95626E-16, 1.99753E-16, 1.97516E-16, 1.47367E-12
342, 6.20692E-15, 2.05135E-15, 2.31773E-15, 7.70636E-15, 2.96599E-16, 2.00137E-16, 1.98181E-16, 1.56283E-12
343, 5.82228E-15, 1.63976E-15, 1.93249E-15, 8.19697E-15, 2.95896E-16, 1.99589E-16, 1.97167E-16, 1.67357E-12
344, 6.21388E-15, 2.04806E-15, 1.93353E-15, 7.44583E-15, 2.95127E-16, 1.99646E-16, 1.97890E-16, 1.53697E-12
345, 6.21725E-15, 2.45573E-15, 1.93457E-15, 9.91987E-15, 2.96288E-16, 2.00213E-16, 1.96826E-16, 2.03395E-12
346, 6.60934E-15, 2.04483E-15, 1.93561E-15, 8.42519E-15, 2.96278E-16, 1.99505E-16, 1.96574E-16, 1.73310E-12
347, 6.02929E-15, 2.04323E-15, 1.93664E-15, 8.41852E-15, 2.95989E-16, 1.98606E-16, 1.97374E-16, 1.73043E-12
348, 5.83775E-15, 1.63332E-15, 1.93766E-15, 8.16447E-15, 2.96603E-16, 1.98578E-16, 1.98021E-16, 1.68346E-12
349, 5.84064E-15, 2.04007E-15, 2.32642E-15, 8.65247E-15, 2.97295E-16, 1.98782E-16, 1.97589E-16, 1.80055E-12
350, 5.84347E-15, 2.03851E-15, 1.93969E-15, 7.59585E-15, 2.97289E-16, 1.98397E-16, 1.96589E-16, 1.57678E-12
351, 5.65135E-15, 1.62958E-15, 1.94070E-15, 7.15796E-15, 2.96862E-16, 1.99288E-16, 1.98749E-16, 1.48840E-12
352, 5.45898E-15, 2.03544E-15, 1.94170E-15, 6.90575E-15, 2.97990E-16, 1.98614E-16, 1.97835E-16, 1.44423E-12
353, 5.46142E-15, 1.62714E-15, 2.33124E-15, 8.00936E-15, 2.98521E-16, 1.97908E-16, 1.97573E-16, 1.66610E-12
354, 5.85406E-15, 1.62593E-15, 2.33243E-15, 8.49566E-15, 2.99613E-16, 1.97623E-16, 1.98193E-16, 1.78019E-12
355, 5.27088E-15, 1.62474E-15, 2.33361E-15, 8.85818E-15, 2.99330E-16, 1.98043E-16, 1.98765E-16, 1.87228E-12
356, 5.85894E-15, 2.02945E-15, 1.94565E-15, 7.74494E-15, 2.99763E-16, 1.98440E-16, 1.98397E-16, 1.64161E-12
357, 5.47052E-15, 2.02799E-15, 2.33594E-15, 8.59887E-15, 3.00289E-16, 1.98194E-16, 2.00090E-16, 1.81356E-12
358, 5.08173E-15, 2.02653E-15, 1.94758E-15, 7.79443E-15, 3.00638E-16, 1.99517E-16, 2.00313E-16, 1.64705E-12
359, 5.08363E-15, 2.02510E-15, 2.33825E-15, 7.84980E-15, 3.01326E-16, 1.99036E-16, 1.99851E-16, 1.66161E-12
360, 5.08546E-15, 2.02367E-15, 1.94949E-15, 7.35358E-15, 3.01553E-16, 1.98413E-16, 2.00201E-16, 1.58108E-12
361, 5.08724E-15, 2.02226E-15, 1.95043E-15, 8.94005E-15, 3.01564E-16, 1.98053E-16, 1.99664E-16, 1.90456E-12
362, 5.48041E-15, 2.02087E-15, 1.75623E-15, 7.39596E-15, 3.02431E-16, 1.99068E-16, 1.99688E-16, 1.57486E-12
363, 5.09060E-15, 2.01948E-15, 1.95230E-15, 6.72547E-15, 3.02663E-16, 1.98872E-16, 2.00365E-16, 1.43257E-12
364, 5.28803E-15, 2.01811E-15, 2.14854E-15, 7.63682E-15, 3.03064E-16, 1.98513E-16, 1.99198E-16, 1.62756E-12
365, 4.70188E-15, 2.01676E-15, 2.34496E-15, 8.18052E-15, 3.02754E-16, 1.99088E-16, 1.99757E-16, 1.76346E-12
366, 4.70323E-15, 2.01542E-15, 1.95504E-15, 8.41840E-15, 3.02865E-16, 1.97804E-16, 1.99892E-16, 1.79446E-12
367, 3.92043E-15, 2.01409E-15, 2.15153E-15, 7.55870E-15, 3.04016E-16, 1.98356E-16, 2.00058E-16, 1.62616E-12
368, 3.92145E-15, 2.41533E-15, 1.95683E-15, 9.01495E-15, 3.03819E-16, 1.98331E-16, 2.00026E-16, 1.93444E-12
369, 4.31467E-15, 2.41376E-15, 2.74080E-15, 7.88222E-15, 3.03251E-16, 1.98651E-16, 2.00305E-16, 1.69863E-12
370, 4.31568E-15, 2.41222E-15, 1.95859E-15, 7.29858E-15, 3.04622E-16, 1.97822E-16, 2.00196E-16, 1.57995E-12
371, 3.92422E-15, 2.41069E-15, 1.95946E-15, 7.05008E-15, 3.03221E-16, 1.97481E-16, 2.00365E-16, 1.53378E-12
372, 4.31755E-15, 2.81070E-15, 2.74444E-15, 8.38098E-15, 3.04281E-16, 1.97757E-16, 1.99425E-16, 1.81414E-12
373, 3.92582E-15, 2.80895E-15, 1.96117E-15, 7.76795E-15, 3.04154E-16, 1.96832E-16, 1.98631E-16, 1.70491E-12
374, 4.71186E-15, 2.80722E-15, 1.96201E-15, 9.21768E-15, 3.04113E-16, 1.96114E-16, 1.98607E-16, 2.01978E-12
375, 5.10539E-15, 2.80551E-15, 1.96284E-15, 7.63539E-15, 3.06482E-16, 1.96404E-16, 1.98337E-16, 1.66929E-12
376, 4.32063E-15, 2.40328E-15, 1.96367E-15, 7.99315E-15, 3.04319E-16, 1.96010E-16, 1.99212E-16, 1.73904E-12
377, 5.10694E-15, 2.00153E-15, 1.96448E-15, 7.26122E-15, 3.06232E-16, 1.95324E-16, 1.98013E-16, 1.59123E-12
378, 4.71473E-15, 1.60028E-15, 1.96529E-15, 7.25597E-15, 3.04287E-16, 1.95857E-16, 1.98383E-16, 1.59626E-12
379, 5.10824E-15, 1.59935E-15, 1.96609E-15, 8.21749E-15, 3.04492E-16, 1.95903E-16, 1.98481E-16, 1.81875E-12
380, 4.32282E-15, 1.99803E-15, 1.96688E-15, 9.17765E-15, 3.05514E-16, 1.95465E-16, 1.99242E-16, 2.00527E-12
381, 3.93021E-15, 1.99689E-15, 2.36119E-15, 8.80905E-15, 3.04870E-16, 1.95488E-16, 1.99640E-16, 1.93597E-12
382, 3.93053E-15, 1.99576E-15, 1.57475E-15, 8.19982E-15, 3.05853E-16, 1.95857E-16, 1.98869E-16, 1.81476E-12
383, 4.32388E-15, 2.39357E-15, 1.77228E-15, 8.31448E-15, 3.05223E-16, 1.95869E-16, 1.99384E-16, 1.84673E-12
384, 3.93103E-15, 1.99354E-15, 1.57596E-15, 8.18816E-15, 3.04015E-16, 1.96563E-16, 1.99740E-16, 1.81970E-12
385, 3.93120E-15, 1.99246E-15, 1.57655E-15, 8.66369E-15, 3.04898E-16, 1.95785E-16, 1.99736E-16, 1.90969E-12
386, 3.93132E-15, 1.99138E-15, 1.97143E-15, 7.93611E-15, 3.04920E-16, 1.95097E-16, 2.00106E-16, 1.77079E-12
387, 3.93139E-15, 1.99032E-15, 1.97215E-15, 8.11078E-15, 3.05019E-16, 1.94661E-16, 2.00247E-16, 1.81634E-12
388, 3.93141E-15, 1.98927E-15, 1.97287E-15, 9.60605E-15, 3.04320E-16, 1.96353E-16, 2.00871E-16, 2.18081E-12
389, 3.93138E-15, 1.98823E-15, 1.97357E-15, 7.43950E-15, 3.04377E-16, 1.95369E-16, 2.01052E-16, 1.68999E-12
390, 3.53817E-15, 1.98721E-15, 2.36912E-15, 9.05310E-15, 3.04531E-16, 1.95916E-16, 2.00569E-16, 2.04325E-12
391, 3.93116E-15, 1.98620E-15, 2.36994E-15, 7.72876E-15, 3.04862E-16, 1.96266E-16, 2.00771E-16, 1.74142E-12
392, 4.71718E-15, 1.98521E-15, 2.37076E-15, 7.73841E-15, 3.05201E-16, 1.96216E-16, 1.99837E-16, 1.75271E-12
393, 3.93075E-15, 1.98423E-15, 1.97630E-15, 1.04105E-14, 3.03963E-16, 1.97270E-16, 1.99485E-16, 2.36366E-12
394, 4.32352E-15, 1.98326E-15, 1.58156E-15, 7.65309E-15, 3.04087E-16, 1.97465E-16, 2.00225E-16, 1.74905E-12
395, 4.71618E-15, 1.98230E-15, 1.58208E-15, 7.46864E-15, 3.02942E-16, 1.97015E-16, 2.00390E-16, 1.70959E-12
396, 4.12626E-15, 1.98136E-15, 1.97823E-15, 9.01602E-15, 3.04401E-16, 1.97779E-16, 2.00404E-16, 2.06877E-12
397, 3.92934E-15, 1.98043E-15, 1.58309E-15, 9.30829E-15, 3.03980E-16, 1.98042E-16, 2.01090E-16, 2.14177E-12
398, 3.92887E-15, 2.37541E-15, 1.58358E-15, 7.03617E-15, 3.04848E-16, 1.98630E-16, 2.01086E-16, 1.61778E-12
399, 4.32118E-15, 2.37433E-15, 1.58406E-15, 7.86573E-15, 3.03508E-16, 1.98521E-16, 2.01258E-16, 1.83659E-12
400, 3.92777E-15, 2.37326E-15, 1.98067E-15, 7.02683E-15, 3.03797E-16, 1.99368E-16, 2.02191E-16, 1.62708E-12
401, 3.92715E-15, 2.37221E-15, 1.98126E-15, 8.21240E-15, 3.03934E-16, 2.00489E-16, 2.01296E-16, 1.90960E-12
402, 3.92648E-15, 2.37117E-15, 1.98183E-15, 7.85019E-15, 3.02834E-16, 1.99635E-16, 2.01790E-16, 1.82849E-12
403, 3.33690E-15, 2.37015E-15, 2.37887E-15, 8.97428E-15, 3.04603E-16, 1.99894E-16, 2.01717E-16, 2.09107E-12
404, 3.92500E-15, 2.36914E-15, 2.37953E-15, 7.12726E-15, 3.04316E-16, 1.99652E-16, 2.01956E-16, 1.66991E-12
405, 3.33556E-15, 2.36815E-15, 2.38018E-15, 7.36009E-15, 3.04472E-16, 2.00020E-16, 2.01491E-16, 1.73563E-12
406, 3.53100E-15, 1.97265E-15, 2.38082E-15, 8.60104E-15, 3.04269E-16, 2.00076E-16, 2.01339E-16, 2.02399E-12
407, 3.53019E-15, 2.36622E-15, 2.38145E-15, 6.93573E-15, 3.05265E-16, 1.98516E-16, 2.00735E-16, 1.63848E-12
408, 3.13718E-15, 2.36528E-15, 2.38206E-15, 7.87923E-15, 3.05227E-16, 1.99132E-16, 2.00237E-16, 1.85862E-12
409, 3.52843E-15, 2.36435E-15, 2.38266E-15, 7.75587E-15, 3.05879E-16, 1.98831E-16, 2.00672E-16, 1.83414E-12
410, 3.52750E-15, 2.36344E-15, 1.98604E-15, 8.31312E-15, 3.04668E-16, 1.98365E-16, 2.00348E-16, 1.97528E-12
411, 3.13468E-15, 2.36255E-15, 2.78112E-15, 6.97751E-15, 3.03522E-16, 1.97993E-16, 2.01027E-16, 1.66031E-12
412, 3.13378E-15, 2.36167E-15, 2.38438E-15, 7.97784E-15, 3.02324E-16, 1.97903E-16, 2.00925E-16, 1.91464E-12
413, 3.13284E-15, 2.36081E-15, 1.98744E-15, 6.26025E-15, 3.03447E-16, 1.97669E-16, 2.01317E-16, 1.50549E-12
414, 3.91483E-15, 1.96663E-15, 2.38546E-15, 6.78766E-15, 3.03053E-16, 1.97158E-16, 2.01676E-16, 1.63548E-12
415, 3.13085E-15, 1.96594E-15, 1.98832E-15, 8.43523E-15, 3.02618E-16, 1.97325E-16, 2.01200E-16, 2.03936E-12
416, 2.73858E-15, 1.96526E-15, 1.98874E-15, 6.95639E-15, 3.02981E-16, 1.98087E-16, 2.01391E-16, 1.68578E-12
417, 3.12873E-15, 1.96459E-15, 1.98916E-15, 6.68714E-15, 3.04035E-16, 1.97204E-16, 2.01482E-16, 1.62143E-12
418, 3.51857E-15, 1.96394E-15, 1.98956E-15, 7.65477E-15, 3.03290E-16, 1.98518E-16, 2.01902E-16, 1.86205E-12
419, 3.12647E-15, 1.96329E-15, 1.98995E-15, 6.76758E-15, 3.03091E-16, 1.98176E-16, 2.01982E-16, 1.65253E-12
420, 3.12529E-15, 1.96267E-15, 1.99033E-15, 8.71926E-15, 3.01705E-16, 1.98302E-16, 2.01339E-16, 2.13345E-12
421, 3.12407E-15, 1.96205E-15, 1.99070E-15, 8.22932E-15, 3.01040E-16, 1.97409E-16, 2.01552E-16, 2.02274E-12
422, 3.12283E-15, 2.35374E-15, 1.99106E-15, 8.70931E-15, 3.00599E-16, 1.98048E-16, 2.01748E-16, 2.14612E-12
423, 3.12155E-15, 1.96086E-15, 1.99141E-15, 8.19066E-15, 3.00504E-16, 1.98227E-16, 2.01894E-16, 2.02280E-12
424, 3.51027E-15, 1.96029E-15, 1.99175E-15, 8.09807E-15, 3.01458E-16, 1.98508E-16, 2.02282E-16, 2.00523E-12
425, 2.92397E-15, 1.95972E-15, 1.99208E-15, 7.50711E-15, 3.00627E-16, 1.98151E-16, 2.02491E-16, 1.85182E-12
426, 3.11753E-15, 2.35101E-15, 1.99239E-15, 7.62024E-15, 3.00770E-16, 1.98213E-16, 2.01689E-16, 1.88730E-12
427, 3.11613E-15, 1.95864E-15, 1.99270E-15, 7.14743E-15, 3.00161E-16, 1.97951E-16, 2.02760E-16, 1.77475E-12
428, 4.28270E-15, 2.34974E-15, 1.99300E-15, 8.43178E-15, 2.99913E-16, 1.97885E-16, 2.02303E-16, 2.10002E-12
429, 3.11323E-15, 1.95760E-15, 1.59462E-15, 8.54436E-15, 2.99151E-16, 1.98986E-16, 2.01942E-16, 2.14747E-12
430, 3.11174E-15, 1.95710E-15, 2.19291E-15, 9.00781E-15, 2.99447E-16, 1.98092E-16, 2.01982E-16, 2.27145E-12
431, 3.49900E-15, 1.95662E-15, 1.59506E-15, 7.89235E-15, 2.99440E-16, 1.98416E-16, 2.01992E-16, 2.00378E-12
432, 4.27442E-15, 1.95615E-15, 1.59526E-15, 6.77809E-15, 2.99101E-16, 1.97783E-16, 2.03198E-16, 1.71162E-12
433, 3.10709E-15, 2.34683E-15, 1.79488E-15, 7.35867E-15, 2.98842E-16, 1.98563E-16, 2.02881E-16, 1.87596E-12
434, 3.88186E-15, 2.34629E-15, 1.99455E-15, 7.70521E-15, 2.99230E-16, 1.98672E-16, 2.02953E-16, 1.96786E-12
435, 3.10385E-15, 2.34577E-15, 2.39372E-15, 6.53451E-15, 2.99145E-16, 1.98209E-16, 2.03597E-16, 1.66229E-12
436, 3.48997E-15, 1.95439E-15, 1.99498E-15, 6.99782E-15, 2.99252E-16, 1.97639E-16, 2.03476E-16, 1.79918E-12
437, 3.48807E-15, 1.95399E-15, 1.99518E-15, 8.29860E-15, 2.98453E-16, 1.98462E-16, 2.02555E-16, 2.13774E-12
438, 3.48615E-15, 1.95359E-15, 1.99537E-15, 7.22412E-15, 2.98968E-16, 1.99051E-16, 2.03720E-16, 1.85344E-12
439, 3.09706E-15, 1.95321E-15, 1.99555E-15, 8.85118E-15, 2.98936E-16, 2.00343E-16, 2.03240E-16, 2.28433E-12
440, 3.86912E-15, 1.95284E-15, 1.99572E-15, 6.63528E-15, 3.00406E-16, 1.98804E-16, 2.04371E-16, 1.72551E-12
441, 3.48020E-15, 1.95249E-15, 1.99589E-15, 7.33036E-15, 2.98700E-16, 1.99345E-16, 2.03974E-16, 1.90227E-12
442, 3.09170E-15, 2.34257E-15, 2.39524E-15, 7.21072E-15, 2.98520E-16, 1.98798E-16, 2.04352E-16, 1.89067E-12
443, 4.24856E-15, 2.73254E-15, 1.59694E-15, 7.43998E-15, 2.97979E-16, 1.99439E-16, 2.04271E-16, 1.94941E-12
444, 3.28100E-15, 2.73210E-15, 1.59704E-15, 6.97190E-15, 2.96244E-16, 2.00048E-16, 2.04486E-16, 1.83228E-12
445, 3.85765E-15, 2.34143E-15, 1.99642E-15, 8.91432E-15, 2.96739E-16, 1.99458E-16, 2.04119E-16, 2.34881E-12
446, 3.46974E-15, 2.34108E-15, 1.99653E-15, 1.01585E-14, 2.96262E-16, 1.99698E-16, 2.03657E-16, 2.68581E-12
447, 3.27492E-15, 2.34075E-15, 1.99663E-15, 7.80425E-15, 2.96606E-16, 2.00800E-16, 2.03980E-16, 2.06881E-12
448, 3.46537E-15, 2.34043E-15, 1.99672E-15, 6.55399E-15, 2.96819E-16, 2.00678E-16, 2.04179E-16, 1.74070E-12
449, 3.46315E-15, 2.34013E-15, 1.99680E-15, 8.11664E-15, 2.96636E-16, 2.00527E-16, 2.04329E-16, 2.14016E-12
450, 3.07636E-15, 2.33984E-15, 1.99687E-15, 8.46107E-15, 2.96556E-16, 2.00368E-16, 2.04532E-16, 2.25790E-12
451, 3.45864E-15, 1.94964E-15, 1.79724E-15, 7.87840E-15, 2.96840E-16, 2.00219E-16, 2.03698E-16, 2.12078E-12
452, 3.84038E-15, 1.94942E-15, 2.19668E-15, 7.18042E-15, 2.95944E-16, 2.00023E-16, 2.03390E-16, 1.92724E-12
453, 3.45403E-15, 1.94922E-15, 1.99703E-15, 6.83034E-15, 2.96062E-16, 2.00462E-16, 2.04067E-16, 1.84911E-12
454, 3.45169E-15, 1.94903E-15, 1.99706E-15, 7.69567E-15, 2.95963E-16, 1.99687E-16, 2.03383E-16, 2.07715E-12
455, 3.06607E-15, 1.94885E-15, 1.59767E-15, 7.75063E-15, 2.95418E-16, 1.99856E-16, 2.04083E-16, 2.09409E-12
456, 3.25545E-15, 1.94868E-15, 1.59768E-15, 7.59962E-15, 2.96323E-16, 2.00164E-16, 2.04077E-16, 2.06621E-12
457, 3.44454E-15, 1.94853E-15, 1.79739E-15, 6.24222E-15, 2.94294E-16, 2.00305E-16, 2.04202E-16, 1.67560E-12
458, 4.20703E-15, 2.33807E-15, 1.59767E-15, 8.55111E-15, 2.94503E-16, 2.00360E-16, 2.04448E-16, 2.33409E-12
459, 3.63076E-15, 1.94826E-15, 1.99708E-15, 6.91647E-15, 2.94285E-16, 2.01233E-16, 2.03154E-16, 1.89574E-12
460, 3.05529E-15, 1.94815E-15, 1.59764E-15, 6.69758E-15, 2.94019E-16, 2.00459E-16, 2.04136E-16, 1.85815E-12
461, 3.43470E-15, 2.33765E-15, 1.59761E-15, 6.63761E-15, 2.93559E-16, 2.01463E-16, 2.04329E-16, 1.83601E-12
462, 3.24151E-15, 1.94795E-15, 2.39637E-15, 8.19329E-15, 2.93631E-16, 2.00816E-16, 2.04233E-16, 2.25048E-12
463, 3.23912E-15, 2.33745E-15, 1.79723E-15, 9.92105E-15, 2.92421E-16, 2.01274E-16, 2.03918E-16, 2.76510E-12
464, 3.04632E-15, 2.33737E-15, 1.79717E-15, 7.49608E-15, 2.91543E-16, 2.00916E-16, 2.05338E-16, 2.07918E-12
465, 3.04403E-15, 2.33730E-15, 1.79711E-15, 8.58897E-15, 2.91255E-16, 2.01311E-16, 2.04710E-16, 2.39695E-12
466, 3.23183E-15, 2.33725E-15, 1.99671E-15, 6.22366E-15, 2.90674E-16, 2.01176E-16, 2.05047E-16, 1.73724E-12
467, 3.03940E-15, 2.33721E-15, 1.59730E-15, 7.54680E-15, 2.91536E-16, 2.00747E-16, 2.05248E-16, 2.11677E-12
468, 3.41669E-15, 2.33719E-15, 1.79687E-15, 7.02625E-15, 2.90608E-16, 2.01027E-16, 2.04630E-16, 1.97602E-12
469, 3.41404E-15, 2.33718E-15, 1.99642E-15, 7.58558E-15, 2.90910E-16, 2.00703E-16, 2.05296E-16, 2.13381E-12
470, 3.41137E-15, 1.94766E-15, 1.79668E-15, 7.05821E-15, 2.89432E-16, 2.01053E-16, 2.04854E-16, 1.98805E-12
471, 3.21931E-15, 1.94768E-15, 1.59695E-15, 7.01310E-15, 2.89013E-16, 2.00481E-16, 2.04240E-16, 1.98148E-12
472, 3.59519E-15, 1.94771E-15, 1.79645E-15, 7.36355E-15, 2.88315E-16, 2.00268E-16, 2.04122E-16, 2.08097E-12
473, 3.40324E-15, 1.55820E-15, 1.99591E-15, 7.39036E-15, 2.89518E-16, 2.00354E-16, 2.04266E-16, 2.09822E-12
474, 3.40049E-15, 1.94780E-15, 1.99577E-15, 6.81346E-15, 2.88539E-16, 2.00810E-16, 2.04762E-16, 1.93530E-12
475, 3.58649E-15, 1.94787E-15, 1.79605E-15, 6.84047E-15, 2.88188E-16, 2.01665E-16, 2.04196E-16, 1.95668E-12
476, 3.58355E-15, 1.94795E-15, 1.79590E-15, 6.78130E-15, 2.89814E-16, 2.00876E-16, 2.04097E-16, 1.93928E-12
477, 3.58059E-15, 1.94804E-15, 1.79575E-15, 7.03820E-15, 2.88283E-16, 2.00654E-16, 2.04478E-16, 2.01569E-12
478, 3.38932E-15, 1.94814E-15, 1.79558E-15, 7.78327E-15, 2.89591E-16, 2.00677E-16, 2.04010E-16, 2.23689E-12
479, 3.76275E-15, 1.94825E-15, 1.59592E-15, 6.94876E-15, 2.88807E-16, 2.00507E-16, 2.04584E-16, 2.00209E-12
480, 3.57160E-15, 1.94838E-15, 1.79524E-15, 6.60269E-15, 2.87463E-16, 2.00993E-16, 2.05188E-16, 1.90089E-12
481, 3.75638E-15, 1.55881E-15, 1.59560E-15, 6.88824E-15, 2.88396E-16, 2.00259E-16, 2.04320E-16, 1.99108E-12
482, 3.56551E-15, 1.55893E-15, 1.99429E-15, 5.96852E-15, 2.88533E-16, 1.99770E-16, 2.04482E-16, 1.75700E-12
483, 3.56244E-15, 1.94883E-15, 2.19348E-15, 7.25825E-15, 2.87376E-16, 2.00376E-16, 2.03972E-16, 2.10466E-12
484, 4.12135E-15, 1.94900E-15, 1.99385E-15, 7.34280E-15, 2.87655E-16, 2.00129E-16, 2.03982E-16, 2.13030E-12
485, 3.93059E-15, 1.94918E-15, 1.79425E-15, 7.11191E-15, 2.86034E-16, 1.99375E-16, 2.03860E-16, 2.06640E-12
486, 3.92713E-15, 1.94938E-15, 1.79403E-15, 8.14268E-15, 2.85341E-16, 2.00378E-16, 2.04704E-16, 2.38017E-12
487, 4.11050E-15, 1.94959E-15, 2.39175E-15, 7.19515E-15, 2.85733E-16, 2.00548E-16, 2.04113E-16, 2.10966E-12
488, 3.54681E-15, 2.33977E-15, 1.79358E-15, 7.39443E-15, 2.85539E-16, 2.00014E-16, 2.03625E-16, 2.17170E-12
489, 3.54364E-15, 1.95004E-15, 1.99260E-15, 7.50770E-15, 2.85207E-16, 1.98922E-16, 2.03418E-16, 2.20480E-12
490, 3.54044E-15, 1.95028E-15, 1.79310E-15, 6.32096E-15, 2.87215E-16, 1.98576E-16, 2.03507E-16, 1.86324E-12
491, 3.72340E-15, 1.95053E-15, 2.19126E-15, 8.14601E-15, 2.84201E-16, 1.99513E-16, 2.03835E-16, 2.40744E-12
492, 3.90600E-15, 1.75572E-15, 1.99177E-15, 7.21740E-15, 2.85080E-16, 1.98854E-16, 2.02113E-16, 2.13216E-12
493, 3.71659E-15, 1.95108E-15, 2.19062E-15, 6.47168E-15, 2.84234E-16, 1.99040E-16, 2.03765E-16, 1.91472E-12
494, 3.52749E-15, 1.95137E-15, 1.99118E-15, 6.61380E-15, 2.84319E-16, 1.99073E-16, 2.02808E-16, 1.96786E-12
495, 3.89519E-15, 1.95167E-15, 1.99087E-15, 6.98492E-15, 2.84569E-16, 1.99114E-16, 2.03519E-16, 2.08296E-12
496, 3.70624E-15, 1.95198E-15, 1.99056E-15, 6.75488E-15, 2.84895E-16, 1.98516E-16, 2.03371E-16, 2.01415E-12
497, 3.70275E-15, 1.95230E-15, 1.79122E-15, 6.86836E-15, 2.83891E-16, 1.98236E-16, 2.03492E-16, 2.05332E-12
498, 3.69925E-15, 1.95264E-15, 1.79093E-15, 6.58123E-15, 2.84685E-16, 1.97845E-16, 2.02695E-16, 1.98424E-12
499, 3.69574E-15, 1.95298E-15, 2.18855E-15, 6.99515E-15, 2.84094E-16, 1.99615E-16, 2.02741E-16, 2.10480E-12
500, 3.50760E-15, 1.95334E-15, 2.18818E-15, 6.57941E-15, 2.84634E-16, 1.99464E-16, 2.02782E-16, 1.98053E-12
