time_step, rel_err_u, rel_err_v, rel_err_w, rel_err_p, rel_err_u_m, rel_err_v_m, rel_err_w_m, rel_err_p_m
0, 0.00000E+00, 0.00000E+00, 0.00000E+00, 0.00000E+00, 0.00000E+00, 0.00000E+00, 0.00000E+00, 1.87798E-05
1, 6.83861E-04, 5.18671E-04, 5.26593E-04, 7.57607E-03, 2.60359E-05, 2.93696E-05, 2.17624E-05, 8.58371E+00
2, 4.66785E-04, 4.61396E-04, 2.88877E-04, 3.21154E-02, 9.73941E-06, 8.63506E-06, 6.88088E-06, 8.69390E+00
3, 4.02202E-04, 3.11690E-04, 3.22497E-04, 3.38774E-04, 9.80024E-06, 8.27933E-06, 6.82562E-06, 3.10209E-02
4, 8.54019E-05, 5.55042E-05, 3.68168E-05, 6.21295E-04, 3.14714E-06, 2.50888E-06, 1.82271E-06, 1.30066E-01
5, 9.13602E-05, 6.05260E-05, 3.59054E-05, 1.73456E-04, 3.31650E-06, 2.62043E-06, 1.89894E-06, 3.59576E-02
6, 9.28343E-05, 5.99447E-05, 3.52266E-05, 4.28919E-05, 3.16361E-06, 2.51106E-06, 1.79909E-06, 8.98192E-03
7, 9.56526E-05, 6.14164E-05, 3.51312E-05, 2.17315E-05, 3.15533E-06, 2.50178E-06, 1.79103E-06, 4.54773E-03
8, 9.79471E-05, 6.27516E-05, 3.47528E-05, 2.35054E-05, 3.12323E-06, 2.48075E-06, 1.77537E-06, 4.92703E-03
9, 9.96822E-05, 6.38612E-05, 3.40919E-05, 2.38225E-05, 3.09691E-06, 2.46498E-06, 1.76252E-06, 5.00007E-03
10, 1.02218E-04, 6.47916E-05, 3.31569E-05, 2.36277E-05, 3.06984E-06, 2.44780E-06, 1.74927E-06, 4.96631E-03
11, 1.06141E-04, 6.55192E-05, 3.19589E-05, 2.34565E-05, 3.04384E-06, 2.43223E-06, 1.73641E-06, 4.93738E-03
12, 1.09434E-04, 6.60388E-05, 3.13622E-05, 2.31978E-05, 3.01862E-06, 2.41661E-06, 1.72398E-06, 4.89000E-03
13, 1.12076E-04, 6.63460E-05, 3.16116E-05, 2.32327E-05, 2.99367E-06, 2.40111E-06, 1.71173E-06, 4.90447E-03
14, 1.14053E-04, 6.64378E-05, 3.20798E-05, 2.33924E-05, 2.96767E-06, 2.38626E-06, 1.69959E-06, 4.94535E-03
15, 1.15359E-04, 6.63126E-05, 3.36884E-05, 2.34487E-05, 2.94252E-06, 2.37154E-06, 1.68705E-06, 4.96445E-03
16, 1.15996E-04, 6.59700E-05, 3.52363E-05, 2.34008E-05, 2.91782E-06, 2.35689E-06, 1.67453E-06, 4.96144E-03
17, 1.15973E-04, 6.54113E-05, 3.67059E-05, 2.32501E-05, 2.89360E-06, 2.34260E-06, 1.66302E-06, 4.93652E-03
18, 1.15327E-04, 6.49510E-05, 3.80792E-05, 2.29996E-05, 2.87051E-06, 2.32873E-06, 1.65157E-06, 4.89022E-03
19, 1.17451E-04, 6.62314E-05, 3.93386E-05, 2.26536E-05, 2.84780E-06, 2.31527E-06, 1.64031E-06, 4.82331E-03
20, 1.19219E-04, 6.73108E-05, 4.04668E-05, 2.24505E-05, 2.82535E-06, 2.30223E-06, 1.62939E-06, 4.78657E-03
21, 1.23491E-04, 6.82727E-05, 4.14471E-05, 2.28526E-05, 2.80234E-06, 2.28900E-06, 1.61881E-06, 4.87876E-03
22, 1.27027E-04, 6.91888E-05, 4.22638E-05, 2.31568E-05, 2.78027E-06, 2.27608E-06, 1.60835E-06, 4.95007E-03
23, 1.29813E-04, 6.99011E-05, 4.29026E-05, 2.33598E-05, 2.75855E-06, 2.26364E-06, 1.59811E-06, 4.99971E-03
24, 1.31843E-04, 7.04035E-05, 4.42970E-05, 2.34601E-05, 2.73642E-06, 2.25105E-06, 1.58778E-06, 5.02721E-03
25, 1.33116E-04, 7.06914E-05, 4.67155E-05, 2.34572E-05, 2.71475E-06, 2.23957E-06, 1.57782E-06, 5.03240E-03
26, 1.33644E-04, 7.07614E-05, 4.90510E-05, 2.33524E-05, 2.69339E-06, 2.22852E-06, 1.56819E-06, 5.01545E-03
27, 1.34998E-04, 7.06116E-05, 5.12788E-05, 2.31482E-05, 2.67136E-06, 2.21757E-06, 1.55857E-06, 4.97681E-03
28, 1.38211E-04, 7.02418E-05, 5.33747E-05, 2.28486E-05, 2.65113E-06, 2.20680E-06, 1.54912E-06, 4.91726E-03
29, 1.40602E-04, 6.96541E-05, 5.53151E-05, 2.24586E-05, 2.63092E-06, 2.19582E-06, 1.54036E-06, 4.83783E-03
30, 1.42167E-04, 6.88508E-05, 5.70768E-05, 2.19844E-05, 2.61032E-06, 2.18447E-06, 1.53146E-06, 4.73978E-03
31, 1.43881E-04, 6.78360E-05, 5.86381E-05, 2.14331E-05, 2.58945E-06, 2.17288E-06, 1.52286E-06, 4.62461E-03
32, 1.47416E-04, 6.74798E-05, 5.99787E-05, 2.09481E-05, 2.56931E-06, 2.16190E-06, 1.51405E-06, 4.52328E-03
33, 1.54428E-04, 6.83832E-05, 6.10797E-05, 2.12765E-05, 2.54989E-06, 2.15083E-06, 1.50525E-06, 4.59723E-03
34, 1.61260E-04, 6.90914E-05, 6.19247E-05, 2.15089E-05, 2.53057E-06, 2.14036E-06, 1.49644E-06, 4.65020E-03
35, 1.67620E-04, 6.96004E-05, 6.24992E-05, 2.16440E-05, 2.51177E-06, 2.13000E-06, 1.48766E-06, 4.68183E-03
36, 1.73450E-04, 6.99076E-05, 6.27914E-05, 2.16817E-05, 2.49201E-06, 2.11948E-06, 1.47949E-06, 4.69207E-03
37, 1.78700E-04, 7.00118E-05, 6.27921E-05, 2.16231E-05, 2.47285E-06, 2.10922E-06, 1.47182E-06, 4.68114E-03
38, 1.83322E-04, 6.99133E-05, 6.24947E-05, 2.14707E-05, 2.45360E-06, 2.09913E-06, 1.46417E-06, 4.64950E-03
39, 1.87273E-04, 6.96136E-05, 6.27492E-05, 2.12278E-05, 2.43521E-06, 2.08899E-06, 1.45670E-06, 4.59792E-03
40, 1.90511E-04, 6.93878E-05, 6.52543E-05, 2.08990E-05, 2.41734E-06, 2.07857E-06, 1.44908E-06, 4.52736E-03
41, 1.93003E-04, 6.91414E-05, 6.75220E-05, 2.04897E-05, 2.40045E-06, 2.06779E-06, 1.44169E-06, 4.43901E-03
42, 1.94722E-04, 6.86935E-05, 6.95272E-05, 2.00062E-05, 2.38372E-06, 2.05649E-06, 1.43426E-06, 4.33422E-03
43, 1.98978E-04, 6.80472E-05, 7.12467E-05, 1.94552E-05, 2.36647E-06, 2.04524E-06, 1.42672E-06, 4.21450E-03
44, 2.04595E-04, 6.72071E-05, 7.26598E-05, 1.88439E-05, 2.34935E-06, 2.03387E-06, 1.41902E-06, 4.08145E-03
45, 2.09448E-04, 6.61793E-05, 7.37486E-05, 1.81800E-05, 2.33130E-06, 2.02345E-06, 1.41172E-06, 3.93674E-03
46, 2.13487E-04, 6.49712E-05, 7.44983E-05, 1.75987E-05, 2.31329E-06, 2.01363E-06, 1.40416E-06, 3.80971E-03
47, 2.16667E-04, 6.43009E-05, 7.48971E-05, 1.76707E-05, 2.29610E-06, 2.00435E-06, 1.39643E-06, 3.82385E-03
48, 2.18948E-04, 6.51759E-05, 7.49364E-05, 1.76853E-05, 2.27883E-06, 1.99553E-06, 1.38939E-06, 3.82529E-03
49, 2.20302E-04, 6.64428E-05, 7.46113E-05, 1.76246E-05, 2.26054E-06, 1.98661E-06, 1.38277E-06, 3.81017E-03
50, 2.20703E-04, 6.75851E-05, 7.39202E-05, 1.74881E-05, 2.24173E-06, 1.97754E-06, 1.37576E-06, 3.77841E-03
51, 2.20138E-04, 6.85933E-05, 7.28649E-05, 1.76596E-05, 2.22501E-06, 1.96886E-06, 1.36924E-06, 3.81294E-03
52, 2.18599E-04, 6.94577E-05, 7.53054E-05, 1.80474E-05, 2.20787E-06, 1.96054E-06, 1.36265E-06, 3.89383E-03
53, 2.18750E-04, 7.01686E-05, 7.80997E-05, 1.83754E-05, 2.19078E-06, 1.95254E-06, 1.35610E-06, 3.96141E-03
54, 2.21688E-04, 7.07168E-05, 8.05499E-05, 1.86951E-05, 2.17382E-06, 1.94465E-06, 1.34959E-06, 4.02684E-03
55, 2.23694E-04, 7.10929E-05, 8.26297E-05, 1.91041E-05, 2.15736E-06, 1.93615E-06, 1.34316E-06, 4.11109E-03
56, 2.24739E-04, 7.12879E-05, 8.43157E-05, 1.94375E-05, 2.14243E-06, 1.92794E-06, 1.33700E-06, 4.17864E-03
57, 2.24798E-04, 7.12931E-05, 8.55878E-05, 1.96903E-05, 2.12673E-06, 1.91993E-06, 1.33068E-06, 4.22849E-03
58, 2.23857E-04, 7.11000E-05, 8.64294E-05, 1.98587E-05, 2.11127E-06, 1.91195E-06, 1.32422E-06, 4.25981E-03
59, 2.21909E-04, 7.07006E-05, 8.68278E-05, 1.99393E-05, 2.09530E-06, 1.90377E-06, 1.31767E-06, 4.27200E-03
60, 2.18958E-04, 7.00871E-05, 8.67738E-05, 1.99300E-05, 2.07845E-06, 1.89554E-06, 1.31124E-06, 4.26463E-03
61, 2.15015E-04, 6.92524E-05, 8.62624E-05, 1.98293E-05, 2.06106E-06, 1.88827E-06, 1.30533E-06, 4.23749E-03
62, 2.10100E-04, 6.81900E-05, 8.52924E-05, 1.96370E-05, 2.04309E-06, 1.88099E-06, 1.29934E-06, 4.19058E-03
63, 2.04242E-04, 6.68940E-05, 8.38664E-05, 1.93534E-05, 2.02564E-06, 1.87365E-06, 1.29307E-06, 4.12409E-03
64, 1.97479E-04, 6.53601E-05, 8.19909E-05, 1.89800E-05, 2.00905E-06, 1.86709E-06, 1.28694E-06, 4.03844E-03
65, 1.92337E-04, 6.35874E-05, 7.96762E-05, 1.85193E-05, 1.99221E-06, 1.86030E-06, 1.28071E-06, 3.93424E-03
66, 2.00020E-04, 6.23022E-05, 7.69362E-05, 1.89858E-05, 1.97558E-06, 1.85332E-06, 1.27436E-06, 4.02679E-03
67, 2.06672E-04, 6.21910E-05, 7.81017E-05, 1.96794E-05, 1.95955E-06, 1.84609E-06, 1.26781E-06, 4.16686E-03
68, 2.12267E-04, 6.48051E-05, 8.17277E-05, 2.03031E-05, 1.94278E-06, 1.83935E-06, 1.26090E-06, 4.29145E-03
69, 2.16789E-04, 6.73115E-05, 8.50572E-05, 2.08517E-05, 1.92594E-06, 1.83250E-06, 1.25383E-06, 4.39947E-03
70, 2.20234E-04, 6.97039E-05, 8.80674E-05, 2.13207E-05, 1.90879E-06, 1.82546E-06, 1.24669E-06, 4.49006E-03
71, 2.22603E-04, 7.19764E-05, 9.07381E-05, 2.17064E-05, 1.89231E-06, 1.81818E-06, 1.23947E-06, 4.56256E-03
72, 2.23909E-04, 7.41241E-05, 9.30570E-05, 2.20063E-05, 1.87650E-06, 1.81070E-06, 1.23230E-06, 4.61649E-03
73, 2.24169E-04, 7.61423E-05, 9.50058E-05, 2.22187E-05, 1.86040E-06, 1.80301E-06, 1.22565E-06, 4.65161E-03
74, 2.23411E-04, 7.80274E-05, 9.65701E-05, 2.23428E-05, 1.84414E-06, 1.79516E-06, 1.21916E-06, 4.66787E-03
75, 2.26115E-04, 7.97761E-05, 9.77407E-05, 2.23787E-05, 1.82767E-06, 1.78710E-06, 1.21300E-06, 4.66542E-03
76, 2.28847E-04, 8.13860E-05, 9.85116E-05, 2.23275E-05, 1.81280E-06, 1.77943E-06, 1.20692E-06, 4.64460E-03
77, 2.30434E-04, 8.28553E-05, 9.88798E-05, 2.21911E-05, 1.79833E-06, 1.77195E-06, 1.20081E-06, 4.60591E-03
78, 2.30880E-04, 8.41827E-05, 9.88455E-05, 2.19720E-05, 1.78354E-06, 1.76497E-06, 1.19480E-06, 4.55002E-03
79, 2.30199E-04, 8.53676E-05, 9.84119E-05, 2.16736E-05, 1.76900E-06, 1.75758E-06, 1.18855E-06, 4.47774E-03
80, 2.28415E-04, 8.68205E-05, 9.75850E-05, 2.12996E-05, 1.75457E-06, 1.74978E-06, 1.18243E-06, 4.38999E-03
81, 2.25557E-04, 8.81507E-05, 9.63738E-05, 2.08544E-05, 1.73955E-06, 1.74185E-06, 1.17623E-06, 4.28780E-03
82, 2.27321E-04, 8.93187E-05, 9.47898E-05, 2.03430E-05, 1.72653E-06, 1.73427E-06, 1.17058E-06, 4.17228E-03
83, 2.33224E-04, 9.03244E-05, 9.28470E-05, 1.97704E-05, 1.71492E-06, 1.72774E-06, 1.16510E-06, 4.04461E-03
84, 2.38160E-04, 9.11688E-05, 9.05619E-05, 1.91421E-05, 1.70311E-06, 1.72168E-06, 1.15925E-06, 3.90600E-03
85, 2.42105E-04, 9.18532E-05, 8.79529E-05, 1.84637E-05, 1.69097E-06, 1.71576E-06, 1.15316E-06, 3.75771E-03
86, 2.45044E-04, 9.23798E-05, 8.50403E-05, 1.77409E-05, 1.68046E-06, 1.70962E-06, 1.14683E-06, 3.60098E-03
87, 2.46965E-04, 9.27511E-05, 8.18463E-05, 1.69793E-05, 1.66915E-06, 1.70303E-06, 1.14043E-06, 3.43707E-03
88, 2.47867E-04, 9.29701E-05, 7.83942E-05, 1.61847E-05, 1.65795E-06, 1.69599E-06, 1.13399E-06, 3.26721E-03
89, 2.47753E-04, 9.30406E-05, 7.47086E-05, 1.53626E-05, 1.64716E-06, 1.68865E-06, 1.12745E-06, 3.09258E-03
90, 2.46633E-04, 9.29663E-05, 7.08152E-05, 1.45184E-05, 1.63636E-06, 1.68107E-06, 1.12107E-06, 2.91434E-03
91, 2.44523E-04, 9.27517E-05, 6.67402E-05, 1.36572E-05, 1.62568E-06, 1.67314E-06, 1.11493E-06, 2.73357E-03
92, 2.41443E-04, 9.27304E-05, 6.25104E-05, 1.27840E-05, 1.61483E-06, 1.66532E-06, 1.10926E-06, 2.55132E-03
93, 2.37423E-04, 9.27473E-05, 5.81527E-05, 1.19035E-05, 1.60484E-06, 1.65751E-06, 1.10346E-06, 2.36854E-03
94, 2.32493E-04, 9.26174E-05, 5.84694E-05, 1.10200E-05, 1.59472E-06, 1.64950E-06, 1.09743E-06, 2.18614E-03
95, 2.26692E-04, 9.23460E-05, 5.93702E-05, 1.08337E-05, 1.58570E-06, 1.64142E-06, 1.09129E-06, 2.14263E-03
96, 2.20061E-04, 9.19385E-05, 6.04751E-05, 1.08979E-05, 1.57859E-06, 1.63357E-06, 1.08517E-06, 2.14864E-03
97, 2.12645E-04, 9.14008E-05, 6.21512E-05, 1.09565E-05, 1.57163E-06, 1.62604E-06, 1.07913E-06, 2.15341E-03
98, 2.04495E-04, 9.07389E-05, 6.34613E-05, 1.10095E-05, 1.56466E-06, 1.61883E-06, 1.07303E-06, 2.15694E-03
99, 1.95662E-04, 8.99592E-05, 6.44074E-05, 1.10867E-05, 1.55780E-06, 1.61181E-06, 1.06692E-06, 2.16505E-03
100, 1.86203E-04, 9.25433E-05, 6.49937E-05, 1.13280E-05, 1.55082E-06, 1.60516E-06, 1.06079E-06, 2.20495E-03
101, 1.76176E-04, 9.61192E-05, 6.52269E-05, 1.15150E-05, 1.54366E-06, 1.59855E-06, 1.05462E-06, 2.23391E-03
102, 1.65640E-04, 9.94513E-05, 6.51156E-05, 1.16483E-05, 1.53632E-06, 1.59162E-06, 1.04835E-06, 2.25220E-03
103, 1.54657E-04, 1.02533E-04, 6.46705E-05, 1.17292E-05, 1.52976E-06, 1.58449E-06, 1.04198E-06, 2.26012E-03
104, 1.51527E-04, 1.05359E-04, 6.39042E-05, 1.17587E-05, 1.52418E-06, 1.57701E-06, 1.03561E-06, 2.25801E-03
105, 1.51205E-04, 1.07925E-04, 6.28311E-05, 1.17386E-05, 1.51938E-06, 1.56940E-06, 1.02966E-06, 2.24628E-03
106, 1.50282E-04, 1.10229E-04, 6.14670E-05, 1.16704E-05, 1.51437E-06, 1.56184E-06, 1.02403E-06, 2.22535E-03
107, 1.48772E-04, 1.12270E-04, 5.98295E-05, 1.15561E-05, 1.50876E-06, 1.55455E-06, 1.01891E-06, 2.19569E-03
108, 1.46691E-04, 1.14047E-04, 5.79371E-05, 1.14550E-05, 1.50296E-06, 1.54718E-06, 1.01433E-06, 2.16860E-03
109, 1.46583E-04, 1.15561E-04, 5.79288E-05, 1.15105E-05, 1.49682E-06, 1.53977E-06, 1.01007E-06, 2.17113E-03
110, 1.53000E-04, 1.16815E-04, 5.88469E-05, 1.15598E-05, 1.49045E-06, 1.53228E-06, 1.00578E-06, 2.17237E-03
111, 1.58795E-04, 1.17812E-04, 5.94705E-05, 1.16030E-05, 1.48386E-06, 1.52504E-06, 1.00165E-06, 2.17232E-03
112, 1.63963E-04, 1.18555E-04, 5.98025E-05, 1.16400E-05, 1.47737E-06, 1.51796E-06, 9.97357E-07, 2.17101E-03
113, 1.68499E-04, 1.19051E-04, 5.98480E-05, 1.16710E-05, 1.47111E-06, 1.51084E-06, 9.92949E-07, 2.16847E-03
114, 1.72403E-04, 1.19304E-04, 5.96138E-05, 1.16960E-05, 1.46502E-06, 1.50383E-06, 9.88526E-07, 2.16471E-03
115, 1.75679E-04, 1.19322E-04, 5.91086E-05, 1.17151E-05, 1.45879E-06, 1.49666E-06, 9.84059E-07, 2.15978E-03
116, 1.78332E-04, 1.19112E-04, 5.83427E-05, 1.17282E-05, 1.45278E-06, 1.48949E-06, 9.79434E-07, 2.15368E-03
117, 1.80372E-04, 1.18682E-04, 5.73279E-05, 1.17356E-05, 1.44790E-06, 1.48243E-06, 9.74728E-07, 2.14646E-03
118, 1.81811E-04, 1.18039E-04, 5.60773E-05, 1.17775E-05, 1.44307E-06, 1.47520E-06, 9.70148E-07, 2.14548E-03
119, 1.82663E-04, 1.17192E-04, 5.46053E-05, 1.18550E-05, 1.43818E-06, 1.46774E-06, 9.65603E-07, 2.15086E-03
120, 1.82944E-04, 1.16151E-04, 5.29275E-05, 1.19263E-05, 1.43328E-06, 1.46024E-06, 9.61017E-07, 2.15496E-03
121, 1.82674E-04, 1.14925E-04, 5.10602E-05, 1.19914E-05, 1.42806E-06, 1.45264E-06, 9.56509E-07, 2.15780E-03
122, 1.81874E-04, 1.13523E-04, 4.90207E-05, 1.20501E-05, 1.42275E-06, 1.44489E-06, 9.51960E-07, 2.15940E-03
123, 1.80566E-04, 1.11956E-04, 4.68269E-05, 1.21027E-05, 1.41751E-06, 1.43703E-06, 9.47426E-07, 2.15977E-03
124, 1.78776E-04, 1.10233E-04, 4.44970E-05, 1.21491E-05, 1.41236E-06, 1.42929E-06, 9.42881E-07, 2.15894E-03
125, 1.76528E-04, 1.08366E-04, 4.32145E-05, 1.21936E-05, 1.40694E-06, 1.42165E-06, 9.38295E-07, 2.15770E-03
126, 1.73850E-04, 1.06363E-04, 4.42984E-05, 1.22496E-05, 1.40150E-06, 1.41400E-06, 9.33671E-07, 2.15841E-03
127, 1.70769E-04, 1.04236E-04, 4.51876E-05, 1.22997E-05, 1.39601E-06, 1.40632E-06, 9.29210E-07, 2.15799E-03
128, 1.67316E-04, 1.01993E-04, 4.58828E-05, 1.23438E-05, 1.39056E-06, 1.39871E-06, 9.24925E-07, 2.15645E-03
129, 1.63521E-04, 9.96467E-05, 4.63877E-05, 1.23819E-05, 1.38503E-06, 1.39111E-06, 9.21061E-07, 2.15381E-03
130, 1.59412E-04, 9.72054E-05, 4.67039E-05, 1.24142E-05, 1.37933E-06, 1.38331E-06, 9.17211E-07, 2.15010E-03
131, 1.55019E-04, 9.46794E-05, 4.68355E-05, 1.24405E-05, 1.37336E-06, 1.37549E-06, 9.13291E-07, 2.14534E-03
132, 1.50372E-04, 9.20784E-05, 4.67876E-05, 1.24610E-05, 1.36732E-06, 1.36754E-06, 9.09332E-07, 2.13955E-03
133, 1.45502E-04, 8.94117E-05, 4.65665E-05, 1.24757E-05, 1.36210E-06, 1.35959E-06, 9.05391E-07, 2.13276E-03
134, 1.40438E-04, 8.66885E-05, 4.61791E-05, 1.24846E-05, 1.35696E-06, 1.35157E-06, 9.01525E-07, 2.12500E-03
135, 1.35210E-04, 8.39179E-05, 4.56331E-05, 1.24878E-05, 1.35164E-06, 1.34374E-06, 8.97788E-07, 2.11629E-03
136, 1.29846E-04, 8.11084E-05, 4.49371E-05, 1.25282E-05, 1.34643E-06, 1.33592E-06, 8.94183E-07, 2.11388E-03
137, 1.24375E-04, 7.82684E-05, 4.41001E-05, 1.25659E-05, 1.34150E-06, 1.32821E-06, 8.90829E-07, 2.11101E-03
138, 1.18824E-04, 7.54060E-05, 4.31317E-05, 1.26126E-05, 1.33674E-06, 1.32049E-06, 8.87354E-07, 2.10964E-03
139, 1.13751E-04, 7.25288E-05, 4.20421E-05, 1.26763E-05, 1.33212E-06, 1.31266E-06, 8.83818E-07, 2.11109E-03
140, 1.12277E-04, 6.96443E-05, 4.08416E-05, 1.27337E-05, 1.32869E-06, 1.30490E-06, 8.80231E-07, 2.11146E-03
141, 1.10420E-04, 6.67595E-05, 3.95411E-05, 1.27849E-05, 1.32536E-06, 1.29727E-06, 8.76555E-07, 2.11078E-03
142, 1.08208E-04, 6.38809E-05, 3.81514E-05, 1.28298E-05, 1.32197E-06, 1.28963E-06, 8.73028E-07, 2.10907E-03
143, 1.05675E-04, 6.10149E-05, 3.66837E-05, 1.28704E-05, 1.31859E-06, 1.28193E-06, 8.69670E-07, 2.10666E-03
144, 1.02852E-04, 5.81673E-05, 3.51490E-05, 1.29228E-05, 1.31524E-06, 1.27423E-06, 8.66305E-07, 2.10621E-03
145, 9.97702E-05, 5.53437E-05, 3.35584E-05, 1.29689E-05, 1.31205E-06, 1.26665E-06, 8.62849E-07, 2.10473E-03
146, 9.64623E-05, 5.25491E-05, 3.19228E-05, 1.30085E-05, 1.30877E-06, 1.25947E-06, 8.59304E-07, 2.10223E-03
147, 9.29598E-05, 4.97883E-05, 3.02531E-05, 1.30418E-05, 1.30545E-06, 1.25237E-06, 8.55869E-07, 2.09874E-03
148, 8.92941E-05, 4.70657E-05, 2.85596E-05, 1.30686E-05, 1.30216E-06, 1.24525E-06, 8.52679E-07, 2.09428E-03
149, 8.54958E-05, 4.43852E-05, 2.68526E-05, 1.30890E-05, 1.29869E-06, 1.23818E-06, 8.49536E-07, 2.08886E-03
150, 8.15947E-05, 4.17504E-05, 2.51420E-05, 1.31177E-05, 1.29527E-06, 1.23107E-06, 8.46393E-07, 2.08482E-03
151, 7.76199E-05, 3.91647E-05, 2.34370E-05, 1.31566E-05, 1.29204E-06, 1.22387E-06, 8.43439E-07, 2.08249E-03
152, 7.35991E-05, 3.75622E-05, 2.17466E-05, 1.32108E-05, 1.28881E-06, 1.21676E-06, 8.40564E-07, 2.08260E-03
153, 6.95587E-05, 3.64254E-05, 2.00791E-05, 1.32570E-05, 1.28558E-06, 1.20977E-06, 8.37826E-07, 2.08152E-03
154, 6.55239E-05, 3.52672E-05, 1.84425E-05, 1.32953E-05, 1.28238E-06, 1.20291E-06, 8.34956E-07, 2.07928E-03
155, 6.15184E-05, 3.40933E-05, 1.68439E-05, 1.33259E-05, 1.27914E-06, 1.19615E-06, 8.32079E-07, 2.07589E-03
156, 5.75641E-05, 3.29092E-05, 1.52899E-05, 1.33488E-05, 1.27588E-06, 1.18934E-06, 8.29194E-07, 2.07139E-03
157, 5.36815E-05, 3.17200E-05, 1.39301E-05, 1.33640E-05, 1.27267E-06, 1.18262E-06, 8.26280E-07, 2.06581E-03
158, 4.98893E-05, 3.05306E-05, 1.37606E-05, 1.33717E-05, 1.26955E-06, 1.17606E-06, 8.23394E-07, 2.05918E-03
159, 4.62043E-05, 2.93454E-05, 1.35375E-05, 1.33720E-05, 1.26643E-06, 1.16959E-06, 8.20492E-07, 2.05154E-03
160, 4.44216E-05, 2.81689E-05, 1.32653E-05, 1.34060E-05, 1.26332E-06, 1.16322E-06, 8.17597E-07, 2.04917E-03
161, 4.50845E-05, 2.77075E-05, 1.30605E-05, 1.34389E-05, 1.26018E-06, 1.15702E-06, 8.14710E-07, 2.04675E-03
162, 4.55647E-05, 2.74705E-05, 1.30458E-05, 1.34649E-05, 1.25700E-06, 1.15085E-06, 8.11882E-07, 2.04337E-03
163, 4.58626E-05, 2.71957E-05, 1.30231E-05, 1.35165E-05, 1.25387E-06, 1.14480E-06, 8.09079E-07, 2.04397E-03
164, 4.59800E-05, 2.68845E-05, 1.29927E-05, 1.35836E-05, 1.25078E-06, 1.13879E-06, 8.06286E-07, 2.04700E-03
165, 4.59204E-05, 2.65382E-05, 1.29684E-05, 1.36423E-05, 1.24756E-06, 1.13278E-06, 8.03400E-07, 2.04883E-03
166, 4.56867E-05, 2.61584E-05, 1.30379E-05, 1.36926E-05, 1.24439E-06, 1.12697E-06, 8.00457E-07, 2.04948E-03
167, 4.52840E-05, 2.59916E-05, 1.30991E-05, 1.37345E-05, 1.24163E-06, 1.12125E-06, 7.97552E-07, 2.04897E-03
168, 4.47182E-05, 2.59570E-05, 1.31519E-05, 1.37681E-05, 1.23903E-06, 1.11546E-06, 7.94753E-07, 2.04733E-03
169, 4.39961E-05, 2.58859E-05, 1.31965E-05, 1.37934E-05, 1.23641E-06, 1.10960E-06, 7.91967E-07, 2.04458E-03
170, 4.31254E-05, 2.57789E-05, 1.32328E-05, 1.38106E-05, 1.23379E-06, 1.10385E-06, 7.89267E-07, 2.04074E-03
171, 4.21145E-05, 2.56367E-05, 1.32608E-05, 1.38197E-05, 1.23123E-06, 1.09817E-06, 7.86658E-07, 2.03583E-03
172, 4.09726E-05, 2.54599E-05, 1.32807E-05, 1.38208E-05, 1.22871E-06, 1.09303E-06, 7.84176E-07, 2.02989E-03
173, 3.97093E-05, 2.52494E-05, 1.32925E-05, 1.38141E-05, 1.22619E-06, 1.08801E-06, 7.81840E-07, 2.02293E-03
174, 3.83347E-05, 2.50061E-05, 1.32963E-05, 1.37996E-05, 1.22371E-06, 1.08303E-06, 7.79540E-07, 2.01499E-03
175, 3.68595E-05, 2.47310E-05, 1.32924E-05, 1.37775E-05, 1.22128E-06, 1.07808E-06, 7.77195E-07, 2.00609E-03
176, 3.52944E-05, 2.44250E-05, 1.32809E-05, 1.37479E-05, 1.21917E-06, 1.07323E-06, 7.74911E-07, 1.99625E-03
177, 3.36505E-05, 2.40893E-05, 1.32619E-05, 1.37673E-05, 1.21711E-06, 1.06837E-06, 7.72525E-07, 1.99367E-03
178, 3.19390E-05, 2.39012E-05, 1.32357E-05, 1.38319E-05, 1.21503E-06, 1.06343E-06, 7.70194E-07, 1.99772E-03
179, 3.01711E-05, 2.38888E-05, 1.32025E-05, 1.38875E-05, 1.21295E-06, 1.05838E-06, 7.67839E-07, 2.00057E-03
180, 2.83580E-05, 2.38449E-05, 1.31625E-05, 1.39342E-05, 1.21086E-06, 1.05330E-06, 7.65612E-07, 2.00223E-03
181, 2.65107E-05, 2.37698E-05, 1.31161E-05, 1.39721E-05, 1.20877E-06, 1.04819E-06, 7.63417E-07, 2.00271E-03
182, 2.57979E-05, 2.36637E-05, 1.31474E-05, 1.40011E-05, 1.20671E-06, 1.04317E-06, 7.61188E-07, 2.00203E-03
183, 2.58699E-05, 2.35271E-05, 1.31967E-05, 1.40215E-05, 1.20464E-06, 1.03826E-06, 7.58970E-07, 2.00021E-03
184, 2.59736E-05, 2.33603E-05, 1.32382E-05, 1.40331E-05, 1.20269E-06, 1.03342E-06, 7.56806E-07, 1.99727E-03
185, 2.61059E-05, 2.31639E-05, 1.32721E-05, 1.40363E-05, 1.20076E-06, 1.02871E-06, 7.54642E-07, 1.99323E-03
186, 2.62637E-05, 2.29385E-05, 1.32984E-05, 1.40309E-05, 1.19875E-06, 1.02414E-06, 7.52486E-07, 1.98811E-03
187, 2.64437E-05, 2.26847E-05, 1.33173E-05, 1.40173E-05, 1.19671E-06, 1.01952E-06, 7.50352E-07, 1.98193E-03
188, 2.66420E-05, 2.24034E-05, 1.33287E-05, 1.39955E-05, 1.19465E-06, 1.01486E-06, 7.48225E-07, 1.97472E-03
189, 2.68549E-05, 2.20952E-05, 1.33330E-05, 1.39656E-05, 1.19265E-06, 1.01015E-06, 7.46146E-07, 1.96649E-03
190, 2.70782E-05, 2.20635E-05, 1.33303E-05, 1.39279E-05, 1.19069E-06, 1.00544E-06, 7.44081E-07, 1.95729E-03
191, 2.73079E-05, 2.20646E-05, 1.33207E-05, 1.38823E-05, 1.18864E-06, 1.00088E-06, 7.42022E-07, 1.94712E-03
192, 2.78334E-05, 2.20378E-05, 1.33044E-05, 1.38292E-05, 1.18658E-06, 9.96392E-07, 7.40040E-07, 1.93602E-03
193, 2.85869E-05, 2.19832E-05, 1.32818E-05, 1.38607E-05, 1.18456E-06, 9.91932E-07, 7.38095E-07, 1.93687E-03
194, 2.93377E-05, 2.19008E-05, 1.32529E-05, 1.39036E-05, 1.18263E-06, 9.87597E-07, 7.36168E-07, 1.93940E-03
195, 3.00851E-05, 2.17908E-05, 1.32181E-05, 1.39371E-05, 1.18069E-06, 9.83269E-07, 7.34182E-07, 1.94070E-03
196, 3.08279E-05, 2.16533E-05, 1.31776E-05, 1.39614E-05, 1.17876E-06, 9.78957E-07, 7.32137E-07, 1.94080E-03
197, 3.15646E-05, 2.14885E-05, 1.31316E-05, 1.39765E-05, 1.17687E-06, 9.74698E-07, 7.30078E-07, 1.93972E-03
198, 3.22936E-05, 2.12968E-05, 1.30829E-05, 1.39826E-05, 1.17502E-06, 9.70483E-07, 7.28012E-07, 1.93747E-03
199, 3.30130E-05, 2.10786E-05, 1.31075E-05, 1.39797E-05, 1.17319E-06, 9.66263E-07, 7.25926E-07, 1.93408E-03
200, 3.37204E-05, 2.08343E-05, 1.31258E-05, 1.39679E-05, 1.17132E-06, 9.62045E-07, 7.23788E-07, 1.92957E-03
201, 3.44137E-05, 2.05643E-05, 1.31379E-05, 1.39475E-05, 1.16948E-06, 9.57892E-07, 7.21713E-07, 1.92396E-03
202, 3.50904E-05, 2.03951E-05, 1.31439E-05, 1.39185E-05, 1.16770E-06, 9.53690E-07, 7.19810E-07, 1.91727E-03
203, 3.57478E-05, 2.05193E-05, 1.31439E-05, 1.38810E-05, 1.16595E-06, 9.49459E-07, 7.17921E-07, 1.90954E-03
204, 3.63834E-05, 2.06320E-05, 1.31379E-05, 1.38354E-05, 1.16425E-06, 9.45201E-07, 7.16050E-07, 1.90079E-03
205, 3.69943E-05, 2.07233E-05, 1.31294E-05, 1.37816E-05, 1.16269E-06, 9.41011E-07, 7.14196E-07, 1.89105E-03
206, 3.75780E-05, 2.07939E-05, 1.31816E-05, 1.37200E-05, 1.16105E-06, 9.36831E-07, 7.12350E-07, 1.88035E-03
207, 3.81317E-05, 2.08448E-05, 1.32613E-05, 1.36506E-05, 1.15936E-06, 9.32661E-07, 7.10450E-07, 1.86872E-03
208, 3.86528E-05, 2.08769E-05, 1.33348E-05, 1.35738E-05, 1.15769E-06, 9.28523E-07, 7.08517E-07, 1.85619E-03
209, 3.91386E-05, 2.08909E-05, 1.34020E-05, 1.35948E-05, 1.15599E-06, 9.24355E-07, 7.06608E-07, 1.85717E-03
210, 3.95866E-05, 2.08879E-05, 1.34631E-05, 1.36139E-05, 1.15431E-06, 9.20188E-07, 7.04708E-07, 1.85798E-03
211, 3.99944E-05, 2.08685E-05, 1.35179E-05, 1.36236E-05, 1.15260E-06, 9.15977E-07, 7.02829E-07, 1.85762E-03
212, 4.03598E-05, 2.08340E-05, 1.35665E-05, 1.36239E-05, 1.15092E-06, 9.11743E-07, 7.00987E-07, 1.85610E-03
213, 4.06807E-05, 2.07850E-05, 1.36090E-05, 1.36149E-05, 1.14921E-06, 9.07536E-07, 6.99158E-07, 1.85345E-03
214, 4.09550E-05, 2.07225E-05, 1.36453E-05, 1.35968E-05, 1.14749E-06, 9.03327E-07, 6.97253E-07, 1.84969E-03
215, 4.11810E-05, 2.06471E-05, 1.36756E-05, 1.35698E-05, 1.14583E-06, 8.99130E-07, 6.95355E-07, 1.84485E-03
216, 4.13572E-05, 2.05599E-05, 1.36998E-05, 1.35340E-05, 1.14424E-06, 8.94884E-07, 6.93536E-07, 1.83896E-03
217, 4.14821E-05, 2.04617E-05, 1.37182E-05, 1.34895E-05, 1.14277E-06, 8.90708E-07, 6.91774E-07, 1.83205E-03
218, 4.15545E-05, 2.03534E-05, 1.38263E-05, 1.34366E-05, 1.14136E-06, 8.86536E-07, 6.90038E-07, 1.82415E-03
219, 4.15736E-05, 2.02357E-05, 1.39612E-05, 1.33754E-05, 1.14015E-06, 8.82420E-07, 6.88292E-07, 1.81528E-03
220, 4.15386E-05, 2.02733E-05, 1.40801E-05, 1.33062E-05, 1.13901E-06, 8.78295E-07, 6.86569E-07, 1.80549E-03
221, 4.14489E-05, 2.03107E-05, 1.41831E-05, 1.32291E-05, 1.13784E-06, 8.74122E-07, 6.84874E-07, 1.79480E-03
222, 4.13042E-05, 2.03341E-05, 1.42701E-05, 1.31443E-05, 1.13668E-06, 8.70012E-07, 6.83231E-07, 1.78324E-03
223, 4.11046E-05, 2.03434E-05, 1.43412E-05, 1.30520E-05, 1.13548E-06, 8.65917E-07, 6.81630E-07, 1.77086E-03
224, 4.08501E-05, 2.03386E-05, 1.43965E-05, 1.29526E-05, 1.13429E-06, 8.61852E-07, 6.79971E-07, 1.75768E-03
225, 4.05412E-05, 2.03198E-05, 1.44360E-05, 1.29289E-05, 1.13309E-06, 8.57775E-07, 6.78365E-07, 1.75497E-03
226, 4.01783E-05, 2.02870E-05, 1.44864E-05, 1.29235E-05, 1.13191E-06, 8.53676E-07, 6.76754E-07, 1.75494E-03
227, 3.97623E-05, 2.02402E-05, 1.47275E-05, 1.29088E-05, 1.13076E-06, 8.49615E-07, 6.75113E-07, 1.75384E-03
228, 3.92941E-05, 2.01795E-05, 1.49524E-05, 1.28849E-05, 1.12961E-06, 8.45672E-07, 6.73454E-07, 1.75171E-03
229, 3.87749E-05, 2.01050E-05, 1.51607E-05, 1.28521E-05, 1.12842E-06, 8.41779E-07, 6.71797E-07, 1.74857E-03
230, 3.82061E-05, 2.00517E-05, 1.53518E-05, 1.28104E-05, 1.12729E-06, 8.37888E-07, 6.70148E-07, 1.74445E-03
231, 3.75890E-05, 2.01566E-05, 1.55255E-05, 1.27600E-05, 1.12629E-06, 8.33919E-07, 6.68499E-07, 1.73937E-03
232, 3.69253E-05, 2.02481E-05, 1.56815E-05, 1.27012E-05, 1.12538E-06, 8.30011E-07, 6.66819E-07, 1.73335E-03
233, 3.62169E-05, 2.03260E-05, 1.58196E-05, 1.26341E-05, 1.12454E-06, 8.26134E-07, 6.65118E-07, 1.72643E-03
234, 3.54655E-05, 2.04407E-05, 1.59395E-05, 1.25590E-05, 1.12376E-06, 8.22234E-07, 6.63449E-07, 1.71863E-03
235, 3.46736E-05, 2.06127E-05, 1.60413E-05, 1.24760E-05, 1.12298E-06, 8.18326E-07, 6.61779E-07, 1.70997E-03
236, 3.38430E-05, 2.07768E-05, 1.61248E-05, 1.23854E-05, 1.12236E-06, 8.14478E-07, 6.60080E-07, 1.70049E-03
237, 3.29758E-05, 2.09330E-05, 1.61902E-05, 1.22875E-05, 1.12179E-06, 8.10662E-07, 6.58421E-07, 1.69020E-03
238, 3.20743E-05, 2.10812E-05, 1.62374E-05, 1.21824E-05, 1.12125E-06, 8.06889E-07, 6.56741E-07, 1.67914E-03
239, 3.11408E-05, 2.12215E-05, 1.62668E-05, 1.20704E-05, 1.12075E-06, 8.03171E-07, 6.55063E-07, 1.66732E-03
240, 3.01777E-05, 2.13540E-05, 1.62784E-05, 1.19806E-05, 1.12019E-06, 7.99556E-07, 6.53433E-07, 1.65875E-03
241, 2.91873E-05, 2.14785E-05, 1.64087E-05, 1.18903E-05, 1.11963E-06, 7.96013E-07, 6.51902E-07, 1.65033E-03
242, 2.81720E-05, 2.15952E-05, 1.65987E-05, 1.18093E-05, 1.11905E-06, 7.92484E-07, 6.50358E-07, 1.64339E-03
243, 2.71343E-05, 2.17040E-05, 1.67738E-05, 1.17722E-05, 1.11849E-06, 7.88878E-07, 6.48801E-07, 1.64278E-03
244, 2.60766E-05, 2.18048E-05, 1.69334E-05, 1.17265E-05, 1.11804E-06, 7.85229E-07, 6.47219E-07, 1.64119E-03
245, 2.50013E-05, 2.18977E-05, 1.70771E-05, 1.16724E-05, 1.11762E-06, 7.81602E-07, 6.45681E-07, 1.63865E-03
246, 2.39108E-05, 2.19827E-05, 1.72046E-05, 1.16102E-05, 1.11721E-06, 7.77970E-07, 6.44193E-07, 1.63516E-03
247, 2.28073E-05, 2.20596E-05, 1.73155E-05, 1.15400E-05, 1.11687E-06, 7.74386E-07, 6.42682E-07, 1.63073E-03
248, 2.26504E-05, 2.21285E-05, 1.74095E-05, 1.14620E-05, 1.11656E-06, 7.70788E-07, 6.41194E-07, 1.62539E-03
249, 2.25390E-05, 2.21893E-05, 1.74865E-05, 1.13765E-05, 1.11646E-06, 7.67168E-07, 6.39687E-07, 1.61913E-03
250, 2.23857E-05, 2.22419E-05, 1.76495E-05, 1.12837E-05, 1.11653E-06, 7.63521E-07, 6.38122E-07, 1.61198E-03
251, 2.21922E-05, 2.22863E-05, 1.78497E-05, 1.11838E-05, 1.11660E-06, 7.59910E-07, 6.36545E-07, 1.60394E-03
252, 2.19603E-05, 2.23224E-05, 1.80394E-05, 1.10974E-05, 1.11666E-06, 7.56296E-07, 6.34966E-07, 1.59794E-03
253, 2.16917E-05, 2.23501E-05, 1.82183E-05, 1.10163E-05, 1.11671E-06, 7.52702E-07, 6.33406E-07, 1.59283E-03
254, 2.13883E-05, 2.23693E-05, 1.83857E-05, 1.09283E-05, 1.11677E-06, 7.49224E-07, 6.31896E-07, 1.58681E-03
255, 2.10520E-05, 2.23798E-05, 1.85413E-05, 1.08336E-05, 1.11683E-06, 7.45727E-07, 6.30405E-07, 1.57990E-03
256, 2.06849E-05, 2.23817E-05, 1.86844E-05, 1.07324E-05, 1.11692E-06, 7.42192E-07, 6.28901E-07, 1.57211E-03
257, 2.02888E-05, 2.23748E-05, 1.88149E-05, 1.06252E-05, 1.11702E-06, 7.38657E-07, 6.27391E-07, 1.56347E-03
258, 1.98659E-05, 2.23589E-05, 1.89321E-05, 1.05121E-05, 1.11708E-06, 7.35133E-07, 6.25890E-07, 1.55398E-03
259, 1.94181E-05, 2.23340E-05, 1.90358E-05, 1.03935E-05, 1.11715E-06, 7.31670E-07, 6.24381E-07, 1.54366E-03
260, 1.89475E-05, 2.22999E-05, 1.91256E-05, 1.02696E-05, 1.11720E-06, 7.28177E-07, 6.22846E-07, 1.53254E-03
261, 1.84561E-05, 2.22564E-05, 1.92012E-05, 1.01407E-05, 1.11718E-06, 7.24635E-07, 6.21311E-07, 1.52062E-03
262, 1.79459E-05, 2.22035E-05, 1.92624E-05, 1.00636E-05, 1.11717E-06, 7.21123E-07, 6.19780E-07, 1.51644E-03
263, 1.74188E-05, 2.21853E-05, 1.93089E-05, 9.99830E-06, 1.11721E-06, 7.17619E-07, 6.18244E-07, 1.51404E-03
264, 1.68767E-05, 2.21612E-05, 1.93405E-05, 9.93608E-06, 1.11723E-06, 7.14108E-07, 6.16661E-07, 1.51210E-03
265, 1.63214E-05, 2.21292E-05, 1.93570E-05, 9.86685E-06, 1.11726E-06, 7.10573E-07, 6.15060E-07, 1.50909E-03
266, 1.57548E-05, 2.20888E-05, 1.93585E-05, 9.79087E-06, 1.11734E-06, 7.07057E-07, 6.13442E-07, 1.50502E-03
267, 1.51786E-05, 2.20401E-05, 1.93447E-05, 9.70840E-06, 1.11750E-06, 7.03517E-07, 6.11816E-07, 1.49989E-03
268, 1.47985E-05, 2.19827E-05, 1.93157E-05, 9.61970E-06, 1.11767E-06, 7.00042E-07, 6.10174E-07, 1.49372E-03
269, 1.50460E-05, 2.19166E-05, 1.92715E-05, 9.52506E-06, 1.11800E-06, 6.96563E-07, 6.08502E-07, 1.48653E-03
270, 1.53915E-05, 2.18416E-05, 1.92121E-05, 9.42473E-06, 1.11826E-06, 6.93081E-07, 6.06849E-07, 1.47835E-03
271, 1.57352E-05, 2.17575E-05, 1.91532E-05, 9.31899E-06, 1.11853E-06, 6.89656E-07, 6.05196E-07, 1.46918E-03
272, 1.60772E-05, 2.16641E-05, 1.92517E-05, 9.20811E-06, 1.11881E-06, 6.86268E-07, 6.03518E-07, 1.45905E-03
273, 1.64172E-05, 2.15613E-05, 1.93367E-05, 9.09235E-06, 1.11909E-06, 6.82899E-07, 6.01829E-07, 1.44798E-03
274, 1.67552E-05, 2.14490E-05, 1.94084E-05, 8.97199E-06, 1.11938E-06, 6.79593E-07, 6.00136E-07, 1.43600E-03
275, 1.70911E-05, 2.13270E-05, 1.94672E-05, 8.84727E-06, 1.11968E-06, 6.76372E-07, 5.98470E-07, 1.42312E-03
276, 1.74247E-05, 2.11952E-05, 1.95132E-05, 8.71846E-06, 1.11997E-06, 6.73147E-07, 5.96805E-07, 1.40938E-03
277, 1.77561E-05, 2.10533E-05, 1.95467E-05, 8.58581E-06, 1.12027E-06, 6.69893E-07, 5.95143E-07, 1.39480E-03
278, 1.80851E-05, 2.09015E-05, 1.95678E-05, 8.48145E-06, 1.12057E-06, 6.66623E-07, 5.93439E-07, 1.38461E-03
279, 1.84117E-05, 2.07394E-05, 1.95769E-05, 8.41468E-06, 1.12089E-06, 6.63366E-07, 5.91739E-07, 1.38041E-03
280, 1.87357E-05, 2.06378E-05, 1.95742E-05, 8.34207E-06, 1.12117E-06, 6.60149E-07, 5.90080E-07, 1.37511E-03
281, 1.90571E-05, 2.05508E-05, 1.95598E-05, 8.26386E-06, 1.12146E-06, 6.56912E-07, 5.88437E-07, 1.36875E-03
282, 1.93759E-05, 2.04558E-05, 1.95340E-05, 8.18028E-06, 1.12172E-06, 6.53780E-07, 5.86838E-07, 1.36134E-03
283, 1.97861E-05, 2.03526E-05, 1.94970E-05, 8.09159E-06, 1.12194E-06, 6.50719E-07, 5.85219E-07, 1.35291E-03
284, 2.02175E-05, 2.02413E-05, 1.98361E-05, 8.00546E-06, 1.12214E-06, 6.47708E-07, 5.83586E-07, 1.34474E-03
285, 2.06417E-05, 2.01217E-05, 2.01679E-05, 8.07172E-06, 1.12229E-06, 6.44659E-07, 5.81941E-07, 1.36211E-03
286, 2.10584E-05, 1.99939E-05, 2.04870E-05, 8.13683E-06, 1.12242E-06, 6.41656E-07, 5.80279E-07, 1.37936E-03
287, 2.14674E-05, 1.98592E-05, 2.07932E-05, 8.20065E-06, 1.12256E-06, 6.38750E-07, 5.78587E-07, 1.39645E-03
288, 2.18687E-05, 1.98174E-05, 2.10865E-05, 8.26310E-06, 1.12274E-06, 6.35908E-07, 5.76920E-07, 1.41336E-03
289, 2.22619E-05, 1.97763E-05, 2.13669E-05, 8.32404E-06, 1.12290E-06, 6.33042E-07, 5.75250E-07, 1.43006E-03
290, 2.26470E-05, 1.97893E-05, 2.16343E-05, 8.38338E-06, 1.12301E-06, 6.30168E-07, 5.73568E-07, 1.44653E-03
291, 2.30238E-05, 1.97971E-05, 2.18888E-05, 8.44100E-06, 1.12309E-06, 6.27254E-07, 5.71878E-07, 1.46275E-03
292, 2.33921E-05, 1.97998E-05, 2.21302E-05, 8.49680E-06, 1.12314E-06, 6.24283E-07, 5.70143E-07, 1.47870E-03
293, 2.37518E-05, 1.97973E-05, 2.23587E-05, 8.55065E-06, 1.12315E-06, 6.21365E-07, 5.68399E-07, 1.49434E-03
294, 2.41027E-05, 1.97895E-05, 2.25743E-05, 8.60245E-06, 1.12314E-06, 6.18504E-07, 5.66673E-07, 1.50965E-03
295, 2.44449E-05, 1.97766E-05, 2.27768E-05, 8.65209E-06, 1.12321E-06, 6.15690E-07, 5.64924E-07, 1.52461E-03
296, 2.47781E-05, 1.97583E-05, 2.29665E-05, 8.69946E-06, 1.12332E-06, 6.12908E-07, 5.63189E-07, 1.53919E-03
297, 2.51023E-05, 1.97349E-05, 2.31433E-05, 8.74446E-06, 1.12341E-06, 6.10198E-07, 5.61440E-07, 1.55337E-03
298, 2.54173E-05, 1.97061E-05, 2.33073E-05, 8.78698E-06, 1.12346E-06, 6.07519E-07, 5.59677E-07, 1.56713E-03
299, 2.57232E-05, 1.96721E-05, 2.34586E-05, 8.82692E-06, 1.12341E-06, 6.04866E-07, 5.57926E-07, 1.58043E-03
300, 2.60197E-05, 1.96329E-05, 2.35971E-05, 8.86418E-06, 1.12331E-06, 6.02307E-07, 5.56198E-07, 1.59327E-03
301, 2.63070E-05, 1.95885E-05, 2.37230E-05, 8.89865E-06, 1.12316E-06, 5.99744E-07, 5.54473E-07, 1.60560E-03
302, 2.65848E-05, 1.95389E-05, 2.38363E-05, 8.93024E-06, 1.12294E-06, 5.97160E-07, 5.52725E-07, 1.61742E-03
303, 2.68532E-05, 1.94842E-05, 2.39371E-05, 8.95886E-06, 1.12265E-06, 5.94548E-07, 5.50978E-07, 1.62869E-03
304, 2.71121E-05, 1.94244E-05, 2.40254E-05, 8.98442E-06, 1.12231E-06, 5.91888E-07, 5.49203E-07, 1.63939E-03
305, 2.73614E-05, 1.93595E-05, 2.41015E-05, 9.00682E-06, 1.12194E-06, 5.89219E-07, 5.47450E-07, 1.64950E-03
306, 2.76012E-05, 1.92896E-05, 2.41654E-05, 9.02599E-06, 1.12152E-06, 5.86687E-07, 5.45680E-07, 1.65901E-03
307, 2.78313E-05, 1.92148E-05, 2.42171E-05, 9.04184E-06, 1.12108E-06, 5.84124E-07, 5.43931E-07, 1.66788E-03
308, 2.80519E-05, 1.91350E-05, 2.42568E-05, 9.05430E-06, 1.12068E-06, 5.81554E-07, 5.42163E-07, 1.67609E-03
309, 2.82627E-05, 1.90505E-05, 2.42846E-05, 9.06328E-06, 1.12030E-06, 5.78992E-07, 5.40393E-07, 1.68364E-03
310, 2.84639E-05, 1.89611E-05, 2.43005E-05, 9.06957E-06, 1.11992E-06, 5.76460E-07, 5.38629E-07, 1.69064E-03
311, 2.86555E-05, 1.88671E-05, 2.43048E-05, 9.09547E-06, 1.11953E-06, 5.73993E-07, 5.36884E-07, 1.70128E-03
312, 2.88373E-05, 1.87683E-05, 2.42976E-05, 9.11717E-06, 1.11912E-06, 5.71569E-07, 5.35145E-07, 1.71112E-03
313, 2.90094E-05, 1.86650E-05, 2.42789E-05, 9.13460E-06, 1.11871E-06, 5.69196E-07, 5.33411E-07, 1.72014E-03
314, 2.91718E-05, 1.85571E-05, 2.42490E-05, 9.14769E-06, 1.11828E-06, 5.66821E-07, 5.31653E-07, 1.72831E-03
315, 2.93245E-05, 1.84448E-05, 2.42079E-05, 9.15637E-06, 1.11787E-06, 5.64489E-07, 5.29874E-07, 1.73562E-03
316, 2.94675E-05, 1.83281E-05, 2.41557E-05, 9.16059E-06, 1.11742E-06, 5.62244E-07, 5.28099E-07, 1.74205E-03
317, 2.96246E-05, 1.82069E-05, 2.40928E-05, 9.16030E-06, 1.11693E-06, 5.59949E-07, 5.26311E-07, 1.74758E-03
318, 2.98278E-05, 1.80815E-05, 2.40191E-05, 9.15547E-06, 1.11633E-06, 5.57600E-07, 5.24507E-07, 1.75219E-03
319, 3.00156E-05, 1.79518E-05, 2.39349E-05, 9.14604E-06, 1.11570E-06, 5.55253E-07, 5.22693E-07, 1.75587E-03
320, 3.01879E-05, 1.78178E-05, 2.38403E-05, 9.13200E-06, 1.11502E-06, 5.52881E-07, 5.20875E-07, 1.75860E-03
321, 3.03448E-05, 1.76797E-05, 2.37354E-05, 9.11331E-06, 1.11424E-06, 5.50550E-07, 5.19093E-07, 1.76037E-03
322, 3.04862E-05, 1.75375E-05, 2.36206E-05, 9.08995E-06, 1.11345E-06, 5.48195E-07, 5.17316E-07, 1.76118E-03
323, 3.06120E-05, 1.73911E-05, 2.34958E-05, 9.06192E-06, 1.11265E-06, 5.45851E-07, 5.15529E-07, 1.76100E-03
324, 3.07224E-05, 1.72406E-05, 2.33614E-05, 9.02921E-06, 1.11176E-06, 5.43639E-07, 5.13723E-07, 1.75983E-03
325, 3.08174E-05, 1.70861E-05, 2.32174E-05, 8.99180E-06, 1.11083E-06, 5.41455E-07, 5.11957E-07, 1.75765E-03
326, 3.08971E-05, 1.69275E-05, 2.30642E-05, 8.94972E-06, 1.10989E-06, 5.39332E-07, 5.10182E-07, 1.75448E-03
327, 3.09615E-05, 1.69540E-05, 2.29018E-05, 8.90296E-06, 1.10895E-06, 5.37262E-07, 5.08394E-07, 1.75029E-03
328, 3.10106E-05, 1.72535E-05, 2.27305E-05, 8.85154E-06, 1.10796E-06, 5.35153E-07, 5.06595E-07, 1.74508E-03
329, 3.10447E-05, 1.75464E-05, 2.25505E-05, 8.79549E-06, 1.10698E-06, 5.33064E-07, 5.04767E-07, 1.73885E-03
330, 3.10638E-05, 1.78324E-05, 2.23620E-05, 8.73482E-06, 1.10600E-06, 5.30978E-07, 5.02924E-07, 1.73160E-03
331, 3.10681E-05, 1.81113E-05, 2.21651E-05, 8.66957E-06, 1.10498E-06, 5.28862E-07, 5.01099E-07, 1.72332E-03
332, 3.10576E-05, 1.83830E-05, 2.19602E-05, 8.59978E-06, 1.10393E-06, 5.26727E-07, 4.99293E-07, 1.71402E-03
333, 3.10325E-05, 1.86472E-05, 2.17474E-05, 8.52548E-06, 1.10283E-06, 5.24585E-07, 4.97472E-07, 1.70370E-03
334, 3.09930E-05, 1.89039E-05, 2.15270E-05, 8.44672E-06, 1.10167E-06, 5.22427E-07, 4.95640E-07, 1.69237E-03
335, 3.09393E-05, 1.91528E-05, 2.12991E-05, 8.36356E-06, 1.10043E-06, 5.20313E-07, 4.93832E-07, 1.68001E-03
336, 3.08715E-05, 1.93938E-05, 2.10640E-05, 8.27604E-06, 1.09919E-06, 5.18265E-07, 4.92075E-07, 1.66665E-03
337, 3.07899E-05, 1.96268E-05, 2.08220E-05, 8.18423E-06, 1.09791E-06, 5.16231E-07, 4.90363E-07, 1.65229E-03
338, 3.07489E-05, 1.98515E-05, 2.05733E-05, 8.08819E-06, 1.09655E-06, 5.14215E-07, 4.88654E-07, 1.63693E-03
339, 3.07462E-05, 2.01595E-05, 2.03181E-05, 7.98799E-06, 1.09514E-06, 5.12251E-07, 4.86947E-07, 1.62059E-03
340, 3.07333E-05, 2.04694E-05, 2.00566E-05, 7.88370E-06, 1.09369E-06, 5.10310E-07, 4.85234E-07, 1.60327E-03
341, 3.07258E-05, 2.07692E-05, 1.97892E-05, 7.77539E-06, 1.09213E-06, 5.08367E-07, 4.83523E-07, 1.58500E-03
342, 3.07377E-05, 2.10588E-05, 1.95160E-05, 7.66315E-06, 1.09054E-06, 5.06426E-07, 4.81803E-07, 1.56577E-03
343, 3.07412E-05, 2.13378E-05, 1.92374E-05, 7.54706E-06, 1.08892E-06, 5.04463E-07, 4.80065E-07, 1.54560E-03
344, 3.07611E-05, 2.16062E-05, 1.89535E-05, 7.42720E-06, 1.08732E-06, 5.02455E-07, 4.78338E-07, 1.52451E-03
345, 3.08163E-05, 2.18638E-05, 1.86646E-05, 7.30367E-06, 1.08564E-06, 5.00402E-07, 4.76623E-07, 1.50251E-03
346, 3.08624E-05, 2.21103E-05, 1.83711E-05, 7.17655E-06, 1.08394E-06, 4.98343E-07, 4.74925E-07, 1.47963E-03
347, 3.08990E-05, 2.23456E-05, 1.80731E-05, 7.04594E-06, 1.08221E-06, 4.96268E-07, 4.73221E-07, 1.45587E-03
348, 3.09261E-05, 2.25697E-05, 1.77709E-05, 6.91194E-06, 1.08038E-06, 4.94189E-07, 4.71508E-07, 1.43126E-03
349, 3.09433E-05, 2.27823E-05, 1.74648E-05, 6.77465E-06, 1.07855E-06, 4.92095E-07, 4.69791E-07, 1.40582E-03
350, 3.09506E-05, 2.29834E-05, 1.71551E-05, 6.63417E-06, 1.07668E-06, 4.89997E-07, 4.68083E-07, 1.37957E-03
351, 3.09477E-05, 2.31728E-05, 1.68420E-05, 6.49061E-06, 1.07473E-06, 4.87895E-07, 4.66388E-07, 1.35252E-03
352, 3.09345E-05, 2.33505E-05, 1.65258E-05, 6.34407E-06, 1.07268E-06, 4.85785E-07, 4.64708E-07, 1.32470E-03
353, 3.09108E-05, 2.35163E-05, 1.62068E-05, 6.19467E-06, 1.07056E-06, 4.83715E-07, 4.63033E-07, 1.29613E-03
354, 3.08763E-05, 2.36702E-05, 1.58852E-05, 6.04576E-06, 1.06837E-06, 4.81676E-07, 4.61366E-07, 1.26752E-03
355, 3.08310E-05, 2.38122E-05, 1.55614E-05, 5.92362E-06, 1.06616E-06, 4.79653E-07, 4.59697E-07, 1.24439E-03
356, 3.07747E-05, 2.39422E-05, 1.52356E-05, 5.87650E-06, 1.06388E-06, 4.77666E-07, 4.58026E-07, 1.23694E-03
357, 3.07072E-05, 2.40602E-05, 1.49080E-05, 5.86163E-06, 1.06161E-06, 4.75717E-07, 4.56341E-07, 1.23623E-03
358, 3.06283E-05, 2.41662E-05, 1.45791E-05, 5.84477E-06, 1.05934E-06, 4.73826E-07, 4.54651E-07, 1.23507E-03
359, 3.05381E-05, 2.42601E-05, 1.42489E-05, 5.82587E-06, 1.05705E-06, 4.71907E-07, 4.52986E-07, 1.23347E-03
360, 3.04362E-05, 2.43420E-05, 1.39179E-05, 5.80489E-06, 1.05476E-06, 4.69939E-07, 4.51330E-07, 1.23139E-03
361, 3.03227E-05, 2.44118E-05, 1.35863E-05, 5.78180E-06, 1.05244E-06, 4.68003E-07, 4.49672E-07, 1.22885E-03
362, 3.01973E-05, 2.44697E-05, 1.32543E-05, 5.75657E-06, 1.05006E-06, 4.66070E-07, 4.48021E-07, 1.22583E-03
363, 3.00600E-05, 2.45157E-05, 1.29224E-05, 5.72916E-06, 1.04763E-06, 4.64126E-07, 4.46387E-07, 1.22232E-03
364, 2.99435E-05, 2.45498E-05, 1.25906E-05, 5.69955E-06, 1.04515E-06, 4.62208E-07, 4.44773E-07, 1.21832E-03
365, 2.98355E-05, 2.45721E-05, 1.22593E-05, 5.66770E-06, 1.04270E-06, 4.60343E-07, 4.43205E-07, 1.21382E-03
366, 2.97166E-05, 2.45827E-05, 1.19288E-05, 5.63358E-06, 1.04027E-06, 4.58514E-07, 4.41666E-07, 1.20882E-03
367, 2.95867E-05, 2.45817E-05, 1.15993E-05, 5.59719E-06, 1.03783E-06, 4.56674E-07, 4.40137E-07, 1.20330E-03
368, 2.94458E-05, 2.45691E-05, 1.12710E-05, 5.55849E-06, 1.03535E-06, 4.54831E-07, 4.38619E-07, 1.19727E-03
369, 2.92941E-05, 2.45452E-05, 1.10874E-05, 5.51748E-06, 1.03283E-06, 4.53015E-07, 4.37100E-07, 1.19072E-03
370, 2.91315E-05, 2.45099E-05, 1.09023E-05, 5.47412E-06, 1.03032E-06, 4.51190E-07, 4.35577E-07, 1.18365E-03
371, 2.89582E-05, 2.44635E-05, 1.07134E-05, 5.42842E-06, 1.02782E-06, 4.49361E-07, 4.34048E-07, 1.17605E-03
372, 2.87743E-05, 2.44060E-05, 1.05207E-05, 5.38037E-06, 1.02532E-06, 4.47556E-07, 4.32530E-07, 1.16791E-03
373, 2.85797E-05, 2.43378E-05, 1.03243E-05, 5.32995E-06, 1.02283E-06, 4.45714E-07, 4.31028E-07, 1.15925E-03
374, 2.83747E-05, 2.42588E-05, 1.01242E-05, 5.27717E-06, 1.02030E-06, 4.43922E-07, 4.29530E-07, 1.15004E-03
375, 2.81593E-05, 2.41693E-05, 9.92052E-06, 5.22203E-06, 1.01776E-06, 4.42110E-07, 4.28024E-07, 1.14030E-03
376, 2.79335E-05, 2.40694E-05, 9.71334E-06, 5.16453E-06, 1.01518E-06, 4.40307E-07, 4.26533E-07, 1.13002E-03
377, 2.76977E-05, 2.39601E-05, 9.58289E-06, 5.10469E-06, 1.01260E-06, 4.38575E-07, 4.25063E-07, 1.11921E-03
378, 2.74518E-05, 2.38952E-05, 9.58556E-06, 5.04251E-06, 1.00998E-06, 4.36870E-07, 4.23618E-07, 1.10785E-03
379, 2.71960E-05, 2.38200E-05, 9.58488E-06, 4.97801E-06, 1.00734E-06, 4.35191E-07, 4.22189E-07, 1.09595E-03
380, 2.69304E-05, 2.37347E-05, 9.58100E-06, 4.91122E-06, 1.00463E-06, 4.33488E-07, 4.20784E-07, 1.08352E-03
381, 2.66552E-05, 2.36396E-05, 9.57410E-06, 4.91802E-06, 1.00194E-06, 4.31793E-07, 4.19399E-07, 1.08733E-03
382, 2.63705E-05, 2.35349E-05, 9.56433E-06, 4.93466E-06, 9.99340E-07, 4.30114E-07, 4.18058E-07, 1.09336E-03
383, 2.60765E-05, 2.34208E-05, 9.55185E-06, 4.94976E-06, 9.96758E-07, 4.28467E-07, 4.16744E-07, 1.09909E-03
384, 2.57733E-05, 2.32977E-05, 9.53684E-06, 4.96333E-06, 9.94218E-07, 4.26815E-07, 4.15448E-07, 1.10453E-03
385, 2.54613E-05, 2.31659E-05, 9.51946E-06, 4.97541E-06, 9.91681E-07, 4.25151E-07, 4.14184E-07, 1.10968E-03
386, 2.51404E-05, 2.30255E-05, 9.49987E-06, 4.98602E-06, 9.89143E-07, 4.23484E-07, 4.12927E-07, 1.11456E-03
387, 2.48109E-05, 2.28769E-05, 9.47825E-06, 4.99521E-06, 9.86631E-07, 4.21866E-07, 4.11675E-07, 1.11916E-03
388, 2.44729E-05, 2.27204E-05, 9.45476E-06, 5.01921E-06, 9.84164E-07, 4.20303E-07, 4.10435E-07, 1.12713E-03
389, 2.41268E-05, 2.25562E-05, 9.42956E-06, 5.04514E-06, 9.81733E-07, 4.18792E-07, 4.09213E-07, 1.13560E-03
390, 2.37725E-05, 2.23845E-05, 9.40283E-06, 5.06945E-06, 9.79299E-07, 4.17353E-07, 4.08007E-07, 1.14378E-03
391, 2.34105E-05, 2.22058E-05, 9.37471E-06, 5.09216E-06, 9.76911E-07, 4.15941E-07, 4.06851E-07, 1.15165E-03
392, 2.30408E-05, 2.20202E-05, 9.34537E-06, 5.11330E-06, 9.74519E-07, 4.14541E-07, 4.05712E-07, 1.15923E-03
393, 2.26637E-05, 2.18280E-05, 9.31497E-06, 5.13289E-06, 9.72187E-07, 4.13146E-07, 4.04582E-07, 1.16652E-03
394, 2.22793E-05, 2.16296E-05, 9.28365E-06, 5.17117E-06, 9.69880E-07, 4.11807E-07, 4.03482E-07, 1.17813E-03
395, 2.18880E-05, 2.14251E-05, 9.25157E-06, 5.21659E-06, 9.67653E-07, 4.10495E-07, 4.02413E-07, 1.19146E-03
396, 2.14899E-05, 2.12149E-05, 9.21885E-06, 5.26043E-06, 9.65459E-07, 4.09214E-07, 4.01376E-07, 1.20451E-03
397, 2.10853E-05, 2.09991E-05, 9.18565E-06, 5.30267E-06, 9.63274E-07, 4.07949E-07, 4.00349E-07, 1.21729E-03
398, 2.06744E-05, 2.07782E-05, 9.19005E-06, 5.34329E-06, 9.61094E-07, 4.06688E-07, 3.99337E-07, 1.22979E-03
399, 2.02573E-05, 2.05910E-05, 9.19581E-06, 5.41347E-06, 9.58894E-07, 4.05469E-07, 3.98335E-07, 1.24919E-03
400, 1.98344E-05, 2.04546E-05, 9.20029E-06, 5.48382E-06, 9.56651E-07, 4.04344E-07, 3.97335E-07, 1.26876E-03
401, 1.94059E-05, 2.03141E-05, 9.20349E-06, 5.55283E-06, 9.54457E-07, 4.03290E-07, 3.96347E-07, 1.28814E-03
402, 1.89721E-05, 2.01699E-05, 9.20541E-06, 5.62052E-06, 9.52313E-07, 4.02225E-07, 3.95354E-07, 1.30734E-03
403, 1.85330E-05, 2.00219E-05, 9.21845E-06, 5.68686E-06, 9.50124E-07, 4.01191E-07, 3.94374E-07, 1.32635E-03
404, 1.80891E-05, 1.98704E-05, 9.23900E-06, 5.75185E-06, 9.47927E-07, 4.00179E-07, 3.93389E-07, 1.34517E-03
405, 1.81827E-05, 1.97156E-05, 9.25882E-06, 5.81547E-06, 9.45755E-07, 3.99160E-07, 3.92426E-07, 1.36379E-03
406, 1.83383E-05, 1.95575E-05, 9.27789E-06, 5.87771E-06, 9.43601E-07, 3.98123E-07, 3.91497E-07, 1.38221E-03
407, 1.84924E-05, 1.93962E-05, 9.29618E-06, 5.93857E-06, 9.41420E-07, 3.97132E-07, 3.90567E-07, 1.40042E-03
408, 1.86450E-05, 1.92320E-05, 9.31363E-06, 5.99802E-06, 9.39265E-07, 3.96193E-07, 3.89633E-07, 1.41842E-03
409, 1.87960E-05, 1.90649E-05, 9.33020E-06, 6.05607E-06, 9.37193E-07, 3.95237E-07, 3.88701E-07, 1.43620E-03
410, 1.89453E-05, 1.88949E-05, 9.34584E-06, 6.11269E-06, 9.35184E-07, 3.94278E-07, 3.87776E-07, 1.45375E-03
411, 1.90930E-05, 1.87223E-05, 9.36049E-06, 6.16787E-06, 9.33188E-07, 3.93333E-07, 3.86864E-07, 1.47108E-03
412, 1.92389E-05, 1.86299E-05, 9.37409E-06, 6.22161E-06, 9.31215E-07, 3.92412E-07, 3.85959E-07, 1.48817E-03
413, 1.93830E-05, 1.85507E-05, 9.38657E-06, 6.27388E-06, 9.29265E-07, 3.91513E-07, 3.85043E-07, 1.50501E-03
414, 1.95251E-05, 1.84660E-05, 9.39787E-06, 6.32467E-06, 9.27381E-07, 3.90597E-07, 3.84125E-07, 1.52161E-03
415, 1.96654E-05, 1.83757E-05, 9.40791E-06, 6.37398E-06, 9.25519E-07, 3.89683E-07, 3.83216E-07, 1.53795E-03
416, 1.98036E-05, 1.82799E-05, 9.41662E-06, 6.42178E-06, 9.23589E-07, 3.88773E-07, 3.82313E-07, 1.55403E-03
417, 1.99398E-05, 1.81785E-05, 9.42392E-06, 6.46806E-06, 9.21632E-07, 3.87880E-07, 3.81412E-07, 1.56984E-03
418, 2.00738E-05, 1.80713E-05, 9.42972E-06, 6.51280E-06, 9.19659E-07, 3.86999E-07, 3.80511E-07, 1.58537E-03
419, 2.02057E-05, 1.79582E-05, 9.43395E-06, 6.55600E-06, 9.17689E-07, 3.86128E-07, 3.79614E-07, 1.60061E-03
420, 2.03353E-05, 1.78394E-05, 9.43653E-06, 6.59763E-06, 9.15732E-07, 3.85288E-07, 3.78737E-07, 1.61556E-03
421, 2.04627E-05, 1.77145E-05, 9.43736E-06, 6.63769E-06, 9.13784E-07, 3.84451E-07, 3.77865E-07, 1.63021E-03
422, 2.05877E-05, 1.75837E-05, 9.43638E-06, 6.67616E-06, 9.11945E-07, 3.83633E-07, 3.77000E-07, 1.64455E-03
423, 2.07103E-05, 1.74468E-05, 9.43349E-06, 6.71302E-06, 9.10207E-07, 3.82833E-07, 3.76130E-07, 1.65857E-03
424, 2.08321E-05, 1.73038E-05, 9.42862E-06, 6.74827E-06, 9.08551E-07, 3.82040E-07, 3.75271E-07, 1.67227E-03
425, 2.10623E-05, 1.71546E-05, 9.42169E-06, 6.78188E-06, 9.06944E-07, 3.81248E-07, 3.74433E-07, 1.68564E-03
426, 2.13147E-05, 1.69993E-05, 9.41261E-06, 6.81384E-06, 9.05299E-07, 3.80448E-07, 3.73598E-07, 1.69866E-03
427, 2.15622E-05, 1.68378E-05, 9.40132E-06, 6.84414E-06, 9.03709E-07, 3.79613E-07, 3.72773E-07, 1.71134E-03
428, 2.18046E-05, 1.66701E-05, 9.38773E-06, 6.87277E-06, 9.02247E-07, 3.78769E-07, 3.71945E-07, 1.72365E-03
429, 2.20417E-05, 1.64962E-05, 9.37179E-06, 6.89972E-06, 9.00801E-07, 3.77921E-07, 3.71129E-07, 1.73560E-03
430, 2.22733E-05, 1.63161E-05, 9.35342E-06, 6.92497E-06, 8.99335E-07, 3.77065E-07, 3.70301E-07, 1.74718E-03
431, 2.24992E-05, 1.61298E-05, 9.33257E-06, 6.94851E-06, 8.97999E-07, 3.76212E-07, 3.69474E-07, 1.75837E-03
432, 2.27193E-05, 1.59373E-05, 9.30917E-06, 6.97032E-06, 8.96677E-07, 3.75373E-07, 3.68642E-07, 1.76917E-03
433, 2.29333E-05, 1.57386E-05, 9.28318E-06, 6.99041E-06, 8.95386E-07, 3.74540E-07, 3.67813E-07, 1.77957E-03
434, 2.31412E-05, 1.55339E-05, 9.25455E-06, 7.00876E-06, 8.94072E-07, 3.73699E-07, 3.66971E-07, 1.78957E-03
435, 2.33428E-05, 1.53232E-05, 9.22324E-06, 7.02536E-06, 8.92730E-07, 3.72852E-07, 3.66125E-07, 1.79915E-03
436, 2.35379E-05, 1.51065E-05, 9.18920E-06, 7.04020E-06, 8.91373E-07, 3.72031E-07, 3.65296E-07, 1.80831E-03
437, 2.37263E-05, 1.48839E-05, 9.15242E-06, 7.05327E-06, 8.90122E-07, 3.71216E-07, 3.64474E-07, 1.81703E-03
438, 2.39081E-05, 1.46555E-05, 9.11287E-06, 7.06458E-06, 8.88865E-07, 3.70390E-07, 3.63642E-07, 1.82532E-03
439, 2.40830E-05, 1.44215E-05, 9.07053E-06, 7.07410E-06, 8.87635E-07, 3.69591E-07, 3.62789E-07, 1.83317E-03
440, 2.42510E-05, 1.43440E-05, 9.02540E-06, 7.08184E-06, 8.86453E-07, 3.68816E-07, 3.61928E-07, 1.84057E-03
441, 2.44119E-05, 1.44308E-05, 8.97746E-06, 7.09577E-06, 8.85246E-07, 3.68047E-07, 3.61073E-07, 1.84958E-03
442, 2.45657E-05, 1.45127E-05, 8.92672E-06, 7.14079E-06, 8.84052E-07, 3.67282E-07, 3.60210E-07, 1.86674E-03
443, 2.47123E-05, 1.45895E-05, 8.87319E-06, 7.18258E-06, 8.82899E-07, 3.66508E-07, 3.59344E-07, 1.88312E-03
444, 2.48515E-05, 1.46612E-05, 8.81689E-06, 7.22115E-06, 8.81733E-07, 3.65724E-07, 3.58474E-07, 1.89870E-03
445, 2.49834E-05, 1.47278E-05, 8.87488E-06, 7.25651E-06, 8.80525E-07, 3.64936E-07, 3.57595E-07, 1.91349E-03
446, 2.51079E-05, 1.47892E-05, 8.94479E-06, 7.28868E-06, 8.79281E-07, 3.64130E-07, 3.56706E-07, 1.92748E-03
447, 2.52249E-05, 1.48455E-05, 9.01016E-06, 7.31768E-06, 8.78000E-07, 3.63295E-07, 3.55815E-07, 1.94066E-03
448, 2.53344E-05, 1.48964E-05, 9.07099E-06, 7.34352E-06, 8.76739E-07, 3.62434E-07, 3.54918E-07, 1.95302E-03
449, 2.54363E-05, 1.49420E-05, 9.12731E-06, 7.36622E-06, 8.75509E-07, 3.61550E-07, 3.54019E-07, 1.96458E-03
450, 2.55307E-05, 1.49823E-05, 9.17913E-06, 7.38580E-06, 8.74248E-07, 3.60651E-07, 3.53119E-07, 1.97532E-03
451, 2.56175E-05, 1.50172E-05, 9.27175E-06, 7.40228E-06, 8.72961E-07, 3.59734E-07, 3.52217E-07, 1.98523E-03
452, 2.56968E-05, 1.50466E-05, 9.40014E-06, 7.41569E-06, 8.71658E-07, 3.58805E-07, 3.51313E-07, 1.99433E-03
453, 2.57684E-05, 1.50707E-05, 9.52432E-06, 7.42606E-06, 8.70383E-07, 3.57871E-07, 3.50404E-07, 2.00261E-03
454, 2.58325E-05, 1.50892E-05, 9.64423E-06, 7.43341E-06, 8.69111E-07, 3.56975E-07, 3.49499E-07, 2.01006E-03
455, 2.58890E-05, 1.51022E-05, 9.75982E-06, 7.43778E-06, 8.67860E-07, 3.56061E-07, 3.48601E-07, 2.01670E-03
456, 2.59380E-05, 1.51097E-05, 9.87106E-06, 7.43919E-06, 8.66556E-07, 3.55151E-07, 3.47691E-07, 2.02251E-03
457, 2.59795E-05, 1.51117E-05, 9.97790E-06, 7.43767E-06, 8.65221E-07, 3.54234E-07, 3.46758E-07, 2.02750E-03
458, 2.60136E-05, 1.51081E-05, 1.00803E-05, 7.43327E-06, 8.63865E-07, 3.53298E-07, 3.45816E-07, 2.03168E-03
459, 2.60402E-05, 1.50989E-05, 1.01782E-05, 7.43905E-06, 8.62461E-07, 3.52350E-07, 3.44866E-07, 2.03862E-03
460, 2.60612E-05, 1.50842E-05, 1.02717E-05, 7.44979E-06, 8.60993E-07, 3.51404E-07, 3.43916E-07, 2.04690E-03
461, 2.61178E-05, 1.50639E-05, 1.03606E-05, 7.45809E-06, 8.59496E-07, 3.50453E-07, 3.42974E-07, 2.05449E-03
462, 2.61670E-05, 1.50381E-05, 1.04449E-05, 7.46396E-06, 8.57954E-07, 3.49492E-07, 3.42038E-07, 2.06140E-03
463, 2.62090E-05, 1.50067E-05, 1.05247E-05, 7.46742E-06, 8.56385E-07, 3.48522E-07, 3.41101E-07, 2.06763E-03
464, 2.62437E-05, 1.49699E-05, 1.05999E-05, 7.46849E-06, 8.54792E-07, 3.47559E-07, 3.40166E-07, 2.07317E-03
465, 2.62712E-05, 1.49533E-05, 1.06704E-05, 7.46719E-06, 8.53164E-07, 3.46590E-07, 3.39234E-07, 2.07802E-03
466, 2.62914E-05, 1.49685E-05, 1.07364E-05, 7.46352E-06, 8.51512E-07, 3.45602E-07, 3.38304E-07, 2.08218E-03
467, 2.63045E-05, 1.49782E-05, 1.08679E-05, 7.45751E-06, 8.49807E-07, 3.44623E-07, 3.37372E-07, 2.08565E-03
468, 2.63105E-05, 1.49825E-05, 1.09997E-05, 7.44919E-06, 8.48031E-07, 3.43697E-07, 3.36443E-07, 2.08845E-03
469, 2.63095E-05, 1.49813E-05, 1.11283E-05, 7.43857E-06, 8.46176E-07, 3.42764E-07, 3.35494E-07, 2.09055E-03
470, 2.63014E-05, 1.49748E-05, 1.12537E-05, 7.42568E-06, 8.44267E-07, 3.41834E-07, 3.34535E-07, 2.09198E-03
471, 2.62864E-05, 1.49628E-05, 1.13757E-05, 7.41055E-06, 8.42308E-07, 3.40888E-07, 3.33576E-07, 2.09273E-03
472, 2.62645E-05, 1.49454E-05, 1.14943E-05, 7.39319E-06, 8.40305E-07, 3.39928E-07, 3.32625E-07, 2.09281E-03
473, 2.62358E-05, 1.49227E-05, 1.16093E-05, 7.37365E-06, 8.38244E-07, 3.38970E-07, 3.31667E-07, 2.09222E-03
474, 2.62004E-05, 1.48947E-05, 1.17208E-05, 7.35195E-06, 8.36167E-07, 3.38047E-07, 3.30714E-07, 2.09097E-03
475, 2.61583E-05, 1.48613E-05, 1.18287E-05, 7.32812E-06, 8.34057E-07, 3.37114E-07, 3.29770E-07, 2.08906E-03
476, 2.61096E-05, 1.48227E-05, 1.19328E-05, 7.30219E-06, 8.31904E-07, 3.36169E-07, 3.28828E-07, 2.08650E-03
477, 2.60545E-05, 1.47788E-05, 1.20332E-05, 7.27420E-06, 8.29710E-07, 3.35205E-07, 3.27889E-07, 2.08330E-03
478, 2.59929E-05, 1.47298E-05, 1.21297E-05, 7.24417E-06, 8.27485E-07, 3.34223E-07, 3.26942E-07, 2.07946E-03
479, 2.59251E-05, 1.46756E-05, 1.22223E-05, 7.21216E-06, 8.25261E-07, 3.33231E-07, 3.25991E-07, 2.07499E-03
480, 2.58511E-05, 1.46164E-05, 1.23109E-05, 7.17818E-06, 8.22999E-07, 3.32230E-07, 3.25043E-07, 2.06990E-03
481, 2.57709E-05, 1.45521E-05, 1.23955E-05, 7.14229E-06, 8.20668E-07, 3.31248E-07, 3.24092E-07, 2.06420E-03
482, 2.56848E-05, 1.44830E-05, 1.24760E-05, 7.10451E-06, 8.18286E-07, 3.30279E-07, 3.23145E-07, 2.05790E-03
483, 2.55928E-05, 1.44856E-05, 1.25523E-05, 7.06489E-06, 8.15851E-07, 3.29294E-07, 3.22194E-07, 2.05100E-03
484, 2.54950E-05, 1.44966E-05, 1.26245E-05, 7.02348E-06, 8.13373E-07, 3.28306E-07, 3.21248E-07, 2.04353E-03
485, 2.53916E-05, 1.45076E-05, 1.26924E-05, 6.98030E-06, 8.10855E-07, 3.27317E-07, 3.20289E-07, 2.03548E-03
486, 2.52825E-05, 1.46151E-05, 1.27560E-05, 6.93540E-06, 8.08305E-07, 3.26326E-07, 3.19309E-07, 2.02687E-03
487, 2.51680E-05, 1.47191E-05, 1.28154E-05, 6.88884E-06, 8.05721E-07, 3.25338E-07, 3.18334E-07, 2.01771E-03
488, 2.50482E-05, 1.48196E-05, 1.28703E-05, 6.84064E-06, 8.03070E-07, 3.24375E-07, 3.17369E-07, 2.00802E-03
489, 2.49232E-05, 1.49164E-05, 1.29209E-05, 6.79085E-06, 8.00338E-07, 3.23416E-07, 3.16413E-07, 1.99780E-03
490, 2.47930E-05, 1.50243E-05, 1.29670E-05, 6.73953E-06, 7.97582E-07, 3.22469E-07, 3.15453E-07, 1.98706E-03
491, 2.46579E-05, 1.51508E-05, 1.30087E-05, 6.68671E-06, 7.94806E-07, 3.21540E-07, 3.14498E-07, 1.97582E-03
492, 2.45179E-05, 1.52744E-05, 1.30459E-05, 6.63244E-06, 7.92015E-07, 3.20614E-07, 3.13563E-07, 1.96410E-03
493, 2.43907E-05, 1.53952E-05, 1.30787E-05, 6.57677E-06, 7.89193E-07, 3.19687E-07, 3.12633E-07, 1.95190E-03
494, 2.42684E-05, 1.55130E-05, 1.31069E-05, 6.51974E-06, 7.86326E-07, 3.18755E-07, 3.11702E-07, 1.93923E-03
495, 2.41411E-05, 1.56279E-05, 1.31305E-05, 6.46142E-06, 7.83405E-07, 3.17830E-07, 3.10775E-07, 1.92611E-03
496, 2.40088E-05, 1.57396E-05, 1.31496E-05, 6.40183E-06, 7.80442E-07, 3.16913E-07, 3.09840E-07, 1.91256E-03
497, 2.38716E-05, 1.58482E-05, 1.31642E-05, 6.34103E-06, 7.77483E-07, 3.16014E-07, 3.08895E-07, 1.89858E-03
498, 2.37297E-05, 1.59537E-05, 1.31742E-05, 6.27908E-06, 7.74490E-07, 3.15107E-07, 3.07964E-07, 1.88419E-03
499, 2.35830E-05, 1.60558E-05, 1.31797E-05, 6.21601E-06, 7.71441E-07, 3.14198E-07, 3.07031E-07, 1.86941E-03
500, 2.34317E-05, 1.61546E-05, 1.31807E-05, 6.15189E-06, 7.68342E-07, 3.13281E-07, 3.06099E-07, 1.85424E-03
