time_step, rel_err_u, rel_err_v, rel_err_w, rel_err_p
0, 0.00000E+00, 0.00000E+00, 0.00000E+00, 0.00000E+00
1, 1.47646E-04, 1.24480E-04, 9.38879E-05, 1.65066E-02
2, 7.23570E-05, 6.44141E-05, 4.41201E-05, 8.46281E-03
3, 6.19729E-05, 4.44631E-05, 5.05960E-05, 8.32418E-03
4, 5.93282E-05, 4.06568E-05, 2.31630E-05, 1.11537E-04
5, 6.02450E-05, 4.11309E-05, 2.28989E-05, 1.11503E-04
6, 6.07718E-05, 4.13307E-05, 2.25899E-05, 2.46342E-05
7, 6.13541E-05, 4.15921E-05, 2.22409E-05, 3.09489E-06
8, 6.18474E-05, 4.18211E-05, 2.18525E-05, 1.30218E-06
9, 6.27163E-05, 4.20147E-05, 2.17445E-05, 4.50907E-07
10, 6.40070E-05, 4.21958E-05, 2.18672E-05, 4.63914E-07
11, 6.52063E-05, 4.23518E-05, 2.19535E-05, 4.57775E-07
12, 6.63113E-05, 4.24751E-05, 2.20028E-05, 4.54872E-07
13, 6.73192E-05, 4.25653E-05, 2.20147E-05, 4.51625E-07
14, 6.82277E-05, 4.26223E-05, 2.19890E-05, 4.49230E-07
15, 6.90349E-05, 4.26459E-05, 2.19255E-05, 4.53447E-07
16, 6.97389E-05, 4.26357E-05, 2.18242E-05, 4.56664E-07
17, 7.03386E-05, 4.26437E-05, 2.16852E-05, 4.58834E-07
18, 7.08329E-05, 4.32307E-05, 2.15085E-05, 4.59968E-07
19, 7.12212E-05, 4.37903E-05, 2.12945E-05, 4.60076E-07
20, 7.15032E-05, 4.43218E-05, 2.10435E-05, 4.59173E-07
21, 7.16789E-05, 4.48243E-05, 2.07560E-05, 4.57275E-07
22, 7.26171E-05, 4.52971E-05, 2.04326E-05, 4.54406E-07
23, 7.35004E-05, 4.57396E-05, 2.00741E-05, 4.50591E-07
24, 7.42846E-05, 4.61512E-05, 1.97189E-05, 4.45860E-07
25, 7.49751E-05, 4.65312E-05, 1.97001E-05, 4.49032E-07
26, 7.67602E-05, 4.68789E-05, 1.99022E-05, 4.54006E-07
27, 7.84427E-05, 4.71940E-05, 2.05784E-05, 4.58074E-07
28, 8.00190E-05, 4.74758E-05, 2.12563E-05, 4.61229E-07
29, 8.14854E-05, 4.77238E-05, 2.19349E-05, 4.63463E-07
30, 8.28390E-05, 4.79377E-05, 2.26127E-05, 4.64775E-07
31, 8.40770E-05, 4.81171E-05, 2.32881E-05, 4.65166E-07
32, 8.51970E-05, 4.82615E-05, 2.39599E-05, 4.64641E-07
33, 8.61971E-05, 4.83876E-05, 2.46263E-05, 4.63207E-07
34, 8.73959E-05, 4.85438E-05, 2.52860E-05, 4.60876E-07
35, 8.94217E-05, 4.86663E-05, 2.59372E-05, 4.57663E-07
36, 9.14082E-05, 4.87547E-05, 2.65784E-05, 4.53704E-07
37, 9.33517E-05, 4.88086E-05, 2.72079E-05, 4.61168E-07
38, 9.52487E-05, 4.88276E-05, 2.78241E-05, 4.67677E-07
39, 9.70954E-05, 4.88116E-05, 2.84253E-05, 4.73212E-07
40, 9.88882E-05, 4.87603E-05, 2.90097E-05, 4.77756E-07
41, 1.00624E-04, 4.86736E-05, 2.95757E-05, 4.81297E-07
42, 1.02298E-04, 4.85514E-05, 3.01215E-05, 4.83825E-07
43, 1.03908E-04, 4.83936E-05, 3.06455E-05, 4.85337E-07
44, 1.05450E-04, 4.82002E-05, 3.11460E-05, 4.85832E-07
45, 1.06921E-04, 4.80226E-05, 3.16213E-05, 4.85313E-07
46, 1.08318E-04, 4.84798E-05, 3.20697E-05, 4.83788E-07
47, 1.10500E-04, 4.89079E-05, 3.24898E-05, 4.81267E-07
48, 1.13034E-04, 4.93063E-05, 3.28797E-05, 4.77766E-07
49, 1.15516E-04, 4.96742E-05, 3.32382E-05, 4.73302E-07
50, 1.17942E-04, 5.00111E-05, 3.35635E-05, 4.67898E-07
51, 1.20305E-04, 5.03165E-05, 3.38544E-05, 4.61577E-07
52, 1.22602E-04, 5.05897E-05, 3.41095E-05, 4.54368E-07
53, 1.24829E-04, 5.08303E-05, 3.43274E-05, 4.46301E-07
54, 1.26979E-04, 5.10379E-05, 3.45070E-05, 4.37408E-07
55, 1.29049E-04, 5.12121E-05, 3.46470E-05, 4.29468E-07
56, 1.31035E-04, 5.13524E-05, 3.47464E-05, 4.31106E-07
57, 1.32930E-04, 5.14585E-05, 3.53259E-05, 4.31736E-07
58, 1.34732E-04, 5.15302E-05, 3.62479E-05, 4.31358E-07
59, 1.36436E-04, 5.15673E-05, 3.71516E-05, 4.29978E-07
60, 1.38038E-04, 5.15695E-05, 3.80346E-05, 4.27605E-07
61, 1.39534E-04, 5.15368E-05, 3.88948E-05, 4.24255E-07
62, 1.40920E-04, 5.14691E-05, 3.97299E-05, 4.19944E-07
63, 1.42192E-04, 5.13916E-05, 4.05377E-05, 4.14695E-07
64, 1.43348E-04, 5.14098E-05, 4.13160E-05, 4.08534E-07
65, 1.44383E-04, 5.13935E-05, 4.20626E-05, 4.03261E-07
66, 1.45294E-04, 5.13424E-05, 4.27754E-05, 4.01732E-07
67, 1.46078E-04, 5.12565E-05, 4.34524E-05, 3.99433E-07
68, 1.46734E-04, 5.11356E-05, 4.40914E-05, 3.96338E-07
69, 1.47257E-04, 5.09798E-05, 4.46906E-05, 3.92425E-07
70, 1.47647E-04, 5.07891E-05, 4.52479E-05, 3.87673E-07
71, 1.49347E-04, 5.05635E-05, 4.57615E-05, 3.82067E-07
72, 1.51238E-04, 5.03033E-05, 4.62298E-05, 3.76402E-07
73, 1.53011E-04, 5.00088E-05, 4.66509E-05, 3.73604E-07
74, 1.54662E-04, 4.96801E-05, 4.70234E-05, 3.70073E-07
75, 1.56188E-04, 4.93176E-05, 4.73458E-05, 3.65818E-07
76, 1.57582E-04, 4.89767E-05, 4.76167E-05, 3.60850E-07
77, 1.58841E-04, 4.88275E-05, 4.78347E-05, 3.55184E-07
78, 1.59962E-04, 4.86453E-05, 4.79989E-05, 3.48837E-07
79, 1.60939E-04, 4.84301E-05, 4.81081E-05, 3.41829E-07
80, 1.61770E-04, 4.81820E-05, 4.81614E-05, 3.34183E-07
81, 1.62452E-04, 4.80733E-05, 4.81582E-05, 3.29186E-07
82, 1.62980E-04, 4.81640E-05, 4.80977E-05, 3.29687E-07
83, 1.63353E-04, 4.82253E-05, 4.79794E-05, 3.38254E-07
84, 1.63568E-04, 4.82568E-05, 4.78030E-05, 3.51919E-07
85, 1.63622E-04, 4.82586E-05, 4.75682E-05, 3.64868E-07
86, 1.63514E-04, 4.82306E-05, 4.82094E-05, 3.77083E-07
87, 1.63241E-04, 4.81729E-05, 4.92369E-05, 3.88548E-07
88, 1.62803E-04, 4.80855E-05, 5.02211E-05, 3.99253E-07
89, 1.62199E-04, 4.79687E-05, 5.11595E-05, 4.09185E-07
90, 1.61427E-04, 4.78225E-05, 5.20492E-05, 4.18337E-07
91, 1.60487E-04, 4.76646E-05, 5.28879E-05, 4.26703E-07
92, 1.59380E-04, 4.79141E-05, 5.36731E-05, 4.34279E-07
93, 1.58988E-04, 4.81338E-05, 5.44023E-05, 4.41061E-07
94, 1.59675E-04, 4.83409E-05, 5.50734E-05, 4.47050E-07
95, 1.60209E-04, 4.86495E-05, 5.56841E-05, 4.52247E-07
96, 1.60586E-04, 4.89279E-05, 5.62323E-05, 4.56655E-07
97, 1.60805E-04, 4.91754E-05, 5.67162E-05, 4.60278E-07
98, 1.60861E-04, 4.93917E-05, 5.71338E-05, 4.63123E-07
99, 1.60754E-04, 4.95760E-05, 5.74835E-05, 4.65196E-07
100, 1.60480E-04, 4.97280E-05, 5.77636E-05, 4.66506E-07
101, 1.60039E-04, 4.98474E-05, 5.79729E-05, 4.67063E-07
102, 1.59429E-04, 4.99336E-05, 5.81099E-05, 4.66878E-07
103, 1.58649E-04, 4.99862E-05, 5.81735E-05, 4.65961E-07
104, 1.57699E-04, 5.00051E-05, 5.81628E-05, 4.64327E-07
105, 1.56577E-04, 4.99898E-05, 5.80770E-05, 4.61989E-07
106, 1.55284E-04, 4.99402E-05, 5.79153E-05, 4.58961E-07
107, 1.53820E-04, 4.98891E-05, 5.76773E-05, 4.55259E-07
108, 1.52187E-04, 5.11549E-05, 5.73626E-05, 4.50899E-07
109, 1.50385E-04, 5.24097E-05, 5.69711E-05, 4.45899E-07
110, 1.48415E-04, 5.36527E-05, 5.65028E-05, 4.40276E-07
111, 1.47350E-04, 5.48829E-05, 5.59579E-05, 4.36449E-07
112, 1.48712E-04, 5.60995E-05, 5.53366E-05, 4.33660E-07
113, 1.49888E-04, 5.73014E-05, 5.46396E-05, 4.29975E-07
114, 1.50878E-04, 5.84879E-05, 5.38674E-05, 4.25438E-07
115, 1.51683E-04, 5.96579E-05, 5.50243E-05, 4.20093E-07
116, 1.54577E-04, 6.08108E-05, 5.64448E-05, 4.13988E-07
117, 1.57450E-04, 6.19456E-05, 5.78294E-05, 4.07173E-07
118, 1.60138E-04, 6.30614E-05, 5.91756E-05, 3.99700E-07
119, 1.62635E-04, 6.41576E-05, 6.04811E-05, 3.92887E-07
120, 1.64939E-04, 6.52333E-05, 6.17436E-05, 3.89640E-07
121, 1.67048E-04, 6.62878E-05, 6.29607E-05, 3.90074E-07
122, 1.68958E-04, 6.73203E-05, 6.41304E-05, 3.89641E-07
123, 1.70667E-04, 6.83301E-05, 6.52505E-05, 3.88351E-07
124, 1.72175E-04, 6.93166E-05, 6.63190E-05, 3.86222E-07
125, 1.73480E-04, 7.02791E-05, 6.73339E-05, 3.83273E-07
126, 1.74582E-04, 7.12169E-05, 6.82933E-05, 3.79530E-07
127, 1.75480E-04, 7.21294E-05, 6.91955E-05, 3.78162E-07
128, 1.76175E-04, 7.30162E-05, 7.00388E-05, 3.95634E-07
129, 1.76667E-04, 7.38766E-05, 7.08216E-05, 4.12538E-07
130, 1.76959E-04, 7.47101E-05, 7.15424E-05, 4.28800E-07
131, 1.77051E-04, 7.55163E-05, 7.22003E-05, 4.44351E-07
132, 1.76945E-04, 7.62947E-05, 7.27940E-05, 4.59121E-07
133, 1.76643E-04, 7.70450E-05, 7.33221E-05, 4.73044E-07
134, 1.76149E-04, 7.77666E-05, 7.37834E-05, 4.86057E-07
135, 1.75465E-04, 7.84594E-05, 7.41771E-05, 4.98099E-07
136, 1.74595E-04, 7.91229E-05, 7.45025E-05, 5.09115E-07
137, 1.74499E-04, 7.98446E-05, 7.47588E-05, 5.19052E-07
138, 1.75289E-04, 8.06395E-05, 7.49457E-05, 5.27863E-07
139, 1.75867E-04, 8.14021E-05, 7.50627E-05, 5.35504E-07
140, 1.76233E-04, 8.21321E-05, 7.51096E-05, 5.41938E-07
141, 1.76386E-04, 8.28292E-05, 7.50862E-05, 5.47134E-07
142, 1.76329E-04, 8.34929E-05, 7.49926E-05, 5.51063E-07
143, 1.76061E-04, 8.41229E-05, 7.48290E-05, 5.53706E-07
144, 1.75584E-04, 8.47191E-05, 7.45956E-05, 5.55048E-07
145, 1.74900E-04, 8.52811E-05, 7.42927E-05, 5.55080E-07
146, 1.74013E-04, 8.58088E-05, 7.39211E-05, 5.53800E-07
147, 1.72923E-04, 8.63020E-05, 7.34813E-05, 5.51211E-07
148, 1.71636E-04, 8.67607E-05, 7.29740E-05, 5.47323E-07
149, 1.73804E-04, 8.71847E-05, 7.24003E-05, 5.42152E-07
150, 1.75965E-04, 8.75740E-05, 7.17612E-05, 5.35720E-07
151, 1.77954E-04, 8.79287E-05, 7.10577E-05, 5.28054E-07
152, 1.79767E-04, 8.82487E-05, 7.02911E-05, 5.19188E-07
153, 1.81401E-04, 8.85342E-05, 6.94629E-05, 5.09159E-07
154, 1.82854E-04, 8.87852E-05, 6.85744E-05, 4.98012E-07
155, 1.84124E-04, 8.90019E-05, 6.76272E-05, 4.85794E-07
156, 1.85210E-04, 8.91844E-05, 6.66230E-05, 4.72557E-07
157, 1.86110E-04, 8.93331E-05, 6.55634E-05, 4.58359E-07
158, 1.86822E-04, 8.94481E-05, 6.44505E-05, 4.43259E-07
159, 1.87347E-04, 8.95297E-05, 6.32860E-05, 4.32010E-07
160, 1.87683E-04, 8.95781E-05, 6.20719E-05, 4.31559E-07
161, 1.87831E-04, 8.95939E-05, 6.08103E-05, 4.30069E-07
162, 1.87791E-04, 8.95772E-05, 5.95033E-05, 4.27585E-07
163, 1.87563E-04, 8.95284E-05, 5.81531E-05, 4.24156E-07
164, 1.87148E-04, 8.94481E-05, 5.67620E-05, 4.19837E-07
165, 1.86548E-04, 8.93365E-05, 5.53321E-05, 4.14682E-07
166, 1.85763E-04, 8.91942E-05, 5.38658E-05, 4.08749E-07
167, 1.84796E-04, 8.90217E-05, 5.23655E-05, 4.02097E-07
168, 1.83648E-04, 8.89722E-05, 5.08336E-05, 3.94789E-07
169, 1.82322E-04, 8.89423E-05, 4.92724E-05, 3.86884E-07
170, 1.80819E-04, 8.88790E-05, 4.76845E-05, 3.78446E-07
171, 1.79144E-04, 8.87831E-05, 4.60721E-05, 3.69536E-07
172, 1.77299E-04, 8.86548E-05, 4.64781E-05, 3.60216E-07
173, 1.75287E-04, 8.84948E-05, 4.69518E-05, 3.60595E-07
174, 1.73111E-04, 8.83035E-05, 4.73861E-05, 3.62831E-07
175, 1.70776E-04, 8.80817E-05, 4.77809E-05, 3.64195E-07
176, 1.68285E-04, 8.78297E-05, 4.81362E-05, 3.64686E-07
177, 1.65642E-04, 8.75483E-05, 4.84519E-05, 3.64305E-07
178, 1.62852E-04, 8.72381E-05, 4.87282E-05, 3.63058E-07
179, 1.59919E-04, 8.68997E-05, 4.89651E-05, 3.60956E-07
180, 1.56848E-04, 8.65337E-05, 4.91629E-05, 3.58013E-07
181, 1.53643E-04, 8.63724E-05, 4.93219E-05, 3.54246E-07
182, 1.50309E-04, 8.79662E-05, 4.94423E-05, 3.49678E-07
183, 1.46851E-04, 8.95151E-05, 4.96144E-05, 3.50060E-07
184, 1.43276E-04, 9.10179E-05, 4.98787E-05, 3.53230E-07
185, 1.39587E-04, 9.24734E-05, 5.00786E-05, 3.55218E-07
186, 1.35790E-04, 9.38805E-05, 5.02146E-05, 3.56036E-07
187, 1.31891E-04, 9.52381E-05, 5.02873E-05, 3.55701E-07
188, 1.27896E-04, 9.65454E-05, 5.02975E-05, 3.54236E-07
189, 1.23810E-04, 9.78014E-05, 5.02458E-05, 3.51669E-07
190, 1.19638E-04, 9.90053E-05, 5.01332E-05, 3.48032E-07
191, 1.16943E-04, 1.00156E-04, 4.99607E-05, 3.43364E-07
192, 1.17655E-04, 1.01254E-04, 4.97292E-05, 3.37706E-07
193, 1.18234E-04, 1.02298E-04, 4.94401E-05, 3.31103E-07
194, 1.18681E-04, 1.03287E-04, 4.90943E-05, 3.34869E-07
195, 1.18999E-04, 1.04221E-04, 4.86933E-05, 3.38281E-07
196, 1.19188E-04, 1.05099E-04, 4.82384E-05, 3.40795E-07
197, 1.19251E-04, 1.05923E-04, 4.77310E-05, 3.42422E-07
198, 1.19190E-04, 1.06690E-04, 4.71726E-05, 3.43173E-07
199, 1.20846E-04, 1.07401E-04, 4.65646E-05, 3.43064E-07
200, 1.23780E-04, 1.08056E-04, 4.59088E-05, 3.42116E-07
201, 1.26600E-04, 1.08656E-04, 4.52940E-05, 3.40352E-07
202, 1.29304E-04, 1.09199E-04, 4.57756E-05, 3.37796E-07
203, 1.31892E-04, 1.09686E-04, 4.62045E-05, 3.34478E-07
204, 1.34361E-04, 1.10118E-04, 4.65804E-05, 3.30429E-07
205, 1.36710E-04, 1.10494E-04, 4.69034E-05, 3.25681E-07
206, 1.38938E-04, 1.10815E-04, 4.71733E-05, 3.20269E-07
207, 1.41045E-04, 1.11082E-04, 4.73903E-05, 3.14230E-07
208, 1.43030E-04, 1.11294E-04, 4.75547E-05, 3.07601E-07
209, 1.44891E-04, 1.11452E-04, 4.76666E-05, 3.00420E-07
210, 1.46629E-04, 1.11557E-04, 4.77265E-05, 2.92728E-07
211, 1.48244E-04, 1.11609E-04, 4.77348E-05, 2.84564E-07
212, 1.49736E-04, 1.11609E-04, 4.76921E-05, 2.75969E-07
213, 1.51104E-04, 1.11558E-04, 4.75989E-05, 2.66983E-07
214, 1.52349E-04, 1.11455E-04, 4.74559E-05, 2.57647E-07
215, 1.53471E-04, 1.11303E-04, 4.72640E-05, 2.48001E-07
216, 1.54471E-04, 1.11101E-04, 4.70239E-05, 2.38085E-07
217, 1.55350E-04, 1.10851E-04, 4.67367E-05, 2.37352E-07
218, 1.56109E-04, 1.10554E-04, 4.64031E-05, 2.36761E-07
219, 1.56748E-04, 1.10210E-04, 4.60244E-05, 2.36012E-07
220, 1.57269E-04, 1.09820E-04, 4.56016E-05, 2.35119E-07
221, 1.57673E-04, 1.09385E-04, 4.51359E-05, 2.34094E-07
222, 1.57961E-04, 1.08907E-04, 4.46285E-05, 2.32949E-07
223, 1.58134E-04, 1.08385E-04, 4.40807E-05, 2.31694E-07
224, 1.58196E-04, 1.07822E-04, 4.34938E-05, 2.30338E-07
225, 1.58146E-04, 1.07219E-04, 4.28692E-05, 2.28889E-07
226, 1.57988E-04, 1.06575E-04, 4.22082E-05, 2.27357E-07
227, 1.57722E-04, 1.05893E-04, 4.15124E-05, 2.25747E-07
228, 1.57352E-04, 1.05174E-04, 4.07833E-05, 2.24066E-07
229, 1.56878E-04, 1.04418E-04, 4.00223E-05, 2.22318E-07
230, 1.56304E-04, 1.03626E-04, 3.92310E-05, 2.20509E-07
231, 1.55631E-04, 1.02801E-04, 3.84110E-05, 2.18642E-07
232, 1.54862E-04, 1.01943E-04, 3.75640E-05, 2.16719E-07
233, 1.53999E-04, 1.01052E-04, 3.66915E-05, 2.14745E-07
234, 1.53045E-04, 1.00131E-04, 3.57952E-05, 2.12720E-07
235, 1.52002E-04, 9.91803E-05, 3.56496E-05, 2.10647E-07
236, 1.50873E-04, 9.82010E-05, 3.60770E-05, 2.08525E-07
237, 1.49661E-04, 9.71943E-05, 3.64685E-05, 2.06357E-07
238, 1.48368E-04, 9.61614E-05, 3.68240E-05, 2.04142E-07
239, 1.46996E-04, 9.51035E-05, 3.71435E-05, 2.01879E-07
240, 1.45550E-04, 9.40216E-05, 3.74273E-05, 1.99570E-07
241, 1.44031E-04, 9.29168E-05, 3.76753E-05, 1.97213E-07
242, 1.42442E-04, 9.17904E-05, 3.78876E-05, 1.94807E-07
243, 1.40787E-04, 9.06433E-05, 3.80645E-05, 1.92353E-07
244, 1.39068E-04, 8.94768E-05, 3.82061E-05, 1.89849E-07
245, 1.37287E-04, 8.82919E-05, 3.83128E-05, 1.87294E-07
246, 1.35449E-04, 8.70896E-05, 3.83850E-05, 1.84688E-07
247, 1.33555E-04, 8.58711E-05, 3.84231E-05, 1.82029E-07
248, 1.31608E-04, 8.46374E-05, 3.84274E-05, 1.79317E-07
249, 1.29612E-04, 8.33895E-05, 3.83985E-05, 1.76552E-07
250, 1.27570E-04, 8.21286E-05, 3.83370E-05, 1.73733E-07
251, 1.25483E-04, 8.08555E-05, 3.82432E-05, 1.70859E-07
252, 1.23356E-04, 7.95714E-05, 3.81180E-05, 1.67931E-07
253, 1.21191E-04, 7.82772E-05, 3.79618E-05, 1.64949E-07
254, 1.18990E-04, 7.69738E-05, 3.77754E-05, 1.61912E-07
255, 1.16757E-04, 7.56622E-05, 3.75595E-05, 1.58822E-07
256, 1.14494E-04, 7.43434E-05, 3.73148E-05, 1.55678E-07
257, 1.12205E-04, 7.30183E-05, 3.70422E-05, 1.52483E-07
258, 1.09891E-04, 7.16877E-05, 3.67423E-05, 1.49237E-07
259, 1.07556E-04, 7.03526E-05, 3.64160E-05, 1.45942E-07
260, 1.05202E-04, 6.90139E-05, 3.60642E-05, 1.42600E-07
261, 1.02832E-04, 6.76722E-05, 3.56876E-05, 1.39211E-07
262, 1.00448E-04, 6.63286E-05, 3.52874E-05, 1.35780E-07
263, 9.80530E-05, 6.49838E-05, 3.48642E-05, 1.32308E-07
264, 9.62342E-05, 6.36386E-05, 3.44191E-05, 1.28798E-07
265, 9.57276E-05, 6.22937E-05, 3.39530E-05, 1.25806E-07
266, 9.51421E-05, 6.09499E-05, 3.34668E-05, 1.26737E-07
267, 9.44803E-05, 5.96079E-05, 3.29615E-05, 1.27566E-07
268, 9.37451E-05, 5.82684E-05, 3.24382E-05, 1.28290E-07
269, 9.29392E-05, 5.69321E-05, 3.18977E-05, 1.28909E-07
270, 9.20655E-05, 5.55997E-05, 3.13410E-05, 1.29422E-07
271, 9.11269E-05, 5.42718E-05, 3.07693E-05, 1.29829E-07
272, 9.01263E-05, 5.29490E-05, 3.01834E-05, 1.30129E-07
273, 8.90665E-05, 5.16320E-05, 2.95844E-05, 1.30325E-07
274, 8.79506E-05, 5.03213E-05, 2.89733E-05, 1.30416E-07
275, 8.67814E-05, 4.90174E-05, 2.83510E-05, 1.30403E-07
276, 8.55620E-05, 4.77209E-05, 2.77187E-05, 1.30288E-07
277, 8.42954E-05, 4.64324E-05, 2.70771E-05, 1.30074E-07
278, 8.29844E-05, 4.51523E-05, 2.64275E-05, 1.29761E-07
279, 8.16320E-05, 4.38811E-05, 2.57707E-05, 1.29353E-07
280, 8.02412E-05, 4.26192E-05, 2.51076E-05, 1.28853E-07
281, 7.88150E-05, 4.13672E-05, 2.44393E-05, 1.28262E-07
282, 7.73561E-05, 4.01253E-05, 2.37668E-05, 1.27585E-07
283, 7.58675E-05, 3.88941E-05, 2.30908E-05, 1.26824E-07
284, 7.43521E-05, 3.76739E-05, 2.24124E-05, 1.25984E-07
285, 7.28126E-05, 3.66857E-05, 2.17325E-05, 1.25067E-07
286, 7.12518E-05, 3.62023E-05, 2.10519E-05, 1.24077E-07
287, 6.96725E-05, 3.57109E-05, 2.03715E-05, 1.23020E-07
288, 6.80774E-05, 3.52123E-05, 1.96921E-05, 1.21897E-07
289, 6.64691E-05, 3.47071E-05, 1.90146E-05, 1.20715E-07
290, 6.48502E-05, 3.41958E-05, 1.83398E-05, 1.19610E-07
291, 6.32232E-05, 3.36792E-05, 1.76685E-05, 1.19577E-07
292, 6.15906E-05, 3.31578E-05, 1.70013E-05, 1.19501E-07
293, 5.99548E-05, 3.26323E-05, 1.63391E-05, 1.19385E-07
294, 5.83183E-05, 3.21032E-05, 1.56826E-05, 1.19230E-07
295, 5.66831E-05, 3.15711E-05, 1.50324E-05, 1.19038E-07
296, 5.50517E-05, 3.10366E-05, 1.43892E-05, 1.18811E-07
297, 5.34261E-05, 3.05002E-05, 1.37536E-05, 1.18553E-07
298, 5.18084E-05, 2.99625E-05, 1.31262E-05, 1.18264E-07
299, 5.02006E-05, 2.94239E-05, 1.25076E-05, 1.17946E-07
300, 4.86047E-05, 2.88850E-05, 1.18984E-05, 1.17602E-07
301, 4.70224E-05, 2.83462E-05, 1.16001E-05, 1.17234E-07
302, 4.54556E-05, 2.78081E-05, 1.15392E-05, 1.16843E-07
303, 4.39060E-05, 2.72711E-05, 1.14678E-05, 1.16431E-07
304, 4.23751E-05, 2.67356E-05, 1.13863E-05, 1.15999E-07
305, 4.08645E-05, 2.62022E-05, 1.12952E-05, 1.15550E-07
306, 3.93756E-05, 2.59077E-05, 1.11949E-05, 1.15084E-07
307, 3.79099E-05, 2.58349E-05, 1.10857E-05, 1.14603E-07
308, 3.72746E-05, 2.57529E-05, 1.10407E-05, 1.14108E-07
309, 3.74614E-05, 2.56619E-05, 1.10111E-05, 1.13601E-07
310, 3.76159E-05, 2.55620E-05, 1.09784E-05, 1.14210E-07
311, 3.77378E-05, 2.54533E-05, 1.09427E-05, 1.15070E-07
312, 3.78274E-05, 2.53360E-05, 1.09039E-05, 1.15878E-07
313, 3.78846E-05, 2.52101E-05, 1.08947E-05, 1.16633E-07
314, 3.79096E-05, 2.50760E-05, 1.08863E-05, 1.17332E-07
315, 3.79026E-05, 2.49442E-05, 1.08871E-05, 1.17974E-07
316, 3.78638E-05, 2.48293E-05, 1.09303E-05, 1.18559E-07
317, 3.77934E-05, 2.47061E-05, 1.09717E-05, 1.19086E-07
318, 3.76918E-05, 2.45749E-05, 1.10111E-05, 1.19554E-07
319, 3.75594E-05, 2.44356E-05, 1.10487E-05, 1.19962E-07
320, 3.73964E-05, 2.42886E-05, 1.10843E-05, 1.20310E-07
321, 3.72035E-05, 2.41338E-05, 1.11181E-05, 1.20596E-07
322, 3.69810E-05, 2.39714E-05, 1.11498E-05, 1.20821E-07
323, 3.67296E-05, 2.38016E-05, 1.11796E-05, 1.20985E-07
324, 3.64497E-05, 2.36246E-05, 1.12075E-05, 1.21086E-07
325, 3.61421E-05, 2.34404E-05, 1.12334E-05, 1.21125E-07
326, 3.58073E-05, 2.32493E-05, 1.12573E-05, 1.21101E-07
327, 3.54462E-05, 2.31898E-05, 1.12792E-05, 1.21015E-07
328, 3.50592E-05, 2.31569E-05, 1.12991E-05, 1.20866E-07
329, 3.46473E-05, 2.31159E-05, 1.13170E-05, 1.20654E-07
330, 3.42112E-05, 2.30669E-05, 1.13329E-05, 1.20380E-07
331, 3.37517E-05, 2.30100E-05, 1.13468E-05, 1.20044E-07
332, 3.32697E-05, 2.29452E-05, 1.13587E-05, 1.19841E-07
333, 3.27659E-05, 2.28726E-05, 1.13687E-05, 1.19967E-07
334, 3.22413E-05, 2.27923E-05, 1.13766E-05, 1.20276E-07
335, 3.16968E-05, 2.27044E-05, 1.13826E-05, 1.21050E-07
336, 3.11332E-05, 2.26090E-05, 1.13866E-05, 1.21771E-07
337, 3.05515E-05, 2.25061E-05, 1.13887E-05, 1.22438E-07
338, 2.99527E-05, 2.23960E-05, 1.13888E-05, 1.23052E-07
339, 2.93377E-05, 2.22786E-05, 1.13869E-05, 1.23613E-07
340, 2.87075E-05, 2.21541E-05, 1.13831E-05, 1.24119E-07
341, 2.80630E-05, 2.20226E-05, 1.13775E-05, 1.24571E-07
342, 2.74052E-05, 2.18843E-05, 1.13699E-05, 1.24969E-07
343, 2.68061E-05, 2.17391E-05, 1.13604E-05, 1.25312E-07
344, 2.67281E-05, 2.15874E-05, 1.13491E-05, 1.25600E-07
345, 2.66560E-05, 2.14291E-05, 1.13360E-05, 1.25832E-07
346, 2.65899E-05, 2.12644E-05, 1.13210E-05, 1.26009E-07
347, 2.65297E-05, 2.11039E-05, 1.13043E-05, 1.26131E-07
348, 2.64754E-05, 2.09523E-05, 1.13302E-05, 1.26197E-07
349, 2.64269E-05, 2.07943E-05, 1.13660E-05, 1.26207E-07
350, 2.63841E-05, 2.06299E-05, 1.14000E-05, 1.26160E-07
351, 2.63469E-05, 2.05318E-05, 1.14320E-05, 1.26058E-07
352, 2.63151E-05, 2.05197E-05, 1.14621E-05, 1.25899E-07
353, 2.62887E-05, 2.05006E-05, 1.14903E-05, 1.25684E-07
354, 2.62674E-05, 2.04745E-05, 1.15166E-05, 1.25413E-07
355, 2.62509E-05, 2.04416E-05, 1.15408E-05, 1.25085E-07
356, 2.62392E-05, 2.04017E-05, 1.15632E-05, 1.24701E-07
357, 2.62319E-05, 2.03550E-05, 1.15836E-05, 1.24261E-07
358, 2.62288E-05, 2.03014E-05, 1.16020E-05, 1.23764E-07
359, 2.64216E-05, 2.02411E-05, 1.16185E-05, 1.23845E-07
360, 2.67345E-05, 2.01740E-05, 1.16331E-05, 1.23900E-07
361, 2.70429E-05, 2.01003E-05, 1.16457E-05, 1.23904E-07
362, 2.73473E-05, 2.00199E-05, 1.16564E-05, 1.23857E-07
363, 2.76478E-05, 1.99329E-05, 1.16652E-05, 1.24082E-07
364, 2.79447E-05, 1.98395E-05, 1.16720E-05, 1.24620E-07
365, 2.82380E-05, 1.97396E-05, 1.16769E-05, 1.25110E-07
366, 2.85281E-05, 1.96333E-05, 1.16800E-05, 1.25551E-07
367, 2.88150E-05, 1.95208E-05, 1.16812E-05, 1.25943E-07
368, 2.90988E-05, 1.94020E-05, 1.16805E-05, 1.26285E-07
369, 2.93797E-05, 1.92771E-05, 1.16780E-05, 1.26576E-07
370, 2.96577E-05, 1.91461E-05, 1.16736E-05, 1.26818E-07
371, 2.99329E-05, 1.90091E-05, 1.16674E-05, 1.27008E-07
372, 3.02054E-05, 1.88662E-05, 1.16594E-05, 1.27147E-07
373, 3.04751E-05, 1.87175E-05, 1.16497E-05, 1.27235E-07
374, 3.07421E-05, 1.85736E-05, 1.16382E-05, 1.27271E-07
375, 3.10064E-05, 1.84308E-05, 1.16249E-05, 1.27254E-07
376, 3.12679E-05, 1.82822E-05, 1.16100E-05, 1.27185E-07
377, 3.15266E-05, 1.83893E-05, 1.15934E-05, 1.27064E-07
378, 3.17825E-05, 1.85061E-05, 1.15751E-05, 1.26889E-07
379, 3.20353E-05, 1.86166E-05, 1.15552E-05, 1.26662E-07
380, 3.22852E-05, 1.87210E-05, 1.15337E-05, 1.26381E-07
381, 3.25319E-05, 1.88194E-05, 1.15107E-05, 1.26047E-07
382, 3.27754E-05, 1.89119E-05, 1.15131E-05, 1.25659E-07
383, 3.30155E-05, 1.89986E-05, 1.15406E-05, 1.25218E-07
384, 3.32521E-05, 1.90795E-05, 1.15663E-05, 1.24723E-07
385, 3.34850E-05, 1.91549E-05, 1.15901E-05, 1.24175E-07
386, 3.37141E-05, 1.92249E-05, 1.16121E-05, 1.24173E-07
387, 3.39392E-05, 1.92894E-05, 1.16323E-05, 1.24234E-07
388, 3.41602E-05, 1.93487E-05, 1.16507E-05, 1.24246E-07
389, 3.43767E-05, 1.94028E-05, 1.16672E-05, 1.24209E-07
390, 3.45888E-05, 1.94519E-05, 1.16820E-05, 1.24123E-07
391, 3.47960E-05, 1.94961E-05, 1.16949E-05, 1.23986E-07
392, 3.49983E-05, 1.95353E-05, 1.17060E-05, 1.24085E-07
393, 3.51955E-05, 1.95699E-05, 1.17154E-05, 1.24449E-07
394, 3.53872E-05, 1.95998E-05, 1.17458E-05, 1.24765E-07
395, 3.55734E-05, 1.96252E-05, 1.18280E-05, 1.25032E-07
396, 3.57538E-05, 1.96461E-05, 1.19073E-05, 1.25249E-07
397, 3.59281E-05, 1.96627E-05, 1.19836E-05, 1.25416E-07
398, 3.60961E-05, 1.96751E-05, 1.20569E-05, 1.25532E-07
399, 3.62577E-05, 1.96834E-05, 1.21271E-05, 1.25597E-07
400, 3.64125E-05, 1.96876E-05, 1.21943E-05, 1.25610E-07
401, 3.65605E-05, 1.96878E-05, 1.22585E-05, 1.25571E-07
402, 3.67012E-05, 1.96843E-05, 1.23195E-05, 1.25479E-07
403, 3.68346E-05, 1.96770E-05, 1.23775E-05, 1.25333E-07
404, 3.69604E-05, 1.96661E-05, 1.24325E-05, 1.25134E-07
405, 3.70784E-05, 1.96516E-05, 1.24844E-05, 1.24880E-07
406, 3.71883E-05, 1.96337E-05, 1.25332E-05, 1.24571E-07
407, 3.72900E-05, 1.96125E-05, 1.26133E-05, 1.24207E-07
408, 3.73833E-05, 1.95880E-05, 1.27394E-05, 1.23788E-07
409, 3.74679E-05, 1.95604E-05, 1.28623E-05, 1.23313E-07
410, 3.75437E-05, 1.95298E-05, 1.29821E-05, 1.22781E-07
411, 3.76105E-05, 1.94961E-05, 1.30987E-05, 1.22192E-07
412, 3.76681E-05, 1.94597E-05, 1.32120E-05, 1.21711E-07
413, 3.77163E-05, 1.94204E-05, 1.33219E-05, 1.21752E-07
414, 3.77550E-05, 1.93785E-05, 1.34284E-05, 1.21741E-07
415, 3.77840E-05, 1.93340E-05, 1.35315E-05, 1.21675E-07
416, 3.78031E-05, 1.92870E-05, 1.36311E-05, 1.21554E-07
417, 3.78123E-05, 1.92377E-05, 1.37272E-05, 1.21379E-07
418, 3.78113E-05, 1.91860E-05, 1.38198E-05, 1.21148E-07
419, 3.78000E-05, 1.91321E-05, 1.39087E-05, 1.20861E-07
420, 3.77784E-05, 1.90761E-05, 1.39940E-05, 1.20517E-07
421, 3.77463E-05, 1.90181E-05, 1.40757E-05, 1.20208E-07
422, 3.77036E-05, 1.89582E-05, 1.41536E-05, 1.20255E-07
423, 3.76502E-05, 1.88964E-05, 1.42279E-05, 1.20246E-07
424, 3.75860E-05, 1.88329E-05, 1.42984E-05, 1.20180E-07
425, 3.75111E-05, 1.87678E-05, 1.43652E-05, 1.20057E-07
426, 3.74252E-05, 1.87010E-05, 1.44282E-05, 1.19877E-07
427, 3.73285E-05, 1.86328E-05, 1.44874E-05, 1.19639E-07
428, 3.72207E-05, 1.85631E-05, 1.45429E-05, 1.19342E-07
429, 3.71019E-05, 1.84922E-05, 1.45946E-05, 1.18987E-07
430, 3.69721E-05, 1.84770E-05, 1.46425E-05, 1.18572E-07
431, 3.68313E-05, 1.84676E-05, 1.46866E-05, 1.18099E-07
432, 3.66794E-05, 1.84548E-05, 1.47269E-05, 1.17565E-07
433, 3.65165E-05, 1.84387E-05, 1.47635E-05, 1.16972E-07
434, 3.63426E-05, 1.84192E-05, 1.47962E-05, 1.16320E-07
435, 3.61577E-05, 1.83964E-05, 1.48252E-05, 1.15607E-07
436, 3.59618E-05, 1.83703E-05, 1.48505E-05, 1.14835E-07
437, 3.57551E-05, 1.83408E-05, 1.49068E-05, 1.14003E-07
438, 3.55375E-05, 1.83079E-05, 1.50329E-05, 1.13112E-07
439, 3.53092E-05, 1.82718E-05, 1.51552E-05, 1.12850E-07
440, 3.50702E-05, 1.82324E-05, 1.52738E-05, 1.12610E-07
441, 3.48206E-05, 1.81896E-05, 1.53886E-05, 1.12314E-07
442, 3.45605E-05, 1.81436E-05, 1.54995E-05, 1.11961E-07
443, 3.42900E-05, 1.81706E-05, 1.56064E-05, 1.11551E-07
444, 3.40092E-05, 1.82128E-05, 1.57094E-05, 1.11085E-07
445, 3.37182E-05, 1.82518E-05, 1.58083E-05, 1.10562E-07
446, 3.34173E-05, 1.82878E-05, 1.59031E-05, 1.09983E-07
447, 3.31064E-05, 1.83206E-05, 1.59939E-05, 1.09348E-07
448, 3.27858E-05, 1.83502E-05, 1.60805E-05, 1.08657E-07
449, 3.24556E-05, 1.83766E-05, 1.61629E-05, 1.07911E-07
450, 3.21160E-05, 1.83999E-05, 1.62410E-05, 1.07110E-07
451, 3.17672E-05, 1.84198E-05, 1.63150E-05, 1.06563E-07
452, 3.14093E-05, 1.84366E-05, 1.63847E-05, 1.06675E-07
453, 3.10424E-05, 1.84501E-05, 1.64501E-05, 1.07149E-07
454, 3.06669E-05, 1.84603E-05, 1.65112E-05, 1.07610E-07
455, 3.02829E-05, 1.84672E-05, 1.65679E-05, 1.08056E-07
456, 2.98905E-05, 1.85173E-05, 1.66204E-05, 1.08488E-07
457, 2.94900E-05, 1.85755E-05, 1.66685E-05, 1.08906E-07
458, 2.90816E-05, 1.86316E-05, 1.67124E-05, 1.09309E-07
459, 2.86655E-05, 1.86855E-05, 1.67518E-05, 1.09697E-07
460, 2.82419E-05, 1.87372E-05, 1.67870E-05, 1.10071E-07
461, 2.78111E-05, 1.87868E-05, 1.68178E-05, 1.10429E-07
462, 2.73732E-05, 1.88342E-05, 1.68444E-05, 1.10773E-07
463, 2.69285E-05, 1.88795E-05, 1.68666E-05, 1.11101E-07
464, 2.64773E-05, 1.89226E-05, 1.68846E-05, 1.11414E-07
465, 2.60197E-05, 1.89636E-05, 1.68983E-05, 1.11711E-07
466, 2.55560E-05, 1.90024E-05, 1.69371E-05, 1.11992E-07
467, 2.50865E-05, 1.90391E-05, 1.70381E-05, 1.12257E-07
468, 2.46113E-05, 1.90736E-05, 1.71357E-05, 1.12506E-07
469, 2.41308E-05, 1.91061E-05, 1.72298E-05, 1.12739E-07
470, 2.36451E-05, 1.91364E-05, 1.73203E-05, 1.12954E-07
471, 2.31545E-05, 1.91645E-05, 1.74073E-05, 1.13153E-07
472, 2.26593E-05, 1.91905E-05, 1.74906E-05, 1.13335E-07
473, 2.21597E-05, 1.92144E-05, 1.75703E-05, 1.13500E-07
474, 2.16559E-05, 1.92362E-05, 1.76462E-05, 1.13647E-07
475, 2.11482E-05, 1.92558E-05, 1.77182E-05, 1.13776E-07
476, 2.06369E-05, 1.92733E-05, 1.77865E-05, 1.14380E-07
477, 2.05985E-05, 1.92887E-05, 1.78509E-05, 1.14979E-07
478, 2.05983E-05, 1.93019E-05, 1.79114E-05, 1.15550E-07
479, 2.05887E-05, 1.93131E-05, 1.79679E-05, 1.16092E-07
480, 2.05696E-05, 1.93220E-05, 1.80204E-05, 1.16606E-07
481, 2.05413E-05, 1.93289E-05, 1.80690E-05, 1.17091E-07
482, 2.05037E-05, 1.93336E-05, 1.81135E-05, 1.17546E-07
483, 2.04572E-05, 1.93362E-05, 1.81540E-05, 1.17973E-07
484, 2.04017E-05, 1.93367E-05, 1.81905E-05, 1.18371E-07
485, 2.03375E-05, 1.93350E-05, 1.82228E-05, 1.18740E-07
486, 2.02646E-05, 1.93311E-05, 1.82645E-05, 1.19080E-07
487, 2.01832E-05, 1.93252E-05, 1.83637E-05, 1.19390E-07
488, 2.00935E-05, 1.93171E-05, 1.84603E-05, 1.19671E-07
489, 1.99955E-05, 1.93068E-05, 1.85541E-05, 1.19923E-07
490, 1.98896E-05, 1.92944E-05, 1.86451E-05, 1.20145E-07
491, 1.97759E-05, 1.92798E-05, 1.87333E-05, 1.20339E-07
492, 1.96544E-05, 1.92630E-05, 1.88186E-05, 1.20503E-07
493, 1.95255E-05, 1.92441E-05, 1.89010E-05, 1.20638E-07
494, 1.93892E-05, 1.92230E-05, 1.89804E-05, 1.20745E-07
495, 1.92459E-05, 1.91997E-05, 1.90568E-05, 1.20822E-07
496, 1.90956E-05, 1.91743E-05, 1.91301E-05, 1.20871E-07
497, 1.89386E-05, 1.91466E-05, 1.92002E-05, 1.20891E-07
498, 1.87750E-05, 1.91168E-05, 1.92673E-05, 1.20883E-07
499, 1.86051E-05, 1.90847E-05, 1.93311E-05, 1.20847E-07
500, 1.84290E-05, 1.90505E-05, 1.93917E-05, 1.20783E-07
501, 1.82470E-05, 1.90140E-05, 1.94490E-05, 1.20691E-07
502, 1.80593E-05, 1.89753E-05, 1.95031E-05, 1.20571E-07
503, 1.78660E-05, 1.89343E-05, 1.95538E-05, 1.20424E-07
504, 1.76674E-05, 1.88912E-05, 1.96011E-05, 1.20250E-07
505, 1.74637E-05, 1.88458E-05, 1.96450E-05, 1.20282E-07
506, 1.72550E-05, 1.87981E-05, 1.96854E-05, 1.20561E-07
507, 1.70416E-05, 1.87610E-05, 1.97225E-05, 1.20804E-07
508, 1.68238E-05, 1.87243E-05, 1.97560E-05, 1.21011E-07
509, 1.66016E-05, 1.86858E-05, 1.97860E-05, 1.21182E-07
510, 1.63753E-05, 1.86453E-05, 1.98125E-05, 1.21318E-07
511, 1.61451E-05, 1.86030E-05, 1.98354E-05, 1.21419E-07
512, 1.59112E-05, 1.85588E-05, 1.98547E-05, 1.21486E-07
513, 1.56739E-05, 1.85127E-05, 1.98705E-05, 1.21519E-07
514, 1.54332E-05, 1.84646E-05, 1.98827E-05, 1.21519E-07
515, 1.51894E-05, 1.84146E-05, 1.98912E-05, 1.21486E-07
516, 1.49427E-05, 1.83627E-05, 1.98962E-05, 1.21421E-07
517, 1.46933E-05, 1.83088E-05, 1.98975E-05, 1.21323E-07
518, 1.44414E-05, 1.82529E-05, 1.98951E-05, 1.21195E-07
519, 1.41872E-05, 1.81951E-05, 1.98892E-05, 1.21035E-07
520, 1.39307E-05, 1.81352E-05, 1.98796E-05, 1.20845E-07
521, 1.36723E-05, 1.80734E-05, 1.98663E-05, 1.20626E-07
522, 1.34122E-05, 1.80095E-05, 1.98495E-05, 1.20377E-07
523, 1.31503E-05, 1.79436E-05, 1.98290E-05, 1.20100E-07
524, 1.28871E-05, 1.78756E-05, 1.98048E-05, 1.19795E-07
525, 1.26225E-05, 1.78057E-05, 1.97771E-05, 1.19463E-07
526, 1.24322E-05, 1.77336E-05, 1.97458E-05, 1.19104E-07
527, 1.25555E-05, 1.76595E-05, 1.97109E-05, 1.18719E-07
528, 1.26782E-05, 1.75833E-05, 1.96724E-05, 1.18308E-07
529, 1.28003E-05, 1.75050E-05, 1.96304E-05, 1.17873E-07
530, 1.29219E-05, 1.74246E-05, 1.95848E-05, 1.17413E-07
531, 1.30429E-05, 1.73421E-05, 1.95358E-05, 1.16929E-07
532, 1.31656E-05, 1.72574E-05, 1.94833E-05, 1.16423E-07
533, 1.33604E-05, 1.71707E-05, 1.94273E-05, 1.15894E-07
534, 1.35539E-05, 1.70818E-05, 1.93897E-05, 1.15343E-07
535, 1.37461E-05, 1.69907E-05, 1.94158E-05, 1.14846E-07
536, 1.39369E-05, 1.68975E-05, 1.94395E-05, 1.14739E-07
537, 1.41263E-05, 1.68021E-05, 1.94606E-05, 1.14601E-07
538, 1.43143E-05, 1.67045E-05, 1.94793E-05, 1.14435E-07
539, 1.45009E-05, 1.66048E-05, 1.94955E-05, 1.14240E-07
540, 1.46860E-05, 1.65029E-05, 1.95091E-05, 1.14017E-07
541, 1.48696E-05, 1.63988E-05, 1.95203E-05, 1.13768E-07
542, 1.50517E-05, 1.62925E-05, 1.95289E-05, 1.13492E-07
543, 1.52322E-05, 1.61840E-05, 1.95350E-05, 1.13190E-07
544, 1.54112E-05, 1.60732E-05, 1.95386E-05, 1.12863E-07
545, 1.55886E-05, 1.59603E-05, 1.95396E-05, 1.12512E-07
546, 1.57644E-05, 1.58685E-05, 1.95381E-05, 1.12138E-07
547, 1.59386E-05, 1.57923E-05, 1.95341E-05, 1.11740E-07
548, 1.61111E-05, 1.57144E-05, 1.95275E-05, 1.11320E-07
549, 1.62819E-05, 1.56348E-05, 1.95184E-05, 1.10879E-07
550, 1.64511E-05, 1.55535E-05, 1.95068E-05, 1.10416E-07
551, 1.66186E-05, 1.54705E-05, 1.94926E-05, 1.09934E-07
552, 1.67844E-05, 1.53858E-05, 1.94759E-05, 1.09431E-07
553, 1.69484E-05, 1.53919E-05, 1.94567E-05, 1.08910E-07
554, 1.71107E-05, 1.54389E-05, 1.94349E-05, 1.08371E-07
555, 1.72712E-05, 1.54831E-05, 1.94138E-05, 1.07813E-07
556, 1.74300E-05, 1.55244E-05, 1.95601E-05, 1.07239E-07
557, 1.75869E-05, 1.55628E-05, 1.97032E-05, 1.06648E-07
558, 1.77421E-05, 1.55983E-05, 1.98432E-05, 1.06042E-07
559, 1.78954E-05, 1.56308E-05, 1.99801E-05, 1.05421E-07
560, 1.80469E-05, 1.56604E-05, 2.01138E-05, 1.04785E-07
561, 1.81966E-05, 1.56869E-05, 2.02444E-05, 1.04134E-07
562, 1.83445E-05, 1.57105E-05, 2.03719E-05, 1.03471E-07
563, 1.84905E-05, 1.57310E-05, 2.04962E-05, 1.02795E-07
564, 1.86346E-05, 1.57484E-05, 2.06174E-05, 1.02107E-07
565, 1.87769E-05, 1.57628E-05, 2.07354E-05, 1.01407E-07
566, 1.89908E-05, 1.57741E-05, 2.08503E-05, 1.00757E-07
567, 1.92475E-05, 1.57824E-05, 2.09621E-05, 1.00479E-07
568, 1.94998E-05, 1.57875E-05, 2.10707E-05, 1.00182E-07
569, 1.97479E-05, 1.57896E-05, 2.11761E-05, 9.98669E-08
570, 1.99916E-05, 1.57885E-05, 2.12785E-05, 9.95336E-08
571, 2.02312E-05, 1.57843E-05, 2.13777E-05, 9.91830E-08
572, 2.04665E-05, 1.57769E-05, 2.14738E-05, 9.88156E-08
573, 2.06977E-05, 1.57665E-05, 2.15667E-05, 9.84321E-08
574, 2.09246E-05, 1.57529E-05, 2.16566E-05, 9.80330E-08
575, 2.11475E-05, 1.57361E-05, 2.17433E-05, 9.76188E-08
576, 2.13662E-05, 1.57163E-05, 2.18270E-05, 9.71902E-08
577, 2.15809E-05, 1.56933E-05, 2.19076E-05, 9.67475E-08
578, 2.17914E-05, 1.56672E-05, 2.19851E-05, 9.62915E-08
579, 2.19980E-05, 1.56421E-05, 2.20595E-05, 9.58225E-08
580, 2.22005E-05, 1.56194E-05, 2.21309E-05, 9.53412E-08
581, 2.23991E-05, 1.55941E-05, 2.21992E-05, 9.48480E-08
582, 2.25937E-05, 1.55661E-05, 2.22645E-05, 9.43435E-08
583, 2.27843E-05, 1.55355E-05, 2.23268E-05, 9.38281E-08
584, 2.29711E-05, 1.55023E-05, 2.23860E-05, 9.33023E-08
585, 2.31540E-05, 1.54665E-05, 2.24423E-05, 9.27667E-08
586, 2.33330E-05, 1.54280E-05, 2.24956E-05, 9.22217E-08
587, 2.35081E-05, 1.53870E-05, 2.25459E-05, 9.16677E-08
588, 2.36794E-05, 1.53433E-05, 2.25932E-05, 9.11052E-08
589, 2.38470E-05, 1.52971E-05, 2.26376E-05, 9.05346E-08
590, 2.40107E-05, 1.52483E-05, 2.26791E-05, 8.99565E-08
591, 2.41707E-05, 1.51969E-05, 2.27176E-05, 8.93712E-08
592, 2.43270E-05, 1.51429E-05, 2.27533E-05, 8.87792E-08
593, 2.44795E-05, 1.50865E-05, 2.27861E-05, 8.81808E-08
594, 2.46284E-05, 1.50275E-05, 2.28160E-05, 8.75765E-08
595, 2.47735E-05, 1.49659E-05, 2.28431E-05, 8.69667E-08
596, 2.49150E-05, 1.49543E-05, 2.28673E-05, 8.63517E-08
597, 2.50529E-05, 1.49760E-05, 2.28887E-05, 8.57319E-08
598, 2.51871E-05, 1.49949E-05, 2.29074E-05, 8.51077E-08
599, 2.53177E-05, 1.50110E-05, 2.29232E-05, 8.47190E-08
600, 2.54447E-05, 1.50242E-05, 2.29363E-05, 8.44689E-08
601, 2.55682E-05, 1.50345E-05, 2.29467E-05, 8.42076E-08
602, 2.56880E-05, 1.50419E-05, 2.29543E-05, 8.39356E-08
603, 2.58044E-05, 1.50463E-05, 2.29592E-05, 8.36532E-08
604, 2.59171E-05, 1.50477E-05, 2.29615E-05, 8.33608E-08
605, 2.60264E-05, 1.50460E-05, 2.29610E-05, 8.30589E-08
606, 2.61321E-05, 1.50413E-05, 2.29580E-05, 8.27477E-08
607, 2.62344E-05, 1.50336E-05, 2.29523E-05, 8.24276E-08
608, 2.63331E-05, 1.50227E-05, 2.29440E-05, 8.20990E-08
609, 2.64284E-05, 1.50087E-05, 2.29331E-05, 8.17622E-08
610, 2.65202E-05, 1.49916E-05, 2.29196E-05, 8.14176E-08
611, 2.66086E-05, 1.49712E-05, 2.29037E-05, 8.10655E-08
612, 2.66935E-05, 1.49477E-05, 2.28851E-05, 8.07062E-08
613, 2.67750E-05, 1.49210E-05, 2.28641E-05, 8.03400E-08
614, 2.68531E-05, 1.48911E-05, 2.28407E-05, 7.99674E-08
615, 2.69278E-05, 1.48579E-05, 2.28147E-05, 7.95885E-08
616, 2.69991E-05, 1.48215E-05, 2.27863E-05, 7.92037E-08
617, 2.70670E-05, 1.47818E-05, 2.27555E-05, 7.88132E-08
618, 2.71315E-05, 1.47389E-05, 2.27224E-05, 7.84173E-08
619, 2.71926E-05, 1.46927E-05, 2.26868E-05, 7.80164E-08
620, 2.72504E-05, 1.46506E-05, 2.26489E-05, 7.76106E-08
621, 2.73049E-05, 1.46150E-05, 2.26087E-05, 7.72003E-08
622, 2.73560E-05, 1.45766E-05, 2.25662E-05, 7.67856E-08
623, 2.74038E-05, 1.45354E-05, 2.25214E-05, 7.63669E-08
624, 2.74482E-05, 1.44914E-05, 2.24744E-05, 7.59443E-08
625, 2.75046E-05, 1.44446E-05, 2.24251E-05, 7.55181E-08
626, 2.75796E-05, 1.43949E-05, 2.23736E-05, 7.50885E-08
627, 2.76503E-05, 1.43424E-05, 2.23199E-05, 7.46556E-08
628, 2.77168E-05, 1.42871E-05, 2.22641E-05, 7.42198E-08
629, 2.77792E-05, 1.42290E-05, 2.22062E-05, 7.37811E-08
630, 2.78373E-05, 1.41680E-05, 2.21461E-05, 7.33398E-08
631, 2.78914E-05, 1.41042E-05, 2.20839E-05, 7.28960E-08
632, 2.79412E-05, 1.40376E-05, 2.20197E-05, 7.24500E-08
633, 2.79870E-05, 1.39681E-05, 2.19535E-05, 7.23151E-08
634, 2.80286E-05, 1.38959E-05, 2.18852E-05, 7.21751E-08
635, 2.80662E-05, 1.38208E-05, 2.18149E-05, 7.20270E-08
636, 2.80996E-05, 1.37429E-05, 2.17427E-05, 7.18711E-08
637, 2.81290E-05, 1.36622E-05, 2.16685E-05, 7.17075E-08
638, 2.81544E-05, 1.35787E-05, 2.15924E-05, 7.15363E-08
639, 2.81757E-05, 1.34924E-05, 2.15144E-05, 7.13579E-08
640, 2.81931E-05, 1.34034E-05, 2.14346E-05, 7.11722E-08
641, 2.82065E-05, 1.34920E-05, 2.13529E-05, 7.09796E-08
642, 2.82159E-05, 1.36381E-05, 2.12694E-05, 7.07802E-08
643, 2.82215E-05, 1.37824E-05, 2.11841E-05, 7.05741E-08
644, 2.82231E-05, 1.39248E-05, 2.10970E-05, 7.03614E-08
645, 2.82210E-05, 1.40654E-05, 2.10082E-05, 7.01424E-08
646, 2.82150E-05, 1.42041E-05, 2.09177E-05, 6.99172E-08
647, 2.82052E-05, 1.43408E-05, 2.08255E-05, 6.96858E-08
648, 2.81916E-05, 1.44756E-05, 2.07316E-05, 6.94485E-08
649, 2.81743E-05, 1.46084E-05, 2.06361E-05, 6.92053E-08
650, 2.81534E-05, 1.47392E-05, 2.05390E-05, 6.89564E-08
651, 2.81288E-05, 1.48679E-05, 2.04403E-05, 6.87018E-08
652, 2.81006E-05, 1.49945E-05, 2.03400E-05, 6.84417E-08
653, 2.80688E-05, 1.51191E-05, 2.02382E-05, 6.81761E-08
654, 2.80335E-05, 1.52415E-05, 2.01349E-05, 6.79052E-08
655, 2.79946E-05, 1.53617E-05, 2.00300E-05, 6.76289E-08
656, 2.79523E-05, 1.54798E-05, 1.99238E-05, 6.73474E-08
657, 2.79066E-05, 1.55957E-05, 1.98161E-05, 6.70608E-08
658, 2.78575E-05, 1.57093E-05, 1.97070E-05, 6.67691E-08
659, 2.78051E-05, 1.58207E-05, 1.95965E-05, 6.64724E-08
660, 2.77494E-05, 1.59298E-05, 1.94846E-05, 6.61707E-08
661, 2.76904E-05, 1.60365E-05, 1.93714E-05, 6.58641E-08
662, 2.76282E-05, 1.61410E-05, 1.92569E-05, 6.55525E-08
663, 2.75629E-05, 1.62431E-05, 1.91412E-05, 6.53389E-08
664, 2.74944E-05, 1.63429E-05, 1.90242E-05, 6.51320E-08
665, 2.74229E-05, 1.64609E-05, 1.89059E-05, 6.49089E-08
666, 2.73483E-05, 1.66103E-05, 1.87865E-05, 6.46700E-08
667, 2.72707E-05, 1.67569E-05, 1.86659E-05, 6.44624E-08
668, 2.71902E-05, 1.69008E-05, 1.85441E-05, 6.50053E-08
669, 2.71068E-05, 1.70420E-05, 1.84212E-05, 6.55385E-08
670, 2.70206E-05, 1.71803E-05, 1.82973E-05, 6.60619E-08
671, 2.69315E-05, 1.73158E-05, 1.81722E-05, 6.65756E-08
672, 2.68397E-05, 1.74485E-05, 1.80461E-05, 6.70795E-08
673, 2.67451E-05, 1.75783E-05, 1.79190E-05, 6.75737E-08
674, 2.66479E-05, 1.77052E-05, 1.77909E-05, 6.80583E-08
675, 2.65481E-05, 1.78292E-05, 1.76619E-05, 6.85333E-08
676, 2.64457E-05, 1.79503E-05, 1.75319E-05, 6.89987E-08
677, 2.63408E-05, 1.80683E-05, 1.74010E-05, 6.94546E-08
678, 2.62334E-05, 1.81834E-05, 1.72692E-05, 6.99011E-08
679, 2.61236E-05, 1.82955E-05, 1.71366E-05, 7.03381E-08
680, 2.60114E-05, 1.84046E-05, 1.70031E-05, 7.07658E-08
681, 2.58968E-05, 1.85106E-05, 1.68688E-05, 7.11843E-08
682, 2.57800E-05, 1.86136E-05, 1.67338E-05, 7.15936E-08
683, 2.56609E-05, 1.87135E-05, 1.65979E-05, 7.19938E-08
684, 2.55396E-05, 1.88103E-05, 1.64614E-05, 7.23849E-08
685, 2.54162E-05, 1.89040E-05, 1.63242E-05, 7.27671E-08
686, 2.52907E-05, 1.89946E-05, 1.61862E-05, 7.31405E-08
687, 2.51631E-05, 1.90820E-05, 1.60477E-05, 7.35051E-08
688, 2.50335E-05, 1.91664E-05, 1.59085E-05, 7.38611E-08
689, 2.49019E-05, 1.92476E-05, 1.57687E-05, 7.42085E-08
690, 2.47684E-05, 1.93256E-05, 1.56284E-05, 7.45475E-08
691, 2.46330E-05, 1.94005E-05, 1.54875E-05, 7.48781E-08
692, 2.44958E-05, 1.94722E-05, 1.53460E-05, 7.52005E-08
693, 2.43568E-05, 1.95407E-05, 1.52041E-05, 7.55149E-08
694, 2.42161E-05, 1.96061E-05, 1.50618E-05, 7.58212E-08
695, 2.40736E-05, 1.96683E-05, 1.49189E-05, 7.61196E-08
696, 2.39295E-05, 1.97273E-05, 1.47757E-05, 7.64104E-08
697, 2.37838E-05, 1.97831E-05, 1.46321E-05, 7.66934E-08
698, 2.36365E-05, 1.98357E-05, 1.44881E-05, 7.69690E-08
699, 2.34877E-05, 1.98852E-05, 1.43438E-05, 7.72372E-08
700, 2.33375E-05, 1.99315E-05, 1.41992E-05, 7.74982E-08
701, 2.32135E-05, 1.99745E-05, 1.40543E-05, 7.77520E-08
702, 2.31382E-05, 2.00144E-05, 1.39091E-05, 7.79989E-08
703, 2.30822E-05, 2.00512E-05, 1.37637E-05, 7.82389E-08
704, 2.30246E-05, 2.00847E-05, 1.36181E-05, 7.84722E-08
705, 2.29655E-05, 2.01151E-05, 1.34723E-05, 7.86990E-08
706, 2.29048E-05, 2.01424E-05, 1.33264E-05, 7.89193E-08
707, 2.28426E-05, 2.01665E-05, 1.31803E-05, 7.91332E-08
708, 2.27789E-05, 2.01875E-05, 1.30342E-05, 7.93410E-08
709, 2.27136E-05, 2.02053E-05, 1.28879E-05, 7.95428E-08
710, 2.26467E-05, 2.02200E-05, 1.27416E-05, 7.97387E-08
711, 2.25871E-05, 2.02317E-05, 1.25952E-05, 7.99288E-08
712, 2.25669E-05, 2.02402E-05, 1.24489E-05, 8.01133E-08
713, 2.25450E-05, 2.02456E-05, 1.23026E-05, 8.02923E-08
714, 2.25212E-05, 2.02480E-05, 1.21563E-05, 8.04659E-08
715, 2.24957E-05, 2.02718E-05, 1.20101E-05, 8.06343E-08
716, 2.24684E-05, 2.02926E-05, 1.18640E-05, 8.07976E-08
717, 2.24393E-05, 2.03102E-05, 1.17180E-05, 8.09559E-08
718, 2.24084E-05, 2.03247E-05, 1.15722E-05, 8.11094E-08
719, 2.23757E-05, 2.03360E-05, 1.14265E-05, 8.12581E-08
720, 2.23411E-05, 2.03443E-05, 1.12810E-05, 8.14023E-08
721, 2.23046E-05, 2.03496E-05, 1.11358E-05, 8.15419E-08
722, 2.22663E-05, 2.03517E-05, 1.09908E-05, 8.16772E-08
723, 2.22261E-05, 2.03509E-05, 1.08460E-05, 8.18083E-08
724, 2.21841E-05, 2.03471E-05, 1.07015E-05, 8.19351E-08
725, 2.21401E-05, 2.03404E-05, 1.05574E-05, 8.20580E-08
726, 2.20942E-05, 2.03307E-05, 1.04136E-05, 8.21769E-08
727, 2.20464E-05, 2.03181E-05, 1.02701E-05, 8.22920E-08
728, 2.19967E-05, 2.03027E-05, 1.01271E-05, 8.24033E-08
729, 2.19451E-05, 2.02845E-05, 9.98441E-06, 8.25110E-08
730, 2.18915E-05, 2.02634E-05, 9.84219E-06, 8.26152E-08
731, 2.18360E-05, 2.02396E-05, 9.70041E-06, 8.27159E-08
732, 2.17785E-05, 2.02130E-05, 9.55912E-06, 8.28131E-08
733, 2.17191E-05, 2.01838E-05, 9.41832E-06, 8.29071E-08
734, 2.16577E-05, 2.01519E-05, 9.27804E-06, 8.29978E-08
735, 2.15943E-05, 2.01173E-05, 9.27761E-06, 8.30853E-08
736, 2.15290E-05, 2.00802E-05, 9.28905E-06, 8.31697E-08
737, 2.14617E-05, 2.00405E-05, 9.29951E-06, 8.32510E-08
738, 2.13924E-05, 1.99982E-05, 9.30902E-06, 8.33292E-08
739, 2.13211E-05, 1.99535E-05, 9.31757E-06, 8.34045E-08
740, 2.12478E-05, 1.99063E-05, 9.32519E-06, 8.34768E-08
741, 2.11725E-05, 1.98567E-05, 9.33189E-06, 8.35462E-08
742, 2.10952E-05, 1.98048E-05, 9.33766E-06, 8.36127E-08
743, 2.10160E-05, 1.97505E-05, 9.34252E-06, 8.36764E-08
744, 2.09347E-05, 1.96938E-05, 9.34649E-06, 8.37371E-08
745, 2.08515E-05, 1.96350E-05, 9.34958E-06, 8.37950E-08
746, 2.07662E-05, 1.95738E-05, 9.35179E-06, 8.38500E-08
747, 2.06790E-05, 1.95105E-05, 9.35314E-06, 8.39021E-08
748, 2.05897E-05, 1.94451E-05, 9.35364E-06, 8.39513E-08
749, 2.04985E-05, 1.93775E-05, 9.35330E-06, 8.39976E-08
750, 2.04053E-05, 1.93079E-05, 9.35214E-06, 8.40410E-08
751, 2.03101E-05, 1.92362E-05, 9.35017E-06, 8.40814E-08
752, 2.02129E-05, 1.91625E-05, 9.34739E-06, 8.41187E-08
753, 2.01138E-05, 1.90868E-05, 9.34383E-06, 8.41530E-08
754, 2.00127E-05, 1.90093E-05, 9.33949E-06, 8.41841E-08
755, 1.99096E-05, 1.89298E-05, 9.33440E-06, 8.42120E-08
756, 1.98046E-05, 1.88485E-05, 9.32856E-06, 8.42367E-08
757, 1.96976E-05, 1.87654E-05, 9.32198E-06, 8.42581E-08
758, 1.95887E-05, 1.86806E-05, 9.31468E-06, 8.42760E-08
759, 1.94779E-05, 1.85940E-05, 9.30668E-06, 8.42903E-08
760, 1.93652E-05, 1.85057E-05, 9.29799E-06, 8.43011E-08
761, 1.92505E-05, 1.84157E-05, 9.28862E-06, 8.43082E-08
762, 1.91340E-05, 1.83242E-05, 9.27858E-06, 8.43114E-08
763, 1.90156E-05, 1.82310E-05, 9.26790E-06, 8.43106E-08
764, 1.88954E-05, 1.81363E-05, 9.25657E-06, 8.43058E-08
765, 1.87733E-05, 1.80402E-05, 9.24463E-06, 8.42968E-08
766, 1.86493E-05, 1.79425E-05, 9.23208E-06, 8.42834E-08
767, 1.85236E-05, 1.78434E-05, 9.21894E-06, 8.42656E-08
768, 1.83960E-05, 1.77430E-05, 9.20523E-06, 8.42431E-08
769, 1.82667E-05, 1.76412E-05, 9.19095E-06, 8.42158E-08
770, 1.81356E-05, 1.75380E-05, 9.17612E-06, 8.41836E-08
771, 1.80027E-05, 1.74336E-05, 9.16075E-06, 8.41463E-08
772, 1.78681E-05, 1.73279E-05, 9.14487E-06, 8.41037E-08
773, 1.77319E-05, 1.72211E-05, 9.12848E-06, 8.40556E-08
774, 1.75939E-05, 1.71130E-05, 9.11160E-06, 8.40019E-08
775, 1.74543E-05, 1.70038E-05, 9.09425E-06, 8.39424E-08
776, 1.73130E-05, 1.68935E-05, 9.07643E-06, 8.38769E-08
777, 1.72821E-05, 1.67822E-05, 9.05817E-06, 8.38052E-08
778, 1.74008E-05, 1.66697E-05, 9.03947E-06, 8.37271E-08
779, 1.75185E-05, 1.65563E-05, 9.02036E-06, 8.36424E-08
780, 1.76352E-05, 1.64419E-05, 9.00083E-06, 8.35509E-08
781, 1.77507E-05, 1.63266E-05, 8.98092E-06, 8.34525E-08
782, 1.78651E-05, 1.62104E-05, 8.96063E-06, 8.33468E-08
783, 1.79784E-05, 1.60933E-05, 8.93998E-06, 8.32337E-08
784, 1.80905E-05, 1.59753E-05, 8.91898E-06, 8.31130E-08
785, 1.82015E-05, 1.58566E-05, 8.90919E-06, 8.29845E-08
786, 1.83113E-05, 1.57370E-05, 8.90333E-06, 8.28479E-08
787, 1.84198E-05, 1.56167E-05, 8.89712E-06, 8.27031E-08
788, 1.85272E-05, 1.54957E-05, 8.89059E-06, 8.25498E-08
789, 1.86333E-05, 1.53740E-05, 8.88374E-06, 8.23878E-08
790, 1.87381E-05, 1.52516E-05, 8.87657E-06, 8.22169E-08
791, 1.88417E-05, 1.51286E-05, 8.86909E-06, 8.20369E-08
792, 1.89440E-05, 1.50050E-05, 8.86131E-06, 8.18476E-08
793, 1.90450E-05, 1.48808E-05, 8.85322E-06, 8.16487E-08
794, 1.91446E-05, 1.47561E-05, 8.84483E-06, 8.14401E-08
795, 1.92429E-05, 1.46308E-05, 8.83615E-06, 8.12215E-08
796, 1.93432E-05, 1.45132E-05, 8.82718E-06, 8.09928E-08
797, 1.94856E-05, 1.44320E-05, 8.81793E-06, 8.07537E-08
798, 1.96266E-05, 1.43503E-05, 8.80839E-06, 8.05041E-08
799, 1.97662E-05, 1.42680E-05, 8.79857E-06, 8.02437E-08
800, 1.99044E-05, 1.41852E-05, 8.78848E-06, 7.99724E-08
801, 2.00412E-05, 1.41018E-05, 8.77811E-06, 7.96900E-08
802, 2.01765E-05, 1.40178E-05, 8.76748E-06, 7.93962E-08
803, 2.03104E-05, 1.39333E-05, 8.75657E-06, 7.90910E-08
804, 2.04427E-05, 1.38483E-05, 8.74541E-06, 7.87741E-08
805, 2.05735E-05, 1.37628E-05, 8.73397E-06, 7.84454E-08
806, 2.07027E-05, 1.36767E-05, 8.72228E-06, 7.81047E-08
807, 2.08304E-05, 1.35901E-05, 8.71032E-06, 7.77519E-08
808, 2.09565E-05, 1.35030E-05, 8.74229E-06, 7.73868E-08
809, 2.10809E-05, 1.34751E-05, 8.79472E-06, 7.70093E-08
810, 2.12037E-05, 1.35255E-05, 8.84609E-06, 7.66192E-08
811, 2.13249E-05, 1.35746E-05, 8.89641E-06, 7.62165E-08
812, 2.14444E-05, 1.36223E-05, 8.94566E-06, 7.58009E-08
813, 2.15622E-05, 1.36686E-05, 8.99384E-06, 7.53725E-08
814, 2.16782E-05, 1.37136E-05, 9.04094E-06, 7.49311E-08
815, 2.17925E-05, 1.37573E-05, 9.08695E-06, 7.44766E-08
816, 2.19051E-05, 1.37995E-05, 9.13188E-06, 7.40090E-08
817, 2.20159E-05, 1.38404E-05, 9.17571E-06, 7.35281E-08
818, 2.21249E-05, 1.38800E-05, 9.21845E-06, 7.30339E-08
819, 2.22320E-05, 1.39181E-05, 9.26007E-06, 7.25263E-08
820, 2.23374E-05, 1.39548E-05, 9.30060E-06, 7.20053E-08
821, 2.24409E-05, 1.39902E-05, 9.34000E-06, 7.14710E-08
822, 2.25425E-05, 1.40242E-05, 9.37830E-06, 7.09231E-08
823, 2.26422E-05, 1.40567E-05, 9.41547E-06, 7.03618E-08
824, 2.27400E-05, 1.40879E-05, 9.45152E-06, 6.97870E-08
825, 2.28359E-05, 1.41177E-05, 9.48644E-06, 6.91988E-08
826, 2.29299E-05, 1.41461E-05, 9.53695E-06, 6.85971E-08
827, 2.30219E-05, 1.41731E-05, 9.60285E-06, 6.79819E-08
828, 2.31119E-05, 1.42097E-05, 9.66776E-06, 6.73535E-08
829, 2.31999E-05, 1.42647E-05, 9.73167E-06, 6.67116E-08
830, 2.32860E-05, 1.43184E-05, 9.79458E-06, 6.62282E-08
831, 2.33700E-05, 1.43708E-05, 9.85649E-06, 6.57916E-08
832, 2.34520E-05, 1.44218E-05, 9.91737E-06, 6.53402E-08
833, 2.35320E-05, 1.44715E-05, 9.97724E-06, 6.48741E-08
834, 2.36099E-05, 1.45198E-05, 1.00361E-05, 6.43932E-08
835, 2.36857E-05, 1.45669E-05, 1.00939E-05, 6.38976E-08
836, 2.37594E-05, 1.46126E-05, 1.01506E-05, 6.33874E-08
837, 2.38311E-05, 1.46570E-05, 1.02064E-05, 6.28626E-08
838, 2.39006E-05, 1.47001E-05, 1.02610E-05, 6.23235E-08
839, 2.39681E-05, 1.47419E-05, 1.03147E-05, 6.17700E-08
840, 2.40334E-05, 1.47824E-05, 1.03672E-05, 6.12023E-08
841, 2.40965E-05, 1.48216E-05, 1.04187E-05, 6.06205E-08
842, 2.41576E-05, 1.48595E-05, 1.04691E-05, 6.00248E-08
843, 2.42164E-05, 1.48961E-05, 1.05185E-05, 5.94152E-08
844, 2.42731E-05, 1.49314E-05, 1.05668E-05, 5.87921E-08
845, 2.43276E-05, 1.49654E-05, 1.06140E-05, 5.81554E-08
846, 2.43800E-05, 1.49982E-05, 1.06601E-05, 5.75055E-08
847, 2.44301E-05, 1.50296E-05, 1.07051E-05, 5.68425E-08
848, 2.44781E-05, 1.50598E-05, 1.07491E-05, 5.61666E-08
849, 2.45238E-05, 1.50887E-05, 1.07919E-05, 5.54781E-08
850, 2.45673E-05, 1.51163E-05, 1.08337E-05, 5.47771E-08
851, 2.46086E-05, 1.51426E-05, 1.08743E-05, 5.40638E-08
852, 2.46477E-05, 1.51677E-05, 1.09139E-05, 5.33385E-08
853, 2.46846E-05, 1.51915E-05, 1.09523E-05, 5.26015E-08
854, 2.47192E-05, 1.52140E-05, 1.09897E-05, 5.22903E-08
855, 2.47516E-05, 1.52352E-05, 1.10259E-05, 5.21257E-08
856, 2.47817E-05, 1.52552E-05, 1.10611E-05, 5.19495E-08
857, 2.48096E-05, 1.52740E-05, 1.11288E-05, 5.17620E-08
858, 2.48353E-05, 1.52914E-05, 1.12002E-05, 5.15633E-08
859, 2.48587E-05, 1.53076E-05, 1.12707E-05, 5.13537E-08
860, 2.48798E-05, 1.53226E-05, 1.13403E-05, 5.11335E-08
861, 2.48987E-05, 1.53363E-05, 1.14089E-05, 5.09029E-08
862, 2.49154E-05, 1.53487E-05, 1.14767E-05, 5.06622E-08
863, 2.49441E-05, 1.53599E-05, 1.15435E-05, 5.04117E-08
864, 2.50149E-05, 1.53698E-05, 1.16094E-05, 5.01517E-08
865, 2.50839E-05, 1.53785E-05, 1.16744E-05, 4.98823E-08
866, 2.51512E-05, 1.53860E-05, 1.17384E-05, 4.96040E-08
867, 2.52167E-05, 1.53922E-05, 1.18015E-05, 4.93169E-08
868, 2.52805E-05, 1.53971E-05, 1.18636E-05, 4.90215E-08
869, 2.53424E-05, 1.54009E-05, 1.19247E-05, 4.87179E-08
870, 2.54025E-05, 1.54033E-05, 1.19848E-05, 4.84065E-08
871, 2.54607E-05, 1.54046E-05, 1.20440E-05, 4.80875E-08
872, 2.55172E-05, 1.54046E-05, 1.21021E-05, 4.77613E-08
873, 2.55718E-05, 1.54034E-05, 1.21593E-05, 4.74281E-08
874, 2.56245E-05, 1.54009E-05, 1.22154E-05, 4.70882E-08
875, 2.56754E-05, 1.53972E-05, 1.22705E-05, 4.67420E-08
876, 2.57245E-05, 1.53923E-05, 1.23247E-05, 4.63898E-08
877, 2.57716E-05, 1.53862E-05, 1.23777E-05, 4.60318E-08
878, 2.58169E-05, 1.53788E-05, 1.24298E-05, 4.56683E-08
879, 2.58603E-05, 1.53703E-05, 1.24808E-05, 4.52997E-08
880, 2.59018E-05, 1.53605E-05, 1.25308E-05, 4.49262E-08
881, 2.59414E-05, 1.53495E-05, 1.25797E-05, 4.45481E-08
882, 2.59791E-05, 1.53373E-05, 1.26275E-05, 4.41657E-08
883, 2.60149E-05, 1.53239E-05, 1.26743E-05, 4.37794E-08
884, 2.60488E-05, 1.53092E-05, 1.27200E-05, 4.34055E-08
885, 2.60807E-05, 1.52934E-05, 1.27647E-05, 4.30618E-08
886, 2.61107E-05, 1.52764E-05, 1.28083E-05, 4.27144E-08
887, 2.61388E-05, 1.52582E-05, 1.28508E-05, 4.23637E-08
888, 2.61650E-05, 1.52388E-05, 1.28922E-05, 4.20098E-08
889, 2.61892E-05, 1.52182E-05, 1.29325E-05, 4.16531E-08
890, 2.62115E-05, 1.51965E-05, 1.29717E-05, 4.12939E-08
891, 2.62318E-05, 1.51891E-05, 1.30099E-05, 4.09324E-08
892, 2.62502E-05, 1.52006E-05, 1.30469E-05, 4.05688E-08
893, 2.62666E-05, 1.52108E-05, 1.30828E-05, 4.02035E-08
894, 2.62811E-05, 1.52197E-05, 1.31176E-05, 3.98367E-08
895, 2.62937E-05, 1.52275E-05, 1.31513E-05, 3.94685E-08
896, 2.63043E-05, 1.52340E-05, 1.31839E-05, 3.90994E-08
897, 2.63129E-05, 1.52392E-05, 1.32154E-05, 3.87295E-08
898, 2.63196E-05, 1.52433E-05, 1.32457E-05, 3.83591E-08
899, 2.63243E-05, 1.52461E-05, 1.32750E-05, 3.79884E-08
900, 2.63271E-05, 1.52476E-05, 1.33031E-05, 3.76175E-08
901, 2.63279E-05, 1.52479E-05, 1.33300E-05, 3.72469E-08
902, 2.63268E-05, 1.52470E-05, 1.33559E-05, 3.68765E-08
903, 2.63237E-05, 1.52449E-05, 1.33806E-05, 3.65068E-08
904, 2.63187E-05, 1.52415E-05, 1.34042E-05, 3.61378E-08
905, 2.63117E-05, 1.52368E-05, 1.34266E-05, 3.57697E-08
906, 2.63028E-05, 1.52309E-05, 1.34479E-05, 3.54029E-08
907, 2.62920E-05, 1.52238E-05, 1.34681E-05, 3.50374E-08
908, 2.62792E-05, 1.52155E-05, 1.34872E-05, 3.46734E-08
909, 2.62645E-05, 1.52059E-05, 1.35051E-05, 3.43111E-08
910, 2.62478E-05, 1.51951E-05, 1.35218E-05, 3.39507E-08
911, 2.62292E-05, 1.52479E-05, 1.35375E-05, 3.35923E-08
912, 2.62087E-05, 1.53047E-05, 1.35668E-05, 3.32362E-08
913, 2.61863E-05, 1.53605E-05, 1.36232E-05, 3.28824E-08
914, 2.61620E-05, 1.54152E-05, 1.36787E-05, 3.25311E-08
915, 2.61358E-05, 1.54689E-05, 1.37335E-05, 3.21824E-08
916, 2.61076E-05, 1.55216E-05, 1.37874E-05, 3.18365E-08
917, 2.60776E-05, 1.55732E-05, 1.38406E-05, 3.14935E-08
918, 2.60457E-05, 1.56238E-05, 1.38929E-05, 3.11535E-08
919, 2.60119E-05, 1.56733E-05, 1.39444E-05, 3.08167E-08
920, 2.59762E-05, 1.57217E-05, 1.39951E-05, 3.04831E-08
921, 2.59387E-05, 1.57691E-05, 1.40449E-05, 3.01529E-08
922, 2.58993E-05, 1.58154E-05, 1.40938E-05, 2.98262E-08
923, 2.58581E-05, 1.58607E-05, 1.41419E-05, 2.95030E-08
924, 2.58150E-05, 1.59048E-05, 1.41892E-05, 2.91835E-08
925, 2.57701E-05, 1.59479E-05, 1.42355E-05, 2.88828E-08
926, 2.57234E-05, 1.59898E-05, 1.42809E-05, 2.86200E-08
927, 2.56748E-05, 1.60307E-05, 1.43255E-05, 2.83785E-08
928, 2.56245E-05, 1.60705E-05, 1.43692E-05, 2.82800E-08
929, 2.55723E-05, 1.61092E-05, 1.44119E-05, 2.85399E-08
930, 2.55184E-05, 1.61467E-05, 1.44537E-05, 2.87891E-08
931, 2.54627E-05, 1.61832E-05, 1.44946E-05, 2.90276E-08
932, 2.54053E-05, 1.62186E-05, 1.45345E-05, 2.92554E-08
933, 2.53461E-05, 1.62528E-05, 1.45735E-05, 2.94725E-08
934, 2.52851E-05, 1.62976E-05, 1.46116E-05, 2.96790E-08
935, 2.52225E-05, 1.63426E-05, 1.46487E-05, 2.98749E-08
936, 2.51581E-05, 1.63868E-05, 1.46848E-05, 3.02224E-08
937, 2.50920E-05, 1.64302E-05, 1.47199E-05, 3.05757E-08
938, 2.50242E-05, 1.64727E-05, 1.47541E-05, 3.09418E-08
939, 2.49548E-05, 1.65144E-05, 1.47873E-05, 3.14256E-08
940, 2.48837E-05, 1.65552E-05, 1.48195E-05, 3.18969E-08
941, 2.48109E-05, 1.65952E-05, 1.48507E-05, 3.23555E-08
942, 2.47365E-05, 1.66343E-05, 1.48808E-05, 3.28015E-08
943, 2.46605E-05, 1.66726E-05, 1.49100E-05, 3.32349E-08
944, 2.45829E-05, 1.67100E-05, 1.49382E-05, 3.36556E-08
945, 2.45037E-05, 1.67465E-05, 1.49653E-05, 3.40638E-08
946, 2.44230E-05, 1.67821E-05, 1.49914E-05, 3.45431E-08
947, 2.43406E-05, 1.68168E-05, 1.50164E-05, 3.50375E-08
948, 2.42568E-05, 1.68507E-05, 1.50404E-05, 3.55201E-08
949, 2.41714E-05, 1.68837E-05, 1.50634E-05, 3.59910E-08
950, 2.40844E-05, 1.69157E-05, 1.50853E-05, 3.64500E-08
951, 2.39960E-05, 1.69469E-05, 1.51062E-05, 3.68974E-08
952, 2.39062E-05, 1.69771E-05, 1.51260E-05, 3.73330E-08
953, 2.38148E-05, 1.70064E-05, 1.51447E-05, 3.77570E-08
954, 2.37220E-05, 1.70349E-05, 1.51624E-05, 3.81694E-08
955, 2.36278E-05, 1.70624E-05, 1.51790E-05, 3.85701E-08
956, 2.35322E-05, 1.70889E-05, 1.51945E-05, 3.89593E-08
957, 2.34351E-05, 1.71146E-05, 1.52089E-05, 3.93369E-08
958, 2.33368E-05, 1.71393E-05, 1.52223E-05, 3.97031E-08
959, 2.32370E-05, 1.71630E-05, 1.52345E-05, 4.00579E-08
960, 2.31359E-05, 1.71858E-05, 1.52457E-05, 4.04013E-08
961, 2.30335E-05, 1.72077E-05, 1.52558E-05, 4.07333E-08
962, 2.29298E-05, 1.72286E-05, 1.52648E-05, 4.10542E-08
963, 2.28249E-05, 1.72486E-05, 1.52727E-05, 4.13638E-08
964, 2.27186E-05, 1.72676E-05, 1.52794E-05, 4.16623E-08
965, 2.26111E-05, 1.72857E-05, 1.52851E-05, 4.19497E-08
966, 2.25024E-05, 1.73028E-05, 1.52897E-05, 4.22262E-08
967, 2.23925E-05, 1.73189E-05, 1.52931E-05, 4.24917E-08
968, 2.22814E-05, 1.73340E-05, 1.52955E-05, 4.27463E-08
969, 2.21701E-05, 1.73482E-05, 1.52967E-05, 4.29902E-08
970, 2.20950E-05, 1.73614E-05, 1.52969E-05, 4.32234E-08
971, 2.20185E-05, 1.73736E-05, 1.52959E-05, 4.34459E-08
972, 2.19405E-05, 1.73849E-05, 1.52938E-05, 4.36579E-08
973, 2.18609E-05, 1.73951E-05, 1.52906E-05, 4.38594E-08
974, 2.17799E-05, 1.74044E-05, 1.52863E-05, 4.40506E-08
975, 2.16975E-05, 1.74126E-05, 1.52808E-05, 4.42315E-08
976, 2.16136E-05, 1.74345E-05, 1.52743E-05, 4.44021E-08
977, 2.15283E-05, 1.74716E-05, 1.52666E-05, 4.45627E-08
978, 2.14416E-05, 1.75078E-05, 1.52579E-05, 4.47132E-08
979, 2.13534E-05, 1.75432E-05, 1.52480E-05, 4.48537E-08
980, 2.12640E-05, 1.75777E-05, 1.52370E-05, 4.49845E-08
981, 2.11731E-05, 1.76114E-05, 1.52249E-05, 4.51055E-08
982, 2.10810E-05, 1.76442E-05, 1.52117E-05, 4.52168E-08
983, 2.09875E-05, 1.76762E-05, 1.51974E-05, 4.53186E-08
984, 2.09375E-05, 1.77073E-05, 1.51820E-05, 4.54109E-08
985, 2.08875E-05, 1.77376E-05, 1.51654E-05, 4.54939E-08
986, 2.08362E-05, 1.77669E-05, 1.51478E-05, 4.55676E-08
987, 2.07835E-05, 1.77954E-05, 1.51291E-05, 4.56321E-08
988, 2.07294E-05, 1.78229E-05, 1.51093E-05, 4.56877E-08
989, 2.06740E-05, 1.78496E-05, 1.50884E-05, 4.57342E-08
990, 2.06173E-05, 1.78754E-05, 1.50664E-05, 4.57720E-08
991, 2.05593E-05, 1.79002E-05, 1.50433E-05, 4.58010E-08
992, 2.05000E-05, 1.79241E-05, 1.50191E-05, 4.58213E-08
993, 2.04394E-05, 1.79471E-05, 1.49939E-05, 4.58332E-08
994, 2.03775E-05, 1.79691E-05, 1.49676E-05, 4.58366E-08
995, 2.03144E-05, 1.79902E-05, 1.49402E-05, 4.58318E-08
996, 2.02500E-05, 1.80104E-05, 1.49117E-05, 4.58187E-08
997, 2.01843E-05, 1.80296E-05, 1.48822E-05, 4.57976E-08
998, 2.01174E-05, 1.80478E-05, 1.48517E-05, 4.57685E-08
999, 2.00493E-05, 1.80651E-05, 1.48201E-05, 4.57315E-08
1000, 1.99800E-05, 1.80814E-05, 1.47874E-05, 4.56868E-08
