time_step, rel_err_u, rel_err_v, rel_err_w, rel_err_p, rel_err_u_m, rel_err_v_m, rel_err_w_m, rel_err_p_m
0, 0.00000E+00, 0.00000E+00, 0.00000E+00, 0.00000E+00, 0.00000E+00, 0.00000E+00, 0.00000E+00, 1.84448E-03
1, 4.90268E-16, 4.61587E-16, 3.56945E-16, 8.07542E-16, 8.46217E-18, 7.96268E-18, 8.45127E-18, 8.22843E-14
2, 7.37090E-16, 9.25288E-16, 1.07065E-15, 2.22956E-15, 1.98844E-17, 1.85139E-17, 1.70314E-17, 2.39058E-13
3, 1.23134E-15, 9.27371E-16, 7.13641E-16, 3.05222E-15, 4.07461E-17, 3.85272E-17, 3.32143E-17, 3.16860E-13
4, 1.23423E-15, 1.39413E-15, 1.07028E-15, 3.26825E-15, 6.46345E-17, 6.09692E-17, 5.25254E-17, 3.36985E-13
5, 1.48460E-15, 1.16430E-15, 1.07010E-15, 3.79324E-15, 8.36191E-17, 7.89863E-17, 6.96687E-17, 3.92483E-13
6, 1.24013E-15, 1.40014E-15, 1.42656E-15, 3.91028E-15, 9.67657E-17, 9.27432E-17, 8.19381E-17, 4.08056E-13
7, 1.24313E-15, 1.16922E-15, 1.42632E-15, 3.40821E-15, 1.08404E-16, 1.02952E-16, 9.22187E-17, 3.56409E-13
8, 1.49540E-15, 1.87459E-15, 1.06957E-15, 5.80443E-15, 1.16356E-16, 1.10862E-16, 9.97339E-17, 6.13032E-13
9, 1.49908E-15, 1.87836E-15, 1.42587E-15, 3.53657E-15, 1.23133E-16, 1.17577E-16, 1.06275E-16, 3.76291E-13
10, 1.50279E-15, 1.41154E-15, 1.42565E-15, 3.65321E-15, 1.29426E-16, 1.23467E-16, 1.10864E-16, 3.91189E-13
11, 1.50653E-15, 1.64997E-15, 1.42544E-15, 4.08458E-15, 1.33926E-16, 1.28693E-16, 1.15380E-16, 4.32296E-13
12, 2.01373E-15, 1.41692E-15, 1.42523E-15, 4.20332E-15, 1.38397E-16, 1.32173E-16, 1.17595E-16, 4.49729E-13
13, 1.51410E-15, 1.89271E-15, 1.42503E-15, 3.90083E-15, 1.42372E-16, 1.34270E-16, 1.21523E-16, 4.18033E-13
14, 1.77091E-15, 1.42209E-15, 1.42484E-15, 4.23070E-15, 1.46136E-16, 1.38842E-16, 1.25130E-16, 4.65085E-13
15, 1.26815E-15, 1.89946E-15, 1.42465E-15, 4.35019E-15, 1.49453E-16, 1.41553E-16, 1.25118E-16, 4.68380E-13
16, 1.77993E-15, 1.90272E-15, 1.78059E-15, 4.31051E-15, 1.51719E-16, 1.42655E-16, 1.27479E-16, 4.63831E-13
17, 1.52955E-15, 1.90591E-15, 1.42430E-15, 4.00342E-15, 1.52732E-16, 1.45491E-16, 1.29876E-16, 4.32941E-13
18, 2.04461E-15, 1.90903E-15, 1.42413E-15, 5.13980E-15, 1.54695E-16, 1.46780E-16, 1.31243E-16, 5.58727E-13
19, 2.30609E-15, 2.39008E-15, 1.42398E-15, 4.36298E-15, 1.57625E-16, 1.49038E-16, 1.32727E-16, 4.72381E-13
20, 1.54135E-15, 2.39379E-15, 1.77979E-15, 3.98527E-15, 1.58691E-16, 1.50186E-16, 1.33756E-16, 4.34821E-13
21, 1.54532E-15, 1.91792E-15, 1.77962E-15, 4.91491E-15, 1.59478E-16, 1.51577E-16, 1.35886E-16, 5.34568E-13
22, 1.54931E-15, 2.40092E-15, 1.77945E-15, 5.14553E-15, 1.61342E-16, 1.51849E-16, 1.37249E-16, 5.57092E-13
23, 1.55332E-15, 2.40434E-15, 1.42344E-15, 4.77977E-15, 1.63126E-16, 1.53392E-16, 1.37509E-16, 5.27974E-13
24, 2.07646E-15, 1.92613E-15, 1.60125E-15, 4.57517E-15, 1.64199E-16, 1.53797E-16, 1.38602E-16, 4.93685E-13
25, 1.82161E-15, 1.68762E-15, 1.42323E-15, 4.47850E-15, 1.64879E-16, 1.55531E-16, 1.39460E-16, 4.84983E-13
26, 1.82635E-15, 2.41401E-15, 2.13471E-15, 4.70973E-15, 1.66168E-16, 1.56806E-16, 1.40113E-16, 5.08879E-13
27, 1.56952E-15, 1.93362E-15, 2.49035E-15, 4.17330E-15, 1.66759E-16, 1.56855E-16, 1.39885E-16, 4.47014E-13
28, 1.83588E-15, 1.93596E-15, 2.13448E-15, 4.23952E-15, 1.68161E-16, 1.58228E-16, 1.40872E-16, 4.54425E-13
29, 1.57773E-15, 1.93822E-15, 1.77865E-15, 4.63721E-15, 1.68455E-16, 1.57898E-16, 1.40299E-16, 5.00252E-13
30, 1.58186E-15, 1.94039E-15, 1.77859E-15, 4.59409E-15, 1.68326E-16, 1.59824E-16, 1.41461E-16, 4.92414E-13
31, 2.11468E-15, 2.67090E-15, 1.77854E-15, 4.43964E-15, 1.70162E-16, 1.61266E-16, 1.42090E-16, 4.69149E-13
32, 1.85522E-15, 1.94447E-15, 1.77851E-15, 4.22866E-15, 1.70807E-16, 1.60866E-16, 1.43278E-16, 4.51275E-13
33, 1.86012E-15, 1.45979E-15, 1.77849E-15, 3.79336E-15, 1.69693E-16, 1.61174E-16, 1.43722E-16, 4.05893E-13
34, 2.13148E-15, 1.70468E-15, 1.77848E-15, 4.47432E-15, 1.70544E-16, 1.61153E-16, 1.43286E-16, 4.78651E-13
35, 2.13714E-15, 1.94994E-15, 1.77849E-15, 5.71945E-15, 1.72177E-16, 1.61554E-16, 1.44293E-16, 5.98123E-13
36, 2.14284E-15, 1.95159E-15, 1.77851E-15, 5.05954E-15, 1.72835E-16, 1.61927E-16, 1.44529E-16, 5.28476E-13
37, 1.61143E-15, 1.95314E-15, 1.77854E-15, 5.29794E-15, 1.72951E-16, 1.63260E-16, 1.45126E-16, 5.51583E-13
38, 1.61575E-15, 1.95460E-15, 2.13431E-15, 4.40739E-15, 1.74523E-16, 1.62559E-16, 1.46518E-16, 4.56141E-13
39, 1.89013E-15, 1.71147E-15, 1.77866E-15, 4.53193E-15, 1.74860E-16, 1.63546E-16, 1.46344E-16, 4.67500E-13
40, 2.16600E-15, 2.20190E-15, 2.13448E-15, 4.77063E-15, 1.75511E-16, 1.62790E-16, 1.46593E-16, 5.03492E-13
41, 1.62892E-15, 1.83602E-15, 1.77882E-15, 4.09950E-15, 1.75290E-16, 1.63972E-16, 1.46027E-16, 4.18029E-13
42, 1.63337E-15, 1.95951E-15, 1.77893E-15, 5.45132E-15, 1.76262E-16, 1.63462E-16, 1.46579E-16, 5.57880E-13
43, 1.63785E-15, 1.96050E-15, 1.77905E-15, 4.69257E-15, 1.76424E-16, 1.63956E-16, 1.45378E-16, 4.73886E-13
44, 1.64236E-15, 1.96140E-15, 1.77917E-15, 4.58970E-15, 1.77175E-16, 1.65205E-16, 1.46651E-16, 4.57079E-13
45, 1.92140E-15, 1.96220E-15, 1.77932E-15, 5.80913E-15, 1.77793E-16, 1.64199E-16, 1.46357E-16, 5.86207E-13
46, 1.65149E-15, 2.20827E-15, 2.49126E-15, 4.49759E-15, 1.79192E-16, 1.65275E-16, 1.46769E-16, 4.49187E-13
47, 1.93213E-15, 1.71808E-15, 1.77964E-15, 5.08701E-15, 1.79300E-16, 1.65568E-16, 1.47636E-16, 5.06491E-13
48, 1.66077E-15, 1.47302E-15, 1.77981E-15, 4.52031E-15, 1.80154E-16, 1.66471E-16, 1.46657E-16, 4.41872E-13
49, 1.94303E-15, 1.71890E-15, 1.78000E-15, 5.46129E-15, 1.80521E-16, 1.65720E-16, 1.46819E-16, 5.35840E-13
50, 1.94854E-15, 1.71919E-15, 2.13624E-15, 4.31016E-15, 1.81057E-16, 1.65361E-16, 1.47948E-16, 4.21673E-13
51, 1.67494E-15, 2.21065E-15, 1.78041E-15, 5.40129E-15, 1.80690E-16, 1.65801E-16, 1.47317E-16, 5.22455E-13
52, 1.67974E-15, 1.96517E-15, 1.42450E-15, 4.80026E-15, 1.81762E-16, 1.65209E-16, 1.47274E-16, 4.60900E-13
53, 1.68457E-15, 1.96523E-15, 1.78085E-15, 5.22320E-15, 1.81107E-16, 1.66727E-16, 1.47908E-16, 4.98395E-13
54, 1.97101E-15, 2.45649E-15, 2.13731E-15, 4.47154E-15, 1.82336E-16, 1.67038E-16, 1.48749E-16, 4.21458E-13
55, 1.97673E-15, 2.45634E-15, 1.42507E-15, 5.24967E-15, 1.82253E-16, 1.66408E-16, 1.48219E-16, 4.92999E-13
56, 1.69928E-15, 1.96487E-15, 1.78160E-15, 4.96733E-15, 1.82977E-16, 1.65886E-16, 1.48626E-16, 4.68478E-13
57, 2.84043E-15, 1.96457E-15, 1.78187E-15, 4.97997E-15, 1.82020E-16, 1.66547E-16, 1.48587E-16, 4.62191E-13
58, 1.70927E-15, 1.96419E-15, 2.49500E-15, 4.99267E-15, 1.83559E-16, 1.66412E-16, 1.49203E-16, 4.56998E-13
59, 1.71432E-15, 1.71827E-15, 1.78243E-15, 5.23636E-15, 1.82904E-16, 1.66349E-16, 1.49710E-16, 4.77600E-13
60, 2.00598E-15, 1.96319E-15, 2.85236E-15, 6.57159E-15, 1.83054E-16, 1.66865E-16, 1.48993E-16, 5.96701E-13
61, 1.86824E-15, 1.96257E-15, 2.13963E-15, 4.67187E-15, 1.83118E-16, 1.66090E-16, 1.49123E-16, 4.17304E-13
62, 1.80176E-15, 1.96186E-15, 2.85334E-15, 5.40457E-15, 1.85157E-16, 1.67227E-16, 1.49436E-16, 4.84496E-13
63, 1.73488E-15, 1.96108E-15, 2.49713E-15, 4.99717E-15, 1.85239E-16, 1.67234E-16, 1.49950E-16, 4.40808E-13
64, 2.03012E-15, 1.71519E-15, 2.14079E-15, 5.61386E-15, 1.85676E-16, 1.67128E-16, 1.49323E-16, 4.92862E-13
65, 2.90895E-15, 2.44911E-15, 2.85493E-15, 5.32597E-15, 1.86241E-16, 1.66005E-16, 1.49393E-16, 4.60618E-13
66, 2.33423E-15, 1.95828E-15, 1.78468E-15, 4.61181E-15, 1.87307E-16, 1.65080E-16, 1.49841E-16, 3.97518E-13
67, 2.34134E-15, 1.95720E-15, 1.78504E-15, 4.98907E-15, 1.86394E-16, 1.65291E-16, 1.50407E-16, 4.23444E-13
68, 2.05494E-15, 1.95604E-15, 1.78540E-15, 4.63631E-15, 1.87889E-16, 1.66165E-16, 1.49884E-16, 3.92849E-13
69, 1.76678E-15, 1.95482E-15, 2.14294E-15, 5.42855E-15, 1.87526E-16, 1.64665E-16, 1.50760E-16, 4.54153E-13
70, 2.36296E-15, 1.70933E-15, 2.14340E-15, 5.38560E-15, 1.87681E-16, 1.64589E-16, 1.51255E-16, 4.46956E-13
71, 2.07397E-15, 1.95215E-15, 2.14388E-15, 4.67365E-15, 1.87742E-16, 1.64805E-16, 1.49952E-16, 3.84041E-13
72, 2.08040E-15, 1.70688E-15, 1.78697E-15, 4.80957E-15, 1.87652E-16, 1.65819E-16, 1.51226E-16, 3.87900E-13
73, 2.38499E-15, 1.94921E-15, 2.14486E-15, 5.13170E-15, 1.87908E-16, 1.65582E-16, 1.50290E-16, 4.16267E-13
74, 2.39242E-15, 1.94764E-15, 2.14537E-15, 6.44747E-15, 1.89086E-16, 1.66130E-16, 1.51236E-16, 5.21087E-13
75, 2.09991E-15, 1.94601E-15, 2.50355E-15, 4.69328E-15, 1.88757E-16, 1.65453E-16, 1.50723E-16, 3.73256E-13
76, 2.10649E-15, 1.94430E-15, 1.78869E-15, 5.36045E-15, 1.88726E-16, 1.66504E-16, 1.50683E-16, 4.25150E-13
77, 2.71686E-15, 1.69972E-15, 2.14699E-15, 4.93745E-15, 1.89056E-16, 1.64705E-16, 1.49897E-16, 3.86367E-13
78, 2.42260E-15, 1.94070E-15, 1.78963E-15, 4.88809E-15, 1.91499E-16, 1.64746E-16, 1.50433E-16, 3.79819E-13
79, 2.12647E-15, 2.42350E-15, 2.50615E-15, 5.16828E-15, 1.90519E-16, 1.66410E-16, 1.50799E-16, 3.97601E-13
80, 2.13321E-15, 2.42105E-15, 2.14873E-15, 4.53631E-15, 1.90465E-16, 1.66071E-16, 1.51744E-16, 3.46011E-13
81, 2.44569E-15, 1.93481E-15, 2.50756E-15, 4.80106E-15, 1.93147E-16, 1.66115E-16, 1.51074E-16, 3.62109E-13
82, 2.14679E-15, 2.41590E-15, 2.14997E-15, 5.06709E-15, 1.93290E-16, 1.65863E-16, 1.50770E-16, 3.75740E-13
83, 2.46129E-15, 1.93057E-15, 2.32983E-15, 5.20736E-15, 1.93101E-16, 1.65604E-16, 1.51150E-16, 3.89027E-13
84, 2.46916E-15, 2.41045E-15, 2.15128E-15, 4.83883E-15, 1.94487E-16, 1.64856E-16, 1.51567E-16, 3.65870E-13
85, 2.16743E-15, 2.40760E-15, 2.15196E-15, 5.23421E-15, 1.94235E-16, 1.64621E-16, 1.52533E-16, 3.90220E-13
86, 2.17438E-15, 1.92375E-15, 2.15267E-15, 5.06346E-15, 1.94422E-16, 1.63926E-16, 1.51644E-16, 3.72006E-13
87, 2.18136E-15, 1.44102E-15, 2.15339E-15, 6.03033E-15, 1.94437E-16, 1.63432E-16, 1.51889E-16, 4.42065E-13
88, 2.18838E-15, 2.39862E-15, 2.15413E-15, 5.08045E-15, 1.95009E-16, 1.63568E-16, 1.51796E-16, 3.68852E-13
89, 2.19543E-15, 2.39548E-15, 2.51405E-15, 4.93150E-15, 1.94554E-16, 1.64048E-16, 1.51197E-16, 3.56988E-13
90, 2.35984E-15, 1.91382E-15, 2.15569E-15, 4.78157E-15, 1.96626E-16, 1.64019E-16, 1.51002E-16, 3.40756E-13
91, 2.84095E-15, 1.91119E-15, 2.15650E-15, 4.79259E-15, 1.97197E-16, 1.64079E-16, 1.51774E-16, 3.44501E-13
92, 2.53346E-15, 1.90851E-15, 2.51689E-15, 5.61475E-15, 1.96068E-16, 1.64075E-16, 1.52137E-16, 3.99111E-13
93, 2.54166E-15, 2.14399E-15, 2.69774E-15, 5.00905E-15, 1.97217E-16, 1.64063E-16, 1.52393E-16, 3.54120E-13
94, 2.23117E-15, 1.90298E-15, 2.51892E-15, 6.12798E-15, 1.97396E-16, 1.63499E-16, 1.52555E-16, 4.31720E-13
95, 2.23840E-15, 2.37516E-15, 2.51998E-15, 5.16076E-15, 1.98957E-16, 1.64520E-16, 1.52069E-16, 3.62140E-13
96, 2.56648E-15, 1.89723E-15, 2.52108E-15, 5.79293E-15, 1.98351E-16, 1.65579E-16, 1.52594E-16, 4.04723E-13
97, 2.89667E-15, 2.36786E-15, 2.16189E-15, 5.31225E-15, 1.98954E-16, 1.64870E-16, 1.53309E-16, 3.68572E-13
98, 2.58319E-15, 1.89129E-15, 2.16288E-15, 5.78208E-15, 2.00905E-16, 1.64370E-16, 1.53978E-16, 4.04810E-13
99, 2.59159E-15, 1.77023E-15, 2.16390E-15, 5.79242E-15, 2.01193E-16, 1.64219E-16, 1.54044E-16, 4.03641E-13
100, 2.27501E-15, 1.64951E-15, 2.16495E-15, 5.53860E-15, 2.01568E-16, 1.63014E-16, 1.54012E-16, 3.82876E-13
101, 2.93452E-15, 1.70558E-15, 2.16603E-15, 6.50530E-15, 2.02939E-16, 1.62761E-16, 1.53564E-16, 4.47786E-13
102, 2.28983E-15, 1.64398E-15, 2.16714E-15, 5.63898E-15, 2.03677E-16, 1.62847E-16, 1.54301E-16, 3.87637E-13
103, 2.62545E-15, 2.34452E-15, 2.16828E-15, 4.76956E-15, 2.04051E-16, 1.62239E-16, 1.53496E-16, 3.28515E-13
104, 2.63397E-15, 1.40426E-15, 2.53103E-15, 5.57223E-15, 2.04558E-16, 1.61075E-16, 1.53960E-16, 3.81788E-13
105, 2.64252E-15, 1.86904E-15, 2.17066E-15, 5.77878E-15, 2.03804E-16, 1.61892E-16, 1.53313E-16, 3.92825E-13
106, 1.98831E-15, 2.33212E-15, 2.35289E-15, 5.91883E-15, 2.04397E-16, 1.60682E-16, 1.53604E-16, 4.01925E-13
107, 1.99475E-15, 1.86232E-15, 2.26372E-15, 5.99209E-15, 2.05218E-16, 1.60564E-16, 1.53698E-16, 4.06273E-13
108, 2.33472E-15, 1.85890E-15, 2.26508E-15, 5.19854E-15, 2.04943E-16, 1.61140E-16, 1.53743E-16, 3.52145E-13
109, 2.00765E-15, 1.85546E-15, 2.17582E-15, 5.87056E-15, 2.05242E-16, 1.60691E-16, 1.52621E-16, 3.93708E-13
110, 2.34979E-15, 2.77797E-15, 2.17719E-15, 5.20788E-15, 2.05823E-16, 1.60433E-16, 1.52947E-16, 3.53615E-13
111, 2.69410E-15, 1.84847E-15, 2.17860E-15, 5.67954E-15, 2.07299E-16, 1.59692E-16, 1.53065E-16, 3.83355E-13
112, 2.36489E-15, 1.96024E-15, 2.08922E-15, 5.41582E-15, 2.06277E-16, 1.60067E-16, 1.52996E-16, 3.65237E-13
113, 2.37243E-15, 1.84136E-15, 2.54513E-15, 5.41884E-15, 2.08498E-16, 1.59881E-16, 1.52382E-16, 3.66062E-13
114, 2.71998E-15, 1.83777E-15, 1.91018E-15, 4.81895E-15, 2.07974E-16, 1.60240E-16, 1.52766E-16, 3.31382E-13
115, 2.72860E-15, 1.83416E-15, 2.18462E-15, 4.82065E-15, 2.08241E-16, 1.60293E-16, 1.53050E-16, 3.23957E-13
116, 3.42151E-15, 2.28815E-15, 1.91294E-15, 5.35762E-15, 2.08107E-16, 1.59331E-16, 1.52571E-16, 3.63255E-13
117, 3.08904E-15, 1.59851E-15, 1.82321E-15, 4.95653E-15, 2.08011E-16, 1.59227E-16, 1.51743E-16, 3.40797E-13
118, 3.44299E-15, 1.82319E-15, 2.18952E-15, 4.75579E-15, 2.08604E-16, 1.58535E-16, 1.52568E-16, 3.26394E-13
119, 2.76296E-15, 2.27438E-15, 2.19123E-15, 6.02809E-15, 2.09203E-16, 1.59640E-16, 1.52238E-16, 4.09922E-13
120, 3.11794E-15, 1.81580E-15, 2.19298E-15, 6.07731E-15, 2.09738E-16, 1.60155E-16, 1.52889E-16, 4.19583E-13
121, 3.12752E-15, 1.81208E-15, 1.82897E-15, 5.62376E-15, 2.11043E-16, 1.60039E-16, 1.53375E-16, 3.93666E-13
122, 2.78851E-15, 1.58230E-15, 2.10507E-15, 5.28704E-15, 2.11547E-16, 1.59783E-16, 1.53255E-16, 3.69581E-13
123, 3.14658E-15, 1.80461E-15, 2.19846E-15, 4.95007E-15, 2.12967E-16, 1.59204E-16, 1.51948E-16, 3.47314E-13
124, 3.15605E-15, 1.80086E-15, 2.01700E-15, 4.71325E-15, 2.13322E-16, 1.60312E-16, 1.52933E-16, 3.33208E-13
125, 3.16547E-15, 2.69566E-15, 2.01878E-15, 5.67883E-15, 2.13031E-16, 1.59929E-16, 1.53579E-16, 4.06334E-13
126, 2.46932E-15, 2.24168E-15, 2.20428E-15, 6.40884E-15, 2.13554E-16, 1.59368E-16, 1.52738E-16, 4.61751E-13
127, 3.89175E-15, 1.78958E-15, 2.11437E-15, 5.30280E-15, 2.13919E-16, 1.58839E-16, 1.52561E-16, 3.83731E-13
128, 2.48377E-15, 1.78582E-15, 1.84029E-15, 5.13121E-15, 2.15209E-16, 1.58569E-16, 1.53210E-16, 3.75162E-13
129, 2.49092E-15, 2.22757E-15, 2.02624E-15, 4.79311E-15, 2.15078E-16, 1.58750E-16, 1.53270E-16, 3.50759E-13
130, 2.85487E-15, 1.77830E-15, 1.84381E-15, 4.92083E-15, 2.15585E-16, 1.58008E-16, 1.53394E-16, 3.63427E-13
131, 2.86292E-15, 1.82999E-15, 1.93789E-15, 4.91505E-15, 2.16133E-16, 1.58571E-16, 1.52704E-16, 3.67118E-13
132, 2.87090E-15, 1.77078E-15, 1.84744E-15, 5.83765E-15, 2.16008E-16, 1.58357E-16, 1.52844E-16, 4.34409E-13
133, 2.87881E-15, 1.76704E-15, 1.84930E-15, 5.16751E-15, 2.18813E-16, 1.58403E-16, 1.53476E-16, 3.96020E-13
134, 2.88665E-15, 1.59799E-15, 1.85118E-15, 5.14597E-15, 2.18291E-16, 1.59149E-16, 1.54394E-16, 3.98038E-13
135, 2.53261E-15, 2.41940E-15, 1.85310E-15, 5.08704E-15, 2.20300E-16, 1.58629E-16, 1.53953E-16, 3.96827E-13
136, 3.26485E-15, 1.75585E-15, 2.22604E-15, 4.98059E-15, 2.20256E-16, 1.59103E-16, 1.54305E-16, 3.92784E-13
137, 2.90969E-15, 1.97116E-15, 1.85700E-15, 5.26944E-15, 2.20264E-16, 1.58779E-16, 1.54426E-16, 4.20746E-13
138, 2.55255E-15, 1.74845E-15, 1.85899E-15, 4.73510E-15, 2.20866E-16, 1.58107E-16, 1.54765E-16, 3.81097E-13
139, 2.92462E-15, 1.74477E-15, 1.86100E-15, 5.25282E-15, 2.22124E-16, 1.57980E-16, 1.54177E-16, 4.27582E-13
140, 2.56546E-15, 1.74110E-15, 2.04934E-15, 5.44093E-15, 2.22792E-16, 1.57123E-16, 1.52900E-16, 4.46048E-13
141, 2.57179E-15, 1.95464E-15, 1.86509E-15, 5.62825E-15, 2.23447E-16, 1.57627E-16, 1.52274E-16, 4.64145E-13
142, 2.94633E-15, 1.73383E-15, 2.42732E-15, 5.03894E-15, 2.22619E-16, 1.58312E-16, 1.53470E-16, 4.21591E-13
143, 2.95337E-15, 1.94651E-15, 2.24311E-15, 5.28310E-15, 2.22066E-16, 1.56785E-16, 1.53242E-16, 4.48321E-13
144, 2.59027E-15, 2.15830E-15, 2.43279E-15, 5.33911E-15, 2.21257E-16, 1.56662E-16, 1.52767E-16, 4.52447E-13
145, 3.70893E-15, 1.72308E-15, 2.24820E-15, 5.45984E-15, 2.20900E-16, 1.56193E-16, 1.52499E-16, 4.71266E-13
146, 2.97387E-15, 1.71954E-15, 2.06321E-15, 4.16882E-15, 2.22204E-16, 1.55012E-16, 1.52438E-16, 3.61739E-13
147, 2.98049E-15, 2.14504E-15, 1.87781E-15, 4.14529E-15, 2.21433E-16, 1.55133E-16, 1.52258E-16, 3.66623E-13
148, 2.61363E-15, 2.56882E-15, 1.87998E-15, 5.23712E-15, 2.21110E-16, 1.54391E-16, 1.52079E-16, 4.64266E-13
149, 2.24505E-15, 2.56363E-15, 2.07038E-15, 4.90513E-15, 2.22449E-16, 1.53947E-16, 1.52307E-16, 4.42627E-13
150, 2.99969E-15, 1.91886E-15, 2.26124E-15, 4.89642E-15, 2.22721E-16, 1.54042E-16, 1.52554E-16, 4.43249E-13
151, 3.00586E-15, 2.55337E-15, 2.26388E-15, 5.27359E-15, 2.23024E-16, 1.53585E-16, 1.52025E-16, 4.73708E-13
152, 3.01192E-15, 1.91124E-15, 2.26654E-15, 5.97039E-15, 2.23561E-16, 1.54004E-16, 1.51447E-16, 5.43918E-13
153, 3.01785E-15, 1.69553E-15, 2.26920E-15, 4.35770E-15, 2.24009E-16, 1.53552E-16, 1.52608E-16, 3.98386E-13
154, 2.45673E-15, 1.69223E-15, 2.65052E-15, 6.65289E-15, 2.23303E-16, 1.53129E-16, 1.51948E-16, 6.12256E-13
155, 2.69802E-15, 1.68895E-15, 1.89546E-15, 5.10856E-15, 2.24943E-16, 1.53745E-16, 1.51128E-16, 4.73850E-13
156, 2.65556E-15, 2.10713E-15, 2.27723E-15, 5.16329E-15, 2.24168E-16, 1.54068E-16, 1.51804E-16, 4.82708E-13
157, 2.28028E-15, 2.10312E-15, 2.27991E-15, 4.32699E-15, 2.23168E-16, 1.53839E-16, 1.52097E-16, 4.01968E-13
158, 2.66498E-15, 2.09915E-15, 2.18748E-15, 4.25589E-15, 2.22554E-16, 1.53746E-16, 1.51988E-16, 4.01657E-13
159, 2.66952E-15, 2.09523E-15, 2.28526E-15, 6.21418E-15, 2.24286E-16, 1.53904E-16, 1.51452E-16, 5.90480E-13
160, 2.29195E-15, 1.67308E-15, 2.19261E-15, 5.31720E-15, 2.25009E-16, 1.53705E-16, 1.51938E-16, 5.06717E-13
161, 2.67826E-15, 2.08752E-15, 2.09973E-15, 5.05526E-15, 2.24777E-16, 1.53401E-16, 1.51317E-16, 4.79992E-13
162, 3.06567E-15, 2.08373E-15, 2.19772E-15, 4.75482E-15, 2.24993E-16, 1.53976E-16, 1.52492E-16, 4.62300E-13
163, 2.68654E-15, 2.08000E-15, 2.10460E-15, 5.10093E-15, 2.25303E-16, 1.53679E-16, 1.51736E-16, 4.98279E-13
164, 2.30615E-15, 1.66105E-15, 2.68167E-15, 4.52646E-15, 2.25075E-16, 1.52356E-16, 1.52911E-16, 4.50454E-13
165, 2.30945E-15, 1.65814E-15, 2.10944E-15, 4.76987E-15, 2.25650E-16, 1.53658E-16, 1.52178E-16, 4.72718E-13
166, 2.50537E-15, 1.65527E-15, 2.30383E-15, 4.26062E-15, 2.25221E-16, 1.53466E-16, 1.52448E-16, 4.27833E-13
167, 2.50872E-15, 2.06554E-15, 1.92204E-15, 4.37862E-15, 2.24677E-16, 1.53354E-16, 1.52504E-16, 4.32037E-13
168, 2.70519E-15, 2.06206E-15, 2.11662E-15, 4.24647E-15, 2.25523E-16, 1.53797E-16, 1.51041E-16, 4.27533E-13
169, 2.32162E-15, 1.64690E-15, 1.92634E-15, 5.23701E-15, 2.26042E-16, 1.53347E-16, 1.51223E-16, 5.23510E-13
170, 3.09920E-15, 2.46628E-15, 1.92847E-15, 4.73050E-15, 2.25057E-16, 1.52587E-16, 1.50974E-16, 4.80607E-13
171, 2.90885E-15, 2.05190E-15, 1.93058E-15, 4.97139E-15, 2.26633E-16, 1.52459E-16, 1.52201E-16, 5.08033E-13
172, 2.71792E-15, 2.45835E-15, 2.31922E-15, 4.83928E-15, 2.26400E-16, 1.51927E-16, 1.50605E-16, 4.97240E-13
173, 2.91514E-15, 2.04539E-15, 1.54780E-15, 5.14122E-15, 2.26134E-16, 1.51429E-16, 1.50397E-16, 5.27636E-13
174, 2.72354E-15, 2.24644E-15, 1.93681E-15, 4.70012E-15, 2.26195E-16, 1.51079E-16, 1.49973E-16, 4.79376E-13
175, 2.33671E-15, 2.03910E-15, 1.93885E-15, 5.92759E-15, 2.25654E-16, 1.51794E-16, 1.49974E-16, 6.05365E-13
176, 2.33884E-15, 1.62882E-15, 1.94086E-15, 4.43869E-15, 2.26027E-16, 1.50305E-16, 1.49965E-16, 4.62261E-13
177, 2.73101E-15, 1.62641E-15, 2.33141E-15, 4.18553E-15, 2.25195E-16, 1.50076E-16, 1.50322E-16, 4.41075E-13
178, 2.34278E-15, 2.03005E-15, 1.55585E-15, 4.67066E-15, 2.26721E-16, 1.50519E-16, 1.49941E-16, 4.91500E-13
179, 2.53996E-15, 1.62172E-15, 1.55740E-15, 4.66343E-15, 2.25583E-16, 1.49889E-16, 1.49846E-16, 4.95690E-13
180, 2.15074E-15, 1.61943E-15, 1.94866E-15, 4.16612E-15, 2.25302E-16, 1.50820E-16, 1.49674E-16, 4.39494E-13
181, 2.54348E-15, 1.81934E-15, 1.56043E-15, 5.13851E-15, 2.24738E-16, 1.49895E-16, 1.49714E-16, 5.41434E-13
182, 2.64294E-15, 1.61499E-15, 1.95240E-15, 4.51989E-15, 2.25008E-16, 1.50645E-16, 1.50118E-16, 4.81932E-13
183, 2.93827E-15, 2.41926E-15, 1.56338E-15, 5.30589E-15, 2.25598E-16, 1.50538E-16, 1.49536E-16, 5.67418E-13
184, 2.74381E-15, 1.61073E-15, 1.95602E-15, 3.89730E-15, 2.27497E-16, 1.50309E-16, 1.50806E-16, 4.20779E-13
185, 2.15686E-15, 2.01083E-15, 1.56622E-15, 5.95881E-15, 2.26310E-16, 1.51524E-16, 1.50783E-16, 6.48342E-13
186, 3.13856E-15, 1.80746E-15, 2.15546E-15, 4.55353E-15, 2.26786E-16, 1.51268E-16, 1.49672E-16, 4.96217E-13
187, 2.15855E-15, 2.00582E-15, 1.56897E-15, 4.84991E-15, 2.25050E-16, 1.52578E-16, 1.49315E-16, 5.23947E-13
188, 1.96293E-15, 2.00339E-15, 2.35545E-15, 4.84277E-15, 2.25402E-16, 1.51787E-16, 1.49797E-16, 5.28416E-13
189, 2.55249E-15, 2.00102E-15, 1.57160E-15, 4.11034E-15, 2.26330E-16, 1.52869E-16, 1.48961E-16, 4.49214E-13
190, 2.16025E-15, 1.99870E-15, 1.96610E-15, 5.55296E-15, 2.26505E-16, 1.51773E-16, 1.50117E-16, 6.11916E-13
191, 2.74986E-15, 1.99644E-15, 1.96766E-15, 4.94223E-15, 2.26895E-16, 1.52440E-16, 1.51883E-16, 5.44966E-13
192, 2.55372E-15, 1.99422E-15, 1.57535E-15, 5.05551E-15, 2.26599E-16, 1.52585E-16, 1.51018E-16, 5.66657E-13
193, 2.75032E-15, 1.79286E-15, 2.36480E-15, 4.08673E-15, 2.26432E-16, 1.51831E-16, 1.51656E-16, 4.54791E-13
194, 2.35744E-15, 2.38795E-15, 1.97211E-15, 4.80112E-15, 2.26520E-16, 1.52619E-16, 1.51345E-16, 5.44859E-13
195, 2.55378E-15, 1.98791E-15, 2.36823E-15, 4.79439E-15, 2.25850E-16, 1.51330E-16, 1.51011E-16, 5.32846E-13
196, 2.94639E-15, 2.38309E-15, 2.36987E-15, 5.44603E-15, 2.27979E-16, 1.52362E-16, 1.50518E-16, 6.13768E-13
197, 2.74957E-15, 2.38075E-15, 1.58097E-15, 4.06395E-15, 2.26152E-16, 1.50611E-16, 1.51456E-16, 4.59724E-13
198, 1.96360E-15, 1.58565E-15, 1.58200E-15, 4.41649E-15, 2.27843E-16, 1.51097E-16, 1.51209E-16, 5.07602E-13
199, 1.96312E-15, 1.58418E-15, 1.58300E-15, 5.96015E-15, 2.26934E-16, 1.50977E-16, 1.51719E-16, 6.81704E-13
200, 2.35506E-15, 2.37412E-15, 1.58397E-15, 4.70221E-15, 2.27168E-16, 1.51122E-16, 1.51921E-16, 5.45343E-13
201, 2.35425E-15, 1.58136E-15, 1.58490E-15, 5.29040E-15, 2.27652E-16, 1.50897E-16, 1.51670E-16, 6.12998E-13
202, 2.15723E-15, 1.97502E-15, 1.98225E-15, 4.03681E-15, 2.28169E-16, 1.49843E-16, 1.51827E-16, 4.65922E-13
203, 2.35231E-15, 1.77605E-15, 1.58666E-15, 4.03158E-15, 2.26892E-16, 1.50249E-16, 1.51476E-16, 4.61354E-13
204, 3.13489E-15, 1.57744E-15, 2.38124E-15, 4.50012E-15, 2.25807E-16, 1.51223E-16, 1.52027E-16, 5.24406E-13
205, 2.34992E-15, 1.57622E-15, 2.38243E-15, 4.61271E-15, 2.26633E-16, 1.50918E-16, 1.51846E-16, 5.41158E-13
206, 2.34856E-15, 1.57504E-15, 1.58905E-15, 5.07948E-15, 2.26308E-16, 1.49741E-16, 1.52146E-16, 6.06948E-13
207, 2.54269E-15, 1.77065E-15, 1.58978E-15, 4.60131E-15, 2.27281E-16, 1.50181E-16, 1.52884E-16, 5.58634E-13
208, 3.51830E-15, 1.96602E-15, 1.59047E-15, 4.36007E-15, 2.27398E-16, 1.50223E-16, 1.52639E-16, 5.25896E-13
209, 1.95322E-15, 1.57176E-15, 1.59113E-15, 4.23718E-15, 2.26336E-16, 1.49367E-16, 1.51797E-16, 5.24338E-13
210, 2.04934E-15, 1.96344E-15, 1.59175E-15, 4.46734E-15, 2.25725E-16, 1.49815E-16, 1.53243E-16, 5.43409E-13
211, 3.51035E-15, 1.96222E-15, 2.38851E-15, 3.90443E-15, 2.26245E-16, 1.49904E-16, 1.53214E-16, 4.80742E-13
212, 2.33827E-15, 1.96107E-15, 1.59290E-15, 4.33987E-15, 2.26264E-16, 1.51117E-16, 1.53834E-16, 5.35490E-13
213, 2.72559E-15, 1.56797E-15, 1.99177E-15, 4.45222E-15, 2.26195E-16, 1.50527E-16, 1.53748E-16, 5.58141E-13
214, 2.72309E-15, 1.56712E-15, 1.59390E-15, 4.68145E-15, 2.25117E-16, 1.50909E-16, 1.54041E-16, 5.71162E-13
215, 2.72049E-15, 1.56632E-15, 1.99295E-15, 5.37794E-15, 2.25306E-16, 1.50964E-16, 1.54084E-16, 6.77103E-13
216, 2.52365E-15, 1.56556E-15, 1.59478E-15, 4.08764E-15, 2.25415E-16, 1.50922E-16, 1.54513E-16, 5.17956E-13
217, 2.81194E-15, 2.54287E-15, 1.59516E-15, 5.13352E-15, 2.24328E-16, 1.50826E-16, 1.53695E-16, 6.40215E-13
218, 3.68069E-15, 1.56417E-15, 1.59551E-15, 4.37080E-15, 2.24110E-16, 1.51317E-16, 1.53964E-16, 5.58305E-13
219, 3.38637E-15, 1.95441E-15, 3.19167E-15, 5.12342E-15, 2.25146E-16, 1.50721E-16, 1.54561E-16, 6.53142E-13
220, 3.18924E-15, 2.34440E-15, 1.79563E-15, 3.82438E-15, 2.24486E-16, 1.50995E-16, 1.54593E-16, 4.95696E-13
221, 3.28204E-15, 1.75768E-15, 1.79592E-15, 4.53272E-15, 2.24774E-16, 1.51276E-16, 1.53950E-16, 5.90060E-13
222, 3.47093E-15, 1.56187E-15, 1.59659E-15, 3.94805E-15, 2.24369E-16, 1.51069E-16, 1.54538E-16, 5.18307E-13
223, 3.56295E-15, 1.95175E-15, 1.59678E-15, 4.75672E-15, 2.24859E-16, 1.51739E-16, 1.55308E-16, 6.29191E-13
224, 4.03933E-15, 2.34145E-15, 1.99617E-15, 4.34697E-15, 2.25640E-16, 1.51267E-16, 1.55073E-16, 5.77497E-13
225, 3.45781E-15, 1.56058E-15, 1.59706E-15, 4.51713E-15, 2.26715E-16, 1.50767E-16, 1.54904E-16, 6.00923E-13
226, 3.64508E-15, 1.56023E-15, 1.59716E-15, 3.95657E-15, 2.24820E-16, 1.50657E-16, 1.54003E-16, 5.30444E-13
227, 3.64016E-15, 1.55992E-15, 1.59722E-15, 4.77746E-15, 2.24419E-16, 1.50936E-16, 1.54406E-16, 6.44163E-13
228, 3.63514E-15, 1.36469E-15, 1.59725E-15, 4.30445E-15, 2.24295E-16, 1.50853E-16, 1.54582E-16, 5.82129E-13
229, 3.24793E-15, 1.55942E-15, 1.59726E-15, 5.19625E-15, 2.24562E-16, 1.50223E-16, 1.55734E-16, 7.05001E-13
230, 3.24327E-15, 1.55923E-15, 1.59723E-15, 3.92333E-15, 2.24385E-16, 1.50168E-16, 1.54997E-16, 5.42780E-13
231, 3.23854E-15, 1.55908E-15, 1.79682E-15, 4.15132E-15, 2.24689E-16, 1.50536E-16, 1.55897E-16, 5.78229E-13
232, 3.23373E-15, 1.55897E-15, 1.59708E-15, 3.63006E-15, 2.23526E-16, 1.49963E-16, 1.55179E-16, 5.05564E-13
233, 3.22884E-15, 1.55889E-15, 1.59697E-15, 4.31882E-15, 2.22918E-16, 1.50100E-16, 1.55567E-16, 6.00082E-13
234, 3.03424E-15, 1.55886E-15, 1.59683E-15, 4.48890E-15, 2.22439E-16, 1.50456E-16, 1.55740E-16, 6.29906E-13
235, 2.84016E-15, 1.55887E-15, 1.59665E-15, 3.83926E-15, 2.22838E-16, 1.51287E-16, 1.55605E-16, 5.38709E-13
236, 3.21374E-15, 1.55891E-15, 1.59646E-15, 3.90902E-15, 2.22839E-16, 1.51036E-16, 1.54905E-16, 5.53676E-13
237, 3.01982E-15, 1.55899E-15, 1.59623E-15, 4.40970E-15, 2.22213E-16, 1.51685E-16, 1.55237E-16, 6.25314E-13
238, 2.63802E-15, 1.55911E-15, 1.59598E-15, 5.39810E-15, 2.22408E-16, 1.50750E-16, 1.56606E-16, 7.69988E-13
239, 2.63364E-15, 1.55927E-15, 2.39355E-15, 4.62063E-15, 2.21711E-16, 1.51384E-16, 1.56353E-16, 6.60129E-13
240, 2.81700E-15, 1.55947E-15, 2.39309E-15, 4.47509E-15, 2.22177E-16, 1.51082E-16, 1.55946E-16, 6.40753E-13
241, 2.81219E-15, 1.55971E-15, 1.59506E-15, 4.21508E-15, 2.21210E-16, 1.50917E-16, 1.56174E-16, 6.09068E-13
242, 2.80732E-15, 1.94997E-15, 1.59471E-15, 4.24200E-15, 2.19227E-16, 1.50866E-16, 1.55960E-16, 6.20497E-13
243, 2.42874E-15, 1.56029E-15, 1.39504E-15, 3.66732E-15, 2.18276E-16, 1.49598E-16, 1.56311E-16, 5.28037E-13
244, 2.98390E-15, 1.56064E-15, 1.59393E-15, 4.00963E-15, 2.18927E-16, 1.50088E-16, 1.56292E-16, 5.85695E-13
245, 3.35085E-15, 1.95128E-15, 1.59350E-15, 4.29451E-15, 2.18027E-16, 1.50595E-16, 1.56731E-16, 6.29741E-13
246, 2.60146E-15, 1.95181E-15, 1.39392E-15, 3.89238E-15, 2.19094E-16, 1.50373E-16, 1.56198E-16, 5.90432E-13
247, 2.41119E-15, 1.56191E-15, 1.59258E-15, 4.40615E-15, 2.19805E-16, 1.50708E-16, 1.56943E-16, 6.55929E-13
248, 2.59182E-15, 1.56240E-15, 1.59209E-15, 3.66116E-15, 2.17858E-16, 1.50283E-16, 1.56557E-16, 5.46131E-13
249, 2.21737E-15, 1.56294E-15, 2.38737E-15, 6.17645E-15, 2.18569E-16, 1.50898E-16, 1.56404E-16, 9.21134E-13
250, 2.39757E-15, 1.95439E-15, 1.59104E-15, 3.55908E-15, 2.18219E-16, 1.51195E-16, 1.56545E-16, 5.34781E-13
