time_step, rel_err_u, rel_err_v, rel_err_w, rel_err_p
0, 0.00000E+00, 0.00000E+00, 0.00000E+00, 0.00000E+00
1, 1.67285E-04, 1.27979E-04, 1.37408E-04, 7.87640E-03
2, 1.05645E-04, 1.06810E-04, 7.02073E-05, 1.34575E-02
3, 8.19684E-05, 6.82724E-05, 6.74010E-05, 1.32751E-02
4, 1.23577E-05, 8.05684E-06, 5.36521E-06, 2.19813E-04
5, 1.22672E-05, 8.28403E-06, 5.33886E-06, 1.82378E-04
6, 1.21719E-05, 8.15808E-06, 5.29703E-06, 4.12441E-05
7, 1.23058E-05, 8.18173E-06, 5.24512E-06, 5.45269E-06
8, 1.26097E-05, 8.32008E-06, 5.18333E-06, 2.10858E-06
9, 1.28964E-05, 8.45026E-06, 5.11168E-06, 6.24791E-07
10, 1.31653E-05, 8.57596E-06, 5.03035E-06, 1.96512E-07
11, 1.34159E-05, 8.69577E-06, 5.01068E-06, 7.68142E-08
12, 1.36476E-05, 8.80953E-06, 5.00927E-06, 7.44345E-08
13, 1.38601E-05, 8.91705E-06, 4.99809E-06, 7.41855E-08
14, 1.40530E-05, 9.01820E-06, 4.97716E-06, 7.54686E-08
15, 1.42259E-05, 9.11281E-06, 4.94651E-06, 7.65939E-08
16, 1.43786E-05, 9.20075E-06, 4.90621E-06, 7.75569E-08
17, 1.45109E-05, 9.28186E-06, 4.85637E-06, 7.82899E-08
18, 1.46228E-05, 9.35602E-06, 4.79710E-06, 7.88052E-08
19, 1.47140E-05, 9.42311E-06, 4.72856E-06, 7.91109E-08
20, 1.50053E-05, 9.48301E-06, 4.65095E-06, 7.92106E-08
21, 1.52962E-05, 9.53561E-06, 4.56449E-06, 7.91101E-08
22, 1.55650E-05, 9.58081E-06, 4.46940E-06, 7.88165E-08
23, 1.58111E-05, 9.61853E-06, 4.48993E-06, 7.83378E-08
24, 1.60342E-05, 9.64869E-06, 4.51173E-06, 7.76829E-08
25, 1.62338E-05, 9.67122E-06, 4.52510E-06, 7.68823E-08
26, 1.64096E-05, 9.68606E-06, 4.52997E-06, 7.78019E-08
27, 1.65614E-05, 9.69316E-06, 4.55885E-06, 7.85270E-08
28, 1.66890E-05, 9.69250E-06, 4.66687E-06, 7.90597E-08
29, 1.67923E-05, 9.68404E-06, 4.77297E-06, 7.94030E-08
30, 1.68713E-05, 9.66778E-06, 4.87688E-06, 7.95611E-08
31, 1.69261E-05, 9.64372E-06, 4.97829E-06, 7.95387E-08
32, 1.69568E-05, 9.61188E-06, 5.07692E-06, 7.93413E-08
33, 1.69635E-05, 9.57228E-06, 5.17248E-06, 7.89754E-08
34, 1.69464E-05, 9.52496E-06, 5.26466E-06, 7.84479E-08
35, 1.69060E-05, 9.56126E-06, 5.35317E-06, 7.77664E-08
36, 1.68645E-05, 9.65900E-06, 5.43772E-06, 7.72216E-08
37, 1.70281E-05, 9.74970E-06, 5.51802E-06, 7.84483E-08
38, 1.71668E-05, 9.83322E-06, 5.59379E-06, 7.95057E-08
39, 1.73300E-05, 9.90942E-06, 5.66473E-06, 8.03932E-08
40, 1.76685E-05, 9.97818E-06, 5.73059E-06, 8.11113E-08
41, 1.79815E-05, 1.00394E-05, 5.79108E-06, 8.16607E-08
42, 1.82684E-05, 1.00972E-05, 5.84596E-06, 8.20430E-08
43, 1.85288E-05, 1.01620E-05, 5.89497E-06, 8.22605E-08
44, 1.87623E-05, 1.02197E-05, 5.95276E-06, 8.23158E-08
45, 1.89687E-05, 1.02699E-05, 6.12421E-06, 8.22123E-08
46, 1.91479E-05, 1.03126E-05, 6.29426E-06, 8.19538E-08
47, 1.92996E-05, 1.03477E-05, 6.46255E-06, 8.15445E-08
48, 1.94241E-05, 1.03752E-05, 6.62865E-06, 8.09890E-08
49, 1.95211E-05, 1.03949E-05, 6.79215E-06, 8.02923E-08
50, 1.95910E-05, 1.04068E-05, 6.95266E-06, 8.13414E-08
51, 1.96338E-05, 1.04108E-05, 7.10977E-06, 8.24024E-08
52, 1.96499E-05, 1.04069E-05, 7.26307E-06, 8.32758E-08
53, 1.96395E-05, 1.03950E-05, 7.41215E-06, 8.39617E-08
54, 1.98748E-05, 1.03753E-05, 7.55661E-06, 8.44611E-08
55, 2.01122E-05, 1.03475E-05, 7.69603E-06, 8.47760E-08
56, 2.03204E-05, 1.03119E-05, 7.83003E-06, 8.49086E-08
57, 2.05175E-05, 1.02683E-05, 7.95821E-06, 8.48623E-08
58, 2.08354E-05, 1.02170E-05, 8.08018E-06, 8.46407E-08
59, 2.11373E-05, 1.01578E-05, 8.19556E-06, 8.42482E-08
60, 2.14226E-05, 1.00909E-05, 8.30399E-06, 8.36897E-08
61, 2.16907E-05, 1.00164E-05, 8.40512E-06, 8.29706E-08
62, 2.19409E-05, 9.98462E-06, 8.49859E-06, 8.20964E-08
63, 2.24560E-05, 1.00621E-05, 8.58407E-06, 8.19266E-08
64, 2.29722E-05, 1.01326E-05, 8.66127E-06, 8.16115E-08
65, 2.34741E-05, 1.01962E-05, 8.72987E-06, 8.11057E-08
66, 2.39607E-05, 1.02528E-05, 8.78959E-06, 8.04058E-08
67, 2.44309E-05, 1.03022E-05, 8.84018E-06, 7.97158E-08
68, 2.48838E-05, 1.03444E-05, 8.88140E-06, 7.92343E-08
69, 2.53182E-05, 1.03793E-05, 8.91302E-06, 7.86233E-08
70, 2.57333E-05, 1.04069E-05, 8.93485E-06, 7.86591E-08
71, 2.61281E-05, 1.04271E-05, 8.94670E-06, 7.93666E-08
72, 2.65017E-05, 1.04400E-05, 8.94842E-06, 7.99177E-08
73, 2.68533E-05, 1.04454E-05, 8.93988E-06, 8.03049E-08
74, 2.71819E-05, 1.04434E-05, 8.92098E-06, 8.05213E-08
75, 2.74868E-05, 1.04340E-05, 8.89162E-06, 8.05608E-08
76, 2.77672E-05, 1.04172E-05, 9.03798E-06, 8.04184E-08
77, 2.80223E-05, 1.03931E-05, 9.22122E-06, 8.00895E-08
78, 2.82515E-05, 1.03689E-05, 9.39709E-06, 7.95707E-08
79, 2.84542E-05, 1.03642E-05, 9.56511E-06, 7.91635E-08
80, 2.86297E-05, 1.03522E-05, 9.72482E-06, 7.89658E-08
81, 2.87777E-05, 1.03327E-05, 9.87577E-06, 7.85742E-08
82, 2.88974E-05, 1.03058E-05, 1.00175E-05, 7.79852E-08
83, 2.89887E-05, 1.02716E-05, 1.01497E-05, 7.71962E-08
84, 2.93258E-05, 1.02300E-05, 1.02719E-05, 7.62061E-08
85, 2.97507E-05, 1.01813E-05, 1.03837E-05, 7.50147E-08
86, 3.01499E-05, 1.01254E-05, 1.04848E-05, 7.36232E-08
87, 3.05225E-05, 1.00625E-05, 1.05749E-05, 7.20342E-08
88, 3.08674E-05, 9.99256E-06, 1.06537E-05, 7.02514E-08
89, 3.11838E-05, 9.91582E-06, 1.07208E-05, 6.82796E-08
90, 3.14707E-05, 9.83237E-06, 1.07761E-05, 6.61251E-08
91, 3.17273E-05, 9.75048E-06, 1.08193E-05, 6.37952E-08
92, 3.19529E-05, 9.71173E-06, 1.08502E-05, 6.13677E-08
93, 3.21466E-05, 9.66613E-06, 1.08686E-05, 6.08796E-08
94, 3.23079E-05, 9.61376E-06, 1.08745E-05, 6.02721E-08
95, 3.24362E-05, 9.55470E-06, 1.08676E-05, 5.95466E-08
96, 3.25309E-05, 9.63007E-06, 1.08480E-05, 5.93113E-08
97, 3.25915E-05, 9.71027E-06, 1.08155E-05, 6.11364E-08
98, 3.26177E-05, 9.78572E-06, 1.07702E-05, 6.28323E-08
99, 3.26091E-05, 9.85624E-06, 1.07120E-05, 6.45096E-08
100, 3.25655E-05, 9.92166E-06, 1.06410E-05, 6.61383E-08
101, 3.24868E-05, 9.98180E-06, 1.06370E-05, 6.76263E-08
102, 3.23727E-05, 1.00365E-05, 1.08558E-05, 6.89655E-08
103, 3.22233E-05, 1.00856E-05, 1.10640E-05, 7.01484E-08
104, 3.20568E-05, 1.01288E-05, 1.12609E-05, 7.11680E-08
105, 3.22974E-05, 1.01662E-05, 1.14462E-05, 7.20176E-08
106, 3.25060E-05, 1.01974E-05, 1.16192E-05, 7.26913E-08
107, 3.26817E-05, 1.02223E-05, 1.17796E-05, 7.31834E-08
108, 3.28239E-05, 1.02407E-05, 1.19268E-05, 7.34893E-08
109, 3.29320E-05, 1.02525E-05, 1.20604E-05, 7.36049E-08
110, 3.30055E-05, 1.02576E-05, 1.21801E-05, 7.37156E-08
111, 3.30438E-05, 1.02557E-05, 1.22854E-05, 7.46996E-08
112, 3.30467E-05, 1.02467E-05, 1.23761E-05, 7.54631E-08
113, 3.30137E-05, 1.02305E-05, 1.24518E-05, 7.59963E-08
114, 3.29446E-05, 1.02069E-05, 1.25122E-05, 7.62905E-08
115, 3.28393E-05, 1.01758E-05, 1.25571E-05, 7.63382E-08
116, 3.26976E-05, 1.01370E-05, 1.25863E-05, 7.61330E-08
117, 3.25196E-05, 1.00904E-05, 1.25996E-05, 7.56701E-08
118, 3.23052E-05, 1.00359E-05, 1.25968E-05, 7.49459E-08
119, 3.20547E-05, 9.97331E-06, 1.25779E-05, 7.39581E-08
120, 3.17682E-05, 9.90254E-06, 1.25427E-05, 7.33052E-08
121, 3.14461E-05, 9.82346E-06, 1.24912E-05, 7.24412E-08
122, 3.10887E-05, 9.77007E-06, 1.24235E-05, 7.13609E-08
123, 3.06964E-05, 9.75138E-06, 1.23394E-05, 7.07851E-08
124, 3.02699E-05, 9.72580E-06, 1.22392E-05, 7.01326E-08
125, 2.98097E-05, 9.69337E-06, 1.21228E-05, 6.92657E-08
126, 2.93165E-05, 9.65412E-06, 1.19905E-05, 6.81899E-08
127, 2.87910E-05, 9.60810E-06, 1.18423E-05, 6.92385E-08
128, 2.85771E-05, 9.55537E-06, 1.16784E-05, 7.07676E-08
129, 2.88952E-05, 9.49600E-06, 1.14992E-05, 7.22602E-08
130, 2.94723E-05, 9.43008E-06, 1.13048E-05, 7.37090E-08
131, 3.00125E-05, 9.59719E-06, 1.12458E-05, 7.51063E-08
132, 3.05151E-05, 9.80528E-06, 1.15280E-05, 7.64443E-08
133, 3.09797E-05, 1.00096E-05, 1.18009E-05, 7.77145E-08
134, 3.14057E-05, 1.02101E-05, 1.20640E-05, 7.89088E-08
135, 3.17928E-05, 1.04066E-05, 1.23169E-05, 8.00184E-08
136, 3.21407E-05, 1.05989E-05, 1.25592E-05, 8.10350E-08
137, 3.24494E-05, 1.07870E-05, 1.27903E-05, 8.19498E-08
138, 3.27185E-05, 1.09707E-05, 1.30101E-05, 8.27546E-08
139, 3.29482E-05, 1.11499E-05, 1.32180E-05, 8.50471E-08
140, 3.31385E-05, 1.13245E-05, 1.34136E-05, 8.84450E-08
141, 3.32896E-05, 1.14944E-05, 1.35968E-05, 9.18222E-08
142, 3.34015E-05, 1.16595E-05, 1.37672E-05, 9.50088E-08
143, 3.34747E-05, 1.18198E-05, 1.39245E-05, 9.79924E-08
144, 3.35094E-05, 1.19750E-05, 1.40684E-05, 1.00762E-07
145, 3.35061E-05, 1.21252E-05, 1.41986E-05, 1.03306E-07
146, 3.34652E-05, 1.22704E-05, 1.43150E-05, 1.05616E-07
147, 3.33874E-05, 1.24103E-05, 1.44174E-05, 1.07683E-07
148, 3.32853E-05, 1.25450E-05, 1.45056E-05, 1.09500E-07
149, 3.35413E-05, 1.26744E-05, 1.45794E-05, 1.11062E-07
150, 3.37556E-05, 1.27985E-05, 1.46388E-05, 1.12364E-07
151, 3.39283E-05, 1.29172E-05, 1.46838E-05, 1.13401E-07
152, 3.40592E-05, 1.30305E-05, 1.47142E-05, 1.14172E-07
153, 3.41483E-05, 1.31384E-05, 1.47300E-05, 1.14676E-07
154, 3.41959E-05, 1.32408E-05, 1.47313E-05, 1.14913E-07
155, 3.42020E-05, 1.33378E-05, 1.47180E-05, 1.14885E-07
156, 3.41670E-05, 1.34293E-05, 1.46903E-05, 1.14594E-07
157, 3.40912E-05, 1.35397E-05, 1.46482E-05, 1.14045E-07
158, 3.39751E-05, 1.36542E-05, 1.45918E-05, 1.13242E-07
159, 3.38191E-05, 1.37625E-05, 1.45214E-05, 1.12192E-07
160, 3.36238E-05, 1.38646E-05, 1.44369E-05, 1.10901E-07
161, 3.33898E-05, 1.39606E-05, 1.43387E-05, 1.09378E-07
162, 3.35206E-05, 1.40503E-05, 1.42269E-05, 1.07633E-07
163, 3.39946E-05, 1.41338E-05, 1.41018E-05, 1.05674E-07
164, 3.44344E-05, 1.42110E-05, 1.39636E-05, 1.03512E-07
165, 3.48395E-05, 1.42821E-05, 1.38125E-05, 1.01159E-07
166, 3.52092E-05, 1.43470E-05, 1.36490E-05, 9.86264E-08
167, 3.55432E-05, 1.44057E-05, 1.34733E-05, 9.59268E-08
168, 3.58411E-05, 1.44582E-05, 1.32858E-05, 9.30728E-08
169, 3.61024E-05, 1.45047E-05, 1.30867E-05, 9.00775E-08
170, 3.63270E-05, 1.45451E-05, 1.28765E-05, 8.69543E-08
171, 3.65146E-05, 1.45795E-05, 1.26556E-05, 8.37166E-08
172, 3.66650E-05, 1.46079E-05, 1.24243E-05, 8.03778E-08
173, 3.67781E-05, 1.46305E-05, 1.21830E-05, 7.69516E-08
174, 3.68540E-05, 1.46471E-05, 1.19323E-05, 7.34514E-08
175, 3.68926E-05, 1.46580E-05, 1.16725E-05, 6.98903E-08
176, 3.68939E-05, 1.46632E-05, 1.14040E-05, 6.84009E-08
177, 3.68583E-05, 1.46627E-05, 1.11273E-05, 6.73622E-08
178, 3.67857E-05, 1.46567E-05, 1.08430E-05, 6.62427E-08
179, 3.66765E-05, 1.46452E-05, 1.05514E-05, 6.50529E-08
180, 3.65311E-05, 1.46283E-05, 1.02530E-05, 6.43004E-08
181, 3.63496E-05, 1.46060E-05, 9.94831E-06, 6.52939E-08
182, 3.61326E-05, 1.46060E-05, 9.63784E-06, 6.60999E-08
183, 3.58805E-05, 1.46122E-05, 9.32204E-06, 6.67180E-08
184, 3.55939E-05, 1.46126E-05, 9.00143E-06, 6.71487E-08
185, 3.52732E-05, 1.46073E-05, 8.69160E-06, 6.73933E-08
186, 3.49190E-05, 1.45964E-05, 8.78378E-06, 6.74538E-08
187, 3.45321E-05, 1.45799E-05, 8.86786E-06, 6.73332E-08
188, 3.41130E-05, 1.45579E-05, 8.94384E-06, 6.70350E-08
189, 3.36626E-05, 1.45306E-05, 9.01171E-06, 6.65637E-08
190, 3.31815E-05, 1.44981E-05, 9.07149E-06, 6.59241E-08
191, 3.26707E-05, 1.44604E-05, 9.12321E-06, 6.51220E-08
192, 3.21308E-05, 1.44178E-05, 9.16691E-06, 6.42948E-08
193, 3.15629E-05, 1.43702E-05, 9.26101E-06, 6.49737E-08
194, 3.09678E-05, 1.43178E-05, 9.36782E-06, 6.54192E-08
195, 3.03464E-05, 1.42608E-05, 9.46129E-06, 6.56354E-08
196, 2.96997E-05, 1.41992E-05, 9.54145E-06, 6.56276E-08
197, 2.90287E-05, 1.42812E-05, 9.60836E-06, 6.54018E-08
198, 2.83345E-05, 1.45714E-05, 9.66208E-06, 6.49649E-08
199, 2.76179E-05, 1.48527E-05, 9.70271E-06, 6.43247E-08
200, 2.68802E-05, 1.51250E-05, 9.73036E-06, 6.34895E-08
201, 2.61224E-05, 1.53881E-05, 9.74516E-06, 6.24685E-08
202, 2.53456E-05, 1.56419E-05, 9.74727E-06, 6.12711E-08
203, 2.45509E-05, 1.58861E-05, 9.73686E-06, 6.06023E-08
204, 2.37394E-05, 1.61208E-05, 9.71411E-06, 6.14605E-08
205, 2.29122E-05, 1.63457E-05, 9.67923E-06, 6.21479E-08
206, 2.25026E-05, 1.65609E-05, 9.63244E-06, 6.26668E-08
207, 2.25143E-05, 1.67661E-05, 9.57398E-06, 6.30206E-08
208, 2.25396E-05, 1.69614E-05, 9.50411E-06, 6.32126E-08
209, 2.25992E-05, 1.71466E-05, 9.42310E-06, 6.32474E-08
210, 2.26343E-05, 1.73218E-05, 9.33122E-06, 6.31294E-08
211, 2.26453E-05, 1.74869E-05, 9.22878E-06, 6.28639E-08
212, 2.26326E-05, 1.76418E-05, 9.11609E-06, 6.24565E-08
213, 2.25968E-05, 1.77867E-05, 8.99347E-06, 6.19130E-08
214, 2.25382E-05, 1.79214E-05, 8.86126E-06, 6.12397E-08
215, 2.24574E-05, 1.80459E-05, 8.71980E-06, 6.04430E-08
216, 2.25241E-05, 1.81604E-05, 8.73086E-06, 5.95296E-08
217, 2.30380E-05, 1.82648E-05, 8.82017E-06, 5.85065E-08
218, 2.35291E-05, 1.83592E-05, 8.89865E-06, 5.73806E-08
219, 2.39971E-05, 1.84437E-05, 8.96629E-06, 5.61590E-08
220, 2.44417E-05, 1.85182E-05, 9.02310E-06, 5.48489E-08
221, 2.48628E-05, 1.85829E-05, 9.06911E-06, 5.34573E-08
222, 2.52604E-05, 1.86379E-05, 9.10436E-06, 5.19915E-08
223, 2.56342E-05, 1.86833E-05, 9.12893E-06, 5.04586E-08
224, 2.59843E-05, 1.87191E-05, 9.14289E-06, 4.88655E-08
225, 2.63106E-05, 1.87454E-05, 9.14635E-06, 4.72191E-08
226, 2.66131E-05, 1.87625E-05, 9.13941E-06, 4.55263E-08
227, 2.68918E-05, 1.87703E-05, 9.12222E-06, 4.37936E-08
228, 2.71468E-05, 1.87691E-05, 9.09492E-06, 4.20274E-08
229, 2.73782E-05, 1.87590E-05, 9.05768E-06, 4.02341E-08
230, 2.75862E-05, 1.87400E-05, 9.01067E-06, 3.97636E-08
231, 2.77707E-05, 1.87124E-05, 8.95409E-06, 4.00121E-08
232, 2.79321E-05, 1.86764E-05, 8.88814E-06, 4.02331E-08
233, 2.80705E-05, 1.86319E-05, 8.81305E-06, 4.04277E-08
234, 2.81862E-05, 1.85794E-05, 8.72905E-06, 4.05966E-08
235, 2.82793E-05, 1.85188E-05, 8.63638E-06, 4.07404E-08
236, 2.83502E-05, 1.84503E-05, 8.53530E-06, 4.08596E-08
237, 2.83991E-05, 1.83742E-05, 8.42608E-06, 4.09547E-08
238, 2.84263E-05, 1.82906E-05, 8.30899E-06, 4.10260E-08
239, 2.84323E-05, 1.81998E-05, 8.18432E-06, 4.10738E-08
240, 2.84173E-05, 1.81018E-05, 8.05237E-06, 4.10982E-08
241, 2.83817E-05, 1.79968E-05, 7.91343E-06, 4.10993E-08
242, 2.83259E-05, 1.78852E-05, 7.76782E-06, 4.10773E-08
243, 2.82503E-05, 1.77669E-05, 7.61585E-06, 4.10320E-08
244, 2.81553E-05, 1.76423E-05, 7.45784E-06, 4.09635E-08
245, 2.80415E-05, 1.75116E-05, 7.29413E-06, 4.08716E-08
246, 2.79091E-05, 1.73749E-05, 7.12505E-06, 4.07563E-08
247, 2.77588E-05, 1.72324E-05, 6.95093E-06, 4.06173E-08
248, 2.75909E-05, 1.70843E-05, 6.77210E-06, 4.04548E-08
249, 2.74060E-05, 1.69309E-05, 6.68744E-06, 4.02683E-08
250, 2.72046E-05, 1.67722E-05, 6.77575E-06, 4.00579E-08
251, 2.69872E-05, 1.66086E-05, 6.85679E-06, 3.98235E-08
252, 2.67543E-05, 1.64402E-05, 6.93056E-06, 3.95650E-08
253, 2.65064E-05, 1.62672E-05, 6.99706E-06, 3.92823E-08
254, 2.62442E-05, 1.60899E-05, 7.05629E-06, 3.89754E-08
255, 2.59681E-05, 1.59083E-05, 7.10831E-06, 3.86442E-08
256, 2.56787E-05, 1.57227E-05, 7.15312E-06, 3.82889E-08
257, 2.53766E-05, 1.55333E-05, 7.19077E-06, 3.79096E-08
258, 2.50622E-05, 1.53403E-05, 7.22131E-06, 3.75064E-08
259, 2.47362E-05, 1.51439E-05, 7.24479E-06, 3.70795E-08
260, 2.43992E-05, 1.49442E-05, 7.26130E-06, 3.66292E-08
261, 2.40516E-05, 1.47415E-05, 7.27091E-06, 3.61557E-08
262, 2.36941E-05, 1.45359E-05, 7.27372E-06, 3.56595E-08
263, 2.33273E-05, 1.43276E-05, 7.26983E-06, 3.51410E-08
264, 2.29516E-05, 1.41169E-05, 7.25934E-06, 3.46007E-08
265, 2.25677E-05, 1.39038E-05, 7.24237E-06, 3.40390E-08
266, 2.21761E-05, 1.36886E-05, 7.21905E-06, 3.34567E-08
267, 2.17774E-05, 1.34714E-05, 7.18951E-06, 3.28544E-08
268, 2.13722E-05, 1.32524E-05, 7.15389E-06, 3.22328E-08
269, 2.09609E-05, 1.30318E-05, 7.11234E-06, 3.15926E-08
270, 2.05442E-05, 1.28098E-05, 7.06500E-06, 3.09348E-08
271, 2.01225E-05, 1.25864E-05, 7.01204E-06, 3.02601E-08
272, 1.96965E-05, 1.23619E-05, 6.95362E-06, 2.95695E-08
273, 1.92666E-05, 1.21364E-05, 6.88991E-06, 2.88639E-08
274, 1.88333E-05, 1.19101E-05, 6.82109E-06, 2.81445E-08
275, 1.83972E-05, 1.16832E-05, 6.74734E-06, 2.74121E-08
276, 1.79587E-05, 1.14557E-05, 6.66884E-06, 2.66679E-08
277, 1.78133E-05, 1.12278E-05, 6.58578E-06, 2.59131E-08
278, 1.77148E-05, 1.09997E-05, 6.49835E-06, 2.51487E-08
279, 1.76007E-05, 1.07715E-05, 6.40675E-06, 2.43758E-08
280, 1.74715E-05, 1.05433E-05, 6.31117E-06, 2.36887E-08
281, 1.73278E-05, 1.03153E-05, 6.21182E-06, 2.38363E-08
282, 1.71702E-05, 1.00876E-05, 6.10890E-06, 2.40170E-08
283, 1.69992E-05, 9.86028E-06, 6.00260E-06, 2.41586E-08
284, 1.68154E-05, 9.63351E-06, 5.89314E-06, 2.42621E-08
285, 1.66195E-05, 9.40740E-06, 5.78072E-06, 2.43282E-08
286, 1.64120E-05, 9.18205E-06, 5.66554E-06, 2.43576E-08
287, 1.61935E-05, 8.95759E-06, 5.54782E-06, 2.43515E-08
288, 1.59646E-05, 8.73410E-06, 5.42776E-06, 2.43108E-08
289, 1.57258E-05, 8.51169E-06, 5.30556E-06, 2.42366E-08
290, 1.54779E-05, 8.29047E-06, 5.18144E-06, 2.41301E-08
291, 1.52214E-05, 8.07053E-06, 5.05558E-06, 2.39924E-08
292, 1.49569E-05, 7.85195E-06, 4.92821E-06, 2.38248E-08
293, 1.46850E-05, 7.63483E-06, 4.79950E-06, 2.36285E-08
294, 1.44062E-05, 7.41925E-06, 4.66967E-06, 2.34048E-08
295, 1.41212E-05, 7.20529E-06, 4.53891E-06, 2.31550E-08
296, 1.38306E-05, 6.99303E-06, 4.40742E-06, 2.28806E-08
297, 1.35349E-05, 6.78253E-06, 4.27537E-06, 2.25827E-08
298, 1.32347E-05, 6.57388E-06, 4.14296E-06, 2.22628E-08
299, 1.29305E-05, 6.36713E-06, 4.01037E-06, 2.19222E-08
300, 1.26229E-05, 6.17997E-06, 3.87778E-06, 2.15623E-08
301, 1.23125E-05, 6.09417E-06, 3.74536E-06, 2.12927E-08
302, 1.19997E-05, 6.00703E-06, 3.61329E-06, 2.10449E-08
303, 1.16851E-05, 5.91865E-06, 3.48173E-06, 2.07913E-08
304, 1.13693E-05, 5.82917E-06, 3.35084E-06, 2.05418E-08
305, 1.10526E-05, 5.73869E-06, 3.22078E-06, 2.05041E-08
306, 1.07356E-05, 5.64734E-06, 3.09169E-06, 2.04622E-08
307, 1.04188E-05, 5.55522E-06, 2.96374E-06, 2.04164E-08
308, 1.01026E-05, 5.46244E-06, 2.83705E-06, 2.03671E-08
309, 9.78743E-06, 5.36911E-06, 2.71176E-06, 2.03145E-08
310, 9.47375E-06, 5.27533E-06, 2.58801E-06, 2.02589E-08
311, 9.16197E-06, 5.18122E-06, 2.46591E-06, 2.02006E-08
312, 8.85248E-06, 5.08685E-06, 2.34558E-06, 2.01397E-08
313, 8.54567E-06, 4.99234E-06, 2.22714E-06, 2.00766E-08
314, 8.24190E-06, 4.89778E-06, 2.20746E-06, 2.00114E-08
315, 7.94154E-06, 4.80326E-06, 2.19601E-06, 1.99441E-08
316, 7.64490E-06, 4.70886E-06, 2.18239E-06, 1.98752E-08
317, 7.35231E-06, 4.61467E-06, 2.16670E-06, 1.98045E-08
318, 7.06408E-06, 4.52077E-06, 2.14901E-06, 1.97324E-08
319, 6.78048E-06, 4.42725E-06, 2.12941E-06, 1.96589E-08
320, 6.77397E-06, 4.33418E-06, 2.10798E-06, 1.95840E-08
321, 6.82416E-06, 4.26164E-06, 2.08482E-06, 1.95078E-08
322, 6.86768E-06, 4.24413E-06, 2.06001E-06, 1.94305E-08
323, 6.90450E-06, 4.22515E-06, 2.03363E-06, 1.94547E-08
324, 6.93461E-06, 4.20472E-06, 2.00579E-06, 1.95866E-08
325, 6.95804E-06, 4.18287E-06, 1.97656E-06, 1.97088E-08
326, 6.97478E-06, 4.15961E-06, 1.97291E-06, 1.98212E-08
327, 6.98487E-06, 4.13499E-06, 1.97021E-06, 1.99238E-08
328, 6.98836E-06, 4.10901E-06, 1.97554E-06, 2.00164E-08
329, 6.98529E-06, 4.08172E-06, 1.98132E-06, 2.00990E-08
330, 6.97571E-06, 4.05314E-06, 1.98678E-06, 2.01716E-08
331, 6.95970E-06, 4.02329E-06, 1.99192E-06, 2.02340E-08
332, 6.93733E-06, 3.99220E-06, 1.99672E-06, 2.02864E-08
333, 6.90869E-06, 3.96346E-06, 2.00120E-06, 2.03287E-08
334, 6.87388E-06, 3.96224E-06, 2.00536E-06, 2.03609E-08
335, 6.83300E-06, 3.95962E-06, 2.00918E-06, 2.03829E-08
336, 6.78618E-06, 3.95559E-06, 2.01268E-06, 2.03949E-08
337, 6.73353E-06, 3.95018E-06, 2.01585E-06, 2.03967E-08
338, 6.67519E-06, 3.94340E-06, 2.01869E-06, 2.03886E-08
339, 6.61129E-06, 3.93524E-06, 2.02121E-06, 2.04702E-08
340, 6.54199E-06, 3.92574E-06, 2.02341E-06, 2.05458E-08
341, 6.46744E-06, 3.91489E-06, 2.02528E-06, 2.06125E-08
342, 6.38779E-06, 3.90271E-06, 2.02682E-06, 2.06703E-08
343, 6.30322E-06, 3.88922E-06, 2.02805E-06, 2.07191E-08
344, 6.21389E-06, 3.87443E-06, 2.02896E-06, 2.07590E-08
345, 6.11998E-06, 3.85835E-06, 2.02955E-06, 2.07899E-08
346, 6.02167E-06, 3.84101E-06, 2.02983E-06, 2.08120E-08
347, 5.91915E-06, 3.82242E-06, 2.02980E-06, 2.08251E-08
348, 5.81261E-06, 3.80260E-06, 2.02946E-06, 2.08294E-08
349, 5.70224E-06, 3.78156E-06, 2.02881E-06, 2.08248E-08
350, 5.58823E-06, 3.75933E-06, 2.02787E-06, 2.09361E-08
351, 5.47080E-06, 3.73592E-06, 2.02663E-06, 2.10446E-08
352, 5.35014E-06, 3.71136E-06, 2.02509E-06, 2.11444E-08
353, 5.22645E-06, 3.68567E-06, 2.02326E-06, 2.12353E-08
354, 5.09994E-06, 3.65886E-06, 2.02115E-06, 2.13172E-08
355, 4.97081E-06, 3.63096E-06, 2.01875E-06, 2.13902E-08
356, 4.83928E-06, 3.61488E-06, 2.01608E-06, 2.14539E-08
357, 4.70555E-06, 3.61463E-06, 2.01313E-06, 2.15086E-08
358, 4.56982E-06, 3.61318E-06, 2.00992E-06, 2.15540E-08
359, 4.43232E-06, 3.61053E-06, 2.00645E-06, 2.15901E-08
360, 4.29323E-06, 3.60668E-06, 2.00587E-06, 2.16168E-08
361, 4.22584E-06, 3.60164E-06, 2.01066E-06, 2.16340E-08
362, 4.21682E-06, 3.59542E-06, 2.01513E-06, 2.16417E-08
363, 4.20923E-06, 3.58801E-06, 2.01930E-06, 2.16399E-08
364, 4.20304E-06, 3.57942E-06, 2.02316E-06, 2.16284E-08
365, 4.19821E-06, 3.56967E-06, 2.02671E-06, 2.16073E-08
366, 4.19470E-06, 3.55875E-06, 2.02996E-06, 2.16876E-08
367, 4.19247E-06, 3.54669E-06, 2.03289E-06, 2.17646E-08
368, 4.19148E-06, 3.53348E-06, 2.03552E-06, 2.18329E-08
369, 4.19168E-06, 3.51913E-06, 2.03785E-06, 2.18925E-08
370, 4.19301E-06, 3.50366E-06, 2.03988E-06, 2.19432E-08
371, 4.19542E-06, 3.48708E-06, 2.04160E-06, 2.19851E-08
372, 4.19885E-06, 3.46940E-06, 2.04303E-06, 2.20181E-08
373, 4.20324E-06, 3.45063E-06, 2.04416E-06, 2.20421E-08
374, 4.20852E-06, 3.43079E-06, 2.04500E-06, 2.20571E-08
375, 4.23572E-06, 3.40988E-06, 2.04555E-06, 2.20631E-08
376, 4.28650E-06, 3.38793E-06, 2.04581E-06, 2.20600E-08
377, 4.33701E-06, 3.36494E-06, 2.04578E-06, 2.20479E-08
378, 4.38726E-06, 3.34094E-06, 2.04548E-06, 2.20267E-08
379, 4.43730E-06, 3.31593E-06, 2.04490E-06, 2.20555E-08
380, 4.48714E-06, 3.31476E-06, 2.04405E-06, 2.21334E-08
381, 4.53682E-06, 3.31595E-06, 2.04292E-06, 2.22021E-08
382, 4.58633E-06, 3.31608E-06, 2.04153E-06, 2.22615E-08
383, 4.63570E-06, 3.31515E-06, 2.03988E-06, 2.23115E-08
384, 4.68494E-06, 3.31316E-06, 2.03797E-06, 2.23520E-08
385, 4.73404E-06, 3.31012E-06, 2.03581E-06, 2.23830E-08
386, 4.78300E-06, 3.30601E-06, 2.03340E-06, 2.24045E-08
387, 4.83183E-06, 3.30084E-06, 2.03075E-06, 2.24163E-08
388, 4.88052E-06, 3.29461E-06, 2.02786E-06, 2.24184E-08
389, 4.92905E-06, 3.28733E-06, 2.02473E-06, 2.24107E-08
390, 4.97742E-06, 3.27899E-06, 2.02138E-06, 2.23933E-08
391, 5.02560E-06, 3.26959E-06, 2.01780E-06, 2.23661E-08
392, 5.07357E-06, 3.25915E-06, 2.01401E-06, 2.23291E-08
393, 5.12131E-06, 3.24766E-06, 2.01000E-06, 2.23146E-08
394, 5.16880E-06, 3.23512E-06, 2.00775E-06, 2.23847E-08
395, 5.21601E-06, 3.22156E-06, 2.00994E-06, 2.24458E-08
396, 5.26291E-06, 3.20696E-06, 2.01187E-06, 2.24982E-08
397, 5.30945E-06, 3.19134E-06, 2.01355E-06, 2.25415E-08
398, 5.35562E-06, 3.17470E-06, 2.01498E-06, 2.25759E-08
399, 5.40137E-06, 3.16662E-06, 2.01617E-06, 2.26012E-08
400, 5.44665E-06, 3.17904E-06, 2.01711E-06, 2.26174E-08
401, 5.49144E-06, 3.19053E-06, 2.01781E-06, 2.26245E-08
402, 5.53569E-06, 3.20112E-06, 2.01854E-06, 2.26224E-08
403, 5.57935E-06, 3.21081E-06, 2.01995E-06, 2.26111E-08
404, 5.62239E-06, 3.21964E-06, 2.02111E-06, 2.25906E-08
405, 5.66475E-06, 3.22762E-06, 2.02200E-06, 2.25608E-08
406, 5.70638E-06, 3.23476E-06, 2.02265E-06, 2.25218E-08
407, 5.74725E-06, 3.24108E-06, 2.02304E-06, 2.24734E-08
408, 5.78729E-06, 3.24661E-06, 2.02318E-06, 2.24157E-08
409, 5.82647E-06, 3.25135E-06, 2.02322E-06, 2.24079E-08
410, 5.86473E-06, 3.25532E-06, 2.02990E-06, 2.24326E-08
411, 5.90203E-06, 3.25855E-06, 2.03635E-06, 2.24476E-08
412, 5.93831E-06, 3.26104E-06, 2.04255E-06, 2.24528E-08
413, 5.97353E-06, 3.26282E-06, 2.04850E-06, 2.24481E-08
414, 6.00763E-06, 3.26390E-06, 2.05421E-06, 2.24335E-08
415, 6.04057E-06, 3.26431E-06, 2.05967E-06, 2.24089E-08
416, 6.07230E-06, 3.26405E-06, 2.06489E-06, 2.23742E-08
417, 6.10277E-06, 3.26314E-06, 2.06986E-06, 2.23293E-08
418, 6.13193E-06, 3.26161E-06, 2.07458E-06, 2.22742E-08
419, 6.15974E-06, 3.25946E-06, 2.07905E-06, 2.22088E-08
420, 6.18616E-06, 3.25672E-06, 2.08328E-06, 2.21332E-08
421, 6.21113E-06, 3.25341E-06, 2.08726E-06, 2.21772E-08
422, 6.23461E-06, 3.24953E-06, 2.09099E-06, 2.22134E-08
423, 6.25657E-06, 3.24511E-06, 2.09447E-06, 2.22400E-08
424, 6.27696E-06, 3.24016E-06, 2.09772E-06, 2.22569E-08
425, 6.29574E-06, 3.23471E-06, 2.10071E-06, 2.22640E-08
426, 6.31287E-06, 3.22875E-06, 2.10347E-06, 2.22612E-08
427, 6.32832E-06, 3.22232E-06, 2.10598E-06, 2.22485E-08
428, 6.34205E-06, 3.21543E-06, 2.10825E-06, 2.22258E-08
429, 6.35403E-06, 3.20810E-06, 2.11028E-06, 2.21931E-08
430, 6.36422E-06, 3.20034E-06, 2.11268E-06, 2.21502E-08
431, 6.37260E-06, 3.19216E-06, 2.12629E-06, 2.20972E-08
432, 6.37914E-06, 3.18360E-06, 2.13931E-06, 2.20341E-08
433, 6.38381E-06, 3.17465E-06, 2.15174E-06, 2.19607E-08
434, 6.38659E-06, 3.16534E-06, 2.16357E-06, 2.18771E-08
435, 6.38745E-06, 3.15569E-06, 2.17480E-06, 2.17832E-08
436, 6.38638E-06, 3.14571E-06, 2.18543E-06, 2.16791E-08
437, 6.38336E-06, 3.14700E-06, 2.19545E-06, 2.15649E-08
438, 6.37836E-06, 3.15011E-06, 2.20486E-06, 2.14403E-08
439, 6.37138E-06, 3.15267E-06, 2.21366E-06, 2.13097E-08
440, 6.36240E-06, 3.15468E-06, 2.22185E-06, 2.12477E-08
441, 6.35142E-06, 3.15614E-06, 2.22942E-06, 2.11753E-08
442, 6.33842E-06, 3.15706E-06, 2.23638E-06, 2.10922E-08
443, 6.32341E-06, 3.15742E-06, 2.24273E-06, 2.09985E-08
444, 6.30636E-06, 3.15724E-06, 2.24846E-06, 2.08944E-08
445, 6.28729E-06, 3.15650E-06, 2.25359E-06, 2.07796E-08
446, 6.26620E-06, 3.15522E-06, 2.25810E-06, 2.06543E-08
447, 6.24308E-06, 3.15339E-06, 2.26201E-06, 2.05185E-08
448, 6.21793E-06, 3.15100E-06, 2.26531E-06, 2.04858E-08
449, 6.19078E-06, 3.14807E-06, 2.26802E-06, 2.04653E-08
450, 6.16162E-06, 3.14459E-06, 2.27228E-06, 2.04351E-08
451, 6.13047E-06, 3.14057E-06, 2.29151E-06, 2.03952E-08
452, 6.09733E-06, 3.13600E-06, 2.31013E-06, 2.03455E-08
453, 6.06222E-06, 3.13089E-06, 2.32814E-06, 2.02862E-08
454, 6.02516E-06, 3.12524E-06, 2.34553E-06, 2.02172E-08
455, 5.98617E-06, 3.11905E-06, 2.36229E-06, 2.01385E-08
456, 5.94526E-06, 3.11233E-06, 2.37842E-06, 2.00503E-08
457, 5.90245E-06, 3.10690E-06, 2.39389E-06, 1.99526E-08
458, 5.85778E-06, 3.11514E-06, 2.40871E-06, 1.98454E-08
459, 5.81125E-06, 3.12286E-06, 2.42287E-06, 1.97289E-08
460, 5.76291E-06, 3.13006E-06, 2.43636E-06, 1.96031E-08
461, 5.71277E-06, 3.13673E-06, 2.44918E-06, 1.94681E-08
462, 5.66087E-06, 3.14288E-06, 2.46131E-06, 1.93241E-08
463, 5.60723E-06, 3.14849E-06, 2.47277E-06, 1.91712E-08
464, 5.55190E-06, 3.15357E-06, 2.48353E-06, 1.90094E-08
465, 5.49489E-06, 3.15811E-06, 2.49360E-06, 1.88389E-08
466, 5.43625E-06, 3.16738E-06, 2.50298E-06, 1.86599E-08
467, 5.37602E-06, 3.18036E-06, 2.51166E-06, 1.84725E-08
468, 5.31423E-06, 3.19302E-06, 2.51964E-06, 1.82768E-08
469, 5.25091E-06, 3.20536E-06, 2.52693E-06, 1.80730E-08
470, 5.18611E-06, 3.21738E-06, 2.53351E-06, 1.78660E-08
471, 5.11987E-06, 3.22907E-06, 2.53940E-06, 1.77114E-08
472, 5.05221E-06, 3.24044E-06, 2.54458E-06, 1.75818E-08
473, 4.98320E-06, 3.25150E-06, 2.54907E-06, 1.76682E-08
474, 4.91286E-06, 3.26223E-06, 2.55286E-06, 1.77519E-08
475, 4.84125E-06, 3.27264E-06, 2.55596E-06, 1.78328E-08
476, 4.76840E-06, 3.28274E-06, 2.55837E-06, 1.79109E-08
477, 4.69436E-06, 3.29251E-06, 2.56009E-06, 1.79861E-08
478, 4.61917E-06, 3.30196E-06, 2.56113E-06, 1.80584E-08
479, 4.54288E-06, 3.31110E-06, 2.56371E-06, 1.81277E-08
480, 4.46554E-06, 3.31992E-06, 2.57919E-06, 1.81941E-08
481, 4.38718E-06, 3.32842E-06, 2.59412E-06, 1.82573E-08
482, 4.30785E-06, 3.33660E-06, 2.60851E-06, 1.83174E-08
483, 4.22761E-06, 3.34446E-06, 2.62234E-06, 1.83744E-08
484, 4.14649E-06, 3.35200E-06, 2.63561E-06, 1.84282E-08
485, 4.06454E-06, 3.35922E-06, 2.64829E-06, 1.84787E-08
486, 3.98181E-06, 3.36613E-06, 2.66039E-06, 1.85260E-08
487, 3.89835E-06, 3.37271E-06, 2.67189E-06, 1.85699E-08
488, 3.81419E-06, 3.37897E-06, 2.68279E-06, 1.86105E-08
489, 3.72939E-06, 3.38492E-06, 2.69308E-06, 1.86477E-08
490, 3.64398E-06, 3.39054E-06, 2.70274E-06, 1.86815E-08
491, 3.55803E-06, 3.39584E-06, 2.71179E-06, 1.87118E-08
492, 3.51213E-06, 3.40082E-06, 2.72020E-06, 1.87386E-08
493, 3.50995E-06, 3.40547E-06, 2.72798E-06, 1.87619E-08
494, 3.50603E-06, 3.40980E-06, 2.73512E-06, 1.87817E-08
495, 3.50041E-06, 3.41381E-06, 2.74162E-06, 1.87978E-08
496, 3.49311E-06, 3.41749E-06, 2.75306E-06, 1.88624E-08
497, 3.48415E-06, 3.42084E-06, 2.76891E-06, 1.89386E-08
498, 3.47356E-06, 3.42387E-06, 2.78440E-06, 1.90097E-08
499, 3.46138E-06, 3.42656E-06, 2.79952E-06, 1.90758E-08
500, 3.44762E-06, 3.42893E-06, 2.81425E-06, 1.91369E-08
501, 3.43232E-06, 3.43096E-06, 2.82860E-06, 1.91930E-08
502, 3.41551E-06, 3.43267E-06, 2.84254E-06, 1.92442E-08
503, 3.39723E-06, 3.43403E-06, 2.85606E-06, 1.92903E-08
504, 3.37751E-06, 3.43506E-06, 2.86918E-06, 1.93315E-08
505, 3.35639E-06, 3.43576E-06, 2.88186E-06, 1.93677E-08
506, 3.33389E-06, 3.43611E-06, 2.89411E-06, 1.93991E-08
507, 3.31006E-06, 3.43612E-06, 2.90591E-06, 1.94256E-08
508, 3.28493E-06, 3.43579E-06, 2.91726E-06, 1.94472E-08
509, 3.25854E-06, 3.43512E-06, 2.92814E-06, 1.94640E-08
510, 3.23092E-06, 3.43410E-06, 2.93856E-06, 1.94760E-08
511, 3.20212E-06, 3.43273E-06, 2.94851E-06, 1.94833E-08
512, 3.17218E-06, 3.43101E-06, 2.95796E-06, 1.94859E-08
513, 3.14113E-06, 3.42894E-06, 2.96693E-06, 1.94839E-08
514, 3.10901E-06, 3.42651E-06, 2.97539E-06, 1.94773E-08
515, 3.07586E-06, 3.42373E-06, 2.98335E-06, 1.94661E-08
516, 3.04172E-06, 3.42058E-06, 2.99080E-06, 1.94504E-08
517, 3.00663E-06, 3.41708E-06, 2.99773E-06, 1.94303E-08
518, 2.97062E-06, 3.41321E-06, 3.00413E-06, 1.94058E-08
519, 2.93375E-06, 3.40898E-06, 3.01001E-06, 1.93770E-08
520, 2.89604E-06, 3.40437E-06, 3.01534E-06, 1.93439E-08
521, 2.85754E-06, 3.39940E-06, 3.02014E-06, 1.93067E-08
522, 2.81828E-06, 3.39405E-06, 3.02438E-06, 1.92652E-08
523, 2.77831E-06, 3.38833E-06, 3.02808E-06, 1.92198E-08
524, 2.73766E-06, 3.38223E-06, 3.03122E-06, 1.91703E-08
525, 2.69636E-06, 3.37695E-06, 3.03381E-06, 1.91170E-08
526, 2.65447E-06, 3.37371E-06, 3.03583E-06, 1.91142E-08
527, 2.61200E-06, 3.37014E-06, 3.03728E-06, 1.91192E-08
528, 2.56901E-06, 3.36627E-06, 3.03817E-06, 1.91192E-08
529, 2.52552E-06, 3.36207E-06, 3.03849E-06, 1.91142E-08
530, 2.48157E-06, 3.35754E-06, 3.03823E-06, 1.91043E-08
531, 2.43720E-06, 3.35269E-06, 3.03741E-06, 1.90896E-08
532, 2.39244E-06, 3.34750E-06, 3.03600E-06, 1.90702E-08
533, 2.34732E-06, 3.34199E-06, 3.03402E-06, 1.90461E-08
534, 2.30188E-06, 3.33613E-06, 3.03147E-06, 1.90176E-08
535, 2.25615E-06, 3.32994E-06, 3.02834E-06, 1.89846E-08
536, 2.25977E-06, 3.32341E-06, 3.02463E-06, 1.89473E-08
537, 2.28554E-06, 3.31653E-06, 3.02035E-06, 1.89058E-08
538, 2.31123E-06, 3.30930E-06, 3.01549E-06, 1.88601E-08
539, 2.33686E-06, 3.30172E-06, 3.01006E-06, 1.88104E-08
540, 2.36241E-06, 3.29379E-06, 3.00406E-06, 1.87567E-08
541, 2.38789E-06, 3.28550E-06, 3.00400E-06, 1.86993E-08
542, 2.41328E-06, 3.27685E-06, 3.01128E-06, 1.86380E-08
543, 2.43861E-06, 3.26783E-06, 3.01802E-06, 1.85732E-08
544, 2.46385E-06, 3.25846E-06, 3.02423E-06, 1.85048E-08
545, 2.48900E-06, 3.24871E-06, 3.02991E-06, 1.84330E-08
546, 2.51408E-06, 3.23860E-06, 3.03507E-06, 1.83578E-08
547, 2.53907E-06, 3.22811E-06, 3.03971E-06, 1.82793E-08
548, 2.56397E-06, 3.21725E-06, 3.04384E-06, 1.81978E-08
549, 2.58878E-06, 3.20602E-06, 3.04746E-06, 1.81132E-08
550, 2.61351E-06, 3.19440E-06, 3.05058E-06, 1.80256E-08
551, 2.63814E-06, 3.18240E-06, 3.05321E-06, 1.79351E-08
552, 2.66268E-06, 3.17002E-06, 3.05534E-06, 1.78419E-08
553, 2.68712E-06, 3.15725E-06, 3.05699E-06, 1.77460E-08
554, 2.71147E-06, 3.14410E-06, 3.05816E-06, 1.76476E-08
555, 2.73572E-06, 3.13055E-06, 3.05885E-06, 1.75466E-08
556, 2.75987E-06, 3.11662E-06, 3.05908E-06, 1.74432E-08
557, 2.78392E-06, 3.10230E-06, 3.05883E-06, 1.73789E-08
558, 2.81784E-06, 3.08758E-06, 3.05813E-06, 1.73335E-08
559, 2.85213E-06, 3.07895E-06, 3.05698E-06, 1.72846E-08
560, 2.88617E-06, 3.07084E-06, 3.05537E-06, 1.72325E-08
561, 2.91995E-06, 3.06243E-06, 3.05332E-06, 1.71771E-08
562, 2.95347E-06, 3.05371E-06, 3.05083E-06, 1.71186E-08
563, 2.98673E-06, 3.04468E-06, 3.04790E-06, 1.70570E-08
564, 3.01972E-06, 3.03534E-06, 3.04455E-06, 1.69926E-08
565, 3.05243E-06, 3.02569E-06, 3.06526E-06, 1.69253E-08
566, 3.08488E-06, 3.01574E-06, 3.09150E-06, 1.68553E-08
567, 3.11704E-06, 3.00547E-06, 3.11724E-06, 1.67826E-08
568, 3.14891E-06, 2.99489E-06, 3.14248E-06, 1.67074E-08
569, 3.18050E-06, 2.98400E-06, 3.16720E-06, 1.66298E-08
570, 3.21180E-06, 2.97280E-06, 3.19142E-06, 1.65498E-08
571, 3.24281E-06, 2.96128E-06, 3.21513E-06, 1.64675E-08
572, 3.27351E-06, 2.94945E-06, 3.23833E-06, 1.63831E-08
573, 3.30392E-06, 2.93732E-06, 3.26102E-06, 1.62965E-08
574, 3.33403E-06, 2.93216E-06, 3.28320E-06, 1.62080E-08
575, 3.36382E-06, 2.92797E-06, 3.30487E-06, 1.61175E-08
576, 3.39331E-06, 2.92831E-06, 3.32603E-06, 1.60252E-08
577, 3.42248E-06, 2.92848E-06, 3.34667E-06, 1.59312E-08
578, 3.45134E-06, 2.92845E-06, 3.36680E-06, 1.58354E-08
579, 3.47988E-06, 2.92824E-06, 3.38643E-06, 1.57381E-08
580, 3.50811E-06, 2.92784E-06, 3.40554E-06, 1.56393E-08
581, 3.53601E-06, 2.92725E-06, 3.42414E-06, 1.55390E-08
582, 3.56358E-06, 2.92648E-06, 3.44223E-06, 1.54374E-08
583, 3.59083E-06, 2.92552E-06, 3.45981E-06, 1.53345E-08
584, 3.61774E-06, 2.92437E-06, 3.47688E-06, 1.52304E-08
585, 3.64433E-06, 2.92303E-06, 3.49345E-06, 1.51251E-08
586, 3.67058E-06, 2.92150E-06, 3.50951E-06, 1.50188E-08
587, 3.69650E-06, 2.91978E-06, 3.52506E-06, 1.49115E-08
588, 3.72208E-06, 2.91787E-06, 3.54010E-06, 1.48032E-08
589, 3.74733E-06, 2.91577E-06, 3.55464E-06, 1.47095E-08
590, 3.77223E-06, 2.91349E-06, 3.56868E-06, 1.46563E-08
591, 3.79679E-06, 2.91102E-06, 3.58222E-06, 1.46013E-08
592, 3.82101E-06, 2.90835E-06, 3.59525E-06, 1.45444E-08
593, 3.84488E-06, 2.90550E-06, 3.60779E-06, 1.44859E-08
594, 3.86841E-06, 2.90246E-06, 3.61983E-06, 1.44256E-08
595, 3.89159E-06, 2.89924E-06, 3.63137E-06, 1.43638E-08
596, 3.91442E-06, 2.89583E-06, 3.64241E-06, 1.43005E-08
597, 3.93691E-06, 2.89223E-06, 3.65297E-06, 1.42358E-08
598, 3.95904E-06, 2.88845E-06, 3.66303E-06, 1.41697E-08
599, 3.98082E-06, 2.88448E-06, 3.67260E-06, 1.41023E-08
600, 4.00225E-06, 2.88033E-06, 3.68168E-06, 1.40337E-08
601, 4.02333E-06, 2.87600E-06, 3.69028E-06, 1.39639E-08
602, 4.04405E-06, 2.87148E-06, 3.69839E-06, 1.38929E-08
603, 4.06442E-06, 2.86678E-06, 3.70602E-06, 1.38210E-08
604, 4.08443E-06, 2.86191E-06, 3.71317E-06, 1.37481E-08
605, 4.10409E-06, 2.85685E-06, 3.71984E-06, 1.36742E-08
606, 4.12339E-06, 2.85162E-06, 3.72604E-06, 1.35995E-08
607, 4.14233E-06, 2.84621E-06, 3.73176E-06, 1.35240E-08
608, 4.16092E-06, 2.84063E-06, 3.73701E-06, 1.34478E-08
609, 4.17915E-06, 2.83487E-06, 3.74178E-06, 1.33708E-08
610, 4.19702E-06, 2.82894E-06, 3.74609E-06, 1.32932E-08
611, 4.21453E-06, 2.82284E-06, 3.74994E-06, 1.32151E-08
612, 4.23168E-06, 2.81657E-06, 3.75332E-06, 1.31363E-08
613, 4.24848E-06, 2.81013E-06, 3.75624E-06, 1.30571E-08
614, 4.26491E-06, 2.80352E-06, 3.75870E-06, 1.29775E-08
615, 4.28099E-06, 2.79674E-06, 3.76071E-06, 1.28975E-08
616, 4.29671E-06, 2.78981E-06, 3.76226E-06, 1.28171E-08
617, 4.31206E-06, 2.78271E-06, 3.76336E-06, 1.27364E-08
618, 4.32706E-06, 2.77544E-06, 3.76402E-06, 1.26554E-08
619, 4.34170E-06, 2.76802E-06, 3.76422E-06, 1.25742E-08
620, 4.35598E-06, 2.76044E-06, 3.76399E-06, 1.24928E-08
621, 4.36990E-06, 2.75270E-06, 3.76331E-06, 1.24113E-08
622, 4.38404E-06, 2.74480E-06, 3.76220E-06, 1.23296E-08
623, 4.40575E-06, 2.73675E-06, 3.76065E-06, 1.22479E-08
624, 4.42690E-06, 2.72855E-06, 3.75867E-06, 1.21991E-08
625, 4.44749E-06, 2.72020E-06, 3.75626E-06, 1.21654E-08
626, 4.46751E-06, 2.71169E-06, 3.75342E-06, 1.21308E-08
627, 4.48697E-06, 2.70304E-06, 3.75016E-06, 1.20953E-08
628, 4.50585E-06, 2.69424E-06, 3.74648E-06, 1.20590E-08
629, 4.52416E-06, 2.68529E-06, 3.74238E-06, 1.20220E-08
630, 4.54189E-06, 2.67620E-06, 3.73787E-06, 1.19842E-08
631, 4.55904E-06, 2.67311E-06, 3.73295E-06, 1.19457E-08
632, 4.57562E-06, 2.67081E-06, 3.72761E-06, 1.19065E-08
633, 4.59162E-06, 2.66804E-06, 3.72187E-06, 1.18667E-08
634, 4.60703E-06, 2.66479E-06, 3.71573E-06, 1.18262E-08
635, 4.62186E-06, 2.66107E-06, 3.70919E-06, 1.17852E-08
636, 4.63611E-06, 2.65688E-06, 3.70226E-06, 1.17437E-08
637, 4.64977E-06, 2.65220E-06, 3.69493E-06, 1.17016E-08
638, 4.66285E-06, 2.64705E-06, 3.68721E-06, 1.16590E-08
639, 4.67534E-06, 2.64142E-06, 3.67911E-06, 1.16159E-08
640, 4.68725E-06, 2.63530E-06, 3.67063E-06, 1.15724E-08
641, 4.69857E-06, 2.62871E-06, 3.66176E-06, 1.15284E-08
642, 4.70931E-06, 2.62164E-06, 3.65252E-06, 1.14841E-08
643, 4.71946E-06, 2.61409E-06, 3.64291E-06, 1.14393E-08
644, 4.72902E-06, 2.60605E-06, 3.63293E-06, 1.13942E-08
645, 4.73801E-06, 2.59754E-06, 3.62259E-06, 1.13487E-08
646, 4.74641E-06, 2.58854E-06, 3.61188E-06, 1.13028E-08
647, 4.75423E-06, 2.57907E-06, 3.60082E-06, 1.12566E-08
648, 4.76146E-06, 2.56912E-06, 3.58940E-06, 1.12101E-08
649, 4.76812E-06, 2.55870E-06, 3.57763E-06, 1.11633E-08
650, 4.77420E-06, 2.54780E-06, 3.56552E-06, 1.11162E-08
651, 4.77971E-06, 2.53642E-06, 3.55306E-06, 1.10688E-08
652, 4.78464E-06, 2.52458E-06, 3.54026E-06, 1.10211E-08
653, 4.78899E-06, 2.51226E-06, 3.52713E-06, 1.09731E-08
654, 4.79278E-06, 2.52373E-06, 3.51367E-06, 1.09248E-08
655, 4.79600E-06, 2.54465E-06, 3.49988E-06, 1.08763E-08
656, 4.79865E-06, 2.56530E-06, 3.48576E-06, 1.08726E-08
657, 4.80074E-06, 2.58567E-06, 3.47133E-06, 1.09082E-08
658, 4.80226E-06, 2.60578E-06, 3.45658E-06, 1.09403E-08
659, 4.80323E-06, 2.62560E-06, 3.44152E-06, 1.09691E-08
660, 4.80364E-06, 2.64514E-06, 3.42615E-06, 1.09944E-08
661, 4.80350E-06, 2.66441E-06, 3.41048E-06, 1.10165E-08
662, 4.80281E-06, 2.68338E-06, 3.39451E-06, 1.10353E-08
663, 4.80158E-06, 2.70206E-06, 3.37825E-06, 1.10509E-08
664, 4.79979E-06, 2.72045E-06, 3.36169E-06, 1.10632E-08
665, 4.79747E-06, 2.73855E-06, 3.34485E-06, 1.10725E-08
666, 4.79462E-06, 2.75634E-06, 3.32773E-06, 1.10786E-08
667, 4.79123E-06, 2.77626E-06, 3.31033E-06, 1.10817E-08
668, 4.78730E-06, 2.80214E-06, 3.29265E-06, 1.10817E-08
669, 4.78286E-06, 2.82768E-06, 3.27471E-06, 1.10789E-08
670, 4.77789E-06, 2.85287E-06, 3.25650E-06, 1.10732E-08
671, 4.77240E-06, 2.87770E-06, 3.23803E-06, 1.10646E-08
672, 4.76640E-06, 2.90217E-06, 3.21930E-06, 1.10533E-08
673, 4.75989E-06, 2.92627E-06, 3.20033E-06, 1.10393E-08
674, 4.75287E-06, 2.95000E-06, 3.18110E-06, 1.10226E-08
675, 4.74535E-06, 2.97336E-06, 3.16164E-06, 1.10034E-08
676, 4.73734E-06, 2.99633E-06, 3.14194E-06, 1.09817E-08
677, 4.72882E-06, 3.01892E-06, 3.12200E-06, 1.09576E-08
678, 4.71982E-06, 3.04113E-06, 3.10183E-06, 1.09311E-08
679, 4.71034E-06, 3.06294E-06, 3.08145E-06, 1.09023E-08
680, 4.70037E-06, 3.08436E-06, 3.06084E-06, 1.08713E-08
681, 4.68993E-06, 3.10537E-06, 3.04002E-06, 1.08382E-08
682, 4.67901E-06, 3.12598E-06, 3.01898E-06, 1.08030E-08
683, 4.66763E-06, 3.14619E-06, 2.99775E-06, 1.07658E-08
684, 4.65579E-06, 3.16598E-06, 2.97631E-06, 1.07267E-08
685, 4.64348E-06, 3.18536E-06, 2.95468E-06, 1.06858E-08
686, 4.63641E-06, 3.20432E-06, 2.93285E-06, 1.06431E-08
687, 4.63246E-06, 3.22286E-06, 2.91085E-06, 1.05987E-08
688, 4.62814E-06, 3.24098E-06, 2.88866E-06, 1.05528E-08
689, 4.62345E-06, 3.25867E-06, 2.86629E-06, 1.05054E-08
690, 4.61839E-06, 3.27593E-06, 2.84375E-06, 1.04565E-08
691, 4.61295E-06, 3.29276E-06, 2.82105E-06, 1.04063E-08
692, 4.60714E-06, 3.30915E-06, 2.79818E-06, 1.04849E-08
693, 4.60096E-06, 3.32510E-06, 2.77516E-06, 1.05791E-08
694, 4.59440E-06, 3.34062E-06, 2.75199E-06, 1.06722E-08
695, 4.58747E-06, 3.35569E-06, 2.72867E-06, 1.07645E-08
696, 4.58636E-06, 3.37032E-06, 2.70521E-06, 1.08557E-08
697, 4.58806E-06, 3.38450E-06, 2.68162E-06, 1.09460E-08
698, 4.58941E-06, 3.39823E-06, 2.65789E-06, 1.10354E-08
699, 4.59041E-06, 3.41151E-06, 2.63403E-06, 1.11239E-08
700, 4.59106E-06, 3.42434E-06, 2.61006E-06, 1.12115E-08
701, 4.59135E-06, 3.43672E-06, 2.58597E-06, 1.12982E-08
702, 4.59127E-06, 3.44864E-06, 2.56177E-06, 1.13841E-08
703, 4.59083E-06, 3.46011E-06, 2.53746E-06, 1.14692E-08
704, 4.59003E-06, 3.47111E-06, 2.51305E-06, 1.15534E-08
705, 4.58885E-06, 3.48166E-06, 2.48854E-06, 1.16369E-08
706, 4.58730E-06, 3.49175E-06, 2.46395E-06, 1.17196E-08
707, 4.58537E-06, 3.50138E-06, 2.43927E-06, 1.18015E-08
708, 4.58306E-06, 3.51055E-06, 2.41450E-06, 1.18827E-08
709, 4.58037E-06, 3.51926E-06, 2.38967E-06, 1.19632E-08
710, 4.57730E-06, 3.52750E-06, 2.36476E-06, 1.20430E-08
711, 4.57384E-06, 3.53528E-06, 2.33979E-06, 1.21222E-08
712, 4.56998E-06, 3.54260E-06, 2.31475E-06, 1.22006E-08
713, 4.56573E-06, 3.54946E-06, 2.28967E-06, 1.22785E-08
714, 4.56109E-06, 3.55585E-06, 2.26453E-06, 1.23557E-08
715, 4.55605E-06, 3.56179E-06, 2.23935E-06, 1.24323E-08
716, 4.55060E-06, 3.56726E-06, 2.21413E-06, 1.25083E-08
717, 4.54476E-06, 3.57226E-06, 2.18887E-06, 1.25838E-08
718, 4.53850E-06, 3.57681E-06, 2.16359E-06, 1.26587E-08
719, 4.53184E-06, 3.58090E-06, 2.13828E-06, 1.27331E-08
720, 4.52477E-06, 3.58452E-06, 2.11295E-06, 1.28069E-08
721, 4.51728E-06, 3.58769E-06, 2.08761E-06, 1.28803E-08
722, 4.50938E-06, 3.59040E-06, 2.06226E-06, 1.29532E-08
723, 4.50107E-06, 3.59265E-06, 2.03691E-06, 1.30256E-08
724, 4.49233E-06, 3.59445E-06, 2.01156E-06, 1.30975E-08
725, 4.48318E-06, 3.59579E-06, 1.98621E-06, 1.31690E-08
726, 4.47360E-06, 3.59668E-06, 1.96088E-06, 1.32401E-08
727, 4.46360E-06, 3.59712E-06, 1.93556E-06, 1.33107E-08
728, 4.45317E-06, 3.59710E-06, 1.91026E-06, 1.33810E-08
729, 4.44232E-06, 3.59931E-06, 1.88499E-06, 1.34508E-08
730, 4.43104E-06, 3.60338E-06, 1.85976E-06, 1.35203E-08
731, 4.41933E-06, 3.60695E-06, 1.83455E-06, 1.35894E-08
732, 4.40720E-06, 3.61002E-06, 1.80939E-06, 1.36580E-08
733, 4.39463E-06, 3.61261E-06, 1.78427E-06, 1.37264E-08
734, 4.38162E-06, 3.61470E-06, 1.75921E-06, 1.37944E-08
735, 4.36819E-06, 3.61632E-06, 1.73420E-06, 1.38620E-08
736, 4.35432E-06, 3.61745E-06, 1.70925E-06, 1.39292E-08
737, 4.34002E-06, 3.61810E-06, 1.68436E-06, 1.39961E-08
738, 4.32529E-06, 3.61828E-06, 1.65954E-06, 1.40627E-08
739, 4.31012E-06, 3.61799E-06, 1.63480E-06, 1.41289E-08
740, 4.29451E-06, 3.61723E-06, 1.61014E-06, 1.41948E-08
741, 4.27847E-06, 3.61601E-06, 1.58556E-06, 1.42603E-08
742, 4.26200E-06, 3.61432E-06, 1.56107E-06, 1.43254E-08
743, 4.24510E-06, 3.61218E-06, 1.53667E-06, 1.43902E-08
744, 4.22776E-06, 3.60959E-06, 1.51236E-06, 1.44546E-08
745, 4.20998E-06, 3.60655E-06, 1.49314E-06, 1.45187E-08
746, 4.19178E-06, 3.60307E-06, 1.49467E-06, 1.45824E-08
747, 4.17314E-06, 3.59914E-06, 1.49605E-06, 1.46457E-08
748, 4.15408E-06, 3.59479E-06, 1.49726E-06, 1.47085E-08
749, 4.13458E-06, 3.59000E-06, 1.49833E-06, 1.47710E-08
750, 4.11466E-06, 3.58478E-06, 1.49924E-06, 1.48331E-08
751, 4.09431E-06, 3.57915E-06, 1.50000E-06, 1.48946E-08
752, 4.07354E-06, 3.57309E-06, 1.50062E-06, 1.49558E-08
753, 4.05234E-06, 3.56663E-06, 1.50110E-06, 1.50165E-08
754, 4.03072E-06, 3.55975E-06, 1.50143E-06, 1.50767E-08
755, 4.00869E-06, 3.55248E-06, 1.50162E-06, 1.51363E-08
756, 3.98624E-06, 3.54481E-06, 1.50168E-06, 1.51954E-08
757, 3.96337E-06, 3.53674E-06, 1.50161E-06, 1.52540E-08
758, 3.94009E-06, 3.52829E-06, 1.50140E-06, 1.53120E-08
759, 3.91641E-06, 3.51945E-06, 1.50107E-06, 1.53693E-08
760, 3.89232E-06, 3.51024E-06, 1.50062E-06, 1.54261E-08
761, 3.86782E-06, 3.50066E-06, 1.50004E-06, 1.54822E-08
762, 3.84293E-06, 3.49070E-06, 1.49935E-06, 1.55376E-08
763, 3.81764E-06, 3.48039E-06, 1.49854E-06, 1.55922E-08
764, 3.79196E-06, 3.46972E-06, 1.49762E-06, 1.56462E-08
765, 3.76589E-06, 3.45870E-06, 1.49659E-06, 1.56993E-08
766, 3.73944E-06, 3.44734E-06, 1.49546E-06, 1.57516E-08
767, 3.71261E-06, 3.43563E-06, 1.49422E-06, 1.58031E-08
768, 3.68540E-06, 3.42359E-06, 1.49288E-06, 1.58536E-08
769, 3.65963E-06, 3.41122E-06, 1.49145E-06, 1.59032E-08
770, 3.63407E-06, 3.39853E-06, 1.48992E-06, 1.59519E-08
771, 3.60814E-06, 3.38551E-06, 1.48830E-06, 1.59995E-08
772, 3.58184E-06, 3.37219E-06, 1.48659E-06, 1.60461E-08
773, 3.55517E-06, 3.35856E-06, 1.48480E-06, 1.60916E-08
774, 3.52815E-06, 3.34462E-06, 1.48293E-06, 1.61360E-08
775, 3.50077E-06, 3.33039E-06, 1.48098E-06, 1.61792E-08
776, 3.47303E-06, 3.31587E-06, 1.47895E-06, 1.62211E-08
777, 3.44496E-06, 3.30107E-06, 1.47685E-06, 1.62618E-08
778, 3.41654E-06, 3.28598E-06, 1.47469E-06, 1.63012E-08
779, 3.38780E-06, 3.27062E-06, 1.47245E-06, 1.63392E-08
780, 3.35872E-06, 3.25499E-06, 1.47015E-06, 1.63758E-08
781, 3.32932E-06, 3.23910E-06, 1.46780E-06, 1.64110E-08
782, 3.29961E-06, 3.22295E-06, 1.46538E-06, 1.64446E-08
783, 3.26958E-06, 3.20655E-06, 1.46291E-06, 1.64767E-08
784, 3.23926E-06, 3.18990E-06, 1.46039E-06, 1.65072E-08
785, 3.20863E-06, 3.17302E-06, 1.45782E-06, 1.65360E-08
786, 3.17772E-06, 3.15589E-06, 1.45520E-06, 1.65631E-08
787, 3.14652E-06, 3.13854E-06, 1.45254E-06, 1.65885E-08
788, 3.11505E-06, 3.12704E-06, 1.44984E-06, 1.66121E-08
789, 3.08330E-06, 3.11565E-06, 1.44711E-06, 1.66338E-08
790, 3.05129E-06, 3.10407E-06, 1.44433E-06, 1.66537E-08
791, 3.01903E-06, 3.09232E-06, 1.44153E-06, 1.66715E-08
792, 2.98652E-06, 3.08039E-06, 1.43966E-06, 1.66874E-08
793, 2.95376E-06, 3.06828E-06, 1.43990E-06, 1.67012E-08
794, 2.92077E-06, 3.05601E-06, 1.44009E-06, 1.67130E-08
795, 2.88756E-06, 3.04358E-06, 1.44023E-06, 1.67225E-08
796, 2.85412E-06, 3.03099E-06, 1.44032E-06, 1.67299E-08
797, 2.82047E-06, 3.01824E-06, 1.44036E-06, 1.67350E-08
798, 2.78662E-06, 3.00534E-06, 1.44035E-06, 1.67378E-08
799, 2.75257E-06, 2.99229E-06, 1.44030E-06, 1.67383E-08
800, 2.71834E-06, 2.97910E-06, 1.44019E-06, 1.67364E-08
801, 2.68392E-06, 2.96577E-06, 1.44004E-06, 1.67321E-08
802, 2.64933E-06, 2.95230E-06, 1.43984E-06, 1.67253E-08
803, 2.61458E-06, 2.93870E-06, 1.43959E-06, 1.67160E-08
804, 2.57966E-06, 2.92497E-06, 1.43929E-06, 1.67041E-08
805, 2.58888E-06, 2.91111E-06, 1.43894E-06, 1.66896E-08
806, 2.59989E-06, 2.89713E-06, 1.43855E-06, 1.66725E-08
807, 2.61084E-06, 2.88303E-06, 1.43810E-06, 1.66527E-08
808, 2.62173E-06, 2.86881E-06, 1.43761E-06, 1.66301E-08
809, 2.63258E-06, 2.85448E-06, 1.43707E-06, 1.66049E-08
810, 2.64337E-06, 2.84003E-06, 1.43648E-06, 1.65768E-08
811, 2.65410E-06, 2.82548E-06, 1.43585E-06, 1.65459E-08
812, 2.66477E-06, 2.81082E-06, 1.43516E-06, 1.65121E-08
813, 2.67539E-06, 2.79606E-06, 1.43443E-06, 1.64755E-08
814, 2.68595E-06, 2.78120E-06, 1.43365E-06, 1.64360E-08
815, 2.69644E-06, 2.76625E-06, 1.43282E-06, 1.63935E-08
816, 2.70688E-06, 2.75119E-06, 1.43195E-06, 1.63480E-08
817, 2.71725E-06, 2.73605E-06, 1.43102E-06, 1.62996E-08
818, 2.72755E-06, 2.72081E-06, 1.43005E-06, 1.62481E-08
819, 2.73780E-06, 2.71076E-06, 1.42904E-06, 1.61937E-08
820, 2.74797E-06, 2.70326E-06, 1.42797E-06, 1.61362E-08
821, 2.75808E-06, 2.69559E-06, 1.42782E-06, 1.60756E-08
822, 2.76812E-06, 2.68774E-06, 1.42810E-06, 1.60119E-08
823, 2.77809E-06, 2.67972E-06, 1.42835E-06, 1.59452E-08
824, 2.79406E-06, 2.67152E-06, 1.42855E-06, 1.58754E-08
825, 2.81421E-06, 2.66315E-06, 1.42871E-06, 1.58024E-08
826, 2.83424E-06, 2.65459E-06, 1.42882E-06, 1.57264E-08
827, 2.85416E-06, 2.64585E-06, 1.42889E-06, 1.56473E-08
828, 2.87395E-06, 2.63694E-06, 1.42892E-06, 1.55650E-08
829, 2.89362E-06, 2.62784E-06, 1.42890E-06, 1.54797E-08
830, 2.91316E-06, 2.61855E-06, 1.42883E-06, 1.53912E-08
831, 2.93256E-06, 2.60909E-06, 1.42871E-06, 1.52997E-08
832, 2.95182E-06, 2.59943E-06, 1.42854E-06, 1.52050E-08
833, 2.97093E-06, 2.58959E-06, 1.42832E-06, 1.51073E-08
834, 2.98990E-06, 2.57956E-06, 1.42805E-06, 1.50065E-08
835, 3.00871E-06, 2.56935E-06, 1.42772E-06, 1.49026E-08
836, 3.02737E-06, 2.55894E-06, 1.42734E-06, 1.47958E-08
837, 3.04586E-06, 2.54834E-06, 1.42690E-06, 1.46859E-08
838, 3.06419E-06, 2.53755E-06, 1.42640E-06, 1.45730E-08
839, 3.08235E-06, 2.52657E-06, 1.42584E-06, 1.44571E-08
840, 3.10033E-06, 2.51539E-06, 1.42523E-06, 1.43383E-08
841, 3.11813E-06, 2.50402E-06, 1.42455E-06, 1.42166E-08
842, 3.13576E-06, 2.49245E-06, 1.42380E-06, 1.40920E-08
843, 3.15320E-06, 2.48069E-06, 1.42300E-06, 1.39645E-08
844, 3.17045E-06, 2.46873E-06, 1.42212E-06, 1.38342E-08
845, 3.18750E-06, 2.45658E-06, 1.42118E-06, 1.37012E-08
846, 3.20436E-06, 2.44422E-06, 1.42017E-06, 1.35654E-08
847, 3.22102E-06, 2.43167E-06, 1.41909E-06, 1.34269E-08
848, 3.23748E-06, 2.41892E-06, 1.41794E-06, 1.32857E-08
849, 3.25373E-06, 2.40597E-06, 1.41671E-06, 1.31419E-08
850, 3.26977E-06, 2.39282E-06, 1.41541E-06, 1.29955E-08
851, 3.28559E-06, 2.37946E-06, 1.41404E-06, 1.28466E-08
852, 3.30120E-06, 2.36591E-06, 1.41259E-06, 1.26952E-08
853, 3.31659E-06, 2.35216E-06, 1.41106E-06, 1.25414E-08
854, 3.33176E-06, 2.33820E-06, 1.40946E-06, 1.23852E-08
855, 3.34671E-06, 2.32405E-06, 1.40777E-06, 1.22267E-08
856, 3.36142E-06, 2.30970E-06, 1.40600E-06, 1.20659E-08
857, 3.37591E-06, 2.29514E-06, 1.40415E-06, 1.19183E-08
858, 3.39016E-06, 2.28038E-06, 1.40222E-06, 1.17924E-08
859, 3.40417E-06, 2.26543E-06, 1.40020E-06, 1.16641E-08
860, 3.41795E-06, 2.25027E-06, 1.39810E-06, 1.15335E-08
861, 3.43149E-06, 2.23492E-06, 1.39591E-06, 1.14006E-08
862, 3.44478E-06, 2.21937E-06, 1.39363E-06, 1.12654E-08
863, 3.45783E-06, 2.20361E-06, 1.39126E-06, 1.11281E-08
864, 3.47077E-06, 2.20824E-06, 1.38881E-06, 1.09887E-08
865, 3.48610E-06, 2.21629E-06, 1.38626E-06, 1.08472E-08
866, 3.50119E-06, 2.22414E-06, 1.38363E-06, 1.07037E-08
867, 3.51606E-06, 2.23181E-06, 1.38090E-06, 1.05582E-08
868, 3.53069E-06, 2.23930E-06, 1.37808E-06, 1.04109E-08
869, 3.54508E-06, 2.24659E-06, 1.37517E-06, 1.02618E-08
870, 3.55923E-06, 2.25369E-06, 1.37305E-06, 1.01109E-08
871, 3.57314E-06, 2.26060E-06, 1.38098E-06, 9.95831E-09
872, 3.58680E-06, 2.26732E-06, 1.38873E-06, 9.80408E-09
873, 3.60021E-06, 2.27385E-06, 1.39631E-06, 9.64828E-09
874, 3.61337E-06, 2.28019E-06, 1.40372E-06, 9.49097E-09
875, 3.62628E-06, 2.28633E-06, 1.41094E-06, 9.33224E-09
876, 3.63893E-06, 2.29228E-06, 1.41799E-06, 9.17212E-09
877, 3.65133E-06, 2.29804E-06, 1.42486E-06, 9.01068E-09
878, 3.66347E-06, 2.30360E-06, 1.43155E-06, 8.84801E-09
879, 3.67535E-06, 2.30897E-06, 1.43807E-06, 8.68415E-09
880, 3.68696E-06, 2.31414E-06, 1.44441E-06, 8.51918E-09
881, 3.69832E-06, 2.31912E-06, 1.45057E-06, 8.35317E-09
882, 3.70940E-06, 2.32390E-06, 1.45655E-06, 8.18617E-09
883, 3.72022E-06, 2.32848E-06, 1.46235E-06, 8.01826E-09
884, 3.73077E-06, 2.33286E-06, 1.46797E-06, 7.84947E-09
885, 3.74105E-06, 2.33705E-06, 1.47342E-06, 7.67994E-09
886, 3.75106E-06, 2.34103E-06, 1.47869E-06, 7.50967E-09
887, 3.76079E-06, 2.34482E-06, 1.48378E-06, 7.33873E-09
888, 3.77026E-06, 2.34841E-06, 1.48869E-06, 7.16723E-09
889, 3.77944E-06, 2.35179E-06, 1.49343E-06, 6.99519E-09
890, 3.78835E-06, 2.35497E-06, 1.49799E-06, 6.82267E-09
891, 3.79699E-06, 2.35795E-06, 1.50237E-06, 6.69757E-09
892, 3.80534E-06, 2.36073E-06, 1.50657E-06, 6.58907E-09
893, 3.81342E-06, 2.36331E-06, 1.51539E-06, 6.47980E-09
894, 3.82122E-06, 2.36568E-06, 1.52585E-06, 6.36985E-09
895, 3.82874E-06, 2.36785E-06, 1.53616E-06, 6.28197E-09
896, 3.83598E-06, 2.36981E-06, 1.54630E-06, 6.21335E-09
897, 3.84294E-06, 2.37157E-06, 1.55628E-06, 6.14348E-09
898, 3.84962E-06, 2.37313E-06, 1.56609E-06, 6.07238E-09
899, 3.85601E-06, 2.37448E-06, 1.57574E-06, 6.00010E-09
900, 3.86213E-06, 2.37562E-06, 1.58523E-06, 5.92663E-09
901, 3.86796E-06, 2.37656E-06, 1.59455E-06, 5.85205E-09
902, 3.87352E-06, 2.37729E-06, 1.60370E-06, 5.77639E-09
903, 3.87879E-06, 2.37781E-06, 1.61268E-06, 5.69964E-09
904, 3.88377E-06, 2.37813E-06, 1.62150E-06, 5.62186E-09
905, 3.88848E-06, 2.37824E-06, 1.63014E-06, 5.54308E-09
906, 3.89291E-06, 2.37814E-06, 1.63861E-06, 5.46334E-09
907, 3.89705E-06, 2.37784E-06, 1.64691E-06, 5.38266E-09
908, 3.90092E-06, 2.37733E-06, 1.65504E-06, 5.30108E-09
909, 3.90451E-06, 2.37661E-06, 1.66300E-06, 5.21862E-09
910, 3.90781E-06, 2.37568E-06, 1.67078E-06, 5.13563E-09
911, 3.91084E-06, 2.37455E-06, 1.67838E-06, 5.05717E-09
912, 3.91359E-06, 2.37321E-06, 1.68581E-06, 4.97783E-09
913, 3.91606E-06, 2.37166E-06, 1.69307E-06, 4.89769E-09
914, 3.91825E-06, 2.36991E-06, 1.70014E-06, 4.81670E-09
915, 3.92017E-06, 2.36795E-06, 1.70705E-06, 4.73496E-09
916, 3.92182E-06, 2.36578E-06, 1.71377E-06, 4.65247E-09
917, 3.92318E-06, 2.36341E-06, 1.72031E-06, 4.56924E-09
918, 3.92428E-06, 2.36083E-06, 1.72668E-06, 4.48530E-09
919, 3.92511E-06, 2.35971E-06, 1.73286E-06, 4.40071E-09
920, 3.92566E-06, 2.36171E-06, 1.73887E-06, 4.31546E-09
921, 3.92594E-06, 2.36351E-06, 1.74470E-06, 4.22963E-09
922, 3.92596E-06, 2.36510E-06, 1.75034E-06, 4.14317E-09
923, 3.92571E-06, 2.36647E-06, 1.75581E-06, 4.05617E-09
924, 3.92519E-06, 2.36764E-06, 1.76110E-06, 3.98945E-09
925, 3.92441E-06, 2.36860E-06, 1.76620E-06, 3.99260E-09
926, 3.92337E-06, 2.36935E-06, 1.77112E-06, 4.07644E-09
927, 3.92206E-06, 2.36989E-06, 1.77586E-06, 4.15836E-09
928, 3.92050E-06, 2.37022E-06, 1.78483E-06, 4.23838E-09
929, 3.91867E-06, 2.37035E-06, 1.79520E-06, 4.31643E-09
930, 3.91660E-06, 2.37026E-06, 1.80545E-06, 4.39253E-09
931, 3.91573E-06, 2.36996E-06, 1.81558E-06, 4.46664E-09
932, 3.91629E-06, 2.36946E-06, 1.82558E-06, 4.53882E-09
933, 3.91659E-06, 2.36875E-06, 1.83545E-06, 4.60900E-09
934, 3.91662E-06, 2.36783E-06, 1.84520E-06, 4.67719E-09
935, 3.91640E-06, 2.36670E-06, 1.85481E-06, 4.74340E-09
936, 3.91591E-06, 2.36537E-06, 1.86430E-06, 4.80763E-09
937, 3.91516E-06, 2.36382E-06, 1.87365E-06, 4.86984E-09
938, 3.91415E-06, 2.36207E-06, 1.88287E-06, 4.93007E-09
939, 3.91289E-06, 2.36012E-06, 1.89195E-06, 4.98830E-09
940, 3.91137E-06, 2.35796E-06, 1.90090E-06, 5.04453E-09
941, 3.90960E-06, 2.35559E-06, 1.90971E-06, 5.09878E-09
942, 3.90757E-06, 2.35302E-06, 1.91838E-06, 5.15103E-09
943, 3.90529E-06, 2.35025E-06, 1.92690E-06, 5.20132E-09
944, 3.90276E-06, 2.34728E-06, 1.93529E-06, 5.24959E-09
945, 3.89997E-06, 2.34410E-06, 1.94353E-06, 5.29591E-09
946, 3.89694E-06, 2.34072E-06, 1.95162E-06, 5.34027E-09
947, 3.89367E-06, 2.33714E-06, 1.95957E-06, 5.38267E-09
948, 3.89014E-06, 2.33336E-06, 1.96737E-06, 5.42311E-09
949, 3.88638E-06, 2.32938E-06, 1.97501E-06, 5.46162E-09
950, 3.88237E-06, 2.32520E-06, 1.98251E-06, 5.49820E-09
951, 3.87812E-06, 2.32083E-06, 1.98986E-06, 5.53285E-09
952, 3.87363E-06, 2.31626E-06, 1.99705E-06, 5.56560E-09
953, 3.86891E-06, 2.31150E-06, 2.00409E-06, 5.59645E-09
954, 3.86394E-06, 2.30654E-06, 2.01097E-06, 5.62543E-09
955, 3.85875E-06, 2.30140E-06, 2.01770E-06, 5.65254E-09
956, 3.85332E-06, 2.29710E-06, 2.02426E-06, 5.67779E-09
957, 3.84766E-06, 2.30623E-06, 2.03067E-06, 5.70121E-09
958, 3.84177E-06, 2.31522E-06, 2.03692E-06, 5.72281E-09
959, 3.83566E-06, 2.32409E-06, 2.04301E-06, 5.74259E-09
960, 3.82932E-06, 2.33282E-06, 2.04893E-06, 5.76060E-09
961, 3.82276E-06, 2.34142E-06, 2.05469E-06, 5.77683E-09
962, 3.81597E-06, 2.34988E-06, 2.06029E-06, 5.80646E-09
963, 3.80897E-06, 2.35821E-06, 2.06572E-06, 5.84849E-09
964, 3.80175E-06, 2.36640E-06, 2.07098E-06, 5.88862E-09
965, 3.79432E-06, 2.37445E-06, 2.07608E-06, 5.92690E-09
966, 3.78667E-06, 2.38237E-06, 2.08101E-06, 5.96330E-09
967, 3.77881E-06, 2.39014E-06, 2.08577E-06, 5.99784E-09
968, 3.77074E-06, 2.39778E-06, 2.09036E-06, 6.03056E-09
969, 3.76246E-06, 2.40527E-06, 2.09478E-06, 6.06671E-09
970, 3.75398E-06, 2.41263E-06, 2.09903E-06, 6.11265E-09
971, 3.74529E-06, 2.41983E-06, 2.10311E-06, 6.15645E-09
972, 3.73641E-06, 2.42690E-06, 2.10701E-06, 6.19808E-09
973, 3.72732E-06, 2.43382E-06, 2.11074E-06, 6.24041E-09
974, 3.71804E-06, 2.44059E-06, 2.11430E-06, 6.30325E-09
975, 3.70856E-06, 2.44722E-06, 2.11768E-06, 6.36408E-09
976, 3.69889E-06, 2.45370E-06, 2.12089E-06, 6.42291E-09
977, 3.68903E-06, 2.46002E-06, 2.12392E-06, 6.47979E-09
978, 3.67898E-06, 2.46620E-06, 2.12678E-06, 6.53468E-09
979, 3.66875E-06, 2.47223E-06, 2.12946E-06, 6.58765E-09
980, 3.65833E-06, 2.47969E-06, 2.13197E-06, 6.63867E-09
981, 3.64773E-06, 2.48886E-06, 2.13429E-06, 6.68775E-09
982, 3.63695E-06, 2.49791E-06, 2.13644E-06, 6.73494E-09
983, 3.62599E-06, 2.50684E-06, 2.13841E-06, 6.78024E-09
984, 3.61485E-06, 2.51566E-06, 2.14020E-06, 6.82366E-09
985, 3.60354E-06, 2.52435E-06, 2.14182E-06, 6.86519E-09
986, 3.59206E-06, 2.53293E-06, 2.14325E-06, 6.90490E-09
987, 3.58042E-06, 2.54138E-06, 2.14451E-06, 6.94276E-09
988, 3.56860E-06, 2.54971E-06, 2.14559E-06, 6.97882E-09
989, 3.55662E-06, 2.55791E-06, 2.14648E-06, 7.01305E-09
990, 3.54448E-06, 2.56599E-06, 2.14720E-06, 7.04553E-09
991, 3.53217E-06, 2.57394E-06, 2.14774E-06, 7.07622E-09
992, 3.51971E-06, 2.58176E-06, 2.14810E-06, 7.10518E-09
993, 3.50709E-06, 2.58945E-06, 2.14829E-06, 7.13238E-09
994, 3.49432E-06, 2.59701E-06, 2.14829E-06, 7.15788E-09
995, 3.48139E-06, 2.60443E-06, 2.14811E-06, 7.18169E-09
996, 3.46832E-06, 2.61172E-06, 2.14776E-06, 7.20379E-09
997, 3.45509E-06, 2.61888E-06, 2.14722E-06, 7.22427E-09
998, 3.44172E-06, 2.62590E-06, 2.14651E-06, 7.24309E-09
999, 3.42821E-06, 2.63278E-06, 2.14562E-06, 7.26028E-09
1000, 3.41455E-06, 2.63952E-06, 2.14455E-06, 7.27586E-09
