time_step, rel_err_u, rel_err_v, rel_err_w, rel_err_p, rel_err_u_m, rel_err_v_m, rel_err_w_m, rel_err_p_m
0, 0.00000E+00, 0.00000E+00, 0.00000E+00, 0.00000E+00, 0.00000E+00, 0.00000E+00, 0.00000E+00, 1.93005E-07
1, 7.27606E-04, 5.55522E-04, 5.59082E-04, 9.47156E-03, 2.74594E-05, 3.10007E-05, 2.31666E-05, 5.61436E+00
2, 5.40489E-04, 5.23425E-04, 3.35782E-04, 3.41672E-02, 9.37375E-06, 8.31349E-06, 6.63479E-06, 9.95742E+00
3, 4.28917E-04, 3.29353E-04, 3.32464E-04, 3.66509E-04, 9.18546E-06, 7.94057E-06, 6.50024E-06, 3.21542E-02
4, 7.59321E-05, 3.19109E-05, 2.81949E-05, 6.67595E-04, 1.93162E-06, 1.52840E-06, 1.08133E-06, 1.39832E-01
5, 6.87604E-05, 3.43875E-05, 2.80471E-05, 1.85634E-04, 2.15485E-06, 1.66897E-06, 1.19560E-06, 3.84633E-02
6, 7.15294E-05, 3.37330E-05, 2.76067E-05, 4.54508E-05, 1.98414E-06, 1.53584E-06, 1.08384E-06, 9.51948E-03
7, 7.37289E-05, 3.42211E-05, 2.69239E-05, 1.88828E-05, 1.98419E-06, 1.52739E-06, 1.07778E-06, 3.95172E-03
8, 7.48955E-05, 3.46007E-05, 2.68643E-05, 1.58304E-05, 1.95514E-06, 1.50929E-06, 1.06373E-06, 3.31845E-03
9, 7.57346E-05, 3.48278E-05, 2.66169E-05, 1.32111E-05, 1.93281E-06, 1.49431E-06, 1.05115E-06, 2.77302E-03
10, 7.59002E-05, 3.49229E-05, 2.61220E-05, 1.34476E-05, 1.90926E-06, 1.47931E-06, 1.03847E-06, 2.82673E-03
11, 7.80584E-05, 3.48810E-05, 2.53875E-05, 1.34350E-05, 1.88694E-06, 1.46499E-06, 1.02670E-06, 2.82812E-03
12, 8.05510E-05, 3.47019E-05, 2.52140E-05, 1.30525E-05, 1.86553E-06, 1.45103E-06, 1.01511E-06, 2.75158E-03
13, 8.24023E-05, 3.43876E-05, 2.51205E-05, 1.27502E-05, 1.84482E-06, 1.43738E-06, 1.00391E-06, 2.69176E-03
14, 8.35662E-05, 3.47543E-05, 2.48487E-05, 1.24826E-05, 1.82436E-06, 1.42453E-06, 9.93117E-07, 2.63911E-03
15, 8.40058E-05, 3.57680E-05, 2.47781E-05, 1.21942E-05, 1.80417E-06, 1.41171E-06, 9.82467E-07, 2.58187E-03
16, 8.36941E-05, 3.66557E-05, 2.46517E-05, 1.18985E-05, 1.78506E-06, 1.39896E-06, 9.71869E-07, 2.52290E-03
17, 8.58984E-05, 3.74118E-05, 2.49975E-05, 1.16317E-05, 1.76607E-06, 1.38641E-06, 9.61665E-07, 2.46985E-03
18, 8.76778E-05, 3.80316E-05, 2.57078E-05, 1.15536E-05, 1.74725E-06, 1.37433E-06, 9.52079E-07, 2.45673E-03
19, 8.88051E-05, 3.85108E-05, 2.63225E-05, 1.14171E-05, 1.72894E-06, 1.36225E-06, 9.42642E-07, 2.43108E-03
20, 8.92555E-05, 3.88463E-05, 2.68416E-05, 1.12264E-05, 1.71136E-06, 1.35052E-06, 9.33553E-07, 2.39372E-03
21, 9.18048E-05, 3.90361E-05, 2.85093E-05, 1.09861E-05, 1.69396E-06, 1.33945E-06, 9.24668E-07, 2.34559E-03
22, 9.47685E-05, 3.90793E-05, 3.01342E-05, 1.07012E-05, 1.67644E-06, 1.32823E-06, 9.16143E-07, 2.28772E-03
23, 9.70568E-05, 3.89761E-05, 3.16995E-05, 1.05962E-05, 1.65879E-06, 1.31702E-06, 9.07601E-07, 2.26809E-03
24, 9.86245E-05, 3.87281E-05, 3.31873E-05, 1.05450E-05, 1.64046E-06, 1.30639E-06, 8.98853E-07, 2.25984E-03
25, 9.94354E-05, 3.83377E-05, 3.45814E-05, 1.05492E-05, 1.62393E-06, 1.29620E-06, 8.90537E-07, 2.26336E-03
26, 9.94627E-05, 3.78087E-05, 3.58659E-05, 1.08839E-05, 1.60791E-06, 1.28609E-06, 8.82300E-07, 2.33776E-03
27, 9.86902E-05, 3.71458E-05, 3.70260E-05, 1.11510E-05, 1.59254E-06, 1.27586E-06, 8.73879E-07, 2.39765E-03
28, 9.71119E-05, 3.65872E-05, 3.80476E-05, 1.13485E-05, 1.57698E-06, 1.26557E-06, 8.65450E-07, 2.44254E-03
29, 9.86079E-05, 3.66283E-05, 3.89180E-05, 1.14756E-05, 1.56047E-06, 1.25559E-06, 8.56815E-07, 2.47218E-03
30, 1.00500E-04, 3.73773E-05, 3.96258E-05, 1.15321E-05, 1.54432E-06, 1.24578E-06, 8.48398E-07, 2.48650E-03
31, 1.03504E-04, 3.79861E-05, 4.01612E-05, 1.15188E-05, 1.52816E-06, 1.23609E-06, 8.40280E-07, 2.48563E-03
32, 1.08312E-04, 3.84515E-05, 4.05159E-05, 1.14374E-05, 1.51359E-06, 1.22673E-06, 8.32531E-07, 2.46987E-03
33, 1.12499E-04, 3.87703E-05, 4.06836E-05, 1.13076E-05, 1.49891E-06, 1.21741E-06, 8.25329E-07, 2.44348E-03
34, 1.16006E-04, 3.89413E-05, 4.06595E-05, 1.14750E-05, 1.48449E-06, 1.20796E-06, 8.18111E-07, 2.48110E-03
35, 1.18781E-04, 3.89646E-05, 4.04410E-05, 1.16375E-05, 1.47018E-06, 1.19863E-06, 8.10973E-07, 2.51756E-03
36, 1.20779E-04, 3.88412E-05, 4.19894E-05, 1.17938E-05, 1.45560E-06, 1.18946E-06, 8.03874E-07, 2.55250E-03
37, 1.21966E-04, 3.93499E-05, 4.37041E-05, 1.19420E-05, 1.44117E-06, 1.18054E-06, 7.96602E-07, 2.58554E-03
38, 1.22313E-04, 4.02323E-05, 4.52457E-05, 1.20801E-05, 1.42890E-06, 1.17171E-06, 7.89372E-07, 2.61620E-03
39, 1.21802E-04, 4.10362E-05, 4.65980E-05, 1.22056E-05, 1.41625E-06, 1.16300E-06, 7.82192E-07, 2.64397E-03
40, 1.23231E-04, 4.17574E-05, 4.77465E-05, 1.23159E-05, 1.40371E-06, 1.15462E-06, 7.75044E-07, 2.66826E-03
41, 1.26082E-04, 4.23915E-05, 4.86788E-05, 1.24081E-05, 1.39056E-06, 1.14635E-06, 7.68147E-07, 2.68842E-03
42, 1.28134E-04, 4.29346E-05, 4.93845E-05, 1.24790E-05, 1.37688E-06, 1.13784E-06, 7.61539E-07, 2.70375E-03
43, 1.29344E-04, 4.35825E-05, 4.98555E-05, 1.25250E-05, 1.36331E-06, 1.12933E-06, 7.55137E-07, 2.71350E-03
44, 1.29680E-04, 4.42743E-05, 5.00858E-05, 1.25425E-05, 1.35092E-06, 1.12130E-06, 7.48842E-07, 2.71687E-03
45, 1.29119E-04, 4.48801E-05, 5.00718E-05, 1.25278E-05, 1.33899E-06, 1.11356E-06, 7.42610E-07, 2.71306E-03
46, 1.27647E-04, 4.53955E-05, 4.98124E-05, 1.24770E-05, 1.32643E-06, 1.10585E-06, 7.36550E-07, 2.70123E-03
47, 1.25261E-04, 4.58164E-05, 4.93084E-05, 1.23863E-05, 1.31319E-06, 1.09872E-06, 7.31052E-07, 2.68057E-03
48, 1.21968E-04, 4.61390E-05, 4.85632E-05, 1.22519E-05, 1.30058E-06, 1.09167E-06, 7.25624E-07, 2.65030E-03
49, 1.18151E-04, 4.63596E-05, 4.75822E-05, 1.20704E-05, 1.28901E-06, 1.08468E-06, 7.20188E-07, 2.60967E-03
50, 1.18113E-04, 4.64749E-05, 4.79308E-05, 1.18385E-05, 1.27747E-06, 1.07771E-06, 7.14677E-07, 2.55803E-03
51, 1.17232E-04, 4.64822E-05, 4.93679E-05, 1.15536E-05, 1.26617E-06, 1.07076E-06, 7.09154E-07, 2.49481E-03
52, 1.15491E-04, 4.63789E-05, 5.05424E-05, 1.12133E-05, 1.25572E-06, 1.06371E-06, 7.03693E-07, 2.41955E-03
53, 1.15464E-04, 4.61871E-05, 5.14431E-05, 1.08159E-05, 1.24557E-06, 1.05669E-06, 6.98239E-07, 2.33195E-03
54, 1.19608E-04, 4.63244E-05, 5.20615E-05, 1.03606E-05, 1.23487E-06, 1.04982E-06, 6.92932E-07, 2.23184E-03
55, 1.23134E-04, 4.63585E-05, 5.23917E-05, 9.84713E-06, 1.22493E-06, 1.04287E-06, 6.87743E-07, 2.11924E-03
56, 1.26019E-04, 4.77349E-05, 5.24307E-05, 9.27602E-06, 1.21481E-06, 1.03599E-06, 6.82394E-07, 1.99433E-03
57, 1.28245E-04, 4.97981E-05, 5.21779E-05, 9.19067E-06, 1.20405E-06, 1.02928E-06, 6.76779E-07, 1.97388E-03
58, 1.29802E-04, 5.18157E-05, 5.16356E-05, 9.25943E-06, 1.19393E-06, 1.02249E-06, 6.71425E-07, 1.98639E-03
59, 1.30685E-04, 5.37783E-05, 5.08088E-05, 9.27121E-06, 1.18365E-06, 1.01557E-06, 6.66113E-07, 1.98654E-03
60, 1.30895E-04, 5.56769E-05, 5.13850E-05, 9.22725E-06, 1.17368E-06, 1.00873E-06, 6.60663E-07, 1.97463E-03
61, 1.32328E-04, 5.75017E-05, 5.39892E-05, 9.58292E-06, 1.16348E-06, 1.00209E-06, 6.55115E-07, 2.04804E-03
62, 1.35777E-04, 5.92433E-05, 5.63179E-05, 9.99480E-06, 1.15356E-06, 9.95317E-07, 6.49601E-07, 2.13311E-03
63, 1.38545E-04, 6.08917E-05, 5.83521E-05, 1.03548E-05, 1.14419E-06, 9.88406E-07, 6.44127E-07, 2.20675E-03
64, 1.40616E-04, 6.24373E-05, 6.00754E-05, 1.06605E-05, 1.13509E-06, 9.81329E-07, 6.39292E-07, 2.26848E-03
65, 1.41981E-04, 6.38702E-05, 6.14740E-05, 1.09100E-05, 1.12573E-06, 9.74283E-07, 6.34692E-07, 2.31793E-03
66, 1.42634E-04, 6.51806E-05, 6.25373E-05, 1.11020E-05, 1.11653E-06, 9.67419E-07, 6.30656E-07, 2.35488E-03
67, 1.42579E-04, 6.63592E-05, 6.32573E-05, 1.12355E-05, 1.10681E-06, 9.60843E-07, 6.26756E-07, 2.37918E-03
68, 1.41824E-04, 6.73965E-05, 6.36292E-05, 1.13101E-05, 1.09719E-06, 9.54202E-07, 6.22702E-07, 2.39081E-03
69, 1.40386E-04, 6.82837E-05, 6.36510E-05, 1.13261E-05, 1.08722E-06, 9.47529E-07, 6.18630E-07, 2.38987E-03
70, 1.38285E-04, 6.90123E-05, 6.33238E-05, 1.12839E-05, 1.07705E-06, 9.41042E-07, 6.15071E-07, 2.37656E-03
71, 1.36724E-04, 6.95745E-05, 6.26515E-05, 1.11847E-05, 1.06695E-06, 9.34803E-07, 6.11400E-07, 2.35114E-03
72, 1.37129E-04, 6.99631E-05, 6.16404E-05, 1.10962E-05, 1.05706E-06, 9.28302E-07, 6.07649E-07, 2.32795E-03
73, 1.36819E-04, 7.01750E-05, 6.02999E-05, 1.09839E-05, 1.04718E-06, 9.22056E-07, 6.03664E-07, 2.29974E-03
74, 1.35797E-04, 7.02028E-05, 5.86417E-05, 1.08088E-05, 1.03731E-06, 9.16120E-07, 5.99739E-07, 2.25836E-03
75, 1.34073E-04, 7.00406E-05, 5.66796E-05, 1.05735E-05, 1.02713E-06, 9.10319E-07, 5.95769E-07, 2.20450E-03
76, 1.35004E-04, 6.96848E-05, 5.44298E-05, 1.02815E-05, 1.01642E-06, 9.04827E-07, 5.91552E-07, 2.13894E-03
77, 1.38487E-04, 6.91330E-05, 5.19103E-05, 9.93623E-06, 1.00647E-06, 8.99464E-07, 5.87245E-07, 2.06250E-03
78, 1.41427E-04, 6.83839E-05, 4.91411E-05, 9.54168E-06, 9.96655E-07, 8.94197E-07, 5.82712E-07, 1.97607E-03
79, 1.43801E-04, 6.74377E-05, 4.61433E-05, 9.10190E-06, 9.86866E-07, 8.88815E-07, 5.78449E-07, 1.88060E-03
80, 1.45593E-04, 6.62956E-05, 4.75242E-05, 9.54971E-06, 9.76660E-07, 8.83440E-07, 5.74883E-07, 1.96842E-03
81, 1.46788E-04, 6.49603E-05, 4.91726E-05, 9.93849E-06, 9.66754E-07, 8.77986E-07, 5.71326E-07, 2.04357E-03
82, 1.47379E-04, 6.34355E-05, 5.05588E-05, 1.02653E-05, 9.57138E-07, 8.72588E-07, 5.67683E-07, 2.10553E-03
83, 1.47361E-04, 6.17267E-05, 5.16777E-05, 1.05303E-05, 9.47407E-07, 8.67196E-07, 5.64020E-07, 2.15445E-03
84, 1.46736E-04, 5.98400E-05, 5.25264E-05, 1.07345E-05, 9.38709E-07, 8.62158E-07, 5.60292E-07, 2.19056E-03
85, 1.45509E-04, 5.77831E-05, 5.31046E-05, 1.08789E-05, 9.30417E-07, 8.57086E-07, 5.56580E-07, 2.21423E-03
86, 1.43689E-04, 5.55647E-05, 5.34138E-05, 1.09655E-05, 9.21729E-07, 8.51812E-07, 5.52753E-07, 2.22590E-03
87, 1.41290E-04, 5.31944E-05, 5.34574E-05, 1.09961E-05, 9.13270E-07, 8.47201E-07, 5.48947E-07, 2.22608E-03
88, 1.38330E-04, 5.06828E-05, 5.32408E-05, 1.09733E-05, 9.05384E-07, 8.42722E-07, 5.45516E-07, 2.21535E-03
89, 1.34830E-04, 4.80413E-05, 5.27713E-05, 1.08997E-05, 8.97167E-07, 8.38535E-07, 5.42246E-07, 2.19433E-03
90, 1.31365E-04, 4.52821E-05, 5.20577E-05, 1.07781E-05, 8.88875E-07, 8.34277E-07, 5.39133E-07, 2.16370E-03
91, 1.29060E-04, 4.42595E-05, 5.11103E-05, 1.06117E-05, 8.80668E-07, 8.29880E-07, 5.35823E-07, 2.12416E-03
92, 1.31344E-04, 4.49128E-05, 4.99408E-05, 1.04037E-05, 8.72152E-07, 8.25224E-07, 5.33058E-07, 2.07642E-03
93, 1.35521E-04, 4.54177E-05, 4.85623E-05, 1.01571E-05, 8.63803E-07, 8.20269E-07, 5.30511E-07, 2.02120E-03
94, 1.39034E-04, 4.57726E-05, 4.69887E-05, 9.87545E-06, 8.56137E-07, 8.15328E-07, 5.27932E-07, 1.95922E-03
95, 1.41875E-04, 4.59768E-05, 4.52350E-05, 9.56183E-06, 8.48833E-07, 8.10622E-07, 5.25278E-07, 1.89121E-03
96, 1.44038E-04, 4.60303E-05, 4.33170E-05, 9.21955E-06, 8.41615E-07, 8.06313E-07, 5.22513E-07, 1.81786E-03
97, 1.45523E-04, 4.59343E-05, 4.12510E-05, 8.85176E-06, 8.35285E-07, 8.01928E-07, 5.19690E-07, 1.73986E-03
98, 1.46336E-04, 4.56904E-05, 3.90538E-05, 8.46155E-06, 8.28709E-07, 7.97544E-07, 5.16831E-07, 1.65787E-03
99, 1.46485E-04, 4.53013E-05, 3.67427E-05, 8.05192E-06, 8.22362E-07, 7.93041E-07, 5.13904E-07, 1.57252E-03
100, 1.45982E-04, 4.47705E-05, 3.43348E-05, 7.62576E-06, 8.15945E-07, 7.88476E-07, 5.10897E-07, 1.48442E-03
101, 1.44844E-04, 4.41045E-05, 3.38171E-05, 7.18583E-06, 8.10102E-07, 7.84011E-07, 5.08035E-07, 1.39415E-03
102, 1.43091E-04, 4.33068E-05, 3.31520E-05, 6.73477E-06, 8.04127E-07, 7.79590E-07, 5.05222E-07, 1.30225E-03
103, 1.40745E-04, 4.23814E-05, 3.23015E-05, 6.27512E-06, 7.98136E-07, 7.75133E-07, 5.02584E-07, 1.20925E-03
104, 1.37833E-04, 4.13345E-05, 3.37108E-05, 5.80927E-06, 7.92037E-07, 7.70723E-07, 4.99946E-07, 1.11562E-03
105, 1.34385E-04, 4.01725E-05, 3.48787E-05, 5.44224E-06, 7.86125E-07, 7.66722E-07, 4.97163E-07, 1.04149E-03
106, 1.30431E-04, 3.89025E-05, 3.58061E-05, 5.70435E-06, 7.80615E-07, 7.63109E-07, 4.94421E-07, 1.08780E-03
107, 1.26006E-04, 3.75319E-05, 3.64950E-05, 5.93239E-06, 7.75308E-07, 7.59324E-07, 4.91685E-07, 1.12724E-03
108, 1.21145E-04, 3.60684E-05, 3.69495E-05, 6.12637E-06, 7.70084E-07, 7.55510E-07, 4.88892E-07, 1.15989E-03
109, 1.15887E-04, 3.45202E-05, 3.71749E-05, 6.28649E-06, 7.64855E-07, 7.51767E-07, 4.86063E-07, 1.18585E-03
110, 1.10269E-04, 3.28956E-05, 3.71780E-05, 6.41315E-06, 7.60117E-07, 7.47972E-07, 4.83186E-07, 1.20526E-03
111, 1.04333E-04, 3.12031E-05, 3.69669E-05, 6.50693E-06, 7.55918E-07, 7.44050E-07, 4.80334E-07, 1.21831E-03
112, 9.81189E-05, 2.94516E-05, 3.65508E-05, 6.56857E-06, 7.51644E-07, 7.40007E-07, 4.77630E-07, 1.22520E-03
113, 9.16681E-05, 2.76496E-05, 3.59403E-05, 6.59902E-06, 7.48099E-07, 7.35913E-07, 4.75113E-07, 1.22617E-03
114, 8.51709E-05, 2.62737E-05, 3.51467E-05, 6.59935E-06, 7.44960E-07, 7.31848E-07, 4.72964E-07, 1.22149E-03
115, 8.48581E-05, 2.62128E-05, 3.41823E-05, 6.57079E-06, 7.41814E-07, 7.27800E-07, 4.71118E-07, 1.21146E-03
116, 8.41652E-05, 2.72703E-05, 3.30601E-05, 6.51472E-06, 7.38595E-07, 7.23752E-07, 4.69223E-07, 1.19639E-03
117, 8.31062E-05, 2.89147E-05, 3.17938E-05, 6.43262E-06, 7.35406E-07, 7.19978E-07, 4.67320E-07, 1.17661E-03
118, 8.16971E-05, 3.04310E-05, 3.11935E-05, 6.32611E-06, 7.32092E-07, 7.16127E-07, 4.65457E-07, 1.15248E-03
119, 7.99560E-05, 3.18191E-05, 3.16855E-05, 6.19686E-06, 7.28550E-07, 7.12227E-07, 4.63608E-07, 1.12436E-03
120, 7.79024E-05, 3.30799E-05, 3.19831E-05, 6.04667E-06, 7.24969E-07, 7.08393E-07, 4.61659E-07, 1.09264E-03
121, 7.55573E-05, 3.42144E-05, 3.20910E-05, 5.87738E-06, 7.21495E-07, 7.04475E-07, 4.59785E-07, 1.05768E-03
122, 7.29429E-05, 3.52244E-05, 3.20149E-05, 5.69088E-06, 7.17851E-07, 7.00701E-07, 4.57950E-07, 1.01987E-03
123, 7.00828E-05, 3.61119E-05, 3.17616E-05, 5.48909E-06, 7.14212E-07, 6.96915E-07, 4.56132E-07, 9.79605E-04
124, 6.72610E-05, 3.68794E-05, 3.13392E-05, 5.27398E-06, 7.10663E-07, 6.93125E-07, 4.54324E-07, 9.37264E-04
125, 6.92614E-05, 3.75297E-05, 3.07564E-05, 5.04747E-06, 7.07191E-07, 6.89354E-07, 4.52524E-07, 8.93223E-04
126, 7.09209E-05, 3.80661E-05, 3.00232E-05, 4.81152E-06, 7.03838E-07, 6.85563E-07, 4.50752E-07, 8.47854E-04
127, 7.22474E-05, 3.84919E-05, 2.91498E-05, 4.68973E-06, 7.00931E-07, 6.81814E-07, 4.49097E-07, 8.22865E-04
128, 7.32506E-05, 3.88110E-05, 2.81474E-05, 4.71966E-06, 6.98482E-07, 6.78154E-07, 4.47382E-07, 8.24568E-04
129, 7.39412E-05, 3.90273E-05, 2.70277E-05, 4.74563E-06, 6.96069E-07, 6.74608E-07, 4.45687E-07, 8.25540E-04
130, 7.43315E-05, 3.91450E-05, 2.58025E-05, 4.76759E-06, 6.93743E-07, 6.71134E-07, 4.44084E-07, 8.25779E-04
131, 7.44348E-05, 3.91687E-05, 2.44844E-05, 4.78546E-06, 6.91357E-07, 6.67723E-07, 4.42455E-07, 8.25287E-04
132, 7.42652E-05, 3.91032E-05, 2.30856E-05, 4.79920E-06, 6.88781E-07, 6.64232E-07, 4.40742E-07, 8.24066E-04
133, 7.38380E-05, 3.89527E-05, 2.16190E-05, 4.80877E-06, 6.86069E-07, 6.60683E-07, 4.39002E-07, 8.22120E-04
134, 7.31691E-05, 3.87218E-05, 2.01291E-05, 4.81411E-06, 6.83269E-07, 6.57087E-07, 4.37256E-07, 8.19452E-04
135, 7.22748E-05, 3.84152E-05, 2.07647E-05, 4.81521E-06, 6.80465E-07, 6.53527E-07, 4.35577E-07, 8.16069E-04
136, 7.11722E-05, 3.80379E-05, 2.12780E-05, 4.81203E-06, 6.77756E-07, 6.49996E-07, 4.34058E-07, 8.11978E-04
137, 6.98786E-05, 3.75946E-05, 2.16710E-05, 4.80455E-06, 6.74929E-07, 6.46429E-07, 4.32627E-07, 8.07187E-04
138, 6.84128E-05, 3.70902E-05, 2.19461E-05, 4.79277E-06, 6.72086E-07, 6.42821E-07, 4.31160E-07, 8.01705E-04
139, 6.67912E-05, 3.65295E-05, 2.21075E-05, 4.79530E-06, 6.69149E-07, 6.39165E-07, 4.29646E-07, 7.98646E-04
140, 6.50313E-05, 3.59172E-05, 2.21582E-05, 4.82990E-06, 6.66264E-07, 6.35573E-07, 4.28131E-07, 8.00922E-04
141, 6.31506E-05, 3.52579E-05, 2.21027E-05, 4.86018E-06, 6.63695E-07, 6.32061E-07, 4.26629E-07, 8.02459E-04
142, 6.11664E-05, 3.45564E-05, 2.19459E-05, 4.88606E-06, 6.61441E-07, 6.28668E-07, 4.25091E-07, 8.03256E-04
143, 5.90956E-05, 3.38170E-05, 2.16933E-05, 4.90746E-06, 6.59225E-07, 6.25362E-07, 4.23600E-07, 8.03312E-04
144, 5.69549E-05, 3.30442E-05, 2.13508E-05, 4.92432E-06, 6.57149E-07, 6.22109E-07, 4.22078E-07, 8.02626E-04
145, 5.47601E-05, 3.22421E-05, 2.09247E-05, 4.93657E-06, 6.55101E-07, 6.18911E-07, 4.20583E-07, 8.01201E-04
146, 5.25267E-05, 3.14149E-05, 2.04214E-05, 4.94416E-06, 6.53111E-07, 6.15655E-07, 4.19203E-07, 7.99040E-04
147, 5.02694E-05, 3.05664E-05, 1.98477E-05, 4.94705E-06, 6.51213E-07, 6.12364E-07, 4.17836E-07, 7.96145E-04
148, 4.80023E-05, 2.97005E-05, 1.92106E-05, 4.94520E-06, 6.49231E-07, 6.09053E-07, 4.16549E-07, 7.92524E-04
149, 4.60114E-05, 2.88206E-05, 1.85172E-05, 4.93858E-06, 6.47241E-07, 6.05727E-07, 4.15346E-07, 7.88182E-04
150, 4.48006E-05, 2.79302E-05, 1.77745E-05, 4.92717E-06, 6.45256E-07, 6.02437E-07, 4.14156E-07, 7.83127E-04
151, 4.34255E-05, 2.70324E-05, 1.69898E-05, 4.91095E-06, 6.43524E-07, 5.99193E-07, 4.13019E-07, 7.77366E-04
152, 4.19055E-05, 2.61303E-05, 1.61702E-05, 4.88994E-06, 6.41721E-07, 5.96092E-07, 4.12060E-07, 7.70911E-04
153, 4.02600E-05, 2.52267E-05, 1.53227E-05, 4.86412E-06, 6.39875E-07, 5.93105E-07, 4.11079E-07, 7.63770E-04
154, 3.85084E-05, 2.43241E-05, 1.44541E-05, 4.83352E-06, 6.38150E-07, 5.90173E-07, 4.10077E-07, 7.55957E-04
155, 3.66697E-05, 2.34250E-05, 1.35712E-05, 4.85559E-06, 6.36526E-07, 5.87246E-07, 4.09052E-07, 7.56431E-04
156, 3.47623E-05, 2.25315E-05, 1.26804E-05, 4.87647E-06, 6.34977E-07, 5.84304E-07, 4.08020E-07, 7.56739E-04
157, 3.28044E-05, 2.16457E-05, 1.17879E-05, 4.89317E-06, 6.33540E-07, 5.81358E-07, 4.06985E-07, 7.56423E-04
158, 3.08431E-05, 2.07694E-05, 1.08997E-05, 4.90563E-06, 6.32170E-07, 5.78437E-07, 4.06024E-07, 7.55480E-04
159, 3.07047E-05, 1.99041E-05, 1.00214E-05, 4.91380E-06, 6.30820E-07, 5.75513E-07, 4.05042E-07, 7.53913E-04
160, 3.03804E-05, 1.90515E-05, 9.15811E-06, 4.91763E-06, 6.29479E-07, 5.72626E-07, 4.04035E-07, 7.51721E-04
161, 2.98805E-05, 1.82126E-05, 8.31479E-06, 4.91708E-06, 6.28096E-07, 5.69802E-07, 4.03100E-07, 7.48908E-04
162, 2.92158E-05, 1.73887E-05, 7.89816E-06, 4.91213E-06, 6.26734E-07, 5.67002E-07, 4.02172E-07, 7.45476E-04
163, 2.83981E-05, 1.65806E-05, 7.79058E-06, 4.94225E-06, 6.25426E-07, 5.64240E-07, 4.01205E-07, 7.47404E-04
164, 2.74395E-05, 1.57891E-05, 7.61706E-06, 4.97237E-06, 6.24141E-07, 5.61510E-07, 4.00224E-07, 7.49351E-04
165, 2.63528E-05, 1.50150E-05, 7.38242E-06, 5.00093E-06, 6.22950E-07, 5.58864E-07, 3.99302E-07, 7.51084E-04
166, 2.51509E-05, 1.42587E-05, 7.09170E-06, 5.02793E-06, 6.21850E-07, 5.56301E-07, 3.98400E-07, 7.52605E-04
167, 2.38472E-05, 1.35206E-05, 6.82950E-06, 5.05337E-06, 6.20844E-07, 5.53793E-07, 3.97555E-07, 7.53918E-04
168, 2.24550E-05, 1.28010E-05, 6.77649E-06, 5.07723E-06, 6.19803E-07, 5.51305E-07, 3.96751E-07, 7.55025E-04
169, 2.09879E-05, 1.21001E-05, 6.73679E-06, 5.09952E-06, 6.18701E-07, 5.48799E-07, 3.95901E-07, 7.55927E-04
170, 1.98637E-05, 1.14180E-05, 7.05110E-06, 5.12023E-06, 6.17614E-07, 5.46290E-07, 3.95054E-07, 7.56629E-04
171, 2.01872E-05, 1.07547E-05, 7.32046E-06, 5.13936E-06, 6.16507E-07, 5.43784E-07, 3.94213E-07, 7.57131E-04
172, 2.03986E-05, 1.01101E-05, 7.54419E-06, 5.15691E-06, 6.15326E-07, 5.41305E-07, 3.93453E-07, 7.57437E-04
173, 2.05009E-05, 9.48420E-06, 7.72201E-06, 5.17289E-06, 6.14228E-07, 5.38835E-07, 3.92650E-07, 7.57549E-04
174, 2.04969E-05, 8.87670E-06, 7.85394E-06, 5.20014E-06, 6.13217E-07, 5.36341E-07, 3.91831E-07, 7.59346E-04
175, 2.03907E-05, 8.28744E-06, 7.94037E-06, 5.22636E-06, 6.12233E-07, 5.33901E-07, 3.91019E-07, 7.61021E-04
176, 2.01867E-05, 7.94649E-06, 7.98199E-06, 5.25075E-06, 6.11266E-07, 5.31576E-07, 3.90174E-07, 7.62461E-04
177, 1.98900E-05, 7.88177E-06, 7.97978E-06, 5.27333E-06, 6.10258E-07, 5.29269E-07, 3.89322E-07, 7.63671E-04
178, 1.95061E-05, 7.88942E-06, 7.93502E-06, 5.29412E-06, 6.09276E-07, 5.26920E-07, 3.88513E-07, 7.64655E-04
179, 1.90410E-05, 7.88775E-06, 7.84922E-06, 5.31313E-06, 6.08329E-07, 5.24570E-07, 3.87777E-07, 7.65416E-04
180, 1.85009E-05, 7.87690E-06, 7.72415E-06, 5.33037E-06, 6.07393E-07, 5.22250E-07, 3.87036E-07, 7.65958E-04
181, 1.78925E-05, 7.85699E-06, 7.56178E-06, 5.35677E-06, 6.06421E-07, 5.19944E-07, 3.86347E-07, 7.67851E-04
182, 1.72225E-05, 7.82817E-06, 7.36425E-06, 5.38365E-06, 6.05455E-07, 5.17648E-07, 3.85695E-07, 7.69842E-04
183, 1.64979E-05, 7.79058E-06, 7.13388E-06, 5.41632E-06, 6.04662E-07, 5.15379E-07, 3.85023E-07, 7.72688E-04
184, 1.58007E-05, 7.74438E-06, 6.87314E-06, 5.45564E-06, 6.03971E-07, 5.13148E-07, 3.84332E-07, 7.76507E-04
185, 1.54687E-05, 7.68974E-06, 6.58458E-06, 5.49289E-06, 6.03387E-07, 5.10931E-07, 3.83648E-07, 7.80053E-04
186, 1.50500E-05, 7.62686E-06, 6.27086E-06, 5.52807E-06, 6.02874E-07, 5.08775E-07, 3.82957E-07, 7.83328E-04
187, 1.45513E-05, 7.55590E-06, 5.93470E-06, 5.56118E-06, 6.02441E-07, 5.06673E-07, 3.82282E-07, 7.86333E-04
188, 1.39797E-05, 7.47704E-06, 5.57887E-06, 5.59221E-06, 6.02099E-07, 5.04635E-07, 3.81680E-07, 7.89072E-04
189, 1.33426E-05, 7.39050E-06, 5.20614E-06, 5.62118E-06, 6.01728E-07, 5.02631E-07, 3.81060E-07, 7.91546E-04
190, 1.26474E-05, 7.36721E-06, 4.81929E-06, 5.64809E-06, 6.01335E-07, 5.00638E-07, 3.80450E-07, 7.93757E-04
191, 1.19017E-05, 7.38280E-06, 4.65609E-06, 5.67295E-06, 6.00924E-07, 4.98632E-07, 3.79848E-07, 7.95710E-04
192, 1.11213E-05, 7.38966E-06, 4.62877E-06, 5.69576E-06, 6.00493E-07, 4.96616E-07, 3.79239E-07, 7.97405E-04
193, 1.09939E-05, 7.38786E-06, 4.59053E-06, 5.71654E-06, 6.00002E-07, 4.94583E-07, 3.78633E-07, 7.98846E-04
194, 1.08254E-05, 7.37754E-06, 4.54259E-06, 5.73529E-06, 5.99523E-07, 4.92585E-07, 3.78018E-07, 8.00037E-04
195, 1.06183E-05, 7.35878E-06, 4.48619E-06, 5.75203E-06, 5.99082E-07, 4.90647E-07, 3.77388E-07, 8.00980E-04
196, 1.03750E-05, 7.33170E-06, 4.42257E-06, 5.76678E-06, 5.98654E-07, 4.88723E-07, 3.76770E-07, 8.01678E-04
197, 1.00983E-05, 7.29644E-06, 4.36229E-06, 5.77954E-06, 5.98188E-07, 4.86836E-07, 3.76189E-07, 8.02134E-04
198, 9.79102E-06, 7.25312E-06, 4.31183E-06, 5.79033E-06, 5.97653E-07, 4.84927E-07, 3.75622E-07, 8.02353E-04
199, 9.45603E-06, 7.20192E-06, 4.22977E-06, 5.79917E-06, 5.97105E-07, 4.83047E-07, 3.75060E-07, 8.02338E-04
200, 9.27180E-06, 7.14298E-06, 4.29776E-06, 5.80607E-06, 5.96554E-07, 4.81215E-07, 3.74547E-07, 8.02092E-04
201, 9.07142E-06, 7.07739E-06, 4.47338E-06, 5.81105E-06, 5.95986E-07, 4.79377E-07, 3.73977E-07, 8.01620E-04
202, 8.81471E-06, 7.08583E-06, 4.62649E-06, 5.84380E-06, 5.95387E-07, 4.77559E-07, 3.73379E-07, 8.05012E-04
203, 8.50684E-06, 7.08768E-06, 4.75717E-06, 5.87465E-06, 5.94772E-07, 4.75751E-07, 3.72788E-07, 8.08171E-04
204, 8.67305E-06, 7.08296E-06, 4.86601E-06, 5.90321E-06, 5.94147E-07, 4.73947E-07, 3.72183E-07, 8.11046E-04
205, 8.91422E-06, 7.07169E-06, 4.95369E-06, 5.92947E-06, 5.93756E-07, 4.72186E-07, 3.71578E-07, 8.13641E-04
206, 9.11529E-06, 7.05390E-06, 5.02101E-06, 5.95345E-06, 5.93404E-07, 4.70455E-07, 3.70954E-07, 8.15957E-04
207, 9.27449E-06, 7.02963E-06, 5.06886E-06, 5.97515E-06, 5.93048E-07, 4.68738E-07, 3.70297E-07, 8.18001E-04
208, 9.39058E-06, 6.99892E-06, 5.09822E-06, 5.99460E-06, 5.92663E-07, 4.67000E-07, 3.69643E-07, 8.19775E-04
209, 9.46275E-06, 6.96182E-06, 5.11012E-06, 6.01179E-06, 5.92238E-07, 4.65239E-07, 3.68998E-07, 8.21284E-04
210, 9.49058E-06, 6.91839E-06, 5.10566E-06, 6.02675E-06, 5.91794E-07, 4.63507E-07, 3.68361E-07, 8.22533E-04
211, 9.47400E-06, 6.90850E-06, 5.08596E-06, 6.03948E-06, 5.91336E-07, 4.61814E-07, 3.67749E-07, 8.23527E-04
212, 9.41332E-06, 6.92912E-06, 5.05220E-06, 6.05001E-06, 5.90817E-07, 4.60193E-07, 3.67148E-07, 8.24271E-04
213, 9.47049E-06, 6.94329E-06, 5.00556E-06, 6.05835E-06, 5.90302E-07, 4.58570E-07, 3.66600E-07, 8.24771E-04
214, 9.70389E-06, 6.95098E-06, 4.94722E-06, 6.06453E-06, 5.89795E-07, 4.56926E-07, 3.66043E-07, 8.25032E-04
215, 9.91098E-06, 6.95221E-06, 4.87839E-06, 6.06856E-06, 5.89301E-07, 4.55272E-07, 3.65462E-07, 8.25060E-04
216, 1.00912E-05, 6.94696E-06, 4.83196E-06, 6.07046E-06, 5.88846E-07, 4.53623E-07, 3.64869E-07, 8.24861E-04
217, 1.02440E-05, 6.93525E-06, 4.97658E-06, 6.07026E-06, 5.88448E-07, 4.52011E-07, 3.64299E-07, 8.24441E-04
218, 1.03692E-05, 6.91710E-06, 5.10201E-06, 6.06798E-06, 5.88052E-07, 4.50425E-07, 3.63719E-07, 8.23806E-04
219, 1.04668E-05, 6.89254E-06, 5.20829E-06, 6.06365E-06, 5.87656E-07, 4.48811E-07, 3.63142E-07, 8.22964E-04
220, 1.05369E-05, 6.86161E-06, 5.29545E-06, 6.07509E-06, 5.87233E-07, 4.47211E-07, 3.62534E-07, 8.24337E-04
221, 1.05799E-05, 6.82740E-06, 5.36375E-06, 6.09670E-06, 5.86856E-07, 4.45636E-07, 3.61936E-07, 8.27166E-04
222, 1.05961E-05, 6.86432E-06, 5.41355E-06, 6.11584E-06, 5.86584E-07, 4.44098E-07, 3.61334E-07, 8.29737E-04
223, 1.07494E-05, 6.89484E-06, 5.44528E-06, 6.13250E-06, 5.86346E-07, 4.42571E-07, 3.60729E-07, 8.32058E-04
224, 1.12125E-05, 6.91891E-06, 5.45947E-06, 6.14672E-06, 5.86110E-07, 4.41048E-07, 3.60146E-07, 8.34135E-04
225, 1.16536E-05, 6.93648E-06, 5.45672E-06, 6.15851E-06, 5.85865E-07, 4.39593E-07, 3.59568E-07, 8.35974E-04
226, 1.20716E-05, 6.94751E-06, 5.43769E-06, 6.16788E-06, 5.85636E-07, 4.38112E-07, 3.59003E-07, 8.37581E-04
227, 1.24657E-05, 6.95198E-06, 5.40310E-06, 6.17487E-06, 5.85433E-07, 4.36596E-07, 3.58410E-07, 8.38963E-04
228, 1.28352E-05, 6.94986E-06, 5.35370E-06, 6.17950E-06, 5.85234E-07, 4.35057E-07, 3.57794E-07, 8.40126E-04
229, 1.31793E-05, 6.94116E-06, 5.29030E-06, 6.18179E-06, 5.85113E-07, 4.33531E-07, 3.57174E-07, 8.41077E-04
230, 1.34977E-05, 6.92587E-06, 5.21372E-06, 6.18177E-06, 5.85013E-07, 4.32024E-07, 3.56568E-07, 8.41822E-04
231, 1.37900E-05, 6.90401E-06, 5.12483E-06, 6.17946E-06, 5.84905E-07, 4.30486E-07, 3.55990E-07, 8.42367E-04
232, 1.40560E-05, 6.87560E-06, 5.02449E-06, 6.18602E-06, 5.84765E-07, 4.28946E-07, 3.55410E-07, 8.44236E-04
233, 1.42956E-05, 6.84068E-06, 4.91357E-06, 6.19196E-06, 5.84700E-07, 4.27411E-07, 3.54817E-07, 8.46142E-04
234, 1.45089E-05, 6.79930E-06, 4.92024E-06, 6.19555E-06, 5.84608E-07, 4.25920E-07, 3.54199E-07, 8.47847E-04
235, 1.46960E-05, 6.80478E-06, 5.04275E-06, 6.19680E-06, 5.84458E-07, 4.24492E-07, 3.53573E-07, 8.49358E-04
236, 1.48572E-05, 6.83631E-06, 5.15284E-06, 6.19577E-06, 5.84338E-07, 4.23054E-07, 3.52949E-07, 8.50682E-04
237, 1.49928E-05, 6.86133E-06, 5.25044E-06, 6.19249E-06, 5.84230E-07, 4.21597E-07, 3.52338E-07, 8.51824E-04
238, 1.51034E-05, 6.87975E-06, 5.33558E-06, 6.18700E-06, 5.84153E-07, 4.20165E-07, 3.51725E-07, 8.52790E-04
239, 1.51895E-05, 6.89154E-06, 5.40831E-06, 6.17934E-06, 5.84120E-07, 4.18739E-07, 3.51120E-07, 8.53585E-04
240, 1.52517E-05, 6.89663E-06, 5.46873E-06, 6.16955E-06, 5.84107E-07, 4.17297E-07, 3.50546E-07, 8.54214E-04
241, 1.52908E-05, 6.89500E-06, 5.51698E-06, 6.18185E-06, 5.84123E-07, 4.15856E-07, 3.49961E-07, 8.58036E-04
242, 1.53075E-05, 6.88663E-06, 5.55326E-06, 6.19728E-06, 5.84222E-07, 4.14413E-07, 3.49359E-07, 8.62437E-04
243, 1.53027E-05, 6.87150E-06, 5.57780E-06, 6.21000E-06, 5.84348E-07, 4.12950E-07, 3.48751E-07, 8.66608E-04
244, 1.52772E-05, 6.84963E-06, 5.59084E-06, 6.22007E-06, 5.84517E-07, 4.11493E-07, 3.48144E-07, 8.70552E-04
245, 1.52320E-05, 6.82103E-06, 5.59267E-06, 6.22751E-06, 5.84675E-07, 4.10013E-07, 3.47534E-07, 8.74273E-04
246, 1.51681E-05, 6.78573E-06, 5.58362E-06, 6.23237E-06, 5.84883E-07, 4.08543E-07, 3.46929E-07, 8.77773E-04
247, 1.50865E-05, 6.82318E-06, 5.56402E-06, 6.23470E-06, 5.85073E-07, 4.07096E-07, 3.46299E-07, 8.81054E-04
248, 1.49881E-05, 6.86047E-06, 5.53423E-06, 6.23454E-06, 5.85225E-07, 4.05658E-07, 3.45675E-07, 8.84117E-04
249, 1.48740E-05, 6.89121E-06, 5.49463E-06, 6.23194E-06, 5.85416E-07, 4.04239E-07, 3.45077E-07, 8.86963E-04
250, 1.47453E-05, 6.91530E-06, 5.44559E-06, 6.22694E-06, 5.85647E-07, 4.02805E-07, 3.44494E-07, 8.89593E-04
251, 1.46029E-05, 6.93266E-06, 5.38752E-06, 6.21960E-06, 5.85894E-07, 4.01394E-07, 3.43902E-07, 8.92007E-04
252, 1.44480E-05, 6.94324E-06, 5.32083E-06, 6.20997E-06, 5.86153E-07, 4.00004E-07, 3.43343E-07, 8.94204E-04
253, 1.42815E-05, 6.94697E-06, 5.24592E-06, 6.19808E-06, 5.86421E-07, 3.98612E-07, 3.42821E-07, 8.96183E-04
254, 1.41046E-05, 6.94382E-06, 5.16322E-06, 6.18399E-06, 5.86740E-07, 3.97213E-07, 3.42305E-07, 8.97942E-04
255, 1.39180E-05, 6.93376E-06, 5.07312E-06, 6.16776E-06, 5.87100E-07, 3.95817E-07, 3.41789E-07, 8.99481E-04
256, 1.37228E-05, 6.91678E-06, 4.97606E-06, 6.14942E-06, 5.87483E-07, 3.94416E-07, 3.41251E-07, 9.00796E-04
257, 1.35198E-05, 6.89289E-06, 4.87242E-06, 6.13558E-06, 5.87879E-07, 3.93036E-07, 3.40675E-07, 9.02848E-04
258, 1.33100E-05, 6.86210E-06, 4.76263E-06, 6.14214E-06, 5.88245E-07, 3.91671E-07, 3.40076E-07, 9.07993E-04
259, 1.30942E-05, 6.82446E-06, 4.76746E-06, 6.14603E-06, 5.88604E-07, 3.90325E-07, 3.39481E-07, 9.12839E-04
260, 1.28732E-05, 6.86323E-06, 4.78922E-06, 6.14730E-06, 5.88957E-07, 3.88961E-07, 3.38879E-07, 9.17384E-04
261, 1.26478E-05, 6.90422E-06, 4.80316E-06, 6.14601E-06, 5.89317E-07, 3.87578E-07, 3.38269E-07, 9.21625E-04
262, 1.24188E-05, 6.93826E-06, 4.80958E-06, 6.14220E-06, 5.89692E-07, 3.86193E-07, 3.37656E-07, 9.25556E-04
263, 1.21868E-05, 6.96525E-06, 4.80879E-06, 6.13593E-06, 5.90042E-07, 3.84794E-07, 3.37067E-07, 9.29176E-04
264, 1.19524E-05, 6.98510E-06, 4.80111E-06, 6.12726E-06, 5.90351E-07, 3.83444E-07, 3.36489E-07, 9.32481E-04
265, 1.17163E-05, 6.99774E-06, 4.78688E-06, 6.11623E-06, 5.90692E-07, 3.82091E-07, 3.35936E-07, 9.35468E-04
266, 1.14790E-05, 7.00310E-06, 4.76641E-06, 6.10291E-06, 5.91034E-07, 3.80727E-07, 3.35402E-07, 9.38132E-04
267, 1.12411E-05, 7.10140E-06, 4.74005E-06, 6.08734E-06, 5.91355E-07, 3.79394E-07, 3.34869E-07, 9.40472E-04
268, 1.10029E-05, 7.24559E-06, 4.70812E-06, 6.06959E-06, 5.91671E-07, 3.78072E-07, 3.34358E-07, 9.42484E-04
269, 1.07650E-05, 7.38881E-06, 4.67096E-06, 6.04971E-06, 5.92009E-07, 3.76767E-07, 3.33831E-07, 9.44167E-04
270, 1.05277E-05, 7.53091E-06, 4.62890E-06, 6.02775E-06, 5.92370E-07, 3.75470E-07, 3.33279E-07, 9.45518E-04
271, 1.02913E-05, 7.67174E-06, 4.58226E-06, 6.00377E-06, 5.92743E-07, 3.74174E-07, 3.32725E-07, 9.46535E-04
272, 1.00562E-05, 7.81115E-06, 4.53136E-06, 5.97783E-06, 5.93128E-07, 3.72888E-07, 3.32148E-07, 9.47217E-04
273, 9.82256E-06, 7.94897E-06, 4.47652E-06, 5.94998E-06, 5.93529E-07, 3.71622E-07, 3.31555E-07, 9.47564E-04
274, 9.59068E-06, 8.08504E-06, 4.41803E-06, 5.92874E-06, 5.93936E-07, 3.70339E-07, 3.30960E-07, 9.48930E-04
275, 9.36071E-06, 8.21918E-06, 4.35620E-06, 5.92476E-06, 5.94359E-07, 3.69049E-07, 3.30374E-07, 9.53039E-04
276, 9.13284E-06, 8.35122E-06, 4.34512E-06, 5.91832E-06, 5.94756E-07, 3.67741E-07, 3.29778E-07, 9.56740E-04
277, 8.90719E-06, 8.48098E-06, 4.37458E-06, 5.90947E-06, 5.95209E-07, 3.66430E-07, 3.29168E-07, 9.60034E-04
278, 8.68385E-06, 8.60828E-06, 4.40344E-06, 5.89827E-06, 5.95663E-07, 3.65097E-07, 3.28543E-07, 9.62921E-04
279, 8.46291E-06, 8.73292E-06, 4.43172E-06, 5.88478E-06, 5.96146E-07, 3.63794E-07, 3.27912E-07, 9.65400E-04
280, 8.24442E-06, 8.85474E-06, 4.45938E-06, 5.86906E-06, 5.96630E-07, 3.62488E-07, 3.27298E-07, 9.67474E-04
281, 8.04554E-06, 8.97352E-06, 4.48645E-06, 5.85116E-06, 5.97091E-07, 3.61187E-07, 3.26680E-07, 9.69145E-04
282, 8.07190E-06, 9.08909E-06, 4.51289E-06, 5.83113E-06, 5.97619E-07, 3.59900E-07, 3.26056E-07, 9.70413E-04
283, 8.09652E-06, 9.20125E-06, 4.53871E-06, 5.80905E-06, 5.98236E-07, 3.58643E-07, 3.25416E-07, 9.71283E-04
284, 8.11948E-06, 9.30981E-06, 4.56391E-06, 5.78496E-06, 5.98904E-07, 3.57380E-07, 3.24780E-07, 9.71757E-04
285, 8.14082E-06, 9.41457E-06, 4.58846E-06, 5.75892E-06, 5.99557E-07, 3.56093E-07, 3.24128E-07, 9.71839E-04
286, 8.16060E-06, 9.51536E-06, 4.61237E-06, 5.73098E-06, 6.00188E-07, 3.54803E-07, 3.23466E-07, 9.71534E-04
287, 8.17885E-06, 9.61198E-06, 4.63561E-06, 5.70121E-06, 6.00833E-07, 3.53508E-07, 3.22793E-07, 9.70844E-04
288, 8.19564E-06, 9.70424E-06, 4.67019E-06, 5.66965E-06, 6.01495E-07, 3.52208E-07, 3.22119E-07, 9.69776E-04
289, 8.21101E-06, 9.79197E-06, 4.71905E-06, 5.63637E-06, 6.02111E-07, 3.50920E-07, 3.21436E-07, 9.68335E-04
290, 8.22498E-06, 9.87498E-06, 4.76724E-06, 5.60141E-06, 6.02708E-07, 3.49626E-07, 3.20773E-07, 9.66525E-04
291, 8.23760E-06, 9.95309E-06, 4.81471E-06, 5.56484E-06, 6.03293E-07, 3.48358E-07, 3.20106E-07, 9.64353E-04
292, 8.24890E-06, 1.00261E-05, 4.86146E-06, 5.54658E-06, 6.03872E-07, 3.47072E-07, 3.19429E-07, 9.65285E-04
293, 8.37340E-06, 1.00940E-05, 4.90746E-06, 5.53226E-06, 6.04483E-07, 3.45778E-07, 3.18735E-07, 9.66847E-04
294, 8.60350E-06, 1.01564E-05, 4.95269E-06, 5.51580E-06, 6.05107E-07, 3.44485E-07, 3.18035E-07, 9.67984E-04
295, 8.83363E-06, 1.02173E-05, 4.99712E-06, 5.49727E-06, 6.05762E-07, 3.43198E-07, 3.17330E-07, 9.68702E-04
296, 9.06358E-06, 1.02912E-05, 5.04073E-06, 5.47672E-06, 6.06391E-07, 3.41946E-07, 3.16615E-07, 9.69006E-04
297, 9.29317E-06, 1.03598E-05, 5.08349E-06, 5.45421E-06, 6.07009E-07, 3.40731E-07, 3.15896E-07, 9.68903E-04
298, 9.52223E-06, 1.04230E-05, 5.12539E-06, 5.42979E-06, 6.07632E-07, 3.39516E-07, 3.15162E-07, 9.68397E-04
299, 9.75055E-06, 1.04806E-05, 5.16640E-06, 5.40351E-06, 6.08234E-07, 3.38341E-07, 3.14418E-07, 9.67496E-04
300, 9.97797E-06, 1.05325E-05, 5.20649E-06, 5.37543E-06, 6.08811E-07, 3.37178E-07, 3.13662E-07, 9.66206E-04
301, 1.02043E-05, 1.05786E-05, 5.24564E-06, 5.34561E-06, 6.09373E-07, 3.36018E-07, 3.12896E-07, 9.64534E-04
302, 1.04294E-05, 1.06189E-05, 5.28405E-06, 5.31410E-06, 6.09923E-07, 3.34846E-07, 3.12126E-07, 9.62486E-04
303, 1.06530E-05, 1.06531E-05, 5.33960E-06, 5.28096E-06, 6.10447E-07, 3.33667E-07, 3.11345E-07, 9.60071E-04
304, 1.08751E-05, 1.06813E-05, 5.41236E-06, 5.24622E-06, 6.10960E-07, 3.32504E-07, 3.10545E-07, 9.57293E-04
305, 1.10954E-05, 1.07033E-05, 5.49534E-06, 5.20996E-06, 6.11449E-07, 3.31336E-07, 3.09736E-07, 9.54162E-04
306, 1.13137E-05, 1.07191E-05, 5.57761E-06, 5.17222E-06, 6.11900E-07, 3.30160E-07, 3.08925E-07, 9.50683E-04
307, 1.15300E-05, 1.07286E-05, 5.65915E-06, 5.13304E-06, 6.12328E-07, 3.28991E-07, 3.08114E-07, 9.46865E-04
308, 1.17440E-05, 1.07319E-05, 5.73992E-06, 5.09249E-06, 6.12742E-07, 3.27818E-07, 3.07295E-07, 9.42714E-04
309, 1.19557E-05, 1.07287E-05, 5.81991E-06, 5.05061E-06, 6.13137E-07, 3.26649E-07, 3.06474E-07, 9.38238E-04
310, 1.21647E-05, 1.07192E-05, 5.89909E-06, 5.01174E-06, 6.13525E-07, 3.25478E-07, 3.05653E-07, 9.34244E-04
311, 1.23711E-05, 1.07033E-05, 5.97743E-06, 4.99070E-06, 6.13948E-07, 3.24311E-07, 3.04820E-07, 9.33510E-04
312, 1.25746E-05, 1.06810E-05, 6.05492E-06, 4.96788E-06, 6.14393E-07, 3.23137E-07, 3.03980E-07, 9.32390E-04
313, 1.27752E-05, 1.06523E-05, 6.13152E-06, 4.94333E-06, 6.14835E-07, 3.21951E-07, 3.03134E-07, 9.30892E-04
314, 1.29726E-05, 1.06173E-05, 6.20722E-06, 4.91710E-06, 6.15255E-07, 3.20748E-07, 3.02279E-07, 9.29022E-04
315, 1.31668E-05, 1.05758E-05, 6.28198E-06, 4.88925E-06, 6.15666E-07, 3.19542E-07, 3.01407E-07, 9.26787E-04
316, 1.33575E-05, 1.05281E-05, 6.35580E-06, 4.96358E-06, 6.16053E-07, 3.18336E-07, 3.00532E-07, 9.43926E-04
317, 1.35448E-05, 1.04741E-05, 6.42864E-06, 5.03824E-06, 6.16426E-07, 3.17137E-07, 2.99650E-07, 9.61194E-04
318, 1.37284E-05, 1.04139E-05, 6.50048E-06, 5.11220E-06, 6.16788E-07, 3.15933E-07, 2.98772E-07, 9.78395E-04
319, 1.39082E-05, 1.03475E-05, 6.57130E-06, 5.18541E-06, 6.17134E-07, 3.14710E-07, 2.97889E-07, 9.95515E-04
320, 1.40841E-05, 1.02750E-05, 6.64108E-06, 5.25781E-06, 6.17481E-07, 3.13483E-07, 2.96995E-07, 1.01254E-03
321, 1.42560E-05, 1.01965E-05, 6.70979E-06, 5.32932E-06, 6.17812E-07, 3.12257E-07, 2.96096E-07, 1.02945E-03
322, 1.44238E-05, 1.01274E-05, 6.77742E-06, 5.39989E-06, 6.18132E-07, 3.11052E-07, 2.95199E-07, 1.04624E-03
323, 1.45874E-05, 1.00668E-05, 6.84393E-06, 5.46945E-06, 6.18424E-07, 3.09856E-07, 2.94291E-07, 1.06289E-03
324, 1.47466E-05, 1.00007E-05, 6.90931E-06, 5.53795E-06, 6.18691E-07, 3.08628E-07, 2.93384E-07, 1.07938E-03
325, 1.49013E-05, 9.92915E-06, 6.97353E-06, 5.60533E-06, 6.18944E-07, 3.07374E-07, 2.92470E-07, 1.09570E-03
326, 1.50645E-05, 9.85222E-06, 7.03658E-06, 5.67151E-06, 6.19167E-07, 3.06110E-07, 2.91567E-07, 1.11184E-03
327, 1.52545E-05, 9.76996E-06, 7.09842E-06, 5.73645E-06, 6.19355E-07, 3.04845E-07, 2.90668E-07, 1.12778E-03
328, 1.54455E-05, 9.68246E-06, 7.15904E-06, 5.80009E-06, 6.19547E-07, 3.03571E-07, 2.89763E-07, 1.14350E-03
329, 1.56389E-05, 9.58979E-06, 7.21842E-06, 5.86237E-06, 6.19736E-07, 3.02286E-07, 2.88838E-07, 1.15899E-03
330, 1.58287E-05, 9.49202E-06, 7.27652E-06, 5.92324E-06, 6.19891E-07, 3.00999E-07, 2.87905E-07, 1.17424E-03
331, 1.60145E-05, 9.38924E-06, 7.33334E-06, 5.98264E-06, 6.20014E-07, 2.99716E-07, 2.86970E-07, 1.18923E-03
332, 1.61965E-05, 9.28154E-06, 7.38884E-06, 6.04051E-06, 6.20137E-07, 2.98435E-07, 2.86031E-07, 1.20395E-03
333, 1.63743E-05, 9.16899E-06, 7.44301E-06, 6.09682E-06, 6.20234E-07, 2.97154E-07, 2.85091E-07, 1.21838E-03
334, 1.65479E-05, 9.05168E-06, 7.49582E-06, 6.15150E-06, 6.20314E-07, 2.95870E-07, 2.84142E-07, 1.23252E-03
335, 1.67172E-05, 8.92971E-06, 7.54724E-06, 6.20451E-06, 6.20360E-07, 2.94597E-07, 2.83214E-07, 1.24633E-03
336, 1.68820E-05, 8.80316E-06, 7.59726E-06, 6.25580E-06, 6.20360E-07, 2.93335E-07, 2.82288E-07, 1.25983E-03
337, 1.70423E-05, 8.67212E-06, 7.64586E-06, 6.30532E-06, 6.20300E-07, 2.92054E-07, 2.81378E-07, 1.27298E-03
338, 1.71979E-05, 8.53668E-06, 7.69300E-06, 6.35304E-06, 6.20197E-07, 2.90759E-07, 2.80484E-07, 1.28578E-03
339, 1.73486E-05, 8.52091E-06, 7.73866E-06, 6.39891E-06, 6.20057E-07, 2.89465E-07, 2.79582E-07, 1.29822E-03
340, 1.74945E-05, 8.52822E-06, 7.78283E-06, 6.44289E-06, 6.19883E-07, 2.88171E-07, 2.78675E-07, 1.31028E-03
341, 1.76354E-05, 8.53429E-06, 7.82548E-06, 6.48494E-06, 6.19687E-07, 2.86892E-07, 2.77756E-07, 1.32196E-03
342, 1.77712E-05, 8.53710E-06, 7.86659E-06, 6.52502E-06, 6.19437E-07, 2.85631E-07, 2.76827E-07, 1.33323E-03
343, 1.79018E-05, 8.53672E-06, 7.90612E-06, 6.56310E-06, 6.19171E-07, 2.84372E-07, 2.75892E-07, 1.34411E-03
344, 1.80270E-05, 8.53320E-06, 7.94407E-06, 6.59915E-06, 6.18888E-07, 2.83119E-07, 2.74967E-07, 1.35456E-03
345, 1.81469E-05, 8.52662E-06, 7.98041E-06, 6.63314E-06, 6.18587E-07, 2.81865E-07, 2.74043E-07, 1.36459E-03
346, 1.82613E-05, 8.68024E-06, 8.01511E-06, 6.66503E-06, 6.18242E-07, 2.80640E-07, 2.73117E-07, 1.37418E-03
347, 1.83701E-05, 8.86645E-06, 8.04815E-06, 6.69480E-06, 6.17890E-07, 2.79428E-07, 2.72191E-07, 1.38334E-03
348, 1.84733E-05, 9.05149E-06, 8.07956E-06, 6.72242E-06, 6.17496E-07, 2.78234E-07, 2.71248E-07, 1.39204E-03
349, 1.85707E-05, 9.23527E-06, 8.10927E-06, 6.74788E-06, 6.17076E-07, 2.77080E-07, 2.70311E-07, 1.40028E-03
350, 1.86624E-05, 9.41771E-06, 8.13725E-06, 6.77115E-06, 6.16625E-07, 2.75935E-07, 2.69381E-07, 1.40807E-03
351, 1.87481E-05, 9.61111E-06, 8.16347E-06, 6.79221E-06, 6.16181E-07, 2.74806E-07, 2.68458E-07, 1.41538E-03
352, 1.88279E-05, 9.82753E-06, 8.18793E-06, 6.81104E-06, 6.15749E-07, 2.73675E-07, 2.67538E-07, 1.42223E-03
353, 1.89017E-05, 1.00419E-05, 8.21059E-06, 6.82764E-06, 6.15301E-07, 2.72563E-07, 2.66635E-07, 1.42859E-03
354, 1.89694E-05, 1.02541E-05, 8.23143E-06, 6.84198E-06, 6.14822E-07, 2.71472E-07, 2.65739E-07, 1.43447E-03
355, 1.90310E-05, 1.04640E-05, 8.25044E-06, 6.85406E-06, 6.14347E-07, 2.70390E-07, 2.64846E-07, 1.43987E-03
356, 1.90863E-05, 1.06714E-05, 8.26759E-06, 6.86387E-06, 6.13811E-07, 2.69321E-07, 2.63952E-07, 1.44479E-03
357, 1.91355E-05, 1.08763E-05, 8.28286E-06, 6.87140E-06, 6.13202E-07, 2.68297E-07, 2.63054E-07, 1.44921E-03
358, 1.91783E-05, 1.10785E-05, 8.35024E-06, 6.87665E-06, 6.12569E-07, 2.67276E-07, 2.62155E-07, 1.45314E-03
359, 1.92148E-05, 1.12778E-05, 8.41944E-06, 6.87962E-06, 6.11917E-07, 2.66246E-07, 2.61248E-07, 1.45659E-03
360, 1.92449E-05, 1.14742E-05, 8.48667E-06, 6.88030E-06, 6.11214E-07, 2.65224E-07, 2.60333E-07, 1.45954E-03
361, 1.92884E-05, 1.16675E-05, 8.55187E-06, 6.87870E-06, 6.10441E-07, 2.64204E-07, 2.59422E-07, 1.46200E-03
362, 1.93284E-05, 1.18577E-05, 8.61500E-06, 6.87482E-06, 6.09636E-07, 2.63208E-07, 2.58510E-07, 1.46397E-03
363, 1.93612E-05, 1.20445E-05, 8.67603E-06, 6.86867E-06, 6.08813E-07, 2.62213E-07, 2.57606E-07, 1.46545E-03
364, 1.93869E-05, 1.22279E-05, 8.73491E-06, 6.86026E-06, 6.07982E-07, 2.61218E-07, 2.56714E-07, 1.46645E-03
365, 1.94054E-05, 1.24078E-05, 8.79160E-06, 6.84959E-06, 6.07135E-07, 2.60242E-07, 2.55827E-07, 1.46696E-03
366, 1.94166E-05, 1.25840E-05, 8.84606E-06, 6.83668E-06, 6.06288E-07, 2.59262E-07, 2.54951E-07, 1.46699E-03
367, 1.94205E-05, 1.27565E-05, 8.89824E-06, 6.82154E-06, 6.05419E-07, 2.58270E-07, 2.54080E-07, 1.46653E-03
368, 1.94171E-05, 1.29252E-05, 8.94812E-06, 6.80418E-06, 6.04521E-07, 2.57277E-07, 2.53222E-07, 1.46561E-03
369, 1.94065E-05, 1.30899E-05, 8.99566E-06, 6.78463E-06, 6.03582E-07, 2.56336E-07, 2.52376E-07, 1.46421E-03
370, 1.93886E-05, 1.32506E-05, 9.04082E-06, 6.76290E-06, 6.02603E-07, 2.55400E-07, 2.51524E-07, 1.46234E-03
371, 1.93634E-05, 1.34072E-05, 9.08355E-06, 6.73902E-06, 6.01578E-07, 2.54479E-07, 2.50678E-07, 1.46000E-03
372, 1.93310E-05, 1.35596E-05, 9.12384E-06, 6.71300E-06, 6.00513E-07, 2.53551E-07, 2.49836E-07, 1.45721E-03
373, 1.92913E-05, 1.37077E-05, 9.16164E-06, 6.68487E-06, 5.99427E-07, 2.52631E-07, 2.48988E-07, 1.45396E-03
374, 1.92444E-05, 1.38514E-05, 9.19693E-06, 6.65465E-06, 5.98331E-07, 2.51724E-07, 2.48142E-07, 1.45026E-03
375, 1.91903E-05, 1.39907E-05, 9.22967E-06, 6.62238E-06, 5.97219E-07, 2.50812E-07, 2.47299E-07, 1.44611E-03
376, 1.92284E-05, 1.41254E-05, 9.25982E-06, 6.58808E-06, 5.96067E-07, 2.49931E-07, 2.46475E-07, 1.44152E-03
377, 1.92826E-05, 1.42557E-05, 9.28737E-06, 6.55179E-06, 5.94876E-07, 2.49120E-07, 2.45657E-07, 1.43650E-03
378, 1.93309E-05, 1.43813E-05, 9.31228E-06, 6.51352E-06, 5.93658E-07, 2.48312E-07, 2.44843E-07, 1.43105E-03
379, 1.93732E-05, 1.45022E-05, 9.33453E-06, 6.47333E-06, 5.92435E-07, 2.47509E-07, 2.44027E-07, 1.42518E-03
380, 1.94094E-05, 1.46183E-05, 9.35409E-06, 6.43123E-06, 5.91197E-07, 2.46711E-07, 2.43207E-07, 1.41889E-03
381, 1.94394E-05, 1.47297E-05, 9.37093E-06, 6.38727E-06, 5.89941E-07, 2.45944E-07, 2.42395E-07, 1.41218E-03
382, 1.94633E-05, 1.48362E-05, 9.38503E-06, 6.34148E-06, 5.88658E-07, 2.45221E-07, 2.41595E-07, 1.40508E-03
383, 1.94809E-05, 1.49378E-05, 9.39637E-06, 6.29390E-06, 5.87339E-07, 2.44516E-07, 2.40813E-07, 1.39757E-03
384, 1.94923E-05, 1.50344E-05, 9.40493E-06, 6.24457E-06, 5.85976E-07, 2.43799E-07, 2.40037E-07, 1.38967E-03
385, 1.94974E-05, 1.51261E-05, 9.41068E-06, 6.19353E-06, 5.84561E-07, 2.43078E-07, 2.39250E-07, 1.38138E-03
386, 1.94961E-05, 1.52128E-05, 9.41361E-06, 6.14082E-06, 5.83120E-07, 2.42380E-07, 2.38464E-07, 1.37271E-03
387, 1.94885E-05, 1.52944E-05, 9.41369E-06, 6.08648E-06, 5.81669E-07, 2.41721E-07, 2.37683E-07, 1.36367E-03
388, 1.94745E-05, 1.53711E-05, 9.41092E-06, 6.03056E-06, 5.80202E-07, 2.41065E-07, 2.36898E-07, 1.35426E-03
389, 1.94542E-05, 1.54426E-05, 9.40528E-06, 5.97310E-06, 5.78704E-07, 2.40401E-07, 2.36115E-07, 1.34450E-03
390, 1.94274E-05, 1.55091E-05, 9.39675E-06, 5.91413E-06, 5.77189E-07, 2.39762E-07, 2.35333E-07, 1.33437E-03
391, 1.93942E-05, 1.55705E-05, 9.38533E-06, 5.85372E-06, 5.75615E-07, 2.39132E-07, 2.34543E-07, 1.32390E-03
392, 1.93547E-05, 1.56269E-05, 9.37100E-06, 5.79189E-06, 5.74010E-07, 2.38504E-07, 2.33755E-07, 1.31309E-03
393, 1.93087E-05, 1.56781E-05, 9.35385E-06, 5.72871E-06, 5.72372E-07, 2.37902E-07, 2.32969E-07, 1.30195E-03
394, 1.92563E-05, 1.57243E-05, 9.33378E-06, 5.66421E-06, 5.70746E-07, 2.37320E-07, 2.32190E-07, 1.29048E-03
395, 1.91976E-05, 1.57655E-05, 9.31078E-06, 5.59844E-06, 5.69136E-07, 2.36747E-07, 2.31419E-07, 1.27869E-03
396, 1.91325E-05, 1.58016E-05, 9.28485E-06, 5.53145E-06, 5.67544E-07, 2.36173E-07, 2.30652E-07, 1.26659E-03
397, 1.90611E-05, 1.58326E-05, 9.25598E-06, 5.46329E-06, 5.65949E-07, 2.35597E-07, 2.29883E-07, 1.25418E-03
398, 1.89834E-05, 1.58587E-05, 9.22418E-06, 5.39401E-06, 5.64326E-07, 2.35034E-07, 2.29119E-07, 1.24148E-03
399, 1.88994E-05, 1.58797E-05, 9.18945E-06, 5.32365E-06, 5.62704E-07, 2.34456E-07, 2.28363E-07, 1.22848E-03
400, 1.88091E-05, 1.58959E-05, 9.15179E-06, 5.25227E-06, 5.61069E-07, 2.33881E-07, 2.27614E-07, 1.21520E-03
401, 1.87127E-05, 1.59071E-05, 9.11121E-06, 5.17990E-06, 5.59441E-07, 2.33307E-07, 2.26867E-07, 1.20165E-03
402, 1.86102E-05, 1.59134E-05, 9.06772E-06, 5.10661E-06, 5.57828E-07, 2.32735E-07, 2.26125E-07, 1.18782E-03
403, 1.85016E-05, 1.59149E-05, 9.02132E-06, 5.03244E-06, 5.56227E-07, 2.32162E-07, 2.25379E-07, 1.17374E-03
404, 1.83869E-05, 1.59117E-05, 8.97203E-06, 4.95744E-06, 5.54682E-07, 2.31591E-07, 2.24633E-07, 1.15940E-03
405, 1.82663E-05, 1.59036E-05, 8.91986E-06, 4.88166E-06, 5.53213E-07, 2.31034E-07, 2.23888E-07, 1.14482E-03
406, 1.81398E-05, 1.58909E-05, 8.86483E-06, 4.80515E-06, 5.51762E-07, 2.30480E-07, 2.23151E-07, 1.13000E-03
407, 1.80075E-05, 1.58736E-05, 8.80696E-06, 4.72796E-06, 5.50291E-07, 2.29930E-07, 2.22409E-07, 1.11495E-03
408, 1.78695E-05, 1.58517E-05, 8.74627E-06, 4.65013E-06, 5.48824E-07, 2.29387E-07, 2.21668E-07, 1.09968E-03
409, 1.77259E-05, 1.58253E-05, 8.68278E-06, 4.57172E-06, 5.47416E-07, 2.28857E-07, 2.20935E-07, 1.08420E-03
410, 1.75767E-05, 1.57944E-05, 8.61651E-06, 4.49278E-06, 5.46009E-07, 2.28340E-07, 2.20201E-07, 1.06851E-03
411, 1.74751E-05, 1.57592E-05, 8.54751E-06, 4.41334E-06, 5.44568E-07, 2.27829E-07, 2.19470E-07, 1.05263E-03
412, 1.74657E-05, 1.57197E-05, 8.47579E-06, 4.33347E-06, 5.43102E-07, 2.27323E-07, 2.18741E-07, 1.03655E-03
413, 1.74517E-05, 1.56759E-05, 8.40139E-06, 4.25321E-06, 5.41659E-07, 2.26822E-07, 2.18021E-07, 1.02030E-03
414, 1.74332E-05, 1.56280E-05, 8.35125E-06, 4.17260E-06, 5.40183E-07, 2.26339E-07, 2.17298E-07, 1.00387E-03
415, 1.74102E-05, 1.55759E-05, 8.30308E-06, 4.09170E-06, 5.38696E-07, 2.25862E-07, 2.16585E-07, 9.87284E-04
416, 1.73827E-05, 1.55199E-05, 8.26568E-06, 4.01055E-06, 5.37226E-07, 2.25404E-07, 2.15883E-07, 9.70541E-04
417, 1.73508E-05, 1.54600E-05, 8.24015E-06, 3.92919E-06, 5.35741E-07, 2.24944E-07, 2.15187E-07, 9.53653E-04
418, 1.73144E-05, 1.53963E-05, 8.21242E-06, 3.84768E-06, 5.34242E-07, 2.24488E-07, 2.14493E-07, 9.36627E-04
419, 1.72735E-05, 1.53288E-05, 8.18247E-06, 3.76605E-06, 5.32753E-07, 2.24043E-07, 2.13803E-07, 9.19474E-04
420, 1.72282E-05, 1.52576E-05, 8.15030E-06, 3.68436E-06, 5.31246E-07, 2.23604E-07, 2.13111E-07, 9.02201E-04
421, 1.71786E-05, 1.51829E-05, 8.11591E-06, 3.60264E-06, 5.29707E-07, 2.23180E-07, 2.12412E-07, 8.84818E-04
422, 1.71245E-05, 1.51047E-05, 8.07927E-06, 3.52094E-06, 5.28127E-07, 2.22763E-07, 2.11716E-07, 8.67334E-04
423, 1.70662E-05, 1.50231E-05, 8.04040E-06, 3.43931E-06, 5.26585E-07, 2.22356E-07, 2.11029E-07, 8.49758E-04
424, 1.70035E-05, 1.49382E-05, 7.99928E-06, 3.35778E-06, 5.25017E-07, 2.21965E-07, 2.10341E-07, 8.32098E-04
425, 1.69365E-05, 1.48501E-05, 7.95591E-06, 3.27640E-06, 5.23445E-07, 2.21588E-07, 2.09655E-07, 8.14365E-04
426, 1.68653E-05, 1.47589E-05, 7.91030E-06, 3.19521E-06, 5.21897E-07, 2.21212E-07, 2.08979E-07, 7.96566E-04
427, 1.67900E-05, 1.46646E-05, 7.86245E-06, 3.11425E-06, 5.20341E-07, 2.20841E-07, 2.08311E-07, 7.78712E-04
428, 1.67104E-05, 1.45675E-05, 7.81236E-06, 3.03356E-06, 5.18772E-07, 2.20481E-07, 2.07649E-07, 7.60811E-04
429, 1.66268E-05, 1.44675E-05, 7.76004E-06, 2.95317E-06, 5.17211E-07, 2.20132E-07, 2.06985E-07, 7.42873E-04
430, 1.65391E-05, 1.43648E-05, 7.70549E-06, 2.87313E-06, 5.15672E-07, 2.19824E-07, 2.06320E-07, 7.24906E-04
431, 1.64474E-05, 1.42595E-05, 7.64873E-06, 2.79348E-06, 5.14138E-07, 2.19538E-07, 2.05659E-07, 7.06920E-04
432, 1.63518E-05, 1.41517E-05, 7.58977E-06, 2.72149E-06, 5.12574E-07, 2.19264E-07, 2.05008E-07, 6.90766E-04
433, 1.62522E-05, 1.40563E-05, 7.52862E-06, 2.65789E-06, 5.11004E-07, 2.18997E-07, 2.04363E-07, 6.76638E-04
434, 1.61488E-05, 1.39622E-05, 7.46530E-06, 2.59419E-06, 5.09436E-07, 2.18764E-07, 2.03721E-07, 6.62394E-04
435, 1.60416E-05, 1.38654E-05, 7.39983E-06, 2.53044E-06, 5.07854E-07, 2.18520E-07, 2.03084E-07, 6.48039E-04
436, 1.59307E-05, 1.37657E-05, 7.33223E-06, 2.46665E-06, 5.06287E-07, 2.18266E-07, 2.02453E-07, 6.33581E-04
437, 1.58161E-05, 1.36634E-05, 7.26252E-06, 2.40286E-06, 5.04733E-07, 2.18005E-07, 2.01829E-07, 6.19024E-04
438, 1.56979E-05, 1.35584E-05, 7.19073E-06, 2.33908E-06, 5.03180E-07, 2.17760E-07, 2.01209E-07, 6.04376E-04
439, 1.55762E-05, 1.34509E-05, 7.11688E-06, 2.27536E-06, 5.01613E-07, 2.17527E-07, 2.00590E-07, 5.89644E-04
440, 1.54510E-05, 1.33409E-05, 7.04101E-06, 2.21171E-06, 5.00021E-07, 2.17292E-07, 1.99972E-07, 5.74834E-04
441, 1.53223E-05, 1.32286E-05, 6.96315E-06, 2.14817E-06, 4.98457E-07, 2.17054E-07, 1.99355E-07, 5.59952E-04
442, 1.51904E-05, 1.31138E-05, 6.88332E-06, 2.08476E-06, 4.96910E-07, 2.16801E-07, 1.98730E-07, 5.45007E-04
443, 1.50552E-05, 1.29969E-05, 6.80158E-06, 2.02151E-06, 4.95368E-07, 2.16537E-07, 1.98103E-07, 5.30006E-04
444, 1.49168E-05, 1.28777E-05, 6.71795E-06, 1.95844E-06, 4.93817E-07, 2.16258E-07, 1.97476E-07, 5.14955E-04
445, 1.47753E-05, 1.27565E-05, 6.63249E-06, 1.89559E-06, 4.92294E-07, 2.15971E-07, 1.96858E-07, 4.99862E-04
446, 1.46308E-05, 1.26332E-05, 6.54522E-06, 1.83297E-06, 4.90793E-07, 2.15679E-07, 1.96248E-07, 4.84735E-04
447, 1.44833E-05, 1.25080E-05, 6.45621E-06, 1.77063E-06, 4.89313E-07, 2.15387E-07, 1.95641E-07, 4.69582E-04
448, 1.43329E-05, 1.23809E-05, 6.36549E-06, 1.73844E-06, 4.87885E-07, 2.15092E-07, 1.95039E-07, 4.62351E-04
449, 1.41797E-05, 1.22520E-05, 6.27312E-06, 1.73788E-06, 4.86480E-07, 2.14789E-07, 1.94441E-07, 4.63505E-04
450, 1.40238E-05, 1.21214E-05, 6.17915E-06, 1.73662E-06, 4.85088E-07, 2.14478E-07, 1.93858E-07, 4.64466E-04
451, 1.38653E-05, 1.19891E-05, 6.08363E-06, 1.73466E-06, 4.83706E-07, 2.14150E-07, 1.93283E-07, 4.65232E-04
452, 1.37042E-05, 1.18553E-05, 5.98662E-06, 1.73199E-06, 4.82323E-07, 2.13812E-07, 1.92710E-07, 4.65800E-04
453, 1.35406E-05, 1.17200E-05, 5.88819E-06, 1.72861E-06, 4.80967E-07, 2.13455E-07, 1.92138E-07, 4.66168E-04
454, 1.33747E-05, 1.15833E-05, 5.78838E-06, 1.72451E-06, 4.79617E-07, 2.13079E-07, 1.91561E-07, 4.66334E-04
455, 1.32064E-05, 1.14453E-05, 5.68727E-06, 1.71971E-06, 4.78225E-07, 2.12694E-07, 1.90985E-07, 4.66296E-04
456, 1.30360E-05, 1.13060E-05, 5.58491E-06, 1.72764E-06, 4.76845E-07, 2.12305E-07, 1.90417E-07, 4.69708E-04
457, 1.28634E-05, 1.11656E-05, 5.48138E-06, 1.74009E-06, 4.75467E-07, 2.11916E-07, 1.89861E-07, 4.74357E-04
458, 1.26887E-05, 1.10240E-05, 5.37674E-06, 1.75253E-06, 4.74058E-07, 2.11522E-07, 1.89312E-07, 4.79015E-04
459, 1.25121E-05, 1.08814E-05, 5.27106E-06, 1.76495E-06, 4.72620E-07, 2.11119E-07, 1.88763E-07, 4.83681E-04
460, 1.23337E-05, 1.07379E-05, 5.16441E-06, 1.77735E-06, 4.71182E-07, 2.10703E-07, 1.88212E-07, 4.88354E-04
461, 1.21535E-05, 1.05935E-05, 5.05687E-06, 1.78974E-06, 4.69716E-07, 2.10274E-07, 1.87665E-07, 4.93034E-04
462, 1.19716E-05, 1.04482E-05, 4.94850E-06, 1.80211E-06, 4.68233E-07, 2.09838E-07, 1.87116E-07, 4.97719E-04
463, 1.17881E-05, 1.03023E-05, 4.83938E-06, 1.81446E-06, 4.66763E-07, 2.09404E-07, 1.86567E-07, 5.02409E-04
464, 1.16031E-05, 1.01557E-05, 4.72959E-06, 1.82678E-06, 4.65311E-07, 2.08962E-07, 1.86024E-07, 5.07103E-04
465, 1.14400E-05, 1.00085E-05, 4.61921E-06, 1.84321E-06, 4.63871E-07, 2.08510E-07, 1.85494E-07, 5.12952E-04
466, 1.14775E-05, 9.86080E-06, 4.54853E-06, 1.85990E-06, 4.62417E-07, 2.08048E-07, 1.84978E-07, 5.18887E-04
467, 1.15124E-05, 9.71265E-06, 4.48014E-06, 1.87649E-06, 4.60985E-07, 2.07577E-07, 1.84471E-07, 5.24811E-04
468, 1.15446E-05, 9.56412E-06, 4.41064E-06, 1.89298E-06, 4.59560E-07, 2.07095E-07, 1.83973E-07, 5.30725E-04
469, 1.15741E-05, 9.41529E-06, 4.34006E-06, 1.90937E-06, 4.58124E-07, 2.06609E-07, 1.83481E-07, 5.36627E-04
470, 1.16009E-05, 9.26620E-06, 4.26844E-06, 1.92567E-06, 4.56692E-07, 2.06111E-07, 1.82985E-07, 5.42516E-04
471, 1.16248E-05, 9.11694E-06, 4.19583E-06, 1.94186E-06, 4.55259E-07, 2.05613E-07, 1.82487E-07, 5.48393E-04
472, 1.16459E-05, 8.96757E-06, 4.12225E-06, 1.95795E-06, 4.53822E-07, 2.05117E-07, 1.81998E-07, 5.54255E-04
473, 1.16642E-05, 8.81815E-06, 4.04776E-06, 1.97394E-06, 4.52395E-07, 2.04618E-07, 1.81515E-07, 5.60104E-04
474, 1.16796E-05, 8.66873E-06, 3.97240E-06, 1.98981E-06, 4.50968E-07, 2.04105E-07, 1.81038E-07, 5.65937E-04
475, 1.16921E-05, 8.54317E-06, 3.89621E-06, 2.00558E-06, 4.49547E-07, 2.03586E-07, 1.80566E-07, 5.71755E-04
476, 1.17016E-05, 8.42626E-06, 3.81924E-06, 2.02125E-06, 4.48139E-07, 2.03055E-07, 1.80104E-07, 5.77558E-04
477, 1.17081E-05, 8.30822E-06, 3.74153E-06, 2.03680E-06, 4.46755E-07, 2.02518E-07, 1.79647E-07, 5.83344E-04
478, 1.17117E-05, 8.18911E-06, 3.66313E-06, 2.05223E-06, 4.45387E-07, 2.01971E-07, 1.79192E-07, 5.89114E-04
479, 1.17183E-05, 8.06902E-06, 3.58409E-06, 2.06756E-06, 4.44020E-07, 2.01419E-07, 1.78745E-07, 5.94867E-04
480, 1.17423E-05, 7.94802E-06, 3.50446E-06, 2.08277E-06, 4.42644E-07, 2.00859E-07, 1.78303E-07, 6.00602E-04
481, 1.17635E-05, 7.82619E-06, 3.43566E-06, 2.09786E-06, 4.41273E-07, 2.00284E-07, 1.77860E-07, 6.06321E-04
482, 1.17819E-05, 7.70362E-06, 3.43649E-06, 2.11284E-06, 4.39907E-07, 1.99697E-07, 1.77421E-07, 6.12022E-04
483, 1.17975E-05, 7.58038E-06, 3.43679E-06, 2.12770E-06, 4.38518E-07, 1.99096E-07, 1.76979E-07, 6.17706E-04
484, 1.18102E-05, 7.45655E-06, 3.43656E-06, 2.14244E-06, 4.37104E-07, 1.98484E-07, 1.76543E-07, 6.23372E-04
485, 1.18201E-05, 7.33222E-06, 3.43578E-06, 2.15705E-06, 4.35694E-07, 1.97875E-07, 1.76110E-07, 6.29021E-04
486, 1.18271E-05, 7.20746E-06, 3.43446E-06, 2.17155E-06, 4.34274E-07, 1.97269E-07, 1.75680E-07, 6.34652E-04
487, 1.18311E-05, 7.08235E-06, 3.43258E-06, 2.18592E-06, 4.32846E-07, 1.96656E-07, 1.75253E-07, 6.40265E-04
488, 1.18321E-05, 6.95698E-06, 3.43015E-06, 2.20017E-06, 4.31397E-07, 1.96038E-07, 1.74839E-07, 6.45860E-04
489, 1.18301E-05, 6.83142E-06, 3.42715E-06, 2.21429E-06, 4.29950E-07, 1.95417E-07, 1.74437E-07, 6.51438E-04
490, 1.18250E-05, 6.70576E-06, 3.42358E-06, 2.22829E-06, 4.28501E-07, 1.94787E-07, 1.74039E-07, 6.56999E-04
491, 1.18169E-05, 6.58006E-06, 3.41943E-06, 2.24216E-06, 4.27056E-07, 1.94157E-07, 1.73642E-07, 6.62543E-04
492, 1.18056E-05, 6.45441E-06, 3.41471E-06, 2.25590E-06, 4.25622E-07, 1.93524E-07, 1.73249E-07, 6.68069E-04
493, 1.17912E-05, 6.32889E-06, 3.40941E-06, 2.26951E-06, 4.24173E-07, 1.92884E-07, 1.72866E-07, 6.73579E-04
494, 1.17737E-05, 6.20356E-06, 3.40353E-06, 2.28300E-06, 4.22704E-07, 1.92237E-07, 1.72488E-07, 6.79072E-04
495, 1.17528E-05, 6.07850E-06, 3.39706E-06, 2.29635E-06, 4.21228E-07, 1.91594E-07, 1.72111E-07, 6.84548E-04
496, 1.17288E-05, 5.95379E-06, 3.39002E-06, 2.30957E-06, 4.19754E-07, 1.90945E-07, 1.71749E-07, 6.90008E-04
497, 1.17015E-05, 5.82948E-06, 3.38238E-06, 2.32266E-06, 4.18271E-07, 1.90290E-07, 1.71388E-07, 6.95452E-04
498, 1.16708E-05, 5.70566E-06, 3.37417E-06, 2.33562E-06, 4.16779E-07, 1.89632E-07, 1.71026E-07, 7.00881E-04
499, 1.16368E-05, 5.58238E-06, 3.36537E-06, 2.34845E-06, 4.15279E-07, 1.88986E-07, 1.70669E-07, 7.06293E-04
500, 1.15994E-05, 5.45971E-06, 3.35599E-06, 2.36114E-06, 4.13786E-07, 1.88343E-07, 1.70322E-07, 7.11691E-04
