time_step, rel_err_u, rel_err_v, rel_err_w, rel_err_p
0, 0.00000E+00, 0.00000E+00, 0.00000E+00, 0.00000E+00
1, 1.74311E-04, 1.34918E-04, 1.39914E-04, 8.85169E-03
2, 1.18182E-04, 1.20641E-04, 7.97768E-05, 1.51331E-02
3, 9.20059E-05, 7.64863E-05, 7.41770E-05, 1.49327E-02
4, 8.67578E-06, 4.59990E-06, 3.71907E-06, 2.49073E-04
5, 8.12241E-06, 4.89660E-06, 3.72465E-06, 2.05085E-04
6, 8.05483E-06, 4.80073E-06, 3.71856E-06, 4.63825E-05
7, 8.11872E-06, 4.84870E-06, 3.70462E-06, 6.10935E-06
8, 8.26205E-06, 4.89376E-06, 3.68293E-06, 2.34862E-06
9, 8.40955E-06, 4.93326E-06, 3.65348E-06, 7.07471E-07
10, 8.54004E-06, 4.96873E-06, 3.61637E-06, 2.11649E-07
11, 8.65260E-06, 4.99962E-06, 3.57917E-06, 9.47902E-08
12, 8.74650E-06, 5.02587E-06, 3.58540E-06, 5.17055E-08
13, 8.82109E-06, 5.04745E-06, 3.58379E-06, 5.08701E-08
14, 8.87576E-06, 5.06433E-06, 3.57434E-06, 5.06865E-08
15, 8.90998E-06, 5.07647E-06, 3.55708E-06, 5.03707E-08
16, 8.92327E-06, 5.08387E-06, 3.53208E-06, 4.99228E-08
17, 8.91523E-06, 5.08652E-06, 3.49940E-06, 4.94167E-08
18, 9.00360E-06, 5.08440E-06, 3.45915E-06, 4.88473E-08
19, 9.17095E-06, 5.07754E-06, 3.41146E-06, 4.82140E-08
20, 9.32097E-06, 5.06593E-06, 3.35648E-06, 4.75222E-08
21, 9.45276E-06, 5.04962E-06, 3.29438E-06, 4.78060E-08
22, 9.56545E-06, 5.02862E-06, 3.28918E-06, 4.81641E-08
23, 9.65825E-06, 5.10588E-06, 3.28725E-06, 4.84228E-08
24, 9.73041E-06, 5.18085E-06, 3.27791E-06, 4.85785E-08
25, 9.78125E-06, 5.25179E-06, 3.26122E-06, 4.86277E-08
26, 9.81015E-06, 5.31859E-06, 3.23726E-06, 4.85673E-08
27, 9.98377E-06, 5.38113E-06, 3.20611E-06, 4.83947E-08
28, 1.01595E-05, 5.43932E-06, 3.19673E-06, 4.81076E-08
29, 1.03183E-05, 5.49305E-06, 3.18420E-06, 4.77041E-08
30, 1.04594E-05, 5.54224E-06, 3.16613E-06, 4.71825E-08
31, 1.05822E-05, 5.58681E-06, 3.14253E-06, 4.65420E-08
32, 1.06859E-05, 5.62667E-06, 3.11340E-06, 4.57818E-08
33, 1.07700E-05, 5.66175E-06, 3.14698E-06, 4.49018E-08
34, 1.08340E-05, 5.69200E-06, 3.24649E-06, 4.46921E-08
35, 1.08774E-05, 5.71735E-06, 3.34576E-06, 4.50094E-08
36, 1.08997E-05, 5.73777E-06, 3.44459E-06, 4.53068E-08
37, 1.09008E-05, 5.75322E-06, 3.54273E-06, 4.55022E-08
38, 1.10474E-05, 5.76365E-06, 3.63997E-06, 4.55921E-08
39, 1.12381E-05, 5.76906E-06, 3.73609E-06, 4.55732E-08
40, 1.14102E-05, 5.76943E-06, 3.83082E-06, 4.54426E-08
41, 1.15627E-05, 5.76476E-06, 3.92393E-06, 4.51979E-08
42, 1.16950E-05, 5.75505E-06, 4.01516E-06, 4.48372E-08
43, 1.18062E-05, 5.74032E-06, 4.10428E-06, 4.43590E-08
44, 1.18957E-05, 5.72059E-06, 4.19104E-06, 4.37623E-08
45, 1.19628E-05, 5.69591E-06, 4.27519E-06, 4.35829E-08
46, 1.20069E-05, 5.66631E-06, 4.35650E-06, 4.34646E-08
47, 1.20275E-05, 5.63186E-06, 4.43473E-06, 4.32798E-08
48, 1.20243E-05, 5.59261E-06, 4.50964E-06, 4.35790E-08
49, 1.19968E-05, 5.54863E-06, 4.58100E-06, 4.45386E-08
50, 1.19448E-05, 5.50002E-06, 4.64860E-06, 4.53943E-08
51, 1.18680E-05, 5.45916E-06, 4.71221E-06, 4.61853E-08
52, 1.18003E-05, 5.46694E-06, 4.77163E-06, 4.69443E-08
53, 1.19461E-05, 5.52585E-06, 4.82665E-06, 4.76123E-08
54, 1.20728E-05, 5.58026E-06, 4.87708E-06, 4.81914E-08
55, 1.21799E-05, 5.63007E-06, 4.92274E-06, 4.86837E-08
56, 1.22669E-05, 5.67519E-06, 4.96345E-06, 4.90916E-08
57, 1.23333E-05, 5.71554E-06, 4.99905E-06, 4.94177E-08
58, 1.24825E-05, 5.75105E-06, 5.02939E-06, 4.96645E-08
59, 1.27562E-05, 5.78167E-06, 5.05434E-06, 4.98347E-08
60, 1.30125E-05, 5.80734E-06, 5.07375E-06, 4.99308E-08
61, 1.32504E-05, 5.82802E-06, 5.08752E-06, 4.99554E-08
62, 1.34688E-05, 5.84367E-06, 5.09555E-06, 4.99108E-08
63, 1.36669E-05, 5.85427E-06, 5.09775E-06, 4.97994E-08
64, 1.38438E-05, 5.85980E-06, 5.10529E-06, 4.96234E-08
65, 1.39988E-05, 5.86025E-06, 5.22850E-06, 4.93846E-08
66, 1.41310E-05, 5.85562E-06, 5.34809E-06, 4.90848E-08
67, 1.42397E-05, 5.84593E-06, 5.46377E-06, 5.01244E-08
68, 1.43243E-05, 5.83120E-06, 5.57522E-06, 5.13024E-08
69, 1.43843E-05, 5.81147E-06, 5.68214E-06, 5.23934E-08
70, 1.44190E-05, 5.78678E-06, 5.78425E-06, 5.33963E-08
71, 1.44281E-05, 5.75717E-06, 5.88126E-06, 5.43103E-08
72, 1.44111E-05, 5.72271E-06, 5.97290E-06, 5.51346E-08
73, 1.43677E-05, 5.68347E-06, 6.05891E-06, 5.58687E-08
74, 1.42977E-05, 5.63954E-06, 6.13905E-06, 5.65120E-08
75, 1.42118E-05, 5.59099E-06, 6.21307E-06, 5.70642E-08
76, 1.43861E-05, 5.54440E-06, 6.28076E-06, 5.75249E-08
77, 1.45381E-05, 5.52200E-06, 6.34191E-06, 5.78941E-08
78, 1.46669E-05, 5.49504E-06, 6.39633E-06, 5.81714E-08
79, 1.47718E-05, 5.46359E-06, 6.44384E-06, 5.83569E-08
80, 1.48520E-05, 5.42767E-06, 6.48428E-06, 5.84505E-08
81, 1.49069E-05, 5.46054E-06, 6.51750E-06, 5.84521E-08
82, 1.49360E-05, 5.49161E-06, 6.54338E-06, 5.83618E-08
83, 1.49386E-05, 5.51821E-06, 6.56181E-06, 5.81797E-08
84, 1.49143E-05, 5.54032E-06, 6.57269E-06, 5.79058E-08
85, 1.48628E-05, 5.55795E-06, 6.57595E-06, 5.75404E-08
86, 1.47837E-05, 5.57110E-06, 6.57154E-06, 5.70835E-08
87, 1.46767E-05, 5.57980E-06, 6.55941E-06, 5.65355E-08
88, 1.45417E-05, 5.58405E-06, 6.53954E-06, 5.58965E-08
89, 1.47649E-05, 5.58391E-06, 6.51193E-06, 5.51671E-08
90, 1.49762E-05, 5.57940E-06, 6.47660E-06, 5.47343E-08
91, 1.51707E-05, 5.57057E-06, 6.43357E-06, 5.46983E-08
92, 1.53479E-05, 5.55748E-06, 6.38289E-06, 5.45867E-08
93, 1.55075E-05, 5.54910E-06, 6.32463E-06, 5.44030E-08
94, 1.56493E-05, 5.54830E-06, 6.37796E-06, 5.41509E-08
95, 1.57728E-05, 5.54303E-06, 6.48627E-06, 5.38338E-08
96, 1.58781E-05, 5.53330E-06, 6.58726E-06, 5.34554E-08
97, 1.59647E-05, 5.51917E-06, 6.68068E-06, 5.30189E-08
98, 1.60403E-05, 5.50070E-06, 6.76628E-06, 5.25278E-08
99, 1.63579E-05, 5.47795E-06, 6.84382E-06, 5.19852E-08
100, 1.66577E-05, 5.52334E-06, 6.91311E-06, 5.13941E-08
101, 1.69390E-05, 5.64183E-06, 6.97395E-06, 5.07576E-08
102, 1.72011E-05, 5.75938E-06, 7.02617E-06, 5.00783E-08
103, 1.74435E-05, 5.87589E-06, 7.06963E-06, 4.93588E-08
104, 1.76658E-05, 5.99122E-06, 7.10419E-06, 4.86017E-08
105, 1.78674E-05, 6.10524E-06, 7.12976E-06, 4.78091E-08
106, 1.80479E-05, 6.21783E-06, 7.14623E-06, 4.69832E-08
107, 1.82068E-05, 6.32886E-06, 7.15356E-06, 4.61260E-08
108, 1.83440E-05, 6.43819E-06, 7.15169E-06, 4.52393E-08
109, 1.84591E-05, 6.54569E-06, 7.14060E-06, 4.43248E-08
110, 1.85518E-05, 6.65123E-06, 7.12029E-06, 4.33842E-08
111, 1.86219E-05, 6.75467E-06, 7.09078E-06, 4.24188E-08
112, 1.86695E-05, 6.85587E-06, 7.05211E-06, 4.14301E-08
113, 1.86942E-05, 6.95469E-06, 7.00434E-06, 4.15447E-08
114, 1.86962E-05, 7.05101E-06, 6.94755E-06, 4.33072E-08
115, 1.86754E-05, 7.14467E-06, 6.88184E-06, 4.49669E-08
116, 1.86319E-05, 7.23554E-06, 7.01600E-06, 4.65138E-08
117, 1.87200E-05, 7.32347E-06, 7.17527E-06, 4.79381E-08
118, 1.89388E-05, 7.40833E-06, 7.32624E-06, 4.92308E-08
119, 1.91360E-05, 7.48997E-06, 7.46857E-06, 5.03834E-08
120, 1.93110E-05, 7.56825E-06, 7.60194E-06, 5.13880E-08
121, 1.94634E-05, 7.64302E-06, 7.72603E-06, 5.22376E-08
122, 1.95931E-05, 7.71416E-06, 7.84057E-06, 5.29260E-08
123, 1.96995E-05, 7.78150E-06, 7.94529E-06, 5.34477E-08
124, 1.97825E-05, 7.84493E-06, 8.03995E-06, 5.37983E-08
125, 1.98420E-05, 7.90428E-06, 8.12433E-06, 5.39742E-08
126, 1.98777E-05, 7.95943E-06, 8.19823E-06, 5.39729E-08
127, 1.98897E-05, 8.01025E-06, 8.26147E-06, 5.37930E-08
128, 1.98778E-05, 8.05658E-06, 8.31391E-06, 5.34337E-08
129, 1.98422E-05, 8.09830E-06, 8.35540E-06, 5.28957E-08
130, 1.97829E-05, 8.13528E-06, 8.38586E-06, 5.21806E-08
131, 1.97000E-05, 8.16739E-06, 8.40519E-06, 5.12909E-08
132, 1.95937E-05, 8.19451E-06, 8.41333E-06, 5.02301E-08
133, 1.94643E-05, 8.21651E-06, 8.41026E-06, 4.90028E-08
134, 1.93121E-05, 8.23326E-06, 8.39595E-06, 4.76146E-08
135, 1.91374E-05, 8.24467E-06, 8.37043E-06, 4.60717E-08
136, 1.89406E-05, 8.25062E-06, 8.33371E-06, 4.73793E-08
137, 1.87221E-05, 8.25099E-06, 8.28587E-06, 4.88562E-08
138, 1.84825E-05, 8.24571E-06, 8.22697E-06, 5.02958E-08
139, 1.83475E-05, 8.23469E-06, 8.15713E-06, 5.16920E-08
140, 1.83244E-05, 8.21787E-06, 8.07646E-06, 5.30384E-08
141, 1.82778E-05, 8.19511E-06, 7.98511E-06, 5.43286E-08
142, 1.82079E-05, 8.16635E-06, 7.88324E-06, 5.55562E-08
143, 1.81147E-05, 8.13151E-06, 7.77103E-06, 5.67149E-08
144, 1.79982E-05, 8.09055E-06, 7.64870E-06, 5.77983E-08
145, 1.78586E-05, 8.04339E-06, 7.51645E-06, 5.88002E-08
146, 1.76961E-05, 7.99001E-06, 7.37454E-06, 5.97146E-08
147, 1.78241E-05, 7.93035E-06, 7.22322E-06, 6.05357E-08
148, 1.80264E-05, 7.86440E-06, 7.06277E-06, 6.12581E-08
149, 1.82116E-05, 7.79214E-06, 6.89346E-06, 6.18766E-08
150, 1.83793E-05, 7.71356E-06, 6.71562E-06, 6.23863E-08
151, 1.85291E-05, 7.62866E-06, 6.70043E-06, 6.27829E-08
152, 1.86605E-05, 7.53745E-06, 6.84663E-06, 6.30624E-08
153, 1.87733E-05, 7.43995E-06, 6.98493E-06, 6.32213E-08
154, 1.88671E-05, 7.33619E-06, 7.11512E-06, 6.32569E-08
155, 1.89417E-05, 7.22621E-06, 7.23709E-06, 6.41657E-08
156, 1.89968E-05, 7.11007E-06, 7.35060E-06, 6.55130E-08
157, 1.90322E-05, 6.98782E-06, 7.45550E-06, 6.67140E-08
158, 1.90478E-05, 6.85954E-06, 7.55164E-06, 6.77657E-08
159, 1.90434E-05, 6.72532E-06, 7.63891E-06, 6.86661E-08
160, 1.90189E-05, 6.58523E-06, 7.71721E-06, 6.94137E-08
161, 1.89744E-05, 6.43939E-06, 7.78645E-06, 7.00077E-08
162, 1.89097E-05, 6.28791E-06, 7.84659E-06, 7.04482E-08
163, 1.88606E-05, 6.13091E-06, 7.89756E-06, 7.07359E-08
164, 1.90111E-05, 5.96852E-06, 7.93934E-06, 7.08720E-08
165, 1.91354E-05, 5.80088E-06, 7.97192E-06, 7.09334E-08
166, 1.92338E-05, 5.62816E-06, 7.99531E-06, 7.08863E-08
167, 1.93062E-05, 5.62885E-06, 8.00953E-06, 7.06850E-08
168, 1.93528E-05, 5.70627E-06, 8.01462E-06, 7.03340E-08
169, 1.93738E-05, 5.77942E-06, 8.01064E-06, 6.98381E-08
170, 1.93694E-05, 5.84819E-06, 7.99766E-06, 6.92027E-08
171, 1.93399E-05, 5.91246E-06, 7.97578E-06, 6.84336E-08
172, 1.92855E-05, 5.97216E-06, 7.94510E-06, 6.75371E-08
173, 1.92068E-05, 6.02719E-06, 7.90573E-06, 6.65199E-08
174, 1.91039E-05, 6.07747E-06, 7.85782E-06, 6.53887E-08
175, 1.89775E-05, 6.12292E-06, 7.80150E-06, 6.41507E-08
176, 1.88278E-05, 6.16349E-06, 7.73695E-06, 6.28132E-08
177, 1.86555E-05, 6.19911E-06, 7.66433E-06, 6.13837E-08
178, 1.89321E-05, 6.22973E-06, 7.58384E-06, 5.98698E-08
179, 1.92316E-05, 6.25531E-06, 7.49567E-06, 5.82790E-08
180, 1.95091E-05, 6.27581E-06, 7.40003E-06, 5.66189E-08
181, 1.97644E-05, 6.29121E-06, 7.29714E-06, 5.48972E-08
182, 1.99972E-05, 6.30148E-06, 7.18723E-06, 5.31213E-08
183, 2.02074E-05, 6.30661E-06, 7.07054E-06, 5.12985E-08
184, 2.03947E-05, 6.30660E-06, 6.94732E-06, 4.94360E-08
185, 2.05590E-05, 6.30144E-06, 6.81782E-06, 4.75408E-08
186, 2.07003E-05, 6.29115E-06, 6.68231E-06, 4.56198E-08
187, 2.08185E-05, 6.27574E-06, 6.54105E-06, 4.36793E-08
188, 2.09135E-05, 6.25523E-06, 6.39432E-06, 4.17257E-08
189, 2.09854E-05, 6.22967E-06, 6.24241E-06, 3.97649E-08
190, 2.10343E-05, 6.19908E-06, 6.08559E-06, 3.78026E-08
191, 2.10602E-05, 6.16351E-06, 5.92416E-06, 3.58440E-08
192, 2.10633E-05, 6.12301E-06, 5.75841E-06, 3.54993E-08
193, 2.10436E-05, 6.07763E-06, 5.58863E-06, 3.58380E-08
194, 2.10015E-05, 6.02749E-06, 5.41513E-06, 3.60625E-08
195, 2.09372E-05, 5.97264E-06, 5.23820E-06, 3.61749E-08
196, 2.08508E-05, 5.91313E-06, 5.05815E-06, 3.61777E-08
197, 2.07428E-05, 5.84904E-06, 4.87527E-06, 3.60738E-08
198, 2.06133E-05, 5.78045E-06, 4.68986E-06, 3.58665E-08
199, 2.04628E-05, 5.70748E-06, 4.50224E-06, 3.55593E-08
200, 2.02916E-05, 5.63020E-06, 4.59348E-06, 3.53347E-08
201, 2.01002E-05, 5.54873E-06, 4.71254E-06, 3.59248E-08
202, 1.98890E-05, 5.46317E-06, 4.82338E-06, 3.63736E-08
203, 1.96583E-05, 5.37364E-06, 4.92594E-06, 3.66840E-08
204, 1.94088E-05, 5.32201E-06, 5.02017E-06, 3.68594E-08
205, 1.91409E-05, 5.32858E-06, 5.10606E-06, 3.69035E-08
206, 1.88552E-05, 5.33264E-06, 5.18358E-06, 3.68207E-08
207, 1.85521E-05, 5.33425E-06, 5.25274E-06, 3.66156E-08
208, 1.82323E-05, 5.33346E-06, 5.31356E-06, 3.62934E-08
209, 1.78963E-05, 5.33032E-06, 5.36606E-06, 3.58593E-08
210, 1.75447E-05, 5.32489E-06, 5.41030E-06, 3.53190E-08
211, 1.71782E-05, 5.31722E-06, 5.44632E-06, 3.46786E-08
212, 1.67974E-05, 5.30736E-06, 5.47420E-06, 3.39439E-08
213, 1.64030E-05, 5.29538E-06, 5.49403E-06, 3.31214E-08
214, 1.59955E-05, 5.28133E-06, 5.50589E-06, 3.34811E-08
215, 1.55757E-05, 5.26526E-06, 5.50990E-06, 3.39600E-08
216, 1.51443E-05, 5.24724E-06, 5.50617E-06, 3.43431E-08
217, 1.47019E-05, 5.22733E-06, 5.49484E-06, 3.46326E-08
218, 1.42493E-05, 5.27038E-06, 5.47604E-06, 3.48312E-08
219, 1.37871E-05, 5.33139E-06, 5.44994E-06, 3.49416E-08
220, 1.33161E-05, 5.47400E-06, 5.41669E-06, 3.49667E-08
221, 1.28370E-05, 5.61175E-06, 5.37646E-06, 3.49098E-08
222, 1.25465E-05, 5.74460E-06, 5.32944E-06, 3.47743E-08
223, 1.25438E-05, 5.87250E-06, 5.27582E-06, 3.45635E-08
224, 1.25274E-05, 5.99543E-06, 5.21579E-06, 3.42812E-08
225, 1.24974E-05, 6.11336E-06, 5.14957E-06, 3.39310E-08
226, 1.24540E-05, 6.22626E-06, 5.07735E-06, 3.35167E-08
227, 1.23973E-05, 6.33413E-06, 4.99937E-06, 3.30420E-08
228, 1.23277E-05, 6.43694E-06, 4.91585E-06, 3.25109E-08
229, 1.22453E-05, 6.53471E-06, 4.82702E-06, 3.19273E-08
230, 1.21503E-05, 6.62743E-06, 4.73312E-06, 3.12949E-08
231, 1.20432E-05, 6.71511E-06, 4.77969E-06, 3.06176E-08
232, 1.19241E-05, 6.79777E-06, 4.82631E-06, 2.98992E-08
233, 1.17933E-05, 6.87541E-06, 4.86604E-06, 2.91435E-08
234, 1.16512E-05, 6.94807E-06, 4.89892E-06, 2.83541E-08
235, 1.14981E-05, 7.01577E-06, 4.92499E-06, 2.75346E-08
236, 1.13343E-05, 7.07854E-06, 4.94430E-06, 2.66884E-08
237, 1.11603E-05, 7.13642E-06, 4.95691E-06, 2.58191E-08
238, 1.13265E-05, 7.18945E-06, 4.96292E-06, 2.49299E-08
239, 1.15323E-05, 7.23768E-06, 4.96239E-06, 2.40240E-08
240, 1.17249E-05, 7.28116E-06, 4.95543E-06, 2.31045E-08
241, 1.19041E-05, 7.31993E-06, 4.94215E-06, 2.21741E-08
242, 1.20702E-05, 7.35405E-06, 4.92267E-06, 2.12359E-08
243, 1.22230E-05, 7.38359E-06, 4.89711E-06, 2.02924E-08
244, 1.23627E-05, 7.40860E-06, 4.86560E-06, 2.05237E-08
245, 1.24894E-05, 7.42916E-06, 4.82829E-06, 2.07959E-08
246, 1.26031E-05, 7.44532E-06, 4.78533E-06, 2.10465E-08
247, 1.27041E-05, 7.45716E-06, 4.73689E-06, 2.12757E-08
248, 1.27924E-05, 7.46476E-06, 4.68312E-06, 2.14835E-08
249, 1.28682E-05, 7.46820E-06, 4.62420E-06, 2.16696E-08
250, 1.29317E-05, 7.46754E-06, 4.56031E-06, 2.18340E-08
251, 1.29830E-05, 7.46289E-06, 4.49164E-06, 2.19768E-08
252, 1.30223E-05, 7.45431E-06, 4.41837E-06, 2.20976E-08
253, 1.30498E-05, 7.44190E-06, 4.34070E-06, 2.21966E-08
254, 1.30658E-05, 7.42572E-06, 4.25883E-06, 2.22736E-08
255, 1.30705E-05, 7.40589E-06, 4.17297E-06, 2.23286E-08
256, 1.30640E-05, 7.38247E-06, 4.08331E-06, 2.23614E-08
257, 1.30467E-05, 7.35557E-06, 3.99008E-06, 2.23720E-08
258, 1.30188E-05, 7.32528E-06, 3.89348E-06, 2.23605E-08
259, 1.29805E-05, 7.29168E-06, 3.79373E-06, 2.23268E-08
260, 1.29322E-05, 7.25488E-06, 3.69105E-06, 2.22708E-08
261, 1.28741E-05, 7.21496E-06, 3.58565E-06, 2.21928E-08
262, 1.28064E-05, 7.17202E-06, 3.47776E-06, 2.20926E-08
263, 1.27296E-05, 7.12617E-06, 3.36759E-06, 2.19705E-08
264, 1.26438E-05, 7.07748E-06, 3.39590E-06, 2.18266E-08
265, 1.25495E-05, 7.02607E-06, 3.44395E-06, 2.16609E-08
266, 1.24468E-05, 6.97202E-06, 3.48755E-06, 2.14738E-08
267, 1.23362E-05, 6.91544E-06, 3.52673E-06, 2.12655E-08
268, 1.22179E-05, 6.85642E-06, 3.56149E-06, 2.10362E-08
269, 1.20922E-05, 6.79505E-06, 3.59188E-06, 2.07862E-08
270, 1.19595E-05, 6.73144E-06, 3.61791E-06, 2.05159E-08
271, 1.18202E-05, 6.66567E-06, 3.63965E-06, 2.02257E-08
272, 1.16744E-05, 6.59785E-06, 3.65712E-06, 1.99160E-08
273, 1.15226E-05, 6.52807E-06, 3.67038E-06, 1.95872E-08
274, 1.13651E-05, 6.45642E-06, 3.67948E-06, 1.92399E-08
275, 1.12021E-05, 6.38301E-06, 3.68449E-06, 1.88746E-08
276, 1.10341E-05, 6.30791E-06, 3.68547E-06, 1.85123E-08
277, 1.08614E-05, 6.23122E-06, 3.68251E-06, 1.81716E-08
278, 1.06842E-05, 6.15304E-06, 3.67567E-06, 1.78174E-08
279, 1.05030E-05, 6.07345E-06, 3.66504E-06, 1.74502E-08
280, 1.03180E-05, 5.99254E-06, 3.65071E-06, 1.70709E-08
281, 1.01295E-05, 5.91041E-06, 3.63278E-06, 1.66801E-08
282, 9.93792E-06, 5.82714E-06, 3.61133E-06, 1.62787E-08
283, 9.74349E-06, 5.74280E-06, 3.58648E-06, 1.58672E-08
284, 9.54654E-06, 5.65750E-06, 3.55831E-06, 1.54466E-08
285, 9.34738E-06, 5.57130E-06, 3.52695E-06, 1.50176E-08
286, 9.14630E-06, 5.48430E-06, 3.49250E-06, 1.45811E-08
287, 8.94360E-06, 5.39657E-06, 3.45507E-06, 1.41378E-08
288, 8.73956E-06, 5.30819E-06, 3.41479E-06, 1.36885E-08
289, 8.53446E-06, 5.21923E-06, 3.37176E-06, 1.32340E-08
290, 8.48162E-06, 5.12978E-06, 3.32611E-06, 1.27753E-08
291, 8.42089E-06, 5.03990E-06, 3.27796E-06, 1.23723E-08
292, 8.35171E-06, 4.94967E-06, 3.22744E-06, 1.24935E-08
293, 8.27443E-06, 4.85915E-06, 3.17467E-06, 1.25920E-08
294, 8.18939E-06, 4.76842E-06, 3.11978E-06, 1.26683E-08
295, 8.09693E-06, 4.67754E-06, 3.06289E-06, 1.27229E-08
296, 7.99740E-06, 4.58657E-06, 3.00413E-06, 1.27564E-08
297, 7.89116E-06, 4.49559E-06, 2.94363E-06, 1.27695E-08
298, 7.77856E-06, 4.40464E-06, 2.88152E-06, 1.27627E-08
299, 7.65996E-06, 4.31378E-06, 2.81793E-06, 1.27367E-08
300, 7.53571E-06, 4.22309E-06, 2.75297E-06, 1.26922E-08
301, 7.40618E-06, 4.13260E-06, 2.68679E-06, 1.26299E-08
302, 7.27171E-06, 4.04237E-06, 2.61951E-06, 1.25504E-08
303, 7.13268E-06, 3.95245E-06, 2.55125E-06, 1.24544E-08
304, 6.98942E-06, 3.86290E-06, 2.48214E-06, 1.23428E-08
305, 6.84231E-06, 3.77376E-06, 2.41230E-06, 1.22162E-08
306, 6.69167E-06, 3.68507E-06, 2.34185E-06, 1.20753E-08
307, 6.53787E-06, 3.59688E-06, 2.27091E-06, 1.19208E-08
308, 6.38125E-06, 3.50923E-06, 2.19960E-06, 1.17535E-08
309, 6.22213E-06, 3.42216E-06, 2.12803E-06, 1.15742E-08
310, 6.06087E-06, 3.33571E-06, 2.05632E-06, 1.13834E-08
311, 5.89777E-06, 3.24991E-06, 1.98458E-06, 1.11819E-08
312, 5.73318E-06, 3.16479E-06, 1.91291E-06, 1.09705E-08
313, 5.56740E-06, 3.08039E-06, 1.84143E-06, 1.07497E-08
314, 5.40073E-06, 2.99675E-06, 1.77023E-06, 1.05203E-08
315, 5.23350E-06, 2.91388E-06, 1.69941E-06, 1.02829E-08
316, 5.06598E-06, 2.83181E-06, 1.62908E-06, 1.00381E-08
317, 4.89847E-06, 2.75057E-06, 1.55931E-06, 9.78668E-09
318, 4.73125E-06, 2.67019E-06, 1.49022E-06, 9.52913E-09
319, 4.56458E-06, 2.59067E-06, 1.42187E-06, 9.26612E-09
320, 4.46514E-06, 2.51205E-06, 1.35436E-06, 8.99818E-09
321, 4.41119E-06, 2.43435E-06, 1.28776E-06, 8.80895E-09
322, 4.35159E-06, 2.35757E-06, 1.22214E-06, 8.78807E-09
323, 4.28656E-06, 2.28174E-06, 1.20763E-06, 8.76497E-09
324, 4.21631E-06, 2.20686E-06, 1.20166E-06, 8.73975E-09
325, 4.14107E-06, 2.13296E-06, 1.19329E-06, 8.71230E-09
326, 4.06106E-06, 2.06004E-06, 1.18259E-06, 8.68269E-09
327, 3.97652E-06, 2.01047E-06, 1.16966E-06, 8.65090E-09
328, 3.88767E-06, 1.96871E-06, 1.15458E-06, 8.61695E-09
329, 3.79475E-06, 1.92701E-06, 1.13744E-06, 8.58071E-09
330, 3.69801E-06, 1.88541E-06, 1.11834E-06, 8.54232E-09
331, 3.59767E-06, 1.84397E-06, 1.09737E-06, 8.50166E-09
332, 3.49399E-06, 1.80272E-06, 1.07461E-06, 8.45875E-09
333, 3.38720E-06, 1.76170E-06, 1.05018E-06, 8.41357E-09
334, 3.27754E-06, 1.72095E-06, 1.02416E-06, 8.36601E-09
335, 3.30042E-06, 1.68050E-06, 9.96659E-07, 8.31620E-09
336, 3.32790E-06, 1.64040E-06, 9.74225E-07, 8.26397E-09
337, 3.35127E-06, 1.60067E-06, 9.55948E-07, 8.20938E-09
338, 3.37054E-06, 1.56135E-06, 9.36953E-07, 8.15240E-09
339, 3.38574E-06, 1.52246E-06, 9.17296E-07, 8.09298E-09
340, 3.39691E-06, 1.48403E-06, 9.31609E-07, 8.03109E-09
341, 3.40407E-06, 1.47258E-06, 9.44456E-07, 7.96678E-09
342, 3.40727E-06, 1.46505E-06, 9.55719E-07, 7.89998E-09
343, 3.40655E-06, 1.45707E-06, 9.65395E-07, 7.86295E-09
344, 3.40198E-06, 1.44867E-06, 9.73481E-07, 7.84448E-09
345, 3.39360E-06, 1.44543E-06, 9.79979E-07, 7.86364E-09
346, 3.38150E-06, 1.44554E-06, 9.84893E-07, 7.88191E-09
347, 3.36573E-06, 1.44520E-06, 9.88229E-07, 7.89691E-09
348, 3.34638E-06, 1.44441E-06, 9.90000E-07, 7.90874E-09
349, 3.32353E-06, 1.44317E-06, 9.90216E-07, 7.91740E-09
350, 3.29727E-06, 1.44150E-06, 9.88893E-07, 7.92285E-09
351, 3.26769E-06, 1.43939E-06, 9.86049E-07, 7.92517E-09
352, 3.23489E-06, 1.43685E-06, 9.81706E-07, 7.92431E-09
353, 3.19896E-06, 1.43388E-06, 9.75886E-07, 7.92034E-09
354, 3.16001E-06, 1.43048E-06, 9.68614E-07, 7.97124E-09
355, 3.11815E-06, 1.42667E-06, 9.59918E-07, 8.05646E-09
356, 3.07348E-06, 1.42244E-06, 9.49828E-07, 8.13863E-09
357, 3.02613E-06, 1.41780E-06, 9.38376E-07, 8.21771E-09
358, 2.97620E-06, 1.41275E-06, 9.25595E-07, 8.29359E-09
359, 2.92382E-06, 1.40731E-06, 9.11521E-07, 8.36627E-09
360, 2.86910E-06, 1.40146E-06, 8.96192E-07, 8.43567E-09
361, 2.81217E-06, 1.39523E-06, 8.79646E-07, 8.50171E-09
362, 2.75315E-06, 1.38862E-06, 8.61925E-07, 8.56439E-09
363, 2.69217E-06, 1.38162E-06, 8.43069E-07, 8.62363E-09
364, 2.62936E-06, 1.37434E-06, 8.23123E-07, 8.67935E-09
365, 2.56483E-06, 1.37526E-06, 8.02131E-07, 8.73155E-09
366, 2.49873E-06, 1.37578E-06, 7.80138E-07, 8.78016E-09
367, 2.43117E-06, 1.37591E-06, 7.57192E-07, 8.82510E-09
368, 2.36229E-06, 1.37564E-06, 7.46153E-07, 8.86639E-09
369, 2.29221E-06, 1.37499E-06, 7.46399E-07, 8.90394E-09
370, 2.25664E-06, 1.37395E-06, 7.46561E-07, 8.93775E-09
371, 2.22109E-06, 1.37252E-06, 7.46642E-07, 8.96774E-09
372, 2.18270E-06, 1.37071E-06, 7.46643E-07, 8.99391E-09
373, 2.14161E-06, 1.36852E-06, 7.46566E-07, 9.01624E-09
374, 2.09794E-06, 1.36595E-06, 7.46411E-07, 9.03468E-09
375, 2.05182E-06, 1.36301E-06, 7.46181E-07, 9.04923E-09
376, 2.00340E-06, 1.35969E-06, 7.45877E-07, 9.05990E-09
377, 1.95281E-06, 1.35600E-06, 7.45501E-07, 9.06661E-09
378, 1.90018E-06, 1.35194E-06, 7.45054E-07, 9.06941E-09
379, 1.84565E-06, 1.34752E-06, 7.44539E-07, 9.06828E-09
380, 1.78936E-06, 1.34274E-06, 7.43957E-07, 9.06325E-09
381, 1.73146E-06, 1.33761E-06, 7.43309E-07, 9.05428E-09
382, 1.67207E-06, 1.33212E-06, 7.42598E-07, 9.04145E-09
383, 1.61135E-06, 1.32628E-06, 7.41825E-07, 9.07703E-09
384, 1.54941E-06, 1.32009E-06, 7.40992E-07, 9.15331E-09
385, 1.50951E-06, 1.31386E-06, 7.40100E-07, 9.22579E-09
386, 1.53285E-06, 1.31547E-06, 7.39151E-07, 9.29444E-09
387, 1.55295E-06, 1.31673E-06, 7.38147E-07, 9.35917E-09
388, 1.56986E-06, 1.31764E-06, 7.37090E-07, 9.42005E-09
389, 1.58364E-06, 1.31819E-06, 7.35982E-07, 9.47697E-09
390, 1.59434E-06, 1.31838E-06, 7.34823E-07, 9.52995E-09
391, 1.60203E-06, 1.31822E-06, 7.33616E-07, 9.57897E-09
392, 1.60679E-06, 1.31771E-06, 7.32362E-07, 9.62402E-09
393, 1.60868E-06, 1.31684E-06, 7.31064E-07, 9.66508E-09
394, 1.60778E-06, 1.31562E-06, 7.29721E-07, 9.70219E-09
395, 1.60417E-06, 1.31405E-06, 7.28337E-07, 9.73525E-09
396, 1.59793E-06, 1.31213E-06, 7.26913E-07, 9.76436E-09
397, 1.58915E-06, 1.30986E-06, 7.25450E-07, 9.78949E-09
398, 1.57791E-06, 1.30724E-06, 7.25492E-07, 9.81059E-09
399, 1.56430E-06, 1.30428E-06, 7.26082E-07, 9.82779E-09
400, 1.54842E-06, 1.30097E-06, 7.26605E-07, 9.84100E-09
401, 1.53036E-06, 1.29732E-06, 7.27063E-07, 9.85027E-09
402, 1.51022E-06, 1.29333E-06, 7.27456E-07, 9.85560E-09
403, 1.48808E-06, 1.28901E-06, 7.27786E-07, 9.85701E-09
404, 1.48055E-06, 1.28434E-06, 7.28055E-07, 9.85456E-09
405, 1.49977E-06, 1.27935E-06, 7.28263E-07, 9.84822E-09
406, 1.51871E-06, 1.27402E-06, 7.28413E-07, 9.83805E-09
407, 1.53732E-06, 1.26837E-06, 7.28505E-07, 9.82407E-09
408, 1.55558E-06, 1.26239E-06, 7.28542E-07, 9.80627E-09
409, 1.57342E-06, 1.25706E-06, 7.28524E-07, 9.78472E-09
410, 1.59081E-06, 1.25878E-06, 7.28453E-07, 9.75943E-09
411, 1.60771E-06, 1.26018E-06, 7.28330E-07, 9.73045E-09
412, 1.62407E-06, 1.26124E-06, 7.28157E-07, 9.69776E-09
413, 1.63987E-06, 1.26197E-06, 7.27936E-07, 9.75635E-09
414, 1.65506E-06, 1.26237E-06, 7.27667E-07, 9.81232E-09
415, 1.66961E-06, 1.26243E-06, 7.27352E-07, 9.86456E-09
416, 1.68349E-06, 1.26216E-06, 7.26993E-07, 9.91312E-09
417, 1.69666E-06, 1.26156E-06, 7.26591E-07, 9.95797E-09
418, 1.70909E-06, 1.26062E-06, 7.26147E-07, 9.99901E-09
419, 1.72077E-06, 1.25934E-06, 7.25663E-07, 1.00363E-08
420, 1.73166E-06, 1.25773E-06, 7.25140E-07, 1.00697E-08
421, 1.74173E-06, 1.25578E-06, 7.24580E-07, 1.00994E-08
422, 1.75118E-06, 1.25350E-06, 7.24591E-07, 1.01251E-08
423, 1.78427E-06, 1.25088E-06, 7.25079E-07, 1.01469E-08
424, 1.81709E-06, 1.24793E-06, 7.25499E-07, 1.01648E-08
425, 1.84963E-06, 1.24465E-06, 7.25851E-07, 1.01787E-08
426, 1.88184E-06, 1.24104E-06, 7.26136E-07, 1.01887E-08
427, 1.91369E-06, 1.23709E-06, 7.26355E-07, 1.01947E-08
428, 1.94514E-06, 1.23282E-06, 7.26509E-07, 1.01966E-08
429, 1.97616E-06, 1.22821E-06, 7.26598E-07, 1.01945E-08
430, 2.00672E-06, 1.22328E-06, 7.26625E-07, 1.01883E-08
431, 2.03678E-06, 1.21803E-06, 7.26588E-07, 1.01781E-08
432, 2.06631E-06, 1.21899E-06, 7.29120E-07, 1.01638E-08
433, 2.09528E-06, 1.22159E-06, 7.32909E-07, 1.01454E-08
434, 2.12366E-06, 1.22387E-06, 7.36033E-07, 1.01229E-08
435, 2.15141E-06, 1.22584E-06, 7.38507E-07, 1.00963E-08
436, 2.17852E-06, 1.22749E-06, 7.40347E-07, 1.00656E-08
437, 2.20494E-06, 1.22881E-06, 7.41570E-07, 1.00308E-08
438, 2.23065E-06, 1.22981E-06, 7.42192E-07, 9.99179E-09
439, 2.25563E-06, 1.23049E-06, 7.42230E-07, 9.94877E-09
440, 2.27985E-06, 1.23083E-06, 7.41703E-07, 9.90163E-09
441, 2.30329E-06, 1.23085E-06, 7.40628E-07, 9.85041E-09
442, 2.32591E-06, 1.23054E-06, 7.39025E-07, 9.82396E-09
443, 2.34771E-06, 1.22990E-06, 7.36911E-07, 9.85675E-09
444, 2.36865E-06, 1.22892E-06, 7.34307E-07, 9.88538E-09
445, 2.38873E-06, 1.22760E-06, 7.31367E-07, 9.90975E-09
446, 2.40791E-06, 1.22596E-06, 7.32989E-07, 9.92989E-09
447, 2.42619E-06, 1.22397E-06, 7.34545E-07, 9.94577E-09
448, 2.44354E-06, 1.22166E-06, 7.36036E-07, 9.95727E-09
449, 2.45995E-06, 1.21900E-06, 7.37463E-07, 9.96451E-09
450, 2.47542E-06, 1.21601E-06, 7.38825E-07, 9.96738E-09
451, 2.48991E-06, 1.21268E-06, 7.40123E-07, 9.96583E-09
452, 2.50343E-06, 1.20902E-06, 7.41358E-07, 9.95998E-09
453, 2.51596E-06, 1.20502E-06, 7.42530E-07, 9.94973E-09
454, 2.52750E-06, 1.20069E-06, 7.43640E-07, 9.93510E-09
455, 2.53804E-06, 1.19603E-06, 7.44688E-07, 9.91610E-09
456, 2.54756E-06, 1.19103E-06, 7.45676E-07, 9.89274E-09
457, 2.55608E-06, 1.18570E-06, 7.46603E-07, 9.86504E-09
458, 2.56357E-06, 1.18005E-06, 7.47471E-07, 9.83301E-09
459, 2.57005E-06, 1.17634E-06, 7.48281E-07, 9.79665E-09
460, 2.57550E-06, 1.17880E-06, 7.49032E-07, 9.75605E-09
461, 2.57993E-06, 1.18094E-06, 7.49727E-07, 9.71118E-09
462, 2.58334E-06, 1.18276E-06, 7.50364E-07, 9.66210E-09
463, 2.58573E-06, 1.18427E-06, 7.50946E-07, 9.60885E-09
464, 2.58711E-06, 1.18545E-06, 7.51474E-07, 9.55147E-09
465, 2.58748E-06, 1.18631E-06, 7.51947E-07, 9.49001E-09
466, 2.58684E-06, 1.18685E-06, 7.52367E-07, 9.42455E-09
467, 2.58520E-06, 1.18705E-06, 7.52735E-07, 9.35512E-09
468, 2.58257E-06, 1.18692E-06, 7.53052E-07, 9.28178E-09
469, 2.57896E-06, 1.18646E-06, 7.53318E-07, 9.20459E-09
470, 2.57438E-06, 1.18566E-06, 7.53534E-07, 9.12367E-09
471, 2.56883E-06, 1.18452E-06, 7.53702E-07, 9.03904E-09
472, 2.56234E-06, 1.18305E-06, 7.53822E-07, 8.98294E-09
473, 2.55490E-06, 1.18124E-06, 7.53894E-07, 8.97777E-09
474, 2.54654E-06, 1.17908E-06, 7.53921E-07, 8.96882E-09
475, 2.53727E-06, 1.17659E-06, 7.53903E-07, 8.95615E-09
476, 2.52710E-06, 1.17686E-06, 7.53840E-07, 8.93978E-09
477, 2.51604E-06, 1.17781E-06, 7.53735E-07, 8.91975E-09
478, 2.50413E-06, 1.17856E-06, 7.55336E-07, 8.89611E-09
479, 2.49136E-06, 1.17910E-06, 7.57469E-07, 8.86889E-09
480, 2.47776E-06, 1.17945E-06, 7.59544E-07, 8.83813E-09
481, 2.46335E-06, 1.17959E-06, 7.61561E-07, 8.80387E-09
482, 2.44814E-06, 1.17953E-06, 7.63521E-07, 8.76619E-09
483, 2.43216E-06, 1.17927E-06, 7.65425E-07, 8.72512E-09
484, 2.41542E-06, 1.17881E-06, 7.67272E-07, 8.68072E-09
485, 2.39794E-06, 1.17815E-06, 7.69064E-07, 8.63303E-09
486, 2.37975E-06, 1.17730E-06, 7.70800E-07, 8.58214E-09
487, 2.36086E-06, 1.17625E-06, 7.72481E-07, 8.52808E-09
488, 2.34129E-06, 1.17501E-06, 7.74108E-07, 8.47094E-09
489, 2.32108E-06, 1.17357E-06, 7.75680E-07, 8.41075E-09
490, 2.30023E-06, 1.17195E-06, 7.77200E-07, 8.34762E-09
491, 2.27877E-06, 1.17427E-06, 7.78666E-07, 8.28159E-09
492, 2.25672E-06, 1.17853E-06, 7.80080E-07, 8.21274E-09
493, 2.23411E-06, 1.18259E-06, 7.81442E-07, 8.14114E-09
494, 2.21095E-06, 1.18644E-06, 7.82753E-07, 8.06684E-09
495, 2.18727E-06, 1.19010E-06, 7.84013E-07, 7.98994E-09
496, 2.16308E-06, 1.19355E-06, 7.85224E-07, 7.91053E-09
497, 2.13842E-06, 1.19679E-06, 7.86385E-07, 7.82865E-09
498, 2.11330E-06, 1.19983E-06, 7.87497E-07, 7.74439E-09
499, 2.08775E-06, 1.20267E-06, 7.88561E-07, 7.65783E-09
500, 2.06179E-06, 1.20781E-06, 7.89578E-07, 7.56905E-09
501, 2.03543E-06, 1.21535E-06, 7.90548E-07, 7.47812E-09
502, 2.00870E-06, 1.22283E-06, 7.91472E-07, 7.38513E-09
503, 1.98163E-06, 1.23024E-06, 7.92350E-07, 7.33880E-09
504, 1.95423E-06, 1.23759E-06, 7.93184E-07, 7.32042E-09
505, 1.92653E-06, 1.24487E-06, 7.93973E-07, 7.29976E-09
506, 1.89854E-06, 1.25209E-06, 7.94719E-07, 7.27688E-09
507, 1.87029E-06, 1.25924E-06, 7.95423E-07, 7.25176E-09
508, 1.84180E-06, 1.26633E-06, 7.96084E-07, 7.22446E-09
509, 1.81309E-06, 1.27334E-06, 7.96704E-07, 7.19500E-09
510, 1.78417E-06, 1.28029E-06, 7.97283E-07, 7.16344E-09
511, 1.75506E-06, 1.28717E-06, 7.97823E-07, 7.12977E-09
512, 1.72580E-06, 1.29397E-06, 7.98323E-07, 7.09405E-09
513, 1.69638E-06, 1.30070E-06, 7.98784E-07, 7.05630E-09
514, 1.66684E-06, 1.30736E-06, 7.99208E-07, 7.01658E-09
515, 1.63719E-06, 1.31395E-06, 7.99595E-07, 6.97490E-09
516, 1.60745E-06, 1.32045E-06, 7.99945E-07, 6.93130E-09
517, 1.57763E-06, 1.32688E-06, 8.02472E-07, 6.88584E-09
518, 1.54775E-06, 1.33324E-06, 8.05093E-07, 6.83850E-09
519, 1.51783E-06, 1.33951E-06, 8.07669E-07, 6.78939E-09
520, 1.48788E-06, 1.34570E-06, 8.10198E-07, 6.73849E-09
521, 1.45792E-06, 1.35180E-06, 8.12682E-07, 6.71817E-09
522, 1.42797E-06, 1.35782E-06, 8.15121E-07, 6.72890E-09
523, 1.39803E-06, 1.36376E-06, 8.17515E-07, 6.73810E-09
524, 1.36812E-06, 1.36960E-06, 8.19864E-07, 6.74575E-09
525, 1.33826E-06, 1.37536E-06, 8.22169E-07, 6.75186E-09
526, 1.30845E-06, 1.38102E-06, 8.24430E-07, 6.75642E-09
527, 1.27872E-06, 1.38659E-06, 8.26647E-07, 6.75945E-09
528, 1.25700E-06, 1.39206E-06, 8.28820E-07, 6.76099E-09
529, 1.24553E-06, 1.39744E-06, 8.30951E-07, 6.76102E-09
530, 1.23360E-06, 1.40272E-06, 8.33039E-07, 6.75951E-09
531, 1.22124E-06, 1.40789E-06, 8.35085E-07, 6.75659E-09
532, 1.20845E-06, 1.41296E-06, 8.37089E-07, 6.75217E-09
533, 1.19527E-06, 1.41793E-06, 8.39051E-07, 6.74626E-09
534, 1.18170E-06, 1.42279E-06, 8.40972E-07, 6.73899E-09
535, 1.16777E-06, 1.42754E-06, 8.42853E-07, 6.73025E-09
536, 1.15350E-06, 1.43218E-06, 8.44693E-07, 6.72011E-09
537, 1.13890E-06, 1.43670E-06, 8.46492E-07, 6.70860E-09
538, 1.13314E-06, 1.44110E-06, 8.48253E-07, 6.69569E-09
539, 1.13184E-06, 1.44539E-06, 8.49973E-07, 6.68145E-09
540, 1.13045E-06, 1.44956E-06, 8.51655E-07, 6.66589E-09
541, 1.12897E-06, 1.45360E-06, 8.53299E-07, 6.64900E-09
542, 1.12741E-06, 1.45752E-06, 8.54904E-07, 6.63080E-09
543, 1.12576E-06, 1.46130E-06, 8.56472E-07, 6.61137E-09
544, 1.12403E-06, 1.46496E-06, 8.58002E-07, 6.59066E-09
545, 1.12476E-06, 1.46849E-06, 8.59495E-07, 6.58114E-09
546, 1.12590E-06, 1.47187E-06, 8.60952E-07, 6.57470E-09
547, 1.12694E-06, 1.47513E-06, 8.62372E-07, 6.56683E-09
548, 1.12787E-06, 1.47824E-06, 8.63756E-07, 6.55756E-09
549, 1.12870E-06, 1.48121E-06, 8.65105E-07, 6.54696E-09
550, 1.12943E-06, 1.48403E-06, 8.66419E-07, 6.53498E-09
551, 1.13005E-06, 1.48670E-06, 8.67699E-07, 6.52171E-09
552, 1.13057E-06, 1.48923E-06, 8.68943E-07, 6.50717E-09
553, 1.13099E-06, 1.49160E-06, 8.70154E-07, 6.49136E-09
554, 1.13131E-06, 1.49382E-06, 8.71331E-07, 6.47428E-09
555, 1.13154E-06, 1.49588E-06, 8.72475E-07, 6.45602E-09
556, 1.13166E-06, 1.49777E-06, 8.73586E-07, 6.43654E-09
557, 1.13169E-06, 1.49951E-06, 8.74665E-07, 6.41595E-09
558, 1.13162E-06, 1.50252E-06, 8.75711E-07, 6.39420E-09
559, 1.13146E-06, 1.50580E-06, 8.76725E-07, 6.37133E-09
560, 1.13121E-06, 1.50893E-06, 8.77707E-07, 6.34740E-09
561, 1.13086E-06, 1.51193E-06, 8.78658E-07, 6.32241E-09
562, 1.13042E-06, 1.51477E-06, 8.79579E-07, 6.29637E-09
563, 1.12989E-06, 1.51746E-06, 8.80468E-07, 6.26935E-09
564, 1.12927E-06, 1.52000E-06, 8.81327E-07, 6.24133E-09
565, 1.12857E-06, 1.52238E-06, 8.82157E-07, 6.21237E-09
566, 1.13290E-06, 1.52461E-06, 8.83913E-07, 6.18249E-09
567, 1.14189E-06, 1.52668E-06, 8.86283E-07, 6.15169E-09
568, 1.15090E-06, 1.52858E-06, 8.88615E-07, 6.12003E-09
569, 1.15992E-06, 1.53032E-06, 8.90909E-07, 6.08750E-09
570, 1.16895E-06, 1.53189E-06, 8.93166E-07, 6.05416E-09
571, 1.17799E-06, 1.53329E-06, 8.95385E-07, 6.02003E-09
572, 1.18704E-06, 1.53452E-06, 8.98397E-07, 5.98512E-09
573, 1.19610E-06, 1.53557E-06, 9.03044E-07, 5.94945E-09
574, 1.20517E-06, 1.53645E-06, 9.07647E-07, 5.91306E-09
575, 1.21425E-06, 1.53716E-06, 9.12204E-07, 5.89121E-09
576, 1.22334E-06, 1.53768E-06, 9.16716E-07, 5.87029E-09
577, 1.23244E-06, 1.53802E-06, 9.21183E-07, 5.84851E-09
578, 1.24155E-06, 1.53818E-06, 9.25603E-07, 5.82589E-09
579, 1.25066E-06, 1.53815E-06, 9.29977E-07, 5.80238E-09
580, 1.25979E-06, 1.53794E-06, 9.34305E-07, 5.77811E-09
581, 1.26892E-06, 1.53754E-06, 9.38587E-07, 5.75304E-09
582, 1.27902E-06, 1.53695E-06, 9.42821E-07, 5.72721E-09
583, 1.29320E-06, 1.53617E-06, 9.47009E-07, 5.70067E-09
584, 1.30731E-06, 1.53519E-06, 9.51150E-07, 5.67342E-09
585, 1.32136E-06, 1.53403E-06, 9.55243E-07, 5.64549E-09
586, 1.33534E-06, 1.53266E-06, 9.59289E-07, 5.61691E-09
587, 1.34925E-06, 1.53110E-06, 9.63287E-07, 5.58771E-09
588, 1.36308E-06, 1.52935E-06, 9.67238E-07, 5.55789E-09
589, 1.37683E-06, 1.52739E-06, 9.71140E-07, 5.55513E-09
590, 1.39050E-06, 1.52523E-06, 9.74995E-07, 5.55206E-09
591, 1.40408E-06, 1.52288E-06, 9.78801E-07, 5.54657E-09
592, 1.41757E-06, 1.52270E-06, 9.82559E-07, 5.53880E-09
593, 1.43098E-06, 1.52282E-06, 9.86268E-07, 5.54413E-09
594, 1.44428E-06, 1.52276E-06, 9.89928E-07, 5.55515E-09
595, 1.45749E-06, 1.52253E-06, 9.93540E-07, 5.56338E-09
596, 1.47061E-06, 1.52214E-06, 9.97103E-07, 5.56877E-09
597, 1.48361E-06, 1.52156E-06, 1.00062E-06, 5.57138E-09
598, 1.49652E-06, 1.52082E-06, 1.00408E-06, 5.57120E-09
599, 1.50931E-06, 1.51990E-06, 1.00750E-06, 5.56827E-09
600, 1.52340E-06, 1.51881E-06, 1.01086E-06, 5.56249E-09
601, 1.53969E-06, 1.51754E-06, 1.01418E-06, 5.55398E-09
602, 1.55589E-06, 1.51610E-06, 1.01745E-06, 5.54274E-09
603, 1.57200E-06, 1.51449E-06, 1.02067E-06, 5.52876E-09
604, 1.58802E-06, 1.51270E-06, 1.02383E-06, 5.51204E-09
605, 1.60395E-06, 1.51073E-06, 1.02695E-06, 5.49269E-09
606, 1.61977E-06, 1.50859E-06, 1.03002E-06, 5.50327E-09
607, 1.63549E-06, 1.50628E-06, 1.03304E-06, 5.52548E-09
608, 1.65110E-06, 1.50379E-06, 1.03601E-06, 5.54531E-09
609, 1.66659E-06, 1.50112E-06, 1.03892E-06, 5.56283E-09
610, 1.68198E-06, 1.49828E-06, 1.04179E-06, 5.57791E-09
611, 1.69724E-06, 1.49527E-06, 1.04461E-06, 5.59067E-09
612, 1.71238E-06, 1.49208E-06, 1.04738E-06, 5.60102E-09
613, 1.72739E-06, 1.48872E-06, 1.05335E-06, 5.60899E-09
614, 1.74228E-06, 1.48519E-06, 1.05962E-06, 5.61459E-09
615, 1.75703E-06, 1.48277E-06, 1.06572E-06, 5.61780E-09
616, 1.77164E-06, 1.48173E-06, 1.07165E-06, 5.61860E-09
617, 1.78612E-06, 1.48054E-06, 1.07740E-06, 5.61707E-09
618, 1.80045E-06, 1.47920E-06, 1.08298E-06, 5.61314E-09
619, 1.81463E-06, 1.47771E-06, 1.08839E-06, 5.60686E-09
620, 1.82866E-06, 1.47606E-06, 1.09362E-06, 5.59823E-09
621, 1.84254E-06, 1.47426E-06, 1.09867E-06, 5.58729E-09
622, 1.85626E-06, 1.47232E-06, 1.10355E-06, 5.57400E-09
623, 1.86982E-06, 1.47022E-06, 1.10826E-06, 5.55841E-09
624, 1.88322E-06, 1.46796E-06, 1.11279E-06, 5.54056E-09
625, 1.89645E-06, 1.46556E-06, 1.11714E-06, 5.52046E-09
626, 1.90952E-06, 1.46301E-06, 1.12132E-06, 5.49807E-09
627, 1.92241E-06, 1.46031E-06, 1.12533E-06, 5.47354E-09
628, 1.93512E-06, 1.45745E-06, 1.12915E-06, 5.44678E-09
629, 1.94766E-06, 1.45445E-06, 1.13281E-06, 5.41787E-09
630, 1.96001E-06, 1.45130E-06, 1.13628E-06, 5.40648E-09
631, 1.97218E-06, 1.44800E-06, 1.13959E-06, 5.40088E-09
632, 1.98417E-06, 1.44455E-06, 1.14271E-06, 5.39274E-09
633, 1.99596E-06, 1.44095E-06, 1.14566E-06, 5.38211E-09
634, 2.00757E-06, 1.43720E-06, 1.14844E-06, 5.36895E-09
635, 2.01897E-06, 1.43331E-06, 1.15104E-06, 5.35333E-09
636, 2.03019E-06, 1.42928E-06, 1.15346E-06, 5.33522E-09
637, 2.04120E-06, 1.42509E-06, 1.15571E-06, 5.31465E-09
638, 2.05200E-06, 1.42077E-06, 1.15779E-06, 5.29164E-09
639, 2.06261E-06, 1.41629E-06, 1.15969E-06, 5.27293E-09
640, 2.07300E-06, 1.41168E-06, 1.16142E-06, 5.27200E-09
641, 2.08319E-06, 1.40692E-06, 1.16297E-06, 5.26892E-09
642, 2.09317E-06, 1.40202E-06, 1.16436E-06, 5.26375E-09
643, 2.10293E-06, 1.39698E-06, 1.16556E-06, 5.25640E-09
644, 2.11247E-06, 1.39180E-06, 1.16660E-06, 5.24700E-09
645, 2.12180E-06, 1.38648E-06, 1.16746E-06, 5.23547E-09
646, 2.13090E-06, 1.38102E-06, 1.16815E-06, 5.22187E-09
647, 2.13978E-06, 1.37542E-06, 1.16867E-06, 5.20624E-09
648, 2.14844E-06, 1.36968E-06, 1.16903E-06, 5.18851E-09
649, 2.15687E-06, 1.36381E-06, 1.16921E-06, 5.16881E-09
650, 2.16507E-06, 1.35780E-06, 1.16922E-06, 5.14708E-09
651, 2.17305E-06, 1.35296E-06, 1.16906E-06, 5.12337E-09
652, 2.18079E-06, 1.34852E-06, 1.16873E-06, 5.09774E-09
653, 2.18829E-06, 1.34394E-06, 1.16824E-06, 5.07015E-09
654, 2.19556E-06, 1.33923E-06, 1.16758E-06, 5.04069E-09
655, 2.20260E-06, 1.33439E-06, 1.16676E-06, 5.00935E-09
656, 2.20939E-06, 1.32942E-06, 1.16577E-06, 4.98937E-09
657, 2.21595E-06, 1.32432E-06, 1.16461E-06, 4.97751E-09
658, 2.22226E-06, 1.31909E-06, 1.16330E-06, 4.96353E-09
659, 2.22833E-06, 1.31374E-06, 1.16182E-06, 4.94745E-09
660, 2.23416E-06, 1.30825E-06, 1.16018E-06, 4.92922E-09
661, 2.23974E-06, 1.30264E-06, 1.15838E-06, 4.90895E-09
662, 2.24507E-06, 1.29690E-06, 1.15641E-06, 4.88661E-09
663, 2.25016E-06, 1.29104E-06, 1.15430E-06, 4.86224E-09
664, 2.25499E-06, 1.28505E-06, 1.15202E-06, 4.83584E-09
665, 2.25958E-06, 1.27893E-06, 1.14959E-06, 4.80746E-09
666, 2.26391E-06, 1.27269E-06, 1.14700E-06, 4.77712E-09
667, 2.26800E-06, 1.26633E-06, 1.14426E-06, 4.74486E-09
668, 2.27183E-06, 1.25984E-06, 1.14137E-06, 4.71071E-09
669, 2.27540E-06, 1.25323E-06, 1.13833E-06, 4.67468E-09
670, 2.27872E-06, 1.24650E-06, 1.13514E-06, 4.63684E-09
671, 2.28179E-06, 1.23965E-06, 1.13179E-06, 4.59720E-09
672, 2.28460E-06, 1.23268E-06, 1.12830E-06, 4.55584E-09
673, 2.28715E-06, 1.22558E-06, 1.12467E-06, 4.51275E-09
674, 2.28944E-06, 1.23457E-06, 1.12089E-06, 4.46798E-09
675, 2.29148E-06, 1.24896E-06, 1.11697E-06, 4.42162E-09
676, 2.29326E-06, 1.26328E-06, 1.11556E-06, 4.39514E-09
677, 2.29478E-06, 1.27753E-06, 1.11484E-06, 4.37959E-09
678, 2.29603E-06, 1.29170E-06, 1.11703E-06, 4.36263E-09
679, 2.29704E-06, 1.30579E-06, 1.12056E-06, 4.34421E-09
680, 2.29778E-06, 1.31979E-06, 1.12402E-06, 4.32445E-09
681, 2.29826E-06, 1.33372E-06, 1.12742E-06, 4.30331E-09
682, 2.29848E-06, 1.34756E-06, 1.13075E-06, 4.28083E-09
683, 2.29844E-06, 1.36132E-06, 1.13402E-06, 4.25704E-09
684, 2.29814E-06, 1.37498E-06, 1.13722E-06, 4.23197E-09
685, 2.29758E-06, 1.38855E-06, 1.14036E-06, 4.20564E-09
686, 2.29676E-06, 1.40203E-06, 1.14343E-06, 4.17808E-09
687, 2.29568E-06, 1.41542E-06, 1.14642E-06, 4.14933E-09
688, 2.29434E-06, 1.42870E-06, 1.14935E-06, 4.11942E-09
689, 2.30100E-06, 1.44189E-06, 1.15221E-06, 4.11462E-09
690, 2.30756E-06, 1.45497E-06, 1.15500E-06, 4.12916E-09
691, 2.31389E-06, 1.46795E-06, 1.15772E-06, 4.14276E-09
692, 2.32000E-06, 1.48083E-06, 1.16037E-06, 4.15544E-09
693, 2.32587E-06, 1.49359E-06, 1.16294E-06, 4.16727E-09
694, 2.33152E-06, 1.50625E-06, 1.16545E-06, 4.17820E-09
695, 2.33693E-06, 1.51880E-06, 1.16788E-06, 4.18833E-09
696, 2.34211E-06, 1.53123E-06, 1.17023E-06, 4.19763E-09
697, 2.34705E-06, 1.54354E-06, 1.17252E-06, 4.20616E-09
698, 2.35176E-06, 1.55574E-06, 1.17473E-06, 4.21397E-09
699, 2.35623E-06, 1.56781E-06, 1.17686E-06, 4.22101E-09
700, 2.36046E-06, 1.57977E-06, 1.17892E-06, 4.22740E-09
701, 2.36445E-06, 1.59160E-06, 1.18090E-06, 4.23311E-09
702, 2.36820E-06, 1.60331E-06, 1.18281E-06, 4.23818E-09
703, 2.37170E-06, 1.61489E-06, 1.18464E-06, 4.24266E-09
704, 2.37496E-06, 1.62634E-06, 1.18639E-06, 4.24657E-09
705, 2.37797E-06, 1.63766E-06, 1.18806E-06, 4.24991E-09
706, 2.38074E-06, 1.64885E-06, 1.18966E-06, 4.25276E-09
707, 2.38326E-06, 1.65991E-06, 1.19118E-06, 4.25513E-09
708, 2.38553E-06, 1.67082E-06, 1.19261E-06, 4.25703E-09
709, 2.38755E-06, 1.68161E-06, 1.19397E-06, 4.25852E-09
710, 2.38933E-06, 1.69225E-06, 1.19525E-06, 4.25962E-09
711, 2.39085E-06, 1.70275E-06, 1.19645E-06, 4.26035E-09
712, 2.39212E-06, 1.71311E-06, 1.19757E-06, 4.26076E-09
713, 2.39314E-06, 1.72333E-06, 1.19861E-06, 4.26087E-09
714, 2.39390E-06, 1.73340E-06, 1.19956E-06, 4.26070E-09
715, 2.39442E-06, 1.74332E-06, 1.20044E-06, 4.26032E-09
716, 2.39467E-06, 1.75310E-06, 1.20123E-06, 4.25970E-09
717, 2.39468E-06, 1.76272E-06, 1.20194E-06, 4.25889E-09
718, 2.39443E-06, 1.77220E-06, 1.20256E-06, 4.25796E-09
719, 2.39392E-06, 1.78152E-06, 1.20310E-06, 4.25690E-09
720, 2.39316E-06, 1.79069E-06, 1.20356E-06, 4.25574E-09
721, 2.39214E-06, 1.79971E-06, 1.20394E-06, 4.25454E-09
722, 2.39087E-06, 1.80857E-06, 1.20423E-06, 4.25327E-09
723, 2.38934E-06, 1.81727E-06, 1.20444E-06, 4.25202E-09
724, 2.38756E-06, 1.82582E-06, 1.20456E-06, 4.25077E-09
725, 2.38552E-06, 1.83420E-06, 1.20460E-06, 4.24957E-09
726, 2.38677E-06, 1.84242E-06, 1.20455E-06, 4.24844E-09
727, 2.39300E-06, 1.85048E-06, 1.20442E-06, 4.24742E-09
728, 2.39905E-06, 1.85838E-06, 1.20420E-06, 4.24651E-09
729, 2.40491E-06, 1.86611E-06, 1.20389E-06, 4.24575E-09
730, 2.41059E-06, 1.87368E-06, 1.20350E-06, 4.24515E-09
731, 2.41607E-06, 1.88108E-06, 1.20302E-06, 4.24474E-09
732, 2.42137E-06, 1.88832E-06, 1.20246E-06, 4.24457E-09
733, 2.42647E-06, 1.89538E-06, 1.20181E-06, 4.24461E-09
734, 2.43139E-06, 1.90228E-06, 1.20107E-06, 4.24493E-09
735, 2.43610E-06, 1.90901E-06, 1.20024E-06, 4.24550E-09
736, 2.44062E-06, 1.91556E-06, 1.19933E-06, 4.24640E-09
737, 2.44495E-06, 1.92195E-06, 1.19833E-06, 4.27600E-09
738, 2.44908E-06, 1.92816E-06, 1.19724E-06, 4.34467E-09
739, 2.45301E-06, 1.93420E-06, 1.19606E-06, 4.41324E-09
740, 2.45674E-06, 1.94007E-06, 1.19479E-06, 4.48159E-09
741, 2.46028E-06, 1.94576E-06, 1.19344E-06, 4.54982E-09
742, 2.46361E-06, 1.95128E-06, 1.19200E-06, 4.61788E-09
743, 2.46674E-06, 1.95662E-06, 1.19047E-06, 4.68574E-09
744, 2.46967E-06, 1.96179E-06, 1.18885E-06, 4.75342E-09
745, 2.47239E-06, 1.96678E-06, 1.18714E-06, 4.82091E-09
746, 2.47491E-06, 1.97159E-06, 1.18534E-06, 4.88819E-09
747, 2.47723E-06, 1.97622E-06, 1.18345E-06, 4.95526E-09
748, 2.47934E-06, 1.98068E-06, 1.18148E-06, 5.02210E-09
749, 2.48125E-06, 1.98496E-06, 1.17942E-06, 5.08869E-09
750, 2.48295E-06, 1.98907E-06, 1.17727E-06, 5.15504E-09
751, 2.48445E-06, 1.99299E-06, 1.17503E-06, 5.22113E-09
752, 2.48574E-06, 1.99673E-06, 1.17270E-06, 5.28693E-09
753, 2.48682E-06, 2.00030E-06, 1.17028E-06, 5.35246E-09
754, 2.48769E-06, 2.00369E-06, 1.16777E-06, 5.41768E-09
755, 2.48836E-06, 2.00690E-06, 1.16517E-06, 5.48259E-09
756, 2.48882E-06, 2.00992E-06, 1.16248E-06, 5.54716E-09
757, 2.48907E-06, 2.01277E-06, 1.15971E-06, 5.61139E-09
758, 2.48911E-06, 2.01544E-06, 1.15684E-06, 5.67525E-09
759, 2.48894E-06, 2.01793E-06, 1.15389E-06, 5.73874E-09
760, 2.48857E-06, 2.02025E-06, 1.15085E-06, 5.80182E-09
761, 2.48799E-06, 2.02238E-06, 1.14771E-06, 5.86451E-09
762, 2.48719E-06, 2.02433E-06, 1.14449E-06, 5.92674E-09
763, 2.48619E-06, 2.02611E-06, 1.14118E-06, 5.98855E-09
764, 2.48498E-06, 2.02770E-06, 1.13779E-06, 6.04986E-09
765, 2.48357E-06, 2.02912E-06, 1.13430E-06, 6.11070E-09
766, 2.48194E-06, 2.03036E-06, 1.13072E-06, 6.17104E-09
767, 2.48011E-06, 2.03142E-06, 1.12706E-06, 6.23084E-09
768, 2.47807E-06, 2.03231E-06, 1.12331E-06, 6.29008E-09
769, 2.47582E-06, 2.03302E-06, 1.11947E-06, 6.34877E-09
770, 2.47337E-06, 2.03355E-06, 1.11554E-06, 6.40685E-09
771, 2.47071E-06, 2.03390E-06, 1.11152E-06, 6.46433E-09
772, 2.46784E-06, 2.03408E-06, 1.10742E-06, 6.52118E-09
773, 2.46477E-06, 2.03408E-06, 1.10323E-06, 6.58243E-09
774, 2.46149E-06, 2.03391E-06, 1.09895E-06, 6.64330E-09
775, 2.45801E-06, 2.03357E-06, 1.09459E-06, 6.70362E-09
776, 2.45433E-06, 2.03305E-06, 1.09014E-06, 6.76338E-09
777, 2.45044E-06, 2.03236E-06, 1.08560E-06, 6.82253E-09
778, 2.44634E-06, 2.03150E-06, 1.08098E-06, 6.88107E-09
779, 2.44205E-06, 2.03047E-06, 1.07627E-06, 6.93897E-09
780, 2.43756E-06, 2.02926E-06, 1.07148E-06, 6.99615E-09
781, 2.43286E-06, 2.02789E-06, 1.06660E-06, 7.05268E-09
782, 2.42797E-06, 2.02635E-06, 1.06164E-06, 7.10846E-09
783, 2.42287E-06, 2.02464E-06, 1.05659E-06, 7.16348E-09
784, 2.41758E-06, 2.02276E-06, 1.05146E-06, 7.21772E-09
785, 2.41209E-06, 2.02071E-06, 1.04624E-06, 7.27115E-09
786, 2.40641E-06, 2.01850E-06, 1.04095E-06, 7.32374E-09
787, 2.40053E-06, 2.01613E-06, 1.03556E-06, 7.37547E-09
788, 2.39446E-06, 2.01359E-06, 1.03010E-06, 7.42630E-09
789, 2.38819E-06, 2.01089E-06, 1.02455E-06, 7.47621E-09
790, 2.38174E-06, 2.00803E-06, 1.01893E-06, 7.52516E-09
791, 2.37509E-06, 2.00501E-06, 1.01322E-06, 7.57313E-09
792, 2.36825E-06, 2.00183E-06, 1.00743E-06, 7.62012E-09
793, 2.36122E-06, 1.99850E-06, 1.00156E-06, 7.66606E-09
794, 2.35401E-06, 1.99500E-06, 9.95613E-07, 7.71093E-09
795, 2.34661E-06, 1.99135E-06, 9.89586E-07, 7.75472E-09
796, 2.33903E-06, 1.98755E-06, 9.83480E-07, 7.79740E-09
797, 2.33126E-06, 1.98359E-06, 9.77296E-07, 7.83893E-09
798, 2.32331E-06, 1.97948E-06, 9.71035E-07, 7.87930E-09
799, 2.31518E-06, 1.97522E-06, 9.64698E-07, 7.91846E-09
800, 2.30688E-06, 1.97082E-06, 9.58284E-07, 7.95638E-09
801, 2.29839E-06, 1.96626E-06, 9.51794E-07, 7.99309E-09
802, 2.28973E-06, 1.96156E-06, 9.45230E-07, 8.02851E-09
803, 2.28089E-06, 1.95671E-06, 9.38592E-07, 8.06263E-09
804, 2.27188E-06, 1.95172E-06, 9.31880E-07, 8.09544E-09
805, 2.26270E-06, 1.94659E-06, 9.25096E-07, 8.12687E-09
806, 2.25335E-06, 1.94131E-06, 9.18239E-07, 8.15696E-09
807, 2.24383E-06, 1.93590E-06, 9.11311E-07, 8.18563E-09
808, 2.23414E-06, 1.93035E-06, 9.04313E-07, 8.21289E-09
809, 2.22429E-06, 1.92466E-06, 8.97244E-07, 8.23872E-09
810, 2.21428E-06, 1.91884E-06, 8.90107E-07, 8.26308E-09
811, 2.20410E-06, 1.91289E-06, 8.84610E-07, 8.28598E-09
812, 2.19376E-06, 1.90680E-06, 8.81093E-07, 8.30733E-09
813, 2.18326E-06, 1.90058E-06, 8.77514E-07, 8.32720E-09
814, 2.17261E-06, 1.89424E-06, 8.73873E-07, 8.34553E-09
815, 2.16180E-06, 1.88777E-06, 8.70171E-07, 8.36228E-09
816, 2.15084E-06, 1.88117E-06, 8.66407E-07, 8.37747E-09
817, 2.13973E-06, 1.87445E-06, 8.62581E-07, 8.39106E-09
818, 2.12847E-06, 1.86761E-06, 8.58693E-07, 8.40306E-09
819, 2.11706E-06, 1.86065E-06, 8.54744E-07, 8.41341E-09
820, 2.10550E-06, 1.85357E-06, 8.50733E-07, 8.42214E-09
821, 2.09381E-06, 1.84637E-06, 8.46660E-07, 8.42924E-09
822, 2.08196E-06, 1.83906E-06, 8.42526E-07, 8.43466E-09
823, 2.06998E-06, 1.83163E-06, 8.38330E-07, 8.43841E-09
824, 2.05786E-06, 1.82410E-06, 8.34073E-07, 8.44049E-09
825, 2.04561E-06, 1.81645E-06, 8.29754E-07, 8.44086E-09
826, 2.03322E-06, 1.80870E-06, 8.25374E-07, 8.43955E-09
827, 2.02070E-06, 1.80083E-06, 8.20933E-07, 8.43654E-09
828, 2.00804E-06, 1.79287E-06, 8.16431E-07, 8.43181E-09
829, 1.99526E-06, 1.78480E-06, 8.11868E-07, 8.42536E-09
830, 1.98236E-06, 1.77663E-06, 8.07244E-07, 8.41719E-09
831, 1.96932E-06, 1.76836E-06, 8.02560E-07, 8.40730E-09
832, 1.95617E-06, 1.76000E-06, 7.97815E-07, 8.39568E-09
833, 1.94290E-06, 1.75154E-06, 7.93011E-07, 8.38234E-09
834, 1.92951E-06, 1.74298E-06, 7.88146E-07, 8.36728E-09
835, 1.92080E-06, 1.73434E-06, 7.83221E-07, 8.35048E-09
836, 1.91309E-06, 1.72560E-06, 7.78237E-07, 8.33198E-09
837, 1.90526E-06, 1.71678E-06, 7.73193E-07, 8.31174E-09
838, 1.89730E-06, 1.70787E-06, 7.68090E-07, 8.28979E-09
839, 1.88921E-06, 1.69887E-06, 7.62929E-07, 8.26613E-09
840, 1.88101E-06, 1.68979E-06, 7.57709E-07, 8.24077E-09
841, 1.87268E-06, 1.68063E-06, 7.52431E-07, 8.21373E-09
842, 1.86424E-06, 1.67140E-06, 7.47095E-07, 8.18498E-09
843, 1.85568E-06, 1.66208E-06, 7.41701E-07, 8.15455E-09
844, 1.84699E-06, 1.65269E-06, 7.36250E-07, 8.12247E-09
845, 1.83820E-06, 1.64323E-06, 7.30742E-07, 8.08872E-09
846, 1.82928E-06, 1.63369E-06, 7.25178E-07, 8.05334E-09
847, 1.82025E-06, 1.62408E-06, 7.19558E-07, 8.01634E-09
848, 1.81111E-06, 1.61441E-06, 7.13882E-07, 7.97769E-09
849, 1.80186E-06, 1.60467E-06, 7.08151E-07, 7.93745E-09
850, 1.79249E-06, 1.59487E-06, 7.02365E-07, 7.89566E-09
851, 1.78302E-06, 1.58500E-06, 6.96525E-07, 7.85228E-09
852, 1.77343E-06, 1.57507E-06, 6.90631E-07, 7.80734E-09
853, 1.76374E-06, 1.56508E-06, 6.84684E-07, 7.76089E-09
854, 1.75394E-06, 1.55504E-06, 6.78684E-07, 7.71292E-09
855, 1.74404E-06, 1.54494E-06, 6.72631E-07, 7.66348E-09
856, 1.73403E-06, 1.53479E-06, 6.66527E-07, 7.61255E-09
857, 1.72392E-06, 1.52458E-06, 6.60371E-07, 7.56019E-09
858, 1.71371E-06, 1.51432E-06, 6.54165E-07, 7.50640E-09
859, 1.70340E-06, 1.50402E-06, 6.47909E-07, 7.45121E-09
860, 1.69298E-06, 1.49367E-06, 6.41603E-07, 7.39467E-09
861, 1.68247E-06, 1.48327E-06, 6.35249E-07, 7.33675E-09
862, 1.67187E-06, 1.47283E-06, 6.28846E-07, 7.27753E-09
863, 1.66117E-06, 1.46900E-06, 6.22396E-07, 7.21700E-09
864, 1.65037E-06, 1.46589E-06, 6.15899E-07, 7.15522E-09
865, 1.63949E-06, 1.46268E-06, 6.09356E-07, 7.09217E-09
866, 1.62851E-06, 1.45937E-06, 6.02767E-07, 7.02793E-09
867, 1.61744E-06, 1.45596E-06, 5.96134E-07, 6.96251E-09
868, 1.60628E-06, 1.45244E-06, 5.89456E-07, 6.89592E-09
869, 1.59504E-06, 1.44882E-06, 5.82736E-07, 6.82820E-09
870, 1.58371E-06, 1.44509E-06, 5.75973E-07, 6.75940E-09
871, 1.57230E-06, 1.44126E-06, 5.72660E-07, 6.68953E-09
872, 1.57570E-06, 1.43733E-06, 5.72505E-07, 6.61863E-09
873, 1.58097E-06, 1.43329E-06, 5.72323E-07, 6.54672E-09
874, 1.58619E-06, 1.42914E-06, 5.72115E-07, 6.47384E-09
875, 1.59135E-06, 1.42490E-06, 5.71880E-07, 6.40001E-09
876, 1.59645E-06, 1.42055E-06, 5.71619E-07, 6.32530E-09
877, 1.60150E-06, 1.41609E-06, 5.71331E-07, 6.24969E-09
878, 1.60650E-06, 1.41154E-06, 5.71015E-07, 6.17324E-09
879, 1.61143E-06, 1.40688E-06, 5.70673E-07, 6.09597E-09
880, 1.61631E-06, 1.40211E-06, 5.70303E-07, 6.01795E-09
881, 1.62113E-06, 1.39724E-06, 5.69905E-07, 5.93917E-09
882, 1.62589E-06, 1.39227E-06, 5.69480E-07, 5.85968E-09
883, 1.63060E-06, 1.38720E-06, 5.69026E-07, 5.77950E-09
884, 1.63524E-06, 1.38203E-06, 5.68545E-07, 5.69868E-09
885, 1.63982E-06, 1.37675E-06, 5.68036E-07, 5.61724E-09
886, 1.64434E-06, 1.37137E-06, 5.67498E-07, 5.53523E-09
887, 1.64880E-06, 1.36589E-06, 5.66932E-07, 5.45267E-09
888, 1.65319E-06, 1.36031E-06, 5.66337E-07, 5.36959E-09
889, 1.65752E-06, 1.35463E-06, 5.65713E-07, 5.28603E-09
890, 1.66179E-06, 1.34884E-06, 5.65061E-07, 5.20201E-09
891, 1.66599E-06, 1.34296E-06, 5.64379E-07, 5.11759E-09
892, 1.67013E-06, 1.33698E-06, 5.63669E-07, 5.03278E-09
893, 1.67420E-06, 1.33090E-06, 5.62929E-07, 4.94759E-09
894, 1.67821E-06, 1.32473E-06, 5.62430E-07, 4.86211E-09
895, 1.68215E-06, 1.31845E-06, 5.62178E-07, 4.77632E-09
896, 1.68602E-06, 1.31208E-06, 5.61902E-07, 4.69028E-09
897, 1.68983E-06, 1.30561E-06, 5.61604E-07, 4.61919E-09
898, 1.69356E-06, 1.29905E-06, 5.61281E-07, 4.55159E-09
899, 1.69723E-06, 1.29239E-06, 5.60935E-07, 4.48364E-09
900, 1.70083E-06, 1.28564E-06, 5.60564E-07, 4.41536E-09
901, 1.70436E-06, 1.27880E-06, 5.60170E-07, 4.34680E-09
902, 1.70781E-06, 1.27187E-06, 5.59751E-07, 4.27797E-09
903, 1.71120E-06, 1.26484E-06, 5.59308E-07, 4.20887E-09
904, 1.71451E-06, 1.25772E-06, 5.58841E-07, 4.13957E-09
905, 1.71775E-06, 1.25051E-06, 5.58348E-07, 4.07008E-09
906, 1.72092E-06, 1.24322E-06, 5.57831E-07, 4.00040E-09
907, 1.72402E-06, 1.23584E-06, 5.57290E-07, 3.93058E-09
908, 1.72704E-06, 1.22837E-06, 5.56723E-07, 3.86062E-09
909, 1.72999E-06, 1.22081E-06, 5.56131E-07, 3.79057E-09
910, 1.73286E-06, 1.21318E-06, 5.55514E-07, 3.72042E-09
911, 1.73566E-06, 1.20546E-06, 5.54872E-07, 3.65024E-09
912, 1.73838E-06, 1.19765E-06, 5.54205E-07, 3.58000E-09
913, 1.74142E-06, 1.18977E-06, 5.53512E-07, 3.50975E-09
914, 1.74544E-06, 1.18181E-06, 5.52793E-07, 3.43949E-09
915, 1.74938E-06, 1.17377E-06, 5.52049E-07, 3.36928E-09
916, 1.75324E-06, 1.16565E-06, 5.51279E-07, 3.29910E-09
917, 1.75702E-06, 1.15746E-06, 5.50483E-07, 3.22899E-09
918, 1.76072E-06, 1.14919E-06, 5.49662E-07, 3.15896E-09
919, 1.76434E-06, 1.14085E-06, 5.48815E-07, 3.08905E-09
920, 1.76788E-06, 1.13244E-06, 5.47941E-07, 3.01924E-09
921, 1.77133E-06, 1.12396E-06, 5.47042E-07, 2.94960E-09
922, 1.77470E-06, 1.11541E-06, 5.46117E-07, 2.88007E-09
923, 1.77799E-06, 1.10679E-06, 5.45166E-07, 2.81076E-09
924, 1.78119E-06, 1.09811E-06, 5.44189E-07, 2.74162E-09
925, 1.78431E-06, 1.08937E-06, 5.43186E-07, 2.67269E-09
926, 1.78734E-06, 1.08056E-06, 5.42157E-07, 2.60400E-09
927, 1.79029E-06, 1.07169E-06, 5.41290E-07, 2.53555E-09
928, 1.79315E-06, 1.06277E-06, 5.40572E-07, 2.46735E-09
929, 1.79592E-06, 1.05378E-06, 5.39834E-07, 2.39942E-09
930, 1.79860E-06, 1.04474E-06, 5.39078E-07, 2.33177E-09
931, 1.80120E-06, 1.03565E-06, 5.38303E-07, 2.26444E-09
932, 1.80371E-06, 1.02650E-06, 5.37509E-07, 2.19740E-09
933, 1.80613E-06, 1.01731E-06, 5.36696E-07, 2.13069E-09
934, 1.80846E-06, 1.00806E-06, 5.35864E-07, 2.06435E-09
935, 1.81070E-06, 9.98771E-07, 5.35014E-07, 1.99833E-09
936, 1.81285E-06, 9.89433E-07, 5.34146E-07, 2.01967E-09
937, 1.81491E-06, 9.80051E-07, 5.33259E-07, 2.04898E-09
938, 1.81688E-06, 9.70628E-07, 5.32355E-07, 2.07764E-09
939, 1.81875E-06, 9.61165E-07, 5.31432E-07, 2.10564E-09
940, 1.82054E-06, 9.51664E-07, 5.30491E-07, 2.13298E-09
941, 1.82223E-06, 9.42127E-07, 5.29533E-07, 2.15963E-09
942, 1.82383E-06, 9.32555E-07, 5.28557E-07, 2.18562E-09
943, 1.82533E-06, 9.22950E-07, 5.27564E-07, 2.21090E-09
944, 1.82674E-06, 9.13315E-07, 5.26553E-07, 2.23549E-09
945, 1.82806E-06, 9.03650E-07, 5.25526E-07, 2.25935E-09
946, 1.82928E-06, 8.93959E-07, 5.24481E-07, 2.28253E-09
947, 1.83040E-06, 8.84242E-07, 5.23420E-07, 2.30496E-09
948, 1.83143E-06, 8.74502E-07, 5.22342E-07, 2.32669E-09
949, 1.83236E-06, 8.64741E-07, 5.21248E-07, 2.34766E-09
950, 1.83320E-06, 8.54959E-07, 5.20137E-07, 2.36791E-09
951, 1.83394E-06, 8.45161E-07, 5.19011E-07, 2.38742E-09
952, 1.83458E-06, 8.35346E-07, 5.17868E-07, 2.40618E-09
953, 1.83512E-06, 8.25517E-07, 5.16710E-07, 2.42417E-09
954, 1.83557E-06, 8.15676E-07, 5.15537E-07, 2.44141E-09
955, 1.83591E-06, 8.13815E-07, 5.14348E-07, 2.45791E-09
956, 1.83616E-06, 8.12499E-07, 5.13145E-07, 2.47362E-09
957, 1.83631E-06, 8.11056E-07, 5.11926E-07, 2.48856E-09
958, 1.83635E-06, 8.09487E-07, 5.10693E-07, 2.50274E-09
959, 1.83630E-06, 8.07794E-07, 5.09446E-07, 2.51616E-09
960, 1.83614E-06, 8.05978E-07, 5.08184E-07, 2.52879E-09
961, 1.83589E-06, 8.04040E-07, 5.06909E-07, 2.54063E-09
962, 1.83553E-06, 8.01983E-07, 5.05619E-07, 2.55235E-09
963, 1.83507E-06, 7.99807E-07, 5.04317E-07, 2.56561E-09
964, 1.83451E-06, 7.99439E-07, 5.03001E-07, 2.57812E-09
965, 1.83384E-06, 7.99105E-07, 5.01672E-07, 2.58987E-09
966, 1.83307E-06, 7.98664E-07, 5.00330E-07, 2.60085E-09
967, 1.83219E-06, 7.98117E-07, 4.98976E-07, 2.61109E-09
968, 1.83121E-06, 7.97464E-07, 4.97610E-07, 2.62055E-09
969, 1.83013E-06, 7.96705E-07, 4.96231E-07, 2.62926E-09
970, 1.82894E-06, 7.95843E-07, 4.94841E-07, 2.63719E-09
971, 1.82765E-06, 7.94876E-07, 4.93439E-07, 2.64439E-09
972, 1.82624E-06, 7.93807E-07, 4.92026E-07, 2.65079E-09
973, 1.82474E-06, 7.92636E-07, 4.90602E-07, 2.65645E-09
974, 1.82312E-06, 7.91363E-07, 4.89167E-07, 2.66134E-09
975, 1.82140E-06, 7.89991E-07, 4.87722E-07, 2.66547E-09
976, 1.81957E-06, 7.88518E-07, 4.86266E-07, 2.67558E-09
977, 1.81843E-06, 7.86948E-07, 4.84801E-07, 2.68773E-09
978, 1.81771E-06, 7.85280E-07, 4.83326E-07, 2.69912E-09
979, 1.81688E-06, 7.83515E-07, 4.81841E-07, 2.70977E-09
980, 1.81595E-06, 7.81655E-07, 4.80347E-07, 2.71968E-09
981, 1.81492E-06, 7.79700E-07, 4.78844E-07, 2.72885E-09
982, 1.81378E-06, 7.77652E-07, 4.77332E-07, 2.73730E-09
983, 1.81253E-06, 7.75511E-07, 4.75812E-07, 2.74503E-09
984, 1.81118E-06, 7.73280E-07, 4.74284E-07, 2.75205E-09
985, 1.80972E-06, 7.70958E-07, 4.72748E-07, 2.75835E-09
986, 1.80815E-06, 7.68548E-07, 4.71204E-07, 2.76397E-09
987, 1.80648E-06, 7.66049E-07, 4.69653E-07, 2.76888E-09
988, 1.80469E-06, 7.63464E-07, 4.68095E-07, 2.77313E-09
989, 1.80280E-06, 7.60794E-07, 4.66955E-07, 2.77668E-09
990, 1.80080E-06, 7.60186E-07, 4.68964E-07, 2.77958E-09
991, 1.79870E-06, 7.59800E-07, 4.70972E-07, 2.78180E-09
992, 1.79648E-06, 7.59324E-07, 4.72978E-07, 2.78340E-09
993, 1.79416E-06, 7.58760E-07, 4.74982E-07, 2.78433E-09
994, 1.79172E-06, 7.58108E-07, 4.76983E-07, 2.78463E-09
995, 1.78918E-06, 7.57369E-07, 4.78983E-07, 2.78431E-09
996, 1.78652E-06, 7.56543E-07, 4.80979E-07, 2.78335E-09
997, 1.78375E-06, 7.55630E-07, 4.82973E-07, 2.78180E-09
998, 1.78088E-06, 7.54633E-07, 4.84964E-07, 2.77964E-09
999, 1.77789E-06, 7.53550E-07, 4.86952E-07, 2.77690E-09
1000, 1.77479E-06, 7.52383E-07, 4.88936E-07, 2.77356E-09
