time_step, rel_err_u, rel_err_v, rel_err_w, rel_err_p, rel_err_u_m, rel_err_v_m, rel_err_w_m, rel_err_p_m
0, 0.00000E+00, 0.00000E+00, 0.00000E+00, 0.00000E+00, 0.00000E+00, 0.00000E+00, 0.00000E+00, 6.88956E-04
1, 7.29650E-04, 5.57023E-04, 5.60512E-04, 9.84959E-03, 2.75259E-05, 3.10689E-05, 2.32245E-05, 5.13362E+00
2, 5.53466E-04, 5.32127E-04, 3.45801E-04, 3.42492E-02, 9.44166E-06, 8.37666E-06, 6.67631E-06, 1.01236E+01
3, 4.30206E-04, 3.30164E-04, 3.32648E-04, 3.68649E-04, 9.20461E-06, 7.96065E-06, 6.51850E-06, 3.22876E-02
4, 7.59224E-05, 3.20700E-05, 2.80500E-05, 6.70063E-04, 1.93117E-06, 1.52915E-06, 1.08793E-06, 1.40356E-01
5, 6.87155E-05, 3.35421E-05, 2.79736E-05, 1.86098E-04, 2.15719E-06, 1.67141E-06, 1.20308E-06, 3.85581E-02
6, 7.16592E-05, 3.29257E-05, 2.76030E-05, 4.54296E-05, 1.98579E-06, 1.53797E-06, 1.09169E-06, 9.51514E-03
7, 7.40823E-05, 3.34585E-05, 2.69881E-05, 1.91044E-05, 1.98559E-06, 1.52914E-06, 1.08546E-06, 3.99809E-03
8, 7.54580E-05, 3.38854E-05, 2.66975E-05, 1.60482E-05, 1.95671E-06, 1.51084E-06, 1.07140E-06, 3.36412E-03
9, 7.65170E-05, 3.41615E-05, 2.65202E-05, 1.33564E-05, 1.93431E-06, 1.49532E-06, 1.05867E-06, 2.80352E-03
10, 7.69076E-05, 3.43074E-05, 2.60937E-05, 1.36309E-05, 1.91103E-06, 1.47987E-06, 1.04570E-06, 2.86525E-03
11, 7.82084E-05, 3.43175E-05, 2.54253E-05, 1.36105E-05, 1.88829E-06, 1.46531E-06, 1.03367E-06, 2.86508E-03
12, 8.09230E-05, 3.41915E-05, 2.52220E-05, 1.32183E-05, 1.86655E-06, 1.45133E-06, 1.02187E-06, 2.78654E-03
13, 8.30065E-05, 3.39310E-05, 2.51858E-05, 1.29065E-05, 1.84558E-06, 1.43751E-06, 1.01053E-06, 2.72477E-03
14, 8.44108E-05, 3.35563E-05, 2.49711E-05, 1.26296E-05, 1.82531E-06, 1.42447E-06, 9.99392E-07, 2.67020E-03
15, 8.50965E-05, 3.46150E-05, 2.47465E-05, 1.23317E-05, 1.80523E-06, 1.41173E-06, 9.88638E-07, 2.61100E-03
16, 8.50344E-05, 3.55513E-05, 2.46776E-05, 1.20266E-05, 1.78582E-06, 1.39901E-06, 9.77897E-07, 2.55008E-03
17, 8.57698E-05, 3.63592E-05, 2.51454E-05, 1.17212E-05, 1.76722E-06, 1.38660E-06, 9.67461E-07, 2.48885E-03
18, 8.77816E-05, 3.70339E-05, 2.58988E-05, 1.14135E-05, 1.74805E-06, 1.37442E-06, 9.57781E-07, 2.42695E-03
19, 8.91474E-05, 3.75705E-05, 2.65583E-05, 1.11374E-05, 1.72933E-06, 1.36235E-06, 9.48338E-07, 2.37152E-03
20, 8.98407E-05, 3.79657E-05, 2.71147E-05, 1.09464E-05, 1.71143E-06, 1.35047E-06, 9.39131E-07, 2.33402E-03
21, 9.14449E-05, 3.82172E-05, 2.80618E-05, 1.07332E-05, 1.69403E-06, 1.33899E-06, 9.30150E-07, 2.29160E-03
22, 9.46585E-05, 3.83235E-05, 2.97215E-05, 1.06380E-05, 1.67646E-06, 1.32799E-06, 9.21534E-07, 2.27420E-03
23, 9.72067E-05, 3.82847E-05, 3.13271E-05, 1.06567E-05, 1.65907E-06, 1.31672E-06, 9.12987E-07, 2.28104E-03
24, 9.90421E-05, 3.81016E-05, 3.28597E-05, 1.06073E-05, 1.64111E-06, 1.30570E-06, 9.04214E-07, 2.27321E-03
25, 1.00126E-04, 3.77767E-05, 3.43027E-05, 1.06201E-05, 1.62335E-06, 1.29525E-06, 8.95696E-07, 2.27859E-03
26, 1.00429E-04, 3.73130E-05, 3.56400E-05, 1.09792E-05, 1.60748E-06, 1.28528E-06, 8.87447E-07, 2.35825E-03
27, 9.99318E-05, 3.67151E-05, 3.68564E-05, 1.12709E-05, 1.59175E-06, 1.27520E-06, 8.79024E-07, 2.42344E-03
28, 9.86264E-05, 3.60540E-05, 3.79377E-05, 1.14930E-05, 1.57653E-06, 1.26490E-06, 8.70570E-07, 2.47364E-03
29, 9.85734E-05, 3.56122E-05, 3.88705E-05, 1.16443E-05, 1.56074E-06, 1.25485E-06, 8.61873E-07, 2.50854E-03
30, 1.00757E-04, 3.61767E-05, 3.96432E-05, 1.17245E-05, 1.54478E-06, 1.24485E-06, 8.53343E-07, 2.52801E-03
31, 1.02709E-04, 3.68494E-05, 4.02453E-05, 1.17343E-05, 1.52852E-06, 1.23502E-06, 8.45069E-07, 2.53215E-03
32, 1.07825E-04, 3.73810E-05, 4.06683E-05, 1.16751E-05, 1.51273E-06, 1.22570E-06, 8.36885E-07, 2.52122E-03
33, 1.12336E-04, 3.77681E-05, 4.09053E-05, 1.16903E-05, 1.49854E-06, 1.21650E-06, 8.29447E-07, 2.52617E-03
34, 1.16181E-04, 3.80089E-05, 4.09509E-05, 1.18707E-05, 1.48439E-06, 1.20699E-06, 8.22266E-07, 2.56667E-03
35, 1.19305E-04, 3.81031E-05, 4.08020E-05, 1.20468E-05, 1.47020E-06, 1.19764E-06, 8.14983E-07, 2.60611E-03
36, 1.21663E-04, 3.86392E-05, 4.12413E-05, 1.22172E-05, 1.45583E-06, 1.18826E-06, 8.07929E-07, 2.64414E-03
37, 1.23214E-04, 3.96870E-05, 4.30265E-05, 1.23801E-05, 1.44111E-06, 1.17933E-06, 8.00729E-07, 2.68039E-03
38, 1.23928E-04, 4.06639E-05, 4.46434E-05, 1.25334E-05, 1.42770E-06, 1.17064E-06, 7.93503E-07, 2.71438E-03
39, 1.23786E-04, 4.15649E-05, 4.60752E-05, 1.26747E-05, 1.41525E-06, 1.16189E-06, 7.86150E-07, 2.74561E-03
40, 1.23849E-04, 4.23854E-05, 4.73069E-05, 1.28016E-05, 1.40293E-06, 1.15348E-06, 7.78913E-07, 2.77348E-03
41, 1.27075E-04, 4.31210E-05, 4.83254E-05, 1.29108E-05, 1.39045E-06, 1.14530E-06, 7.71976E-07, 2.79735E-03
42, 1.29512E-04, 4.37674E-05, 4.91198E-05, 1.29994E-05, 1.37704E-06, 1.13716E-06, 7.65224E-07, 2.81651E-03
43, 1.31113E-04, 4.43205E-05, 4.96812E-05, 1.30636E-05, 1.36324E-06, 1.12848E-06, 7.58594E-07, 2.83020E-03
44, 1.31845E-04, 4.48721E-05, 5.00032E-05, 1.30999E-05, 1.35015E-06, 1.12006E-06, 7.52049E-07, 2.83763E-03
45, 1.31679E-04, 4.55817E-05, 5.00814E-05, 1.31045E-05, 1.33820E-06, 1.11220E-06, 7.45664E-07, 2.83795E-03
46, 1.30600E-04, 4.62028E-05, 4.99140E-05, 1.30733E-05, 1.32607E-06, 1.10452E-06, 7.39310E-07, 2.83033E-03
47, 1.28602E-04, 4.67311E-05, 4.95012E-05, 1.30024E-05, 1.31317E-06, 1.09688E-06, 7.33447E-07, 2.81393E-03
48, 1.25688E-04, 4.71623E-05, 4.88458E-05, 1.28881E-05, 1.30021E-06, 1.08989E-06, 7.27914E-07, 2.78793E-03
49, 1.21873E-04, 4.74927E-05, 4.79526E-05, 1.27266E-05, 1.28802E-06, 1.08296E-06, 7.22276E-07, 2.75156E-03
50, 1.20604E-04, 4.77186E-05, 4.69712E-05, 1.25146E-05, 1.27661E-06, 1.07618E-06, 7.16832E-07, 2.70413E-03
51, 1.20098E-04, 4.78370E-05, 4.85084E-05, 1.22492E-05, 1.26510E-06, 1.06917E-06, 7.11378E-07, 2.64503E-03
52, 1.18729E-04, 4.78450E-05, 4.97866E-05, 1.19279E-05, 1.25452E-06, 1.06235E-06, 7.05903E-07, 2.57376E-03
53, 1.16486E-04, 4.77403E-05, 5.07938E-05, 1.15488E-05, 1.24441E-06, 1.05569E-06, 7.00296E-07, 2.48997E-03
54, 1.15890E-04, 4.75211E-05, 5.15206E-05, 1.11108E-05, 1.23425E-06, 1.04896E-06, 6.94711E-07, 2.39345E-03
55, 1.19737E-04, 4.76123E-05, 5.19603E-05, 1.06134E-05, 1.22368E-06, 1.04229E-06, 6.89343E-07, 2.28417E-03
56, 1.22954E-04, 4.76512E-05, 5.21091E-05, 1.00570E-05, 1.21392E-06, 1.03534E-06, 6.83987E-07, 2.16226E-03
57, 1.25521E-04, 4.88678E-05, 5.19657E-05, 9.44286E-06, 1.20344E-06, 1.02860E-06, 6.78463E-07, 2.02804E-03
58, 1.27426E-04, 5.09752E-05, 5.15315E-05, 9.07253E-06, 1.19311E-06, 1.02215E-06, 6.72817E-07, 1.94631E-03
59, 1.28660E-04, 5.30340E-05, 5.08106E-05, 9.11374E-06, 1.18298E-06, 1.01541E-06, 6.67362E-07, 1.95281E-03
60, 1.29225E-04, 5.50347E-05, 5.00506E-05, 9.09863E-06, 1.17298E-06, 1.00863E-06, 6.61816E-07, 1.94712E-03
61, 1.29124E-04, 5.69678E-05, 5.27801E-05, 9.21443E-06, 1.16304E-06, 1.00179E-06, 6.56172E-07, 1.96929E-03
62, 1.32843E-04, 5.88235E-05, 5.52413E-05, 9.65722E-06, 1.15343E-06, 9.94943E-07, 6.50657E-07, 2.06107E-03
63, 1.35959E-04, 6.05918E-05, 5.74142E-05, 1.00491E-05, 1.14377E-06, 9.88061E-07, 6.45031E-07, 2.14160E-03
64, 1.38387E-04, 6.22628E-05, 5.92813E-05, 1.03874E-05, 1.13459E-06, 9.81258E-07, 6.39934E-07, 2.21036E-03
65, 1.40113E-04, 6.38264E-05, 6.08282E-05, 1.06700E-05, 1.12547E-06, 9.74386E-07, 6.35149E-07, 2.26695E-03
66, 1.41132E-04, 6.52726E-05, 6.20429E-05, 1.08955E-05, 1.11614E-06, 9.67445E-07, 6.30632E-07, 2.31109E-03
67, 1.41444E-04, 6.65917E-05, 6.29168E-05, 1.10627E-05, 1.10703E-06, 9.60797E-07, 6.26650E-07, 2.34259E-03
68, 1.41055E-04, 6.77740E-05, 6.34438E-05, 1.11710E-05, 1.09718E-06, 9.54530E-07, 6.22664E-07, 2.36142E-03
69, 1.39980E-04, 6.88102E-05, 6.36211E-05, 1.12205E-05, 1.08781E-06, 9.48004E-07, 6.18480E-07, 2.36760E-03
70, 1.38237E-04, 6.96914E-05, 6.34487E-05, 1.12115E-05, 1.07798E-06, 9.41408E-07, 6.14735E-07, 2.36130E-03
71, 1.35861E-04, 7.04094E-05, 6.29295E-05, 1.11448E-05, 1.06804E-06, 9.35122E-07, 6.11128E-07, 2.34278E-03
72, 1.36620E-04, 7.09564E-05, 6.20690E-05, 1.10219E-05, 1.05843E-06, 9.28829E-07, 6.07444E-07, 2.31237E-03
73, 1.36665E-04, 7.13267E-05, 6.08756E-05, 1.09382E-05, 1.04885E-06, 9.22320E-07, 6.03496E-07, 2.29017E-03
74, 1.35997E-04, 7.15168E-05, 5.93601E-05, 1.07971E-05, 1.03926E-06, 9.16100E-07, 5.99495E-07, 2.25593E-03
75, 1.34624E-04, 7.15179E-05, 5.75356E-05, 1.05947E-05, 1.02948E-06, 9.10014E-07, 5.95590E-07, 2.20894E-03
76, 1.33289E-04, 7.13259E-05, 5.54174E-05, 1.03342E-05, 1.01909E-06, 9.04108E-07, 5.91466E-07, 2.14991E-03
77, 1.37087E-04, 7.09378E-05, 5.30230E-05, 1.00190E-05, 1.00867E-06, 8.98439E-07, 5.87158E-07, 2.07967E-03
78, 1.40352E-04, 7.03517E-05, 5.03715E-05, 9.65274E-06, 9.98962E-07, 8.92883E-07, 5.82697E-07, 1.99908E-03
79, 1.43060E-04, 6.95671E-05, 4.74836E-05, 9.23958E-06, 9.89233E-07, 8.87381E-07, 5.78211E-07, 1.90905E-03
80, 1.45193E-04, 6.85846E-05, 4.55950E-05, 9.08268E-06, 9.79425E-07, 8.81966E-07, 5.74352E-07, 1.87216E-03
81, 1.46735E-04, 6.74062E-05, 4.73557E-05, 9.50529E-06, 9.69273E-07, 8.76378E-07, 5.70763E-07, 1.95450E-03
82, 1.47676E-04, 6.60352E-05, 4.88607E-05, 9.86602E-06, 9.59451E-07, 8.70902E-07, 5.67077E-07, 2.02365E-03
83, 1.48011E-04, 6.44762E-05, 5.01017E-05, 1.01649E-05, 9.49653E-07, 8.65718E-07, 5.63247E-07, 2.07970E-03
84, 1.47739E-04, 6.27350E-05, 5.10753E-05, 1.04027E-05, 9.40747E-07, 8.60335E-07, 5.59529E-07, 2.12286E-03
85, 1.46862E-04, 6.08186E-05, 5.17803E-05, 1.05803E-05, 9.32515E-07, 8.54906E-07, 5.55828E-07, 2.15346E-03
86, 1.45389E-04, 5.87351E-05, 5.22175E-05, 1.06994E-05, 9.24183E-07, 8.49673E-07, 5.52163E-07, 2.17191E-03
87, 1.43332E-04, 5.64937E-05, 5.23896E-05, 1.07619E-05, 9.15379E-07, 8.44471E-07, 5.48378E-07, 2.17868E-03
88, 1.40708E-04, 5.41045E-05, 5.23012E-05, 1.07701E-05, 9.07671E-07, 8.39340E-07, 5.44540E-07, 2.17433E-03
89, 1.37535E-04, 5.15785E-05, 5.19590E-05, 1.07265E-05, 8.99741E-07, 8.35000E-07, 5.41101E-07, 2.15947E-03
90, 1.33838E-04, 4.89273E-05, 5.13711E-05, 1.06339E-05, 8.91498E-07, 8.30802E-07, 5.37951E-07, 2.13475E-03
91, 1.29642E-04, 4.61634E-05, 5.05471E-05, 1.04952E-05, 8.83611E-07, 8.26436E-07, 5.34756E-07, 2.10085E-03
92, 1.27046E-04, 4.43228E-05, 4.94983E-05, 1.03137E-05, 8.75373E-07, 8.21987E-07, 5.31558E-07, 2.05847E-03
93, 1.31551E-04, 4.49342E-05, 4.82370E-05, 1.00924E-05, 8.66931E-07, 8.17296E-07, 5.29065E-07, 2.00833E-03
94, 1.35405E-04, 4.53968E-05, 4.67768E-05, 9.83468E-06, 8.58618E-07, 8.12515E-07, 5.26536E-07, 1.95114E-03
95, 1.38593E-04, 4.57094E-05, 4.51322E-05, 9.54366E-06, 8.51322E-07, 8.07819E-07, 5.23952E-07, 1.88762E-03
96, 1.41110E-04, 4.58717E-05, 4.33184E-05, 9.22259E-06, 8.44100E-07, 8.03147E-07, 5.21241E-07, 1.81847E-03
97, 1.42952E-04, 4.58841E-05, 4.13516E-05, 8.87465E-06, 8.37298E-07, 7.98516E-07, 5.18469E-07, 1.74437E-03
98, 1.44125E-04, 4.57482E-05, 3.92481E-05, 8.50292E-06, 8.30880E-07, 7.94154E-07, 5.15672E-07, 1.66598E-03
99, 1.44633E-04, 4.54660E-05, 3.70250E-05, 8.11040E-06, 8.24679E-07, 7.89714E-07, 5.12754E-07, 1.58395E-03
100, 1.44488E-04, 4.50406E-05, 3.47411E-05, 7.70001E-06, 8.18370E-07, 7.85149E-07, 5.09778E-07, 1.49888E-03
101, 1.43705E-04, 4.44761E-05, 3.43621E-05, 7.27451E-06, 8.12176E-07, 7.80626E-07, 5.06842E-07, 1.41136E-03
102, 1.42302E-04, 4.37798E-05, 3.37806E-05, 6.83660E-06, 8.06065E-07, 7.76173E-07, 5.04029E-07, 1.32195E-03
103, 1.40301E-04, 4.29534E-05, 3.30050E-05, 6.38883E-06, 7.99911E-07, 7.71712E-07, 5.01226E-07, 1.23116E-03
104, 1.37726E-04, 4.20025E-05, 3.25254E-05, 5.93364E-06, 7.93774E-07, 7.67239E-07, 4.98665E-07, 1.13951E-03
105, 1.34605E-04, 4.09334E-05, 3.37842E-05, 5.47334E-06, 7.87838E-07, 7.62896E-07, 4.96043E-07, 1.04745E-03
106, 1.30969E-04, 3.97528E-05, 3.48041E-05, 5.47239E-06, 7.82105E-07, 7.58734E-07, 4.93314E-07, 1.04357E-03
107, 1.26850E-04, 3.84679E-05, 3.55869E-05, 5.71429E-06, 7.76706E-07, 7.55134E-07, 4.90627E-07, 1.08580E-03
108, 1.22282E-04, 3.70862E-05, 3.61359E-05, 5.92251E-06, 7.71361E-07, 7.51390E-07, 4.87935E-07, 1.12130E-03
109, 1.17304E-04, 3.56156E-05, 3.64559E-05, 6.09717E-06, 7.66211E-07, 7.47629E-07, 4.85153E-07, 1.15014E-03
110, 1.11952E-04, 3.40643E-05, 3.65531E-05, 6.23858E-06, 7.60995E-07, 7.43868E-07, 4.82316E-07, 1.17246E-03
111, 1.06266E-04, 3.24406E-05, 3.64351E-05, 6.34724E-06, 7.56299E-07, 7.40064E-07, 4.79437E-07, 1.18842E-03
112, 1.00287E-04, 3.07533E-05, 3.61106E-05, 6.42383E-06, 7.51922E-07, 7.36156E-07, 4.76600E-07, 1.19820E-03
113, 9.40545E-05, 2.90108E-05, 3.55898E-05, 6.46919E-06, 7.47786E-07, 7.32233E-07, 4.74053E-07, 1.20205E-03
114, 8.76104E-05, 2.72220E-05, 3.48834E-05, 6.48434E-06, 7.44540E-07, 7.28236E-07, 4.71746E-07, 1.20021E-03
115, 8.35767E-05, 2.53956E-05, 3.40034E-05, 6.47045E-06, 7.41399E-07, 7.24139E-07, 4.69917E-07, 1.19296E-03
116, 8.30834E-05, 2.43887E-05, 3.29624E-05, 6.42880E-06, 7.38151E-07, 7.20111E-07, 4.68051E-07, 1.18061E-03
117, 8.22212E-05, 2.53229E-05, 3.17737E-05, 6.36085E-06, 7.34904E-07, 7.16118E-07, 4.66129E-07, 1.16348E-03
118, 8.10053E-05, 2.69261E-05, 3.04512E-05, 6.26812E-06, 7.31696E-07, 7.12265E-07, 4.64272E-07, 1.14192E-03
119, 7.94527E-05, 2.84043E-05, 3.07856E-05, 6.15226E-06, 7.28146E-07, 7.08560E-07, 4.62477E-07, 1.11627E-03
120, 7.75824E-05, 2.97578E-05, 3.11625E-05, 6.01500E-06, 7.24512E-07, 7.04702E-07, 4.60679E-07, 1.08692E-03
121, 7.54146E-05, 3.09873E-05, 3.13496E-05, 5.85815E-06, 7.20873E-07, 7.00690E-07, 4.58746E-07, 1.05422E-03
122, 7.29708E-05, 3.20943E-05, 3.13520E-05, 5.68355E-06, 7.17260E-07, 6.96799E-07, 4.56955E-07, 1.01856E-03
123, 7.02740E-05, 3.30805E-05, 3.11763E-05, 5.49310E-06, 7.13672E-07, 6.93011E-07, 4.55123E-07, 9.80323E-04
124, 6.73478E-05, 3.39480E-05, 3.08300E-05, 5.28872E-06, 7.10157E-07, 6.89304E-07, 4.53230E-07, 9.39886E-04
125, 6.49780E-05, 3.46995E-05, 3.03216E-05, 5.07233E-06, 7.06417E-07, 6.85627E-07, 4.51422E-07, 8.97624E-04
126, 6.68125E-05, 3.53378E-05, 2.96604E-05, 4.84585E-06, 7.02894E-07, 6.81934E-07, 4.49679E-07, 8.53904E-04
127, 6.83167E-05, 3.58661E-05, 2.88567E-05, 4.62021E-06, 6.99766E-07, 6.78209E-07, 4.48045E-07, 8.10670E-04
128, 6.94993E-05, 3.62879E-05, 2.79211E-05, 4.65304E-06, 6.97139E-07, 6.74525E-07, 4.46378E-07, 8.12931E-04
129, 7.03705E-05, 3.66070E-05, 2.68651E-05, 4.68194E-06, 6.94611E-07, 6.70816E-07, 4.44739E-07, 8.14462E-04
130, 7.09418E-05, 3.68273E-05, 2.57004E-05, 4.70684E-06, 6.92185E-07, 6.67316E-07, 4.43196E-07, 8.15260E-04
131, 7.12256E-05, 3.69529E-05, 2.44392E-05, 4.72769E-06, 6.89736E-07, 6.63842E-07, 4.41578E-07, 8.15326E-04
132, 7.12358E-05, 3.69883E-05, 2.30937E-05, 4.74442E-06, 6.87286E-07, 6.60377E-07, 4.39914E-07, 8.14662E-04
133, 7.09868E-05, 3.69384E-05, 2.16765E-05, 4.75699E-06, 6.84696E-07, 6.56904E-07, 4.38237E-07, 8.13269E-04
134, 7.04939E-05, 3.68072E-05, 2.02000E-05, 4.76534E-06, 6.81996E-07, 6.53472E-07, 4.36534E-07, 8.11151E-04
135, 6.97732E-05, 3.65991E-05, 1.97759E-05, 4.76944E-06, 6.79230E-07, 6.50019E-07, 4.34821E-07, 8.08315E-04
136, 6.88411E-05, 3.63190E-05, 2.03381E-05, 4.76927E-06, 6.76454E-07, 6.46516E-07, 4.33174E-07, 8.04765E-04
137, 6.77145E-05, 3.59714E-05, 2.07807E-05, 4.76480E-06, 6.73646E-07, 6.42992E-07, 4.31774E-07, 8.00510E-04
138, 6.64111E-05, 3.55612E-05, 2.11059E-05, 4.75601E-06, 6.70788E-07, 6.39488E-07, 4.30341E-07, 7.95558E-04
139, 6.49485E-05, 3.50929E-05, 2.13170E-05, 4.74290E-06, 6.67927E-07, 6.35995E-07, 4.28866E-07, 7.89919E-04
140, 6.33431E-05, 3.45712E-05, 2.14180E-05, 4.75537E-06, 6.64946E-07, 6.32484E-07, 4.27368E-07, 7.88563E-04
141, 6.16121E-05, 3.40007E-05, 2.14124E-05, 4.78868E-06, 6.62146E-07, 6.28982E-07, 4.25891E-07, 7.90654E-04
142, 5.97727E-05, 3.33860E-05, 2.13050E-05, 4.81762E-06, 6.59764E-07, 6.25510E-07, 4.24402E-07, 7.92006E-04
143, 5.78417E-05, 3.27313E-05, 2.11010E-05, 4.84211E-06, 6.57488E-07, 6.22162E-07, 4.22925E-07, 7.92615E-04
144, 5.58354E-05, 3.20411E-05, 2.08061E-05, 4.86208E-06, 6.55432E-07, 6.18865E-07, 4.21469E-07, 7.92483E-04
145, 5.37697E-05, 3.13195E-05, 2.04264E-05, 4.87747E-06, 6.53442E-07, 6.15659E-07, 4.20016E-07, 7.91610E-04
146, 5.16600E-05, 3.05706E-05, 1.99682E-05, 4.88821E-06, 6.51422E-07, 6.12551E-07, 4.18599E-07, 7.89998E-04
147, 4.95210E-05, 2.97982E-05, 1.94381E-05, 4.89426E-06, 6.49429E-07, 6.09445E-07, 4.17270E-07, 7.87651E-04
148, 4.73668E-05, 2.90060E-05, 1.88430E-05, 4.89557E-06, 6.47490E-07, 6.06235E-07, 4.15970E-07, 7.84573E-04
149, 4.52105E-05, 2.81977E-05, 1.81898E-05, 4.89212E-06, 6.45491E-07, 6.02967E-07, 4.14778E-07, 7.80769E-04
150, 4.33387E-05, 2.73766E-05, 1.74855E-05, 4.88387E-06, 6.43451E-07, 5.99677E-07, 4.13611E-07, 7.76247E-04
151, 4.20672E-05, 2.65459E-05, 1.67373E-05, 4.87082E-06, 6.41468E-07, 5.96498E-07, 4.12426E-07, 7.71015E-04
152, 4.06468E-05, 2.57086E-05, 1.59521E-05, 4.85295E-06, 6.39621E-07, 5.93378E-07, 4.11451E-07, 7.65081E-04
153, 3.90966E-05, 2.48675E-05, 1.51369E-05, 4.83027E-06, 6.37736E-07, 5.90349E-07, 4.10484E-07, 7.58457E-04
154, 3.74357E-05, 2.40252E-05, 1.42986E-05, 4.80278E-06, 6.35992E-07, 5.87404E-07, 4.09484E-07, 7.51152E-04
155, 3.56830E-05, 2.31842E-05, 1.34439E-05, 4.79047E-06, 6.34281E-07, 5.84512E-07, 4.08473E-07, 7.46288E-04
156, 3.38568E-05, 2.23466E-05, 1.25792E-05, 4.81398E-06, 6.32675E-07, 5.81628E-07, 4.07430E-07, 7.47044E-04
157, 3.19751E-05, 2.15146E-05, 1.17107E-05, 4.83334E-06, 6.31203E-07, 5.78775E-07, 4.06379E-07, 7.47176E-04
158, 3.02962E-05, 2.06900E-05, 1.08444E-05, 4.84850E-06, 6.29874E-07, 5.75890E-07, 4.05372E-07, 7.46683E-04
159, 3.02386E-05, 1.98743E-05, 9.98596E-06, 4.85938E-06, 6.28540E-07, 5.73030E-07, 4.04394E-07, 7.45565E-04
160, 2.99940E-05, 1.90692E-05, 9.14061E-06, 4.86595E-06, 6.27202E-07, 5.70176E-07, 4.03386E-07, 7.43823E-04
161, 2.95721E-05, 1.82759E-05, 8.31329E-06, 4.86816E-06, 6.25830E-07, 5.67272E-07, 4.02397E-07, 7.41458E-04
162, 2.89836E-05, 1.74955E-05, 7.78209E-06, 4.86597E-06, 6.24542E-07, 5.64465E-07, 4.01395E-07, 7.38473E-04
163, 2.82397E-05, 1.67291E-05, 7.69266E-06, 4.85936E-06, 6.23210E-07, 5.61663E-07, 4.00425E-07, 7.34871E-04
164, 2.73523E-05, 1.59774E-05, 7.53660E-06, 4.84830E-06, 6.21951E-07, 5.58946E-07, 3.99470E-07, 7.30656E-04
165, 2.63337E-05, 1.52413E-05, 7.31861E-06, 4.83280E-06, 6.20680E-07, 5.56267E-07, 3.98571E-07, 7.25833E-04
166, 2.51968E-05, 1.45212E-05, 7.04359E-06, 4.81282E-06, 6.19598E-07, 5.53713E-07, 3.97677E-07, 7.20408E-04
167, 2.39545E-05, 1.38175E-05, 6.87859E-06, 4.83197E-06, 6.18531E-07, 5.51228E-07, 3.96807E-07, 7.20889E-04
168, 2.26201E-05, 1.31307E-05, 6.84215E-06, 4.86096E-06, 6.17525E-07, 5.48778E-07, 3.96016E-07, 7.22866E-04
169, 2.12069E-05, 1.24610E-05, 6.75605E-06, 4.88847E-06, 6.16463E-07, 5.46379E-07, 3.95252E-07, 7.24644E-04
170, 1.97281E-05, 1.18084E-05, 6.96248E-06, 4.91447E-06, 6.15377E-07, 5.43957E-07, 3.94479E-07, 7.26225E-04
171, 1.93138E-05, 1.11731E-05, 7.25323E-06, 4.93897E-06, 6.14241E-07, 5.41546E-07, 3.93704E-07, 7.27612E-04
172, 1.95792E-05, 1.05550E-05, 7.49889E-06, 4.96197E-06, 6.13117E-07, 5.39116E-07, 3.92976E-07, 7.28805E-04
173, 1.97360E-05, 9.95408E-06, 7.69904E-06, 4.98345E-06, 6.12067E-07, 5.36712E-07, 3.92212E-07, 7.29808E-04
174, 1.97868E-05, 9.37018E-06, 7.85361E-06, 5.00342E-06, 6.11055E-07, 5.34283E-07, 3.91428E-07, 7.30621E-04
175, 1.97352E-05, 8.80314E-06, 7.96284E-06, 5.02188E-06, 6.10071E-07, 5.31868E-07, 3.90644E-07, 7.31247E-04
176, 1.95855E-05, 8.25273E-06, 8.02732E-06, 5.03882E-06, 6.09144E-07, 5.29501E-07, 3.89846E-07, 7.31688E-04
177, 1.93424E-05, 7.80158E-06, 8.04791E-06, 5.05425E-06, 6.08170E-07, 5.27231E-07, 3.89014E-07, 7.31945E-04
178, 1.90114E-05, 7.81794E-06, 8.02578E-06, 5.07640E-06, 6.07198E-07, 5.24958E-07, 3.88242E-07, 7.33209E-04
179, 1.85981E-05, 7.82508E-06, 7.96235E-06, 5.10155E-06, 6.06285E-07, 5.22638E-07, 3.87498E-07, 7.34936E-04
180, 1.81087E-05, 7.82310E-06, 7.85925E-06, 5.12499E-06, 6.05360E-07, 5.20344E-07, 3.86778E-07, 7.36447E-04
181, 1.75495E-05, 7.81210E-06, 7.71838E-06, 5.14673E-06, 6.04470E-07, 5.18060E-07, 3.86114E-07, 7.37744E-04
182, 1.69272E-05, 7.79221E-06, 7.54179E-06, 5.17471E-06, 6.03560E-07, 5.15830E-07, 3.85473E-07, 7.39965E-04
183, 1.62485E-05, 7.76356E-06, 7.33171E-06, 5.20547E-06, 6.02642E-07, 5.13618E-07, 3.84812E-07, 7.42611E-04
184, 1.56696E-05, 7.72629E-06, 7.09052E-06, 5.23456E-06, 6.01887E-07, 5.11438E-07, 3.84140E-07, 7.45042E-04
185, 1.53744E-05, 7.68054E-06, 6.82071E-06, 5.26196E-06, 6.01278E-07, 5.09269E-07, 3.83476E-07, 7.47260E-04
186, 1.49913E-05, 7.62646E-06, 6.52488E-06, 5.28767E-06, 6.00682E-07, 5.07105E-07, 3.82824E-07, 7.49264E-04
187, 1.45270E-05, 7.56425E-06, 6.20567E-06, 5.32224E-06, 6.00128E-07, 5.04989E-07, 3.82163E-07, 7.52549E-04
188, 1.39884E-05, 7.49408E-06, 5.86582E-06, 5.35964E-06, 5.99634E-07, 5.02894E-07, 3.81567E-07, 7.56256E-04
189, 1.33825E-05, 7.41612E-06, 5.50804E-06, 5.39506E-06, 5.99205E-07, 5.00911E-07, 3.80989E-07, 7.59706E-04
190, 1.27168E-05, 7.33056E-06, 5.13508E-06, 5.42851E-06, 5.98795E-07, 4.98990E-07, 3.80392E-07, 7.62899E-04
191, 1.19987E-05, 7.28870E-06, 4.74965E-06, 5.45997E-06, 5.98369E-07, 4.97060E-07, 3.79795E-07, 7.65837E-04
192, 1.12356E-05, 7.30506E-06, 4.63147E-06, 5.48946E-06, 5.97973E-07, 4.95128E-07, 3.79194E-07, 7.68523E-04
193, 1.09425E-05, 7.31281E-06, 4.61096E-06, 5.51697E-06, 5.97562E-07, 4.93168E-07, 3.78574E-07, 7.70959E-04
194, 1.08024E-05, 7.31204E-06, 4.58074E-06, 5.54252E-06, 5.97106E-07, 4.91198E-07, 3.77951E-07, 7.73148E-04
195, 1.06229E-05, 7.30283E-06, 4.54202E-06, 5.56611E-06, 5.96641E-07, 4.89245E-07, 3.77320E-07, 7.75090E-04
196, 1.04066E-05, 7.28531E-06, 4.51814E-06, 5.58774E-06, 5.96180E-07, 4.87311E-07, 3.76710E-07, 7.76790E-04
197, 1.01559E-05, 7.25958E-06, 4.51415E-06, 5.60744E-06, 5.95778E-07, 4.85385E-07, 3.76113E-07, 7.78250E-04
198, 9.87373E-06, 7.22574E-06, 4.47688E-06, 5.62520E-06, 5.95317E-07, 4.83520E-07, 3.75558E-07, 7.79472E-04
199, 9.56290E-06, 7.18394E-06, 4.40770E-06, 5.64103E-06, 5.94822E-07, 4.81673E-07, 3.75039E-07, 7.80460E-04
200, 9.22635E-06, 7.13432E-06, 4.30809E-06, 5.65496E-06, 5.94310E-07, 4.79818E-07, 3.74569E-07, 7.81218E-04
201, 8.86707E-06, 7.07705E-06, 4.41699E-06, 5.66699E-06, 5.93819E-07, 4.77979E-07, 3.74082E-07, 7.81747E-04
202, 8.61696E-06, 7.01228E-06, 4.58656E-06, 5.67713E-06, 5.93284E-07, 4.76136E-07, 3.73563E-07, 7.82052E-04
203, 8.56127E-06, 6.94021E-06, 4.73418E-06, 5.68539E-06, 5.92710E-07, 4.74369E-07, 3.73005E-07, 7.82136E-04
204, 8.86713E-06, 6.86102E-06, 4.86032E-06, 5.69628E-06, 5.92082E-07, 4.72634E-07, 3.72444E-07, 7.82618E-04
205, 9.13542E-06, 6.85183E-06, 4.96562E-06, 5.72963E-06, 5.91492E-07, 4.70901E-07, 3.71876E-07, 7.86220E-04
206, 9.36423E-06, 6.86062E-06, 5.05082E-06, 5.76077E-06, 5.90979E-07, 4.69151E-07, 3.71270E-07, 7.89550E-04
207, 9.55150E-06, 6.86336E-06, 5.11675E-06, 5.78968E-06, 5.90563E-07, 4.67431E-07, 3.70641E-07, 7.92610E-04
208, 9.69591E-06, 6.85814E-06, 5.16434E-06, 5.81638E-06, 5.90213E-07, 4.65720E-07, 3.70022E-07, 7.95405E-04
209, 9.79650E-06, 6.84506E-06, 5.19459E-06, 5.84088E-06, 5.89829E-07, 4.64009E-07, 3.69395E-07, 7.97937E-04
210, 9.85274E-06, 6.82423E-06, 5.20853E-06, 5.86318E-06, 5.89403E-07, 4.62281E-07, 3.68799E-07, 8.00211E-04
211, 9.86445E-06, 6.79577E-06, 5.20726E-06, 5.88329E-06, 5.88959E-07, 4.60562E-07, 3.68221E-07, 8.02230E-04
212, 9.83180E-06, 6.75982E-06, 5.19190E-06, 5.90122E-06, 5.88458E-07, 4.58872E-07, 3.67630E-07, 8.04001E-04
213, 9.75532E-06, 6.71650E-06, 5.16361E-06, 5.91699E-06, 5.87945E-07, 4.57268E-07, 3.67015E-07, 8.05526E-04
214, 9.63583E-06, 6.70728E-06, 5.12354E-06, 5.93060E-06, 5.87482E-07, 4.55649E-07, 3.66457E-07, 8.06812E-04
215, 9.47449E-06, 6.71831E-06, 5.07285E-06, 5.94208E-06, 5.87021E-07, 4.54023E-07, 3.65910E-07, 8.07864E-04
216, 9.48695E-06, 6.72329E-06, 5.01268E-06, 5.95143E-06, 5.86594E-07, 4.52397E-07, 3.65357E-07, 8.08687E-04
217, 9.66949E-06, 6.72221E-06, 5.05435E-06, 5.95867E-06, 5.86210E-07, 4.50733E-07, 3.64811E-07, 8.09286E-04
218, 9.82480E-06, 6.71507E-06, 5.19784E-06, 5.96383E-06, 5.85832E-07, 4.49060E-07, 3.64287E-07, 8.09667E-04
219, 9.95275E-06, 6.70190E-06, 5.32258E-06, 5.96692E-06, 5.85442E-07, 4.47413E-07, 3.63753E-07, 8.09837E-04
220, 1.00534E-05, 6.68272E-06, 5.42846E-06, 5.96796E-06, 5.85010E-07, 4.45785E-07, 3.63211E-07, 8.09800E-04
221, 1.01270E-05, 6.65755E-06, 5.51569E-06, 5.96697E-06, 5.84549E-07, 4.44158E-07, 3.62624E-07, 8.09564E-04
222, 1.01739E-05, 6.62645E-06, 5.58458E-06, 5.96397E-06, 5.84188E-07, 4.42541E-07, 3.62024E-07, 8.09134E-04
223, 1.01946E-05, 6.62872E-06, 5.63551E-06, 5.97911E-06, 5.83903E-07, 4.40908E-07, 3.61439E-07, 8.11247E-04
224, 1.01900E-05, 6.66080E-06, 5.66897E-06, 6.00097E-06, 5.83654E-07, 4.39371E-07, 3.60879E-07, 8.14357E-04
225, 1.05104E-05, 6.68681E-06, 5.68551E-06, 6.02041E-06, 5.83422E-07, 4.37871E-07, 3.60329E-07, 8.17230E-04
226, 1.09597E-05, 6.70672E-06, 5.68573E-06, 6.03747E-06, 5.83204E-07, 4.36376E-07, 3.59758E-07, 8.19871E-04
227, 1.13863E-05, 6.72049E-06, 5.67032E-06, 6.05214E-06, 5.82990E-07, 4.34904E-07, 3.59201E-07, 8.22288E-04
228, 1.17893E-05, 6.72810E-06, 5.63999E-06, 6.06446E-06, 5.82834E-07, 4.33421E-07, 3.58634E-07, 8.24486E-04
229, 1.21680E-05, 6.72954E-06, 5.59551E-06, 6.07443E-06, 5.82667E-07, 4.31915E-07, 3.58040E-07, 8.26471E-04
230, 1.25219E-05, 6.72481E-06, 5.53766E-06, 6.08208E-06, 5.82525E-07, 4.30447E-07, 3.57466E-07, 8.28248E-04
231, 1.28506E-05, 6.71390E-06, 5.46726E-06, 6.08744E-06, 5.82411E-07, 4.28956E-07, 3.56912E-07, 8.29823E-04
232, 1.31538E-05, 6.69683E-06, 5.38515E-06, 6.09052E-06, 5.82304E-07, 4.27461E-07, 3.56361E-07, 8.31203E-04
233, 1.34314E-05, 6.67362E-06, 5.29218E-06, 6.09134E-06, 5.82244E-07, 4.25970E-07, 3.55816E-07, 8.32392E-04
234, 1.36832E-05, 6.64430E-06, 5.18920E-06, 6.08995E-06, 5.82179E-07, 4.24502E-07, 3.55262E-07, 8.33396E-04
235, 1.39095E-05, 6.60892E-06, 5.07705E-06, 6.08932E-06, 5.82082E-07, 4.23037E-07, 3.54705E-07, 8.34627E-04
236, 1.41103E-05, 6.58264E-06, 5.19494E-06, 6.09623E-06, 5.81928E-07, 4.21618E-07, 3.54138E-07, 8.37016E-04
237, 1.42860E-05, 6.61549E-06, 5.31145E-06, 6.10086E-06, 5.81770E-07, 4.20214E-07, 3.53561E-07, 8.39220E-04
238, 1.44370E-05, 6.64220E-06, 5.41577E-06, 6.10323E-06, 5.81694E-07, 4.18813E-07, 3.52990E-07, 8.41244E-04
239, 1.45638E-05, 6.66269E-06, 5.50792E-06, 6.10338E-06, 5.81668E-07, 4.17418E-07, 3.52416E-07, 8.43093E-04
240, 1.46670E-05, 6.67694E-06, 5.58798E-06, 6.10135E-06, 5.81669E-07, 4.16025E-07, 3.51835E-07, 8.44771E-04
241, 1.47471E-05, 6.68489E-06, 5.65606E-06, 6.09717E-06, 5.81735E-07, 4.14640E-07, 3.51234E-07, 8.46282E-04
242, 1.48050E-05, 6.68653E-06, 5.71230E-06, 6.09088E-06, 5.81828E-07, 4.13248E-07, 3.50614E-07, 8.47630E-04
243, 1.48413E-05, 6.68183E-06, 5.75691E-06, 6.08251E-06, 5.81943E-07, 4.11841E-07, 3.49982E-07, 8.48817E-04
244, 1.48570E-05, 6.67079E-06, 5.79010E-06, 6.09894E-06, 5.82068E-07, 4.10417E-07, 3.49360E-07, 8.53600E-04
245, 1.48529E-05, 6.65341E-06, 5.81214E-06, 6.11454E-06, 5.82209E-07, 4.08975E-07, 3.48777E-07, 8.58415E-04
246, 1.48299E-05, 6.62972E-06, 5.82330E-06, 6.12755E-06, 5.82390E-07, 4.07567E-07, 3.48220E-07, 8.63011E-04
247, 1.47890E-05, 6.59975E-06, 5.82390E-06, 6.13799E-06, 5.82552E-07, 4.06156E-07, 3.47655E-07, 8.67388E-04
248, 1.47310E-05, 6.60985E-06, 5.81425E-06, 6.14590E-06, 5.82738E-07, 4.04744E-07, 3.47075E-07, 8.71548E-04
249, 1.46571E-05, 6.64780E-06, 5.79471E-06, 6.15134E-06, 5.82923E-07, 4.03352E-07, 3.46514E-07, 8.75492E-04
250, 1.45682E-05, 6.67953E-06, 5.76564E-06, 6.15433E-06, 5.83132E-07, 4.01975E-07, 3.45968E-07, 8.79219E-04
251, 1.44653E-05, 6.70499E-06, 5.72740E-06, 6.15491E-06, 5.83330E-07, 4.00611E-07, 3.45410E-07, 8.82730E-04
252, 1.43493E-05, 6.72409E-06, 5.68038E-06, 6.15315E-06, 5.83591E-07, 3.99250E-07, 3.44864E-07, 8.86023E-04
253, 1.42213E-05, 6.73678E-06, 5.62496E-06, 6.14907E-06, 5.83877E-07, 3.97901E-07, 3.44299E-07, 8.89096E-04
254, 1.40823E-05, 6.74302E-06, 5.56153E-06, 6.14272E-06, 5.84172E-07, 3.96535E-07, 3.43738E-07, 8.91949E-04
255, 1.39332E-05, 6.74278E-06, 5.49048E-06, 6.13414E-06, 5.84505E-07, 3.95185E-07, 3.43180E-07, 8.94579E-04
256, 1.37749E-05, 6.73605E-06, 5.41221E-06, 6.12339E-06, 5.84867E-07, 3.93831E-07, 3.42633E-07, 8.96983E-04
257, 1.36084E-05, 6.72281E-06, 5.32710E-06, 6.11050E-06, 5.85230E-07, 3.92480E-07, 3.42081E-07, 8.99159E-04
258, 1.34343E-05, 6.70307E-06, 5.23553E-06, 6.09553E-06, 5.85590E-07, 3.91117E-07, 3.41526E-07, 9.01103E-04
259, 1.32537E-05, 6.67686E-06, 5.13788E-06, 6.07852E-06, 5.85989E-07, 3.89754E-07, 3.40963E-07, 9.02812E-04
260, 1.30673E-05, 6.64422E-06, 5.03453E-06, 6.07253E-06, 5.86378E-07, 3.88406E-07, 3.40388E-07, 9.06227E-04
261, 1.28757E-05, 6.66549E-06, 4.92585E-06, 6.07921E-06, 5.86764E-07, 3.87060E-07, 3.39805E-07, 9.11609E-04
262, 1.26799E-05, 6.70644E-06, 4.81217E-06, 6.08333E-06, 5.87154E-07, 3.85714E-07, 3.39223E-07, 9.16686E-04
263, 1.24804E-05, 6.74078E-06, 4.78197E-06, 6.08493E-06, 5.87515E-07, 3.84369E-07, 3.38641E-07, 9.21454E-04
264, 1.22778E-05, 6.76841E-06, 4.78689E-06, 6.08407E-06, 5.87881E-07, 3.83008E-07, 3.38056E-07, 9.25909E-04
265, 1.20729E-05, 6.78926E-06, 4.78513E-06, 6.08078E-06, 5.88259E-07, 3.81670E-07, 3.37491E-07, 9.30047E-04
266, 1.18660E-05, 6.80326E-06, 4.77703E-06, 6.07513E-06, 5.88618E-07, 3.80350E-07, 3.36936E-07, 9.33863E-04
267, 1.16578E-05, 6.81037E-06, 4.76287E-06, 6.06717E-06, 5.88954E-07, 3.79022E-07, 3.36378E-07, 9.37355E-04
268, 1.14486E-05, 6.81057E-06, 4.74299E-06, 6.05693E-06, 5.89260E-07, 3.77726E-07, 3.35826E-07, 9.40519E-04
269, 1.12390E-05, 6.82162E-06, 4.71769E-06, 6.04448E-06, 5.89546E-07, 3.76452E-07, 3.35288E-07, 9.43352E-04
270, 1.10292E-05, 6.97458E-06, 4.68728E-06, 6.02987E-06, 5.89851E-07, 3.75179E-07, 3.34734E-07, 9.45850E-04
271, 1.08197E-05, 7.12666E-06, 4.65207E-06, 6.01314E-06, 5.90151E-07, 3.73918E-07, 3.34174E-07, 9.48013E-04
272, 1.06107E-05, 7.27769E-06, 4.61237E-06, 5.99436E-06, 5.90506E-07, 3.72662E-07, 3.33594E-07, 9.49837E-04
273, 1.04024E-05, 7.42750E-06, 4.56847E-06, 5.97356E-06, 5.90905E-07, 3.71388E-07, 3.33024E-07, 9.51320E-04
274, 1.01953E-05, 7.57594E-06, 4.52067E-06, 5.95081E-06, 5.91344E-07, 3.70114E-07, 3.32448E-07, 9.52463E-04
275, 9.98931E-06, 7.72282E-06, 4.46925E-06, 5.92615E-06, 5.91768E-07, 3.68856E-07, 3.31860E-07, 9.53263E-04
276, 9.78474E-06, 7.86797E-06, 4.41448E-06, 5.89964E-06, 5.92179E-07, 3.67594E-07, 3.31269E-07, 9.53721E-04
277, 9.58169E-06, 8.01121E-06, 4.35664E-06, 5.88992E-06, 5.92595E-07, 3.66332E-07, 3.30687E-07, 9.56859E-04
278, 9.38028E-06, 8.15234E-06, 4.29600E-06, 5.88615E-06, 5.93050E-07, 3.65058E-07, 3.30107E-07, 9.60943E-04
279, 9.18058E-06, 8.29118E-06, 4.24827E-06, 5.88002E-06, 5.93527E-07, 3.63759E-07, 3.29513E-07, 9.64620E-04
280, 8.98265E-06, 8.42753E-06, 4.28040E-06, 5.87158E-06, 5.93991E-07, 3.62467E-07, 3.28911E-07, 9.67891E-04
281, 8.78653E-06, 8.56120E-06, 4.31190E-06, 5.86088E-06, 5.94432E-07, 3.61201E-07, 3.28310E-07, 9.70756E-04
282, 8.59223E-06, 8.69199E-06, 4.34278E-06, 5.84797E-06, 5.94903E-07, 3.59946E-07, 3.27730E-07, 9.73216E-04
283, 8.39977E-06, 8.81971E-06, 4.37303E-06, 5.83292E-06, 5.95427E-07, 3.58683E-07, 3.27139E-07, 9.75274E-04
284, 8.20912E-06, 8.94415E-06, 4.40265E-06, 5.81576E-06, 5.95976E-07, 3.57422E-07, 3.26535E-07, 9.76931E-04
285, 8.12642E-06, 9.06511E-06, 4.43162E-06, 5.79655E-06, 5.96572E-07, 3.56157E-07, 3.25916E-07, 9.78191E-04
286, 8.15433E-06, 9.18240E-06, 4.45994E-06, 5.77536E-06, 5.97191E-07, 3.54906E-07, 3.25291E-07, 9.79057E-04
287, 8.18071E-06, 9.29582E-06, 4.48761E-06, 5.75222E-06, 5.97807E-07, 3.53646E-07, 3.24650E-07, 9.79532E-04
288, 8.20558E-06, 9.40517E-06, 4.51460E-06, 5.72720E-06, 5.98449E-07, 3.52401E-07, 3.23989E-07, 9.79620E-04
289, 8.22900E-06, 9.51025E-06, 4.54092E-06, 5.70034E-06, 5.99057E-07, 3.51145E-07, 3.23323E-07, 9.79326E-04
290, 8.25101E-06, 9.61089E-06, 4.56656E-06, 5.67171E-06, 5.99640E-07, 3.49875E-07, 3.22660E-07, 9.78655E-04
291, 8.27163E-06, 9.70688E-06, 4.60331E-06, 5.64134E-06, 6.00217E-07, 3.48601E-07, 3.21992E-07, 9.77611E-04
292, 8.29089E-06, 9.79804E-06, 4.65531E-06, 5.60929E-06, 6.00830E-07, 3.47343E-07, 3.21319E-07, 9.76199E-04
293, 8.30884E-06, 9.88420E-06, 4.70658E-06, 5.57562E-06, 6.01445E-07, 3.46083E-07, 3.20631E-07, 9.74426E-04
294, 8.32548E-06, 9.96518E-06, 4.75710E-06, 5.54804E-06, 6.02071E-07, 3.44822E-07, 3.19934E-07, 9.73643E-04
295, 8.52421E-06, 1.00408E-05, 4.80684E-06, 5.53617E-06, 6.02696E-07, 3.43549E-07, 3.19246E-07, 9.75557E-04
296, 8.75677E-06, 1.01109E-05, 4.85578E-06, 5.52219E-06, 6.03294E-07, 3.42286E-07, 3.18564E-07, 9.77052E-04
297, 8.98933E-06, 1.01754E-05, 4.90390E-06, 5.50616E-06, 6.03917E-07, 3.41042E-07, 3.17878E-07, 9.78132E-04
298, 9.22170E-06, 1.02340E-05, 4.95117E-06, 5.48813E-06, 6.04502E-07, 3.39812E-07, 3.17186E-07, 9.78803E-04
299, 9.45371E-06, 1.02867E-05, 4.99757E-06, 5.46815E-06, 6.05053E-07, 3.38614E-07, 3.16495E-07, 9.79070E-04
300, 9.68516E-06, 1.03550E-05, 5.04308E-06, 5.44628E-06, 6.05570E-07, 3.37428E-07, 3.15779E-07, 9.78940E-04
301, 9.91589E-06, 1.04179E-05, 5.08768E-06, 5.42256E-06, 6.06067E-07, 3.36293E-07, 3.15053E-07, 9.78417E-04
302, 1.01457E-05, 1.04750E-05, 5.13133E-06, 5.39705E-06, 6.06573E-07, 3.35162E-07, 3.14309E-07, 9.77509E-04
303, 1.03744E-05, 1.05261E-05, 5.17401E-06, 5.36979E-06, 6.07031E-07, 3.34039E-07, 3.13560E-07, 9.76221E-04
304, 1.06019E-05, 1.05712E-05, 5.21571E-06, 5.34085E-06, 6.07499E-07, 3.32906E-07, 3.12792E-07, 9.74561E-04
305, 1.08280E-05, 1.06102E-05, 5.25638E-06, 5.31027E-06, 6.07965E-07, 3.31770E-07, 3.12011E-07, 9.72533E-04
306, 1.10524E-05, 1.06429E-05, 5.29602E-06, 5.27810E-06, 6.08399E-07, 3.30620E-07, 3.11230E-07, 9.70146E-04
307, 1.12751E-05, 1.06693E-05, 5.33459E-06, 5.24439E-06, 6.08826E-07, 3.29457E-07, 3.10447E-07, 9.67405E-04
308, 1.14959E-05, 1.06894E-05, 5.37747E-06, 5.20919E-06, 6.09280E-07, 3.28297E-07, 3.09664E-07, 9.64318E-04
309, 1.17146E-05, 1.07031E-05, 5.46325E-06, 5.17255E-06, 6.09716E-07, 3.27155E-07, 3.08874E-07, 9.60891E-04
310, 1.19311E-05, 1.07103E-05, 5.54833E-06, 5.13452E-06, 6.10157E-07, 3.26025E-07, 3.08063E-07, 9.57132E-04
311, 1.21452E-05, 1.07110E-05, 5.63269E-06, 5.09514E-06, 6.10588E-07, 3.24905E-07, 3.07247E-07, 9.53047E-04
312, 1.23568E-05, 1.07052E-05, 5.71629E-06, 5.05447E-06, 6.10998E-07, 3.23775E-07, 3.06432E-07, 9.48643E-04
313, 1.25656E-05, 1.06929E-05, 5.79912E-06, 5.02985E-06, 6.11422E-07, 3.22635E-07, 3.05605E-07, 9.47185E-04
314, 1.27717E-05, 1.06741E-05, 5.88114E-06, 5.00919E-06, 6.11818E-07, 3.21480E-07, 3.04774E-07, 9.46421E-04
315, 1.29747E-05, 1.06487E-05, 5.96234E-06, 4.98680E-06, 6.12167E-07, 3.20323E-07, 3.03937E-07, 9.45280E-04
316, 1.31746E-05, 1.06169E-05, 6.04268E-06, 4.96275E-06, 6.12497E-07, 3.19149E-07, 3.03090E-07, 9.43769E-04
317, 1.33713E-05, 1.05785E-05, 6.12213E-06, 4.93708E-06, 6.12853E-07, 3.17962E-07, 3.02240E-07, 9.41895E-04
318, 1.35646E-05, 1.05338E-05, 6.20069E-06, 4.97648E-06, 6.13225E-07, 3.16762E-07, 3.01391E-07, 9.52421E-04
319, 1.37544E-05, 1.04826E-05, 6.27831E-06, 5.05395E-06, 6.13566E-07, 3.15567E-07, 3.00541E-07, 9.70277E-04
320, 1.39406E-05, 1.04251E-05, 6.35497E-06, 5.13073E-06, 6.13900E-07, 3.14374E-07, 2.99680E-07, 9.88067E-04
321, 1.41229E-05, 1.03613E-05, 6.43066E-06, 5.20674E-06, 6.14246E-07, 3.13193E-07, 2.98802E-07, 1.00578E-03
322, 1.43014E-05, 1.02913E-05, 6.50534E-06, 5.28193E-06, 6.14583E-07, 3.12003E-07, 2.97927E-07, 1.02339E-03
323, 1.44759E-05, 1.02151E-05, 6.57898E-06, 5.35624E-06, 6.14904E-07, 3.10792E-07, 2.97054E-07, 1.04089E-03
324, 1.46462E-05, 1.01329E-05, 6.65158E-06, 5.42960E-06, 6.15193E-07, 3.09577E-07, 2.96170E-07, 1.05826E-03
325, 1.48123E-05, 1.00447E-05, 6.72309E-06, 5.50194E-06, 6.15466E-07, 3.08373E-07, 2.95297E-07, 1.07550E-03
326, 1.49741E-05, 9.95065E-06, 6.79350E-06, 5.57321E-06, 6.15713E-07, 3.07167E-07, 2.94422E-07, 1.09257E-03
327, 1.51416E-05, 9.85081E-06, 6.86278E-06, 5.64335E-06, 6.15943E-07, 3.05957E-07, 2.93545E-07, 1.10947E-03
328, 1.53491E-05, 9.74530E-06, 6.93091E-06, 5.71228E-06, 6.16180E-07, 3.04735E-07, 2.92669E-07, 1.12619E-03
329, 1.55534E-05, 9.63422E-06, 6.99787E-06, 5.77996E-06, 6.16371E-07, 3.03496E-07, 2.91774E-07, 1.14270E-03
330, 1.57542E-05, 9.54248E-06, 7.06362E-06, 5.84633E-06, 6.16543E-07, 3.02246E-07, 2.90870E-07, 1.15900E-03
331, 1.59515E-05, 9.44808E-06, 7.12814E-06, 5.91133E-06, 6.16695E-07, 3.00977E-07, 2.89953E-07, 1.17506E-03
332, 1.61451E-05, 9.34851E-06, 7.19141E-06, 5.97489E-06, 6.16810E-07, 2.99716E-07, 2.89029E-07, 1.19087E-03
333, 1.63348E-05, 9.24384E-06, 7.25340E-06, 6.03698E-06, 6.16879E-07, 2.98456E-07, 2.88090E-07, 1.20643E-03
334, 1.65206E-05, 9.13418E-06, 7.31410E-06, 6.09752E-06, 6.16908E-07, 2.97189E-07, 2.87158E-07, 1.22170E-03
335, 1.67024E-05, 9.01959E-06, 7.37347E-06, 6.15648E-06, 6.16922E-07, 2.95926E-07, 2.86239E-07, 1.23669E-03
336, 1.68799E-05, 8.90018E-06, 7.43149E-06, 6.21380E-06, 6.16950E-07, 2.94659E-07, 2.85345E-07, 1.25137E-03
337, 1.70530E-05, 8.77603E-06, 7.48813E-06, 6.26943E-06, 6.16945E-07, 2.93384E-07, 2.84455E-07, 1.26573E-03
338, 1.72218E-05, 8.64724E-06, 7.54337E-06, 6.32333E-06, 6.16923E-07, 2.92103E-07, 2.83577E-07, 1.27977E-03
339, 1.73859E-05, 8.51520E-06, 7.59719E-06, 6.37544E-06, 6.16866E-07, 2.90826E-07, 2.82697E-07, 1.29346E-03
340, 1.75454E-05, 8.53807E-06, 7.64956E-06, 6.42573E-06, 6.16737E-07, 2.89550E-07, 2.81812E-07, 1.30679E-03
341, 1.77000E-05, 8.55752E-06, 7.70045E-06, 6.47414E-06, 6.16567E-07, 2.88284E-07, 2.80919E-07, 1.31976E-03
342, 1.78497E-05, 8.57360E-06, 7.74984E-06, 6.52065E-06, 6.16359E-07, 2.87023E-07, 2.80012E-07, 1.33234E-03
343, 1.79944E-05, 8.58638E-06, 7.79770E-06, 6.56521E-06, 6.16122E-07, 2.85758E-07, 2.79103E-07, 1.34454E-03
344, 1.81340E-05, 8.59591E-06, 7.84401E-06, 6.60778E-06, 6.15852E-07, 2.84529E-07, 2.78194E-07, 1.35633E-03
345, 1.82684E-05, 8.60224E-06, 7.88875E-06, 6.64833E-06, 6.15575E-07, 2.83301E-07, 2.77275E-07, 1.36772E-03
346, 1.83974E-05, 8.60543E-06, 7.93189E-06, 6.68683E-06, 6.15296E-07, 2.82057E-07, 2.76356E-07, 1.37868E-03
347, 1.85210E-05, 8.60554E-06, 7.97340E-06, 6.72324E-06, 6.14971E-07, 2.80800E-07, 2.75433E-07, 1.38921E-03
348, 1.86390E-05, 8.78039E-06, 8.01325E-06, 6.75754E-06, 6.14622E-07, 2.79578E-07, 2.74498E-07, 1.39931E-03
349, 1.87515E-05, 8.97015E-06, 8.05144E-06, 6.78969E-06, 6.14231E-07, 2.78385E-07, 2.73568E-07, 1.40896E-03
350, 1.88583E-05, 9.15879E-06, 8.08796E-06, 6.81968E-06, 6.13839E-07, 2.77220E-07, 2.72651E-07, 1.41816E-03
351, 1.89593E-05, 9.34623E-06, 8.12277E-06, 6.84748E-06, 6.13434E-07, 2.76071E-07, 2.71741E-07, 1.42690E-03
352, 1.90544E-05, 9.53237E-06, 8.15583E-06, 6.87306E-06, 6.13034E-07, 2.74942E-07, 2.70839E-07, 1.43518E-03
353, 1.91436E-05, 9.71713E-06, 8.18711E-06, 6.89642E-06, 6.12621E-07, 2.73827E-07, 2.69938E-07, 1.44298E-03
354, 1.92268E-05, 9.90042E-06, 8.21660E-06, 6.91753E-06, 6.12177E-07, 2.72719E-07, 2.69031E-07, 1.45031E-03
355, 1.93038E-05, 1.00822E-05, 8.24427E-06, 6.93637E-06, 6.11713E-07, 2.71617E-07, 2.68127E-07, 1.45717E-03
356, 1.93748E-05, 1.02668E-05, 8.27009E-06, 6.95295E-06, 6.11196E-07, 2.70529E-07, 2.67233E-07, 1.46354E-03
357, 1.94395E-05, 1.04783E-05, 8.29405E-06, 6.96723E-06, 6.10640E-07, 2.69455E-07, 2.66337E-07, 1.46942E-03
358, 1.94980E-05, 1.06874E-05, 8.31611E-06, 6.97923E-06, 6.10054E-07, 2.68383E-07, 2.65436E-07, 1.47482E-03
359, 1.95501E-05, 1.08939E-05, 8.33627E-06, 6.98893E-06, 6.09435E-07, 2.67310E-07, 2.64529E-07, 1.47973E-03
360, 1.95959E-05, 1.10978E-05, 8.35450E-06, 6.99632E-06, 6.08778E-07, 2.66281E-07, 2.63624E-07, 1.48415E-03
361, 1.96353E-05, 1.12988E-05, 8.42173E-06, 7.00141E-06, 6.08077E-07, 2.65263E-07, 2.62725E-07, 1.48808E-03
362, 1.96682E-05, 1.14969E-05, 8.49349E-06, 7.00419E-06, 6.07318E-07, 2.64246E-07, 2.61819E-07, 1.49152E-03
363, 1.96946E-05, 1.16920E-05, 8.56322E-06, 7.00467E-06, 6.06550E-07, 2.63224E-07, 2.60921E-07, 1.49447E-03
364, 1.97144E-05, 1.18839E-05, 8.63088E-06, 7.00285E-06, 6.05753E-07, 2.62221E-07, 2.60023E-07, 1.49693E-03
365, 1.97277E-05, 1.20725E-05, 8.69642E-06, 6.99874E-06, 6.04957E-07, 2.61252E-07, 2.59142E-07, 1.49890E-03
366, 1.97344E-05, 1.22576E-05, 8.75981E-06, 6.99234E-06, 6.04163E-07, 2.60294E-07, 2.58269E-07, 1.50039E-03
367, 1.97344E-05, 1.24393E-05, 8.82098E-06, 6.98367E-06, 6.03333E-07, 2.59328E-07, 2.57391E-07, 1.50139E-03
368, 1.97295E-05, 1.26173E-05, 8.87992E-06, 6.97273E-06, 6.02460E-07, 2.58366E-07, 2.56527E-07, 1.50191E-03
369, 1.97348E-05, 1.27917E-05, 8.93656E-06, 6.95955E-06, 6.01559E-07, 2.57399E-07, 2.55675E-07, 1.50196E-03
370, 1.97327E-05, 1.29621E-05, 8.99088E-06, 6.94413E-06, 6.00629E-07, 2.56441E-07, 2.54828E-07, 1.50152E-03
371, 1.97233E-05, 1.31287E-05, 9.04284E-06, 6.92650E-06, 5.99663E-07, 2.55521E-07, 2.53980E-07, 1.50062E-03
372, 1.97065E-05, 1.32912E-05, 9.09239E-06, 6.90667E-06, 5.98664E-07, 2.54630E-07, 2.53128E-07, 1.49925E-03
373, 1.96824E-05, 1.34496E-05, 9.13950E-06, 6.88467E-06, 5.97635E-07, 2.53741E-07, 2.52280E-07, 1.49741E-03
374, 1.96510E-05, 1.36039E-05, 9.18414E-06, 6.86051E-06, 5.96602E-07, 2.52847E-07, 2.51442E-07, 1.49512E-03
375, 1.96123E-05, 1.37538E-05, 9.22626E-06, 6.83422E-06, 5.95520E-07, 2.51959E-07, 2.50608E-07, 1.49237E-03
376, 1.95664E-05, 1.38994E-05, 9.26583E-06, 6.80584E-06, 5.94392E-07, 2.51074E-07, 2.49782E-07, 1.48917E-03
377, 1.95132E-05, 1.40405E-05, 9.30283E-06, 6.77538E-06, 5.93231E-07, 2.50204E-07, 2.48958E-07, 1.48553E-03
378, 1.95614E-05, 1.41772E-05, 9.33720E-06, 6.74287E-06, 5.92048E-07, 2.49363E-07, 2.48130E-07, 1.48144E-03
379, 1.96189E-05, 1.43093E-05, 9.36894E-06, 6.70834E-06, 5.90878E-07, 2.48564E-07, 2.47294E-07, 1.47692E-03
380, 1.96705E-05, 1.44368E-05, 9.39800E-06, 6.67183E-06, 5.89673E-07, 2.47770E-07, 2.46463E-07, 1.47197E-03
381, 1.97159E-05, 1.45597E-05, 9.42435E-06, 6.63337E-06, 5.88459E-07, 2.46990E-07, 2.45640E-07, 1.46660E-03
382, 1.97551E-05, 1.46777E-05, 9.44798E-06, 6.59300E-06, 5.87219E-07, 2.46234E-07, 2.44827E-07, 1.46081E-03
383, 1.97882E-05, 1.47910E-05, 9.46884E-06, 6.55074E-06, 5.85926E-07, 2.45525E-07, 2.44030E-07, 1.45460E-03
384, 1.98150E-05, 1.48994E-05, 9.48692E-06, 6.50664E-06, 5.84593E-07, 2.44822E-07, 2.43234E-07, 1.44799E-03
385, 1.98355E-05, 1.50030E-05, 9.50219E-06, 6.46073E-06, 5.83243E-07, 2.44126E-07, 2.42434E-07, 1.44098E-03
386, 1.98497E-05, 1.51016E-05, 9.51462E-06, 6.41306E-06, 5.81864E-07, 2.43441E-07, 2.41630E-07, 1.43357E-03
387, 1.98575E-05, 1.51952E-05, 9.52420E-06, 6.36365E-06, 5.80463E-07, 2.42802E-07, 2.40826E-07, 1.42577E-03
388, 1.98589E-05, 1.52839E-05, 9.53090E-06, 6.31256E-06, 5.79018E-07, 2.42162E-07, 2.40020E-07, 1.41759E-03
389, 1.98539E-05, 1.53676E-05, 9.53471E-06, 6.25983E-06, 5.77521E-07, 2.41520E-07, 2.39210E-07, 1.40904E-03
390, 1.98424E-05, 1.54462E-05, 9.53561E-06, 6.20549E-06, 5.76022E-07, 2.40897E-07, 2.38405E-07, 1.40011E-03
391, 1.98245E-05, 1.55198E-05, 9.53358E-06, 6.14959E-06, 5.74494E-07, 2.40280E-07, 2.37608E-07, 1.39082E-03
392, 1.98001E-05, 1.55883E-05, 9.52860E-06, 6.09218E-06, 5.72923E-07, 2.39681E-07, 2.36815E-07, 1.38117E-03
393, 1.97692E-05, 1.56518E-05, 9.52067E-06, 6.03330E-06, 5.71333E-07, 2.39102E-07, 2.36021E-07, 1.37117E-03
394, 1.97318E-05, 1.57102E-05, 9.50977E-06, 5.97299E-06, 5.69756E-07, 2.38534E-07, 2.35235E-07, 1.36083E-03
395, 1.96880E-05, 1.57636E-05, 9.49594E-06, 5.91131E-06, 5.68153E-07, 2.37970E-07, 2.34451E-07, 1.35015E-03
396, 1.96377E-05, 1.58119E-05, 9.47917E-06, 5.84829E-06, 5.66528E-07, 2.37406E-07, 2.33666E-07, 1.33914E-03
397, 1.95810E-05, 1.58551E-05, 9.45941E-06, 5.78398E-06, 5.64908E-07, 2.36835E-07, 2.32891E-07, 1.32780E-03
398, 1.95178E-05, 1.58933E-05, 9.43665E-06, 5.71844E-06, 5.63273E-07, 2.36263E-07, 2.32130E-07, 1.31615E-03
399, 1.94482E-05, 1.59266E-05, 9.41089E-06, 5.65170E-06, 5.61647E-07, 2.35706E-07, 2.31368E-07, 1.30418E-03
400, 1.93723E-05, 1.59548E-05, 9.38213E-06, 5.58383E-06, 5.60042E-07, 2.35143E-07, 2.30603E-07, 1.29191E-03
401, 1.92900E-05, 1.59781E-05, 9.35037E-06, 5.51486E-06, 5.58427E-07, 2.34589E-07, 2.29846E-07, 1.27935E-03
402, 1.92014E-05, 1.59964E-05, 9.31561E-06, 5.44484E-06, 5.56829E-07, 2.34054E-07, 2.29090E-07, 1.26650E-03
403, 1.91065E-05, 1.60099E-05, 9.27786E-06, 5.37382E-06, 5.55262E-07, 2.33522E-07, 2.28330E-07, 1.25336E-03
404, 1.90055E-05, 1.60185E-05, 9.23712E-06, 5.30186E-06, 5.53726E-07, 2.32982E-07, 2.27572E-07, 1.23995E-03
405, 1.88983E-05, 1.60223E-05, 9.19341E-06, 5.22899E-06, 5.52228E-07, 2.32447E-07, 2.26818E-07, 1.22628E-03
406, 1.87851E-05, 1.60213E-05, 9.14674E-06, 5.15528E-06, 5.50727E-07, 2.31900E-07, 2.26063E-07, 1.21234E-03
407, 1.86658E-05, 1.60156E-05, 9.09711E-06, 5.08076E-06, 5.49279E-07, 2.31352E-07, 2.25319E-07, 1.19815E-03
408, 1.85406E-05, 1.60053E-05, 9.04456E-06, 5.00549E-06, 5.47833E-07, 2.30814E-07, 2.24569E-07, 1.18372E-03
409, 1.84095E-05, 1.59903E-05, 8.98909E-06, 4.92951E-06, 5.46385E-07, 2.30288E-07, 2.23829E-07, 1.16905E-03
410, 1.82726E-05, 1.59708E-05, 8.93072E-06, 4.85288E-06, 5.44917E-07, 2.29770E-07, 2.23087E-07, 1.15416E-03
411, 1.81300E-05, 1.59468E-05, 8.86949E-06, 4.77564E-06, 5.43493E-07, 2.29254E-07, 2.22337E-07, 1.13904E-03
412, 1.79819E-05, 1.59184E-05, 8.80541E-06, 4.69784E-06, 5.42050E-07, 2.28743E-07, 2.21584E-07, 1.12371E-03
413, 1.78282E-05, 1.58856E-05, 8.76400E-06, 4.61953E-06, 5.40596E-07, 2.28249E-07, 2.20836E-07, 1.10818E-03
414, 1.77154E-05, 1.58486E-05, 8.72545E-06, 4.54075E-06, 5.39126E-07, 2.27755E-07, 2.20104E-07, 1.09245E-03
415, 1.77045E-05, 1.58074E-05, 8.68459E-06, 4.46156E-06, 5.37633E-07, 2.27262E-07, 2.19375E-07, 1.07653E-03
416, 1.76890E-05, 1.57620E-05, 8.64144E-06, 4.38199E-06, 5.36125E-07, 2.26783E-07, 2.18645E-07, 1.06043E-03
417, 1.76689E-05, 1.57125E-05, 8.59600E-06, 4.30211E-06, 5.34658E-07, 2.26315E-07, 2.17923E-07, 1.04416E-03
418, 1.76444E-05, 1.56591E-05, 8.54827E-06, 4.22194E-06, 5.33184E-07, 2.25855E-07, 2.17196E-07, 1.02773E-03
419, 1.76153E-05, 1.56018E-05, 8.49828E-06, 4.14155E-06, 5.31695E-07, 2.25402E-07, 2.16477E-07, 1.01115E-03
420, 1.75817E-05, 1.55407E-05, 8.46552E-06, 4.06096E-06, 5.30183E-07, 2.24954E-07, 2.15758E-07, 9.94423E-04
421, 1.75436E-05, 1.54759E-05, 8.43806E-06, 3.98024E-06, 5.28652E-07, 2.24519E-07, 2.15036E-07, 9.77558E-04
422, 1.75010E-05, 1.54074E-05, 8.40831E-06, 3.89942E-06, 5.27084E-07, 2.24096E-07, 2.14323E-07, 9.60566E-04
423, 1.74540E-05, 1.53354E-05, 8.37625E-06, 3.81854E-06, 5.25525E-07, 2.23688E-07, 2.13612E-07, 9.43455E-04
424, 1.74026E-05, 1.52599E-05, 8.34188E-06, 3.73765E-06, 5.23996E-07, 2.23296E-07, 2.12903E-07, 9.26235E-04
425, 1.73469E-05, 1.51931E-05, 8.30519E-06, 3.65680E-06, 5.22472E-07, 2.22915E-07, 2.12193E-07, 9.08914E-04
426, 1.72867E-05, 1.51326E-05, 8.26618E-06, 3.57602E-06, 5.20921E-07, 2.22535E-07, 2.11484E-07, 8.91501E-04
427, 1.72223E-05, 1.50686E-05, 8.22484E-06, 3.49535E-06, 5.19345E-07, 2.22161E-07, 2.10786E-07, 8.74005E-04
428, 1.71536E-05, 1.50012E-05, 8.18118E-06, 3.41484E-06, 5.17771E-07, 2.21797E-07, 2.10095E-07, 8.56436E-04
429, 1.70806E-05, 1.49304E-05, 8.13519E-06, 3.33452E-06, 5.16194E-07, 2.21451E-07, 2.09405E-07, 8.38802E-04
430, 1.70035E-05, 1.48563E-05, 8.08689E-06, 3.25444E-06, 5.14634E-07, 2.21114E-07, 2.08719E-07, 8.21112E-04
431, 1.69222E-05, 1.47789E-05, 8.03628E-06, 3.17463E-06, 5.13097E-07, 2.20807E-07, 2.08042E-07, 8.03376E-04
432, 1.68368E-05, 1.46983E-05, 7.98336E-06, 3.09513E-06, 5.11548E-07, 2.20509E-07, 2.07377E-07, 7.85603E-04
433, 1.67474E-05, 1.46145E-05, 7.92815E-06, 3.02597E-06, 5.09995E-07, 2.20228E-07, 2.06717E-07, 7.70345E-04
434, 1.66539E-05, 1.45277E-05, 7.87066E-06, 2.96253E-06, 5.08418E-07, 2.19952E-07, 2.06057E-07, 7.56445E-04
435, 1.65565E-05, 1.44379E-05, 7.81090E-06, 2.89894E-06, 5.06828E-07, 2.19675E-07, 2.05395E-07, 7.42411E-04
436, 1.64553E-05, 1.43451E-05, 7.74890E-06, 2.83522E-06, 5.05259E-07, 2.19407E-07, 2.04745E-07, 7.28251E-04
437, 1.63502E-05, 1.42494E-05, 7.68466E-06, 2.77140E-06, 5.03690E-07, 2.19146E-07, 2.04097E-07, 7.13969E-04
438, 1.62413E-05, 1.41509E-05, 7.61821E-06, 2.70751E-06, 5.02121E-07, 2.18891E-07, 2.03449E-07, 6.99572E-04
439, 1.61287E-05, 1.40497E-05, 7.54958E-06, 2.64359E-06, 5.00542E-07, 2.18654E-07, 2.02802E-07, 6.85067E-04
440, 1.60125E-05, 1.39457E-05, 7.47879E-06, 2.57964E-06, 4.98961E-07, 2.18410E-07, 2.02157E-07, 6.70461E-04
441, 1.58927E-05, 1.38392E-05, 7.40587E-06, 2.51572E-06, 4.97410E-07, 2.18161E-07, 2.01512E-07, 6.55759E-04
442, 1.57694E-05, 1.37302E-05, 7.33085E-06, 2.45183E-06, 4.95871E-07, 2.17910E-07, 2.00868E-07, 6.40969E-04
443, 1.56427E-05, 1.36187E-05, 7.25376E-06, 2.38801E-06, 4.94326E-07, 2.17644E-07, 2.00225E-07, 6.26098E-04
444, 1.55126E-05, 1.35048E-05, 7.17464E-06, 2.32430E-06, 4.92792E-07, 2.17377E-07, 1.99584E-07, 6.11154E-04
445, 1.53791E-05, 1.33886E-05, 7.09353E-06, 2.26070E-06, 4.91271E-07, 2.17101E-07, 1.98959E-07, 5.96143E-04
446, 1.52425E-05, 1.32701E-05, 7.01046E-06, 2.19726E-06, 4.89746E-07, 2.16811E-07, 1.98336E-07, 5.81073E-04
447, 1.51027E-05, 1.31495E-05, 6.92548E-06, 2.13401E-06, 4.88240E-07, 2.16507E-07, 1.97710E-07, 5.65952E-04
448, 1.49598E-05, 1.30269E-05, 6.83864E-06, 2.07096E-06, 4.86760E-07, 2.16190E-07, 1.97092E-07, 5.50787E-04
449, 1.48139E-05, 1.29022E-05, 6.74998E-06, 2.00815E-06, 4.85306E-07, 2.15862E-07, 1.96481E-07, 5.35586E-04
450, 1.46651E-05, 1.27756E-05, 6.65954E-06, 1.94560E-06, 4.83873E-07, 2.15535E-07, 1.95878E-07, 5.20358E-04
451, 1.45135E-05, 1.26471E-05, 6.56739E-06, 1.88335E-06, 4.82445E-07, 2.15198E-07, 1.95274E-07, 5.05109E-04
452, 1.43591E-05, 1.25169E-05, 6.47358E-06, 1.82141E-06, 4.81052E-07, 2.14852E-07, 1.94678E-07, 4.89849E-04
453, 1.42020E-05, 1.23850E-05, 6.37816E-06, 1.75981E-06, 4.79681E-07, 2.14505E-07, 1.94090E-07, 4.74584E-04
454, 1.40423E-05, 1.22514E-05, 6.28118E-06, 1.71842E-06, 4.78316E-07, 2.14154E-07, 1.93502E-07, 4.64687E-04
455, 1.38801E-05, 1.21164E-05, 6.18272E-06, 1.71363E-06, 4.76935E-07, 2.13783E-07, 1.92920E-07, 4.64648E-04
456, 1.37155E-05, 1.19798E-05, 6.08283E-06, 1.70815E-06, 4.75530E-07, 2.13404E-07, 1.92352E-07, 4.64408E-04
457, 1.35485E-05, 1.18419E-05, 5.98157E-06, 1.70197E-06, 4.74123E-07, 2.13007E-07, 1.91791E-07, 4.63966E-04
458, 1.33793E-05, 1.17027E-05, 5.87902E-06, 1.71342E-06, 4.72709E-07, 2.12601E-07, 1.91228E-07, 4.68327E-04
459, 1.32079E-05, 1.15622E-05, 5.77524E-06, 1.72631E-06, 4.71285E-07, 2.12183E-07, 1.90662E-07, 4.73093E-04
460, 1.30344E-05, 1.14206E-05, 5.67029E-06, 1.73918E-06, 4.69828E-07, 2.11752E-07, 1.90089E-07, 4.77865E-04
461, 1.28589E-05, 1.12779E-05, 5.56426E-06, 1.75202E-06, 4.68348E-07, 2.11310E-07, 1.89523E-07, 4.82643E-04
462, 1.26815E-05, 1.11341E-05, 5.45720E-06, 1.76484E-06, 4.66863E-07, 2.10875E-07, 1.88962E-07, 4.87425E-04
463, 1.25023E-05, 1.09895E-05, 5.34920E-06, 1.77762E-06, 4.65393E-07, 2.10454E-07, 1.88402E-07, 4.92211E-04
464, 1.23213E-05, 1.08440E-05, 5.24033E-06, 1.79038E-06, 4.63919E-07, 2.10029E-07, 1.87845E-07, 4.97000E-04
465, 1.21388E-05, 1.06977E-05, 5.17396E-06, 1.80311E-06, 4.62437E-07, 2.09591E-07, 1.87310E-07, 5.01791E-04
466, 1.19546E-05, 1.05507E-05, 5.10969E-06, 1.81580E-06, 4.60951E-07, 2.09133E-07, 1.86792E-07, 5.06584E-04
467, 1.17690E-05, 1.04030E-05, 5.04412E-06, 1.82845E-06, 4.59475E-07, 2.08658E-07, 1.86280E-07, 5.11377E-04
468, 1.15820E-05, 1.02548E-05, 4.97728E-06, 1.84106E-06, 4.58000E-07, 2.08178E-07, 1.85774E-07, 5.16170E-04
469, 1.13938E-05, 1.01061E-05, 4.90920E-06, 1.85364E-06, 4.56535E-07, 2.07687E-07, 1.85266E-07, 5.20962E-04
470, 1.12439E-05, 9.95694E-06, 4.83992E-06, 1.86616E-06, 4.55075E-07, 2.07188E-07, 1.84759E-07, 5.25753E-04
471, 1.12702E-05, 9.80741E-06, 4.76948E-06, 1.87865E-06, 4.53602E-07, 2.06682E-07, 1.84256E-07, 5.30541E-04
472, 1.12938E-05, 9.65758E-06, 4.69791E-06, 1.89108E-06, 4.52136E-07, 2.06171E-07, 1.83756E-07, 5.35326E-04
473, 1.13146E-05, 9.50751E-06, 4.62526E-06, 1.90346E-06, 4.50666E-07, 2.05661E-07, 1.83267E-07, 5.40108E-04
474, 1.13325E-05, 9.35727E-06, 4.55157E-06, 1.91579E-06, 4.49198E-07, 2.05154E-07, 1.82782E-07, 5.44885E-04
475, 1.13475E-05, 9.20692E-06, 4.47687E-06, 1.92926E-06, 4.47732E-07, 2.04632E-07, 1.82301E-07, 5.49997E-04
476, 1.13596E-05, 9.05652E-06, 4.40122E-06, 1.94337E-06, 4.46272E-07, 2.04094E-07, 1.81832E-07, 5.55306E-04
477, 1.13688E-05, 8.90613E-06, 4.32466E-06, 1.95739E-06, 4.44826E-07, 2.03548E-07, 1.81368E-07, 5.60601E-04
478, 1.13750E-05, 8.75581E-06, 4.24723E-06, 1.97266E-06, 4.43372E-07, 2.02996E-07, 1.80902E-07, 5.66272E-04
479, 1.13782E-05, 8.60561E-06, 4.16898E-06, 1.98817E-06, 4.41905E-07, 2.02431E-07, 1.80442E-07, 5.72025E-04
480, 1.13784E-05, 8.45561E-06, 4.08996E-06, 2.00356E-06, 4.40426E-07, 2.01865E-07, 1.79979E-07, 5.77760E-04
481, 1.13800E-05, 8.30584E-06, 4.01023E-06, 2.01883E-06, 4.38960E-07, 2.01288E-07, 1.79515E-07, 5.83478E-04
482, 1.14019E-05, 8.15637E-06, 3.92982E-06, 2.03398E-06, 4.37495E-07, 2.00699E-07, 1.79056E-07, 5.89179E-04
483, 1.14211E-05, 8.00725E-06, 3.84879E-06, 2.04901E-06, 4.36019E-07, 2.00095E-07, 1.78606E-07, 5.94862E-04
484, 1.14376E-05, 7.85853E-06, 3.76719E-06, 2.06392E-06, 4.34539E-07, 1.99486E-07, 1.78168E-07, 6.00527E-04
485, 1.14511E-05, 7.71026E-06, 3.68508E-06, 2.07871E-06, 4.33097E-07, 1.98872E-07, 1.77734E-07, 6.06175E-04
486, 1.14619E-05, 7.56250E-06, 3.60250E-06, 2.09337E-06, 4.31662E-07, 1.98253E-07, 1.77301E-07, 6.11805E-04
487, 1.14697E-05, 7.41528E-06, 3.51951E-06, 2.10791E-06, 4.30210E-07, 1.97642E-07, 1.76872E-07, 6.17417E-04
488, 1.14746E-05, 7.28622E-06, 3.45420E-06, 2.12233E-06, 4.28747E-07, 1.97023E-07, 1.76455E-07, 6.23012E-04
489, 1.14765E-05, 7.16011E-06, 3.45189E-06, 2.13662E-06, 4.27270E-07, 1.96387E-07, 1.76045E-07, 6.28590E-04
490, 1.14754E-05, 7.03375E-06, 3.44886E-06, 2.15079E-06, 4.25800E-07, 1.95745E-07, 1.75641E-07, 6.34150E-04
491, 1.14713E-05, 6.90724E-06, 3.44511E-06, 2.16483E-06, 4.24331E-07, 1.95099E-07, 1.75242E-07, 6.39694E-04
492, 1.14642E-05, 6.78065E-06, 3.44064E-06, 2.17874E-06, 4.22841E-07, 1.94444E-07, 1.74850E-07, 6.45220E-04
493, 1.14539E-05, 6.65405E-06, 3.43543E-06, 2.19253E-06, 4.21340E-07, 1.93789E-07, 1.74457E-07, 6.50731E-04
494, 1.14405E-05, 6.52754E-06, 3.42949E-06, 2.20618E-06, 4.19826E-07, 1.93131E-07, 1.74066E-07, 6.56225E-04
495, 1.14239E-05, 6.40119E-06, 3.42281E-06, 2.21971E-06, 4.18319E-07, 1.92463E-07, 1.73682E-07, 6.61703E-04
496, 1.14042E-05, 6.27506E-06, 3.41538E-06, 2.23311E-06, 4.16821E-07, 1.91796E-07, 1.73302E-07, 6.67166E-04
497, 1.13812E-05, 6.14925E-06, 3.40719E-06, 2.24638E-06, 4.15350E-07, 1.91140E-07, 1.72920E-07, 6.72613E-04
498, 1.13549E-05, 6.02381E-06, 3.39826E-06, 2.25952E-06, 4.13880E-07, 1.90483E-07, 1.72543E-07, 6.78045E-04
499, 1.13253E-05, 5.89883E-06, 3.38857E-06, 2.27253E-06, 4.12410E-07, 1.89821E-07, 1.72180E-07, 6.83463E-04
500, 1.12924E-05, 5.77436E-06, 3.37812E-06, 2.28541E-06, 4.10928E-07, 1.89152E-07, 1.71823E-07, 6.88866E-04
