time_step, rel_err_u, rel_err_v, rel_err_w, rel_err_p, rel_err_u_m, rel_err_v_m, rel_err_w_m, rel_err_p_m
0, 0.00000E+00, 0.00000E+00, 0.00000E+00, 0.00000E+00, 0.00000E+00, 0.00000E+00, 0.00000E+00, 1.18663E-06
1, 7.22011E-04, 5.50807E-04, 5.54719E-04, 8.99673E-03, 2.72526E-05, 3.07896E-05, 2.29851E-05, 6.37046E+00
2, 5.23366E-04, 5.10854E-04, 3.25938E-04, 3.39110E-02, 9.29699E-06, 8.24807E-06, 6.58095E-06, 9.70786E+00
3, 4.25430E-04, 3.27052E-04, 3.31390E-04, 3.62445E-04, 9.16910E-06, 7.91180E-06, 6.47205E-06, 3.19654E-02
4, 7.61514E-05, 3.44564E-05, 2.86659E-05, 6.61549E-04, 1.97765E-06, 1.56491E-06, 1.09288E-06, 1.38553E-01
5, 6.87027E-05, 3.71689E-05, 2.82947E-05, 1.84204E-04, 2.19403E-06, 1.70340E-06, 1.20496E-06, 3.81697E-02
6, 7.08881E-05, 3.63913E-05, 2.76353E-05, 4.52814E-05, 2.02573E-06, 1.57272E-06, 1.09238E-06, 9.48379E-03
7, 7.24259E-05, 3.67377E-05, 2.76118E-05, 1.85467E-05, 2.02474E-06, 1.56495E-06, 1.08643E-06, 3.88138E-03
8, 7.29287E-05, 3.69675E-05, 2.73956E-05, 1.55227E-05, 1.99619E-06, 1.54764E-06, 1.07251E-06, 3.25392E-03
9, 7.30790E-05, 3.70391E-05, 2.69293E-05, 1.38539E-05, 1.97326E-06, 1.53322E-06, 1.06086E-06, 2.90792E-03
10, 7.49958E-05, 3.69731E-05, 2.62204E-05, 1.34886E-05, 1.95068E-06, 1.51864E-06, 1.04910E-06, 2.83532E-03
11, 7.74138E-05, 3.67656E-05, 2.53028E-05, 1.32156E-05, 1.92802E-06, 1.50495E-06, 1.03766E-06, 2.78193E-03
12, 7.92072E-05, 3.65115E-05, 2.52743E-05, 1.28557E-05, 1.90670E-06, 1.49132E-06, 1.02649E-06, 2.71008E-03
13, 8.03277E-05, 3.76386E-05, 2.50541E-05, 1.27443E-05, 1.88537E-06, 1.47790E-06, 1.01545E-06, 2.69051E-03
14, 8.07360E-05, 3.86408E-05, 2.50151E-05, 1.28443E-05, 1.86467E-06, 1.46446E-06, 1.00467E-06, 2.71555E-03
15, 8.21197E-05, 3.95117E-05, 2.48872E-05, 1.28753E-05, 1.84484E-06, 1.45093E-06, 9.93897E-07, 2.72607E-03
16, 8.44287E-05, 4.02454E-05, 2.45814E-05, 1.28380E-05, 1.82596E-06, 1.43798E-06, 9.83501E-07, 2.72208E-03
17, 8.61270E-05, 4.08370E-05, 2.47088E-05, 1.27350E-05, 1.80683E-06, 1.42566E-06, 9.73758E-07, 2.70411E-03
18, 8.71800E-05, 4.12830E-05, 2.52915E-05, 1.25698E-05, 1.78846E-06, 1.41380E-06, 9.64284E-07, 2.67280E-03
19, 8.75612E-05, 4.15800E-05, 2.68580E-05, 1.23465E-05, 1.77076E-06, 1.40216E-06, 9.55084E-07, 2.62895E-03
20, 8.99527E-05, 4.17261E-05, 2.84780E-05, 1.20698E-05, 1.75287E-06, 1.39067E-06, 9.46213E-07, 2.57353E-03
21, 9.27921E-05, 4.17203E-05, 3.00571E-05, 1.19170E-05, 1.73439E-06, 1.37917E-06, 9.37637E-07, 2.54432E-03
22, 9.49716E-05, 4.15631E-05, 3.15781E-05, 1.19005E-05, 1.71611E-06, 1.36764E-06, 9.29124E-07, 2.54408E-03
23, 9.64447E-05, 4.12558E-05, 3.30238E-05, 1.18228E-05, 1.69878E-06, 1.35657E-06, 9.20525E-07, 2.53063E-03
24, 9.71734E-05, 4.08012E-05, 3.43780E-05, 1.16877E-05, 1.68216E-06, 1.34596E-06, 9.12079E-07, 2.50471E-03
25, 9.71291E-05, 4.02031E-05, 3.56251E-05, 1.14995E-05, 1.66515E-06, 1.33577E-06, 9.03833E-07, 2.46723E-03
26, 9.62933E-05, 3.94664E-05, 3.67501E-05, 1.12902E-05, 1.64905E-06, 1.32559E-06, 8.95470E-07, 2.42501E-03
27, 9.47091E-05, 3.91445E-05, 3.77390E-05, 1.12159E-05, 1.63249E-06, 1.31555E-06, 8.87284E-07, 2.41157E-03
28, 9.69965E-05, 3.99865E-05, 3.85789E-05, 1.10878E-05, 1.61538E-06, 1.30552E-06, 8.79097E-07, 2.38640E-03
29, 9.86482E-05, 4.06872E-05, 3.92583E-05, 1.09175E-05, 1.59953E-06, 1.29538E-06, 8.70708E-07, 2.35192E-03
30, 1.01454E-04, 4.12421E-05, 3.97671E-05, 1.09065E-05, 1.58407E-06, 1.28534E-06, 8.62528E-07, 2.35160E-03
31, 1.05916E-04, 4.16486E-05, 4.00968E-05, 1.09752E-05, 1.56853E-06, 1.27565E-06, 8.54944E-07, 2.36831E-03
32, 1.09765E-04, 4.19037E-05, 4.02409E-05, 1.09836E-05, 1.55261E-06, 1.26627E-06, 8.47568E-07, 2.37185E-03
33, 1.12943E-04, 4.20060E-05, 4.01944E-05, 1.09347E-05, 1.53733E-06, 1.25686E-06, 8.40226E-07, 2.36287E-03
34, 1.15397E-04, 4.19556E-05, 4.10068E-05, 1.08325E-05, 1.52236E-06, 1.24732E-06, 8.33123E-07, 2.34217E-03
35, 1.17083E-04, 4.17538E-05, 4.28304E-05, 1.06814E-05, 1.50819E-06, 1.23773E-06, 8.25946E-07, 2.31069E-03
36, 1.17966E-04, 4.14030E-05, 4.44999E-05, 1.05145E-05, 1.49492E-06, 1.22855E-06, 8.18949E-07, 2.27561E-03
37, 1.18017E-04, 4.09067E-05, 4.59975E-05, 1.06168E-05, 1.48167E-06, 1.21948E-06, 8.12162E-07, 2.29859E-03
38, 1.17218E-04, 4.02697E-05, 4.73067E-05, 1.07070E-05, 1.46840E-06, 1.21064E-06, 8.05311E-07, 2.31882E-03
39, 1.18797E-04, 3.96079E-05, 4.84129E-05, 1.07828E-05, 1.45477E-06, 1.20196E-06, 7.98384E-07, 2.33575E-03
40, 1.21266E-04, 4.02833E-05, 4.93034E-05, 1.08415E-05, 1.44024E-06, 1.19349E-06, 7.91711E-07, 2.34880E-03
41, 1.22946E-04, 4.09147E-05, 4.99675E-05, 1.08801E-05, 1.42696E-06, 1.18520E-06, 7.85417E-07, 2.35731E-03
42, 1.23796E-04, 4.14656E-05, 5.03969E-05, 1.08954E-05, 1.41385E-06, 1.17699E-06, 7.79199E-07, 2.36061E-03
43, 1.23784E-04, 4.19317E-05, 5.05853E-05, 1.08840E-05, 1.40136E-06, 1.16895E-06, 7.73165E-07, 2.35796E-03
44, 1.22886E-04, 4.23092E-05, 5.05290E-05, 1.08425E-05, 1.38840E-06, 1.16109E-06, 7.67126E-07, 2.34860E-03
45, 1.21089E-04, 4.25941E-05, 5.02263E-05, 1.07672E-05, 1.37480E-06, 1.15317E-06, 7.61671E-07, 2.33176E-03
46, 1.18388E-04, 4.27829E-05, 4.96781E-05, 1.06547E-05, 1.36193E-06, 1.14553E-06, 7.56294E-07, 2.30668E-03
47, 1.14790E-04, 4.28721E-05, 4.88874E-05, 1.05013E-05, 1.34973E-06, 1.13827E-06, 7.50931E-07, 2.27261E-03
48, 1.12145E-04, 4.28586E-05, 4.80641E-05, 1.03037E-05, 1.33832E-06, 1.13101E-06, 7.45541E-07, 2.22885E-03
49, 1.14159E-04, 4.27397E-05, 4.96999E-05, 1.00589E-05, 1.32627E-06, 1.12345E-06, 7.40068E-07, 2.17477E-03
50, 1.15613E-04, 4.29001E-05, 5.10868E-05, 9.76427E-06, 1.31474E-06, 1.11580E-06, 7.34389E-07, 2.10981E-03
51, 1.19710E-04, 4.29976E-05, 5.22109E-05, 9.41751E-06, 1.30374E-06, 1.10799E-06, 7.28986E-07, 2.03353E-03
52, 1.24137E-04, 4.30101E-05, 5.30608E-05, 9.33583E-06, 1.29331E-06, 1.10037E-06, 7.23737E-07, 2.01442E-03
53, 1.27958E-04, 4.49865E-05, 5.36279E-05, 9.37358E-06, 1.28309E-06, 1.09308E-06, 7.18404E-07, 2.02095E-03
54, 1.31144E-04, 4.69322E-05, 5.39060E-05, 9.57999E-06, 1.27272E-06, 1.08606E-06, 7.13365E-07, 2.06366E-03
55, 1.33672E-04, 4.88388E-05, 5.38920E-05, 9.72893E-06, 1.26174E-06, 1.07898E-06, 7.08120E-07, 2.09378E-03
56, 1.35525E-04, 5.06979E-05, 5.35852E-05, 9.81996E-06, 1.25109E-06, 1.07170E-06, 7.02994E-07, 2.11125E-03
57, 1.36692E-04, 5.25010E-05, 5.29879E-05, 9.85321E-06, 1.24003E-06, 1.06447E-06, 6.97959E-07, 2.11614E-03
58, 1.37170E-04, 5.42393E-05, 5.21048E-05, 9.82942E-06, 1.22932E-06, 1.05715E-06, 6.92822E-07, 2.10865E-03
59, 1.36959E-04, 5.59038E-05, 5.32192E-05, 9.90329E-06, 1.21807E-06, 1.05013E-06, 6.87522E-07, 2.12195E-03
60, 1.39445E-04, 5.74853E-05, 5.57101E-05, 1.03227E-05, 1.20738E-06, 1.04295E-06, 6.82062E-07, 2.20903E-03
61, 1.42537E-04, 5.89746E-05, 5.79222E-05, 1.06924E-05, 1.19745E-06, 1.03563E-06, 6.76477E-07, 2.28514E-03
62, 1.44935E-04, 6.03626E-05, 5.98365E-05, 1.10098E-05, 1.18781E-06, 1.02815E-06, 6.71270E-07, 2.34970E-03
63, 1.46620E-04, 6.16399E-05, 6.14365E-05, 1.12723E-05, 1.17823E-06, 1.02043E-06, 6.66598E-07, 2.40224E-03
64, 1.47584E-04, 6.27974E-05, 6.27087E-05, 1.14782E-05, 1.16818E-06, 1.01303E-06, 6.62500E-07, 2.44243E-03
65, 1.47822E-04, 6.38259E-05, 6.36424E-05, 1.16261E-05, 1.15793E-06, 1.00594E-06, 6.58686E-07, 2.47003E-03
66, 1.47337E-04, 6.47165E-05, 6.42299E-05, 1.17152E-05, 1.14817E-06, 9.99005E-07, 6.54714E-07, 2.48492E-03
67, 1.46140E-04, 6.54606E-05, 6.44666E-05, 1.17453E-05, 1.13795E-06, 9.92430E-07, 6.50784E-07, 2.48711E-03
68, 1.44246E-04, 6.60500E-05, 6.43507E-05, 1.17165E-05, 1.12722E-06, 9.86161E-07, 6.46996E-07, 2.47668E-03
69, 1.41677E-04, 6.64770E-05, 6.38834E-05, 1.16295E-05, 1.11635E-06, 9.80259E-07, 6.43301E-07, 2.45387E-03
70, 1.39467E-04, 6.67344E-05, 6.30688E-05, 1.16011E-05, 1.10567E-06, 9.74298E-07, 6.39524E-07, 2.44333E-03
71, 1.39492E-04, 6.68164E-05, 6.19138E-05, 1.15071E-05, 1.09492E-06, 9.68376E-07, 6.35700E-07, 2.41890E-03
72, 1.38794E-04, 6.67204E-05, 6.04280E-05, 1.13479E-05, 1.08431E-06, 9.62735E-07, 6.31913E-07, 2.38074E-03
73, 1.37378E-04, 6.64381E-05, 5.86233E-05, 1.11260E-05, 1.07359E-06, 9.57336E-07, 6.27905E-07, 2.32947E-03
74, 1.35253E-04, 6.59653E-05, 5.65141E-05, 1.08445E-05, 1.06254E-06, 9.51934E-07, 6.23671E-07, 2.26580E-03
75, 1.37374E-04, 6.52993E-05, 5.41171E-05, 1.05066E-05, 1.05228E-06, 9.46946E-07, 6.19421E-07, 2.19053E-03
76, 1.40436E-04, 6.44383E-05, 5.14507E-05, 1.01162E-05, 1.04184E-06, 9.41825E-07, 6.15062E-07, 2.10453E-03
77, 1.42943E-04, 6.33816E-05, 4.85352E-05, 9.78119E-06, 1.03166E-06, 9.36466E-07, 6.10667E-07, 2.03029E-03
78, 1.44874E-04, 6.21301E-05, 5.03070E-05, 1.02521E-05, 1.02161E-06, 9.30877E-07, 6.06688E-07, 2.12319E-03
79, 1.46211E-04, 6.06857E-05, 5.21300E-05, 1.06614E-05, 1.01124E-06, 9.25444E-07, 6.03090E-07, 2.20279E-03
80, 1.46943E-04, 5.90517E-05, 5.36914E-05, 1.10081E-05, 1.00101E-06, 9.20200E-07, 5.99361E-07, 2.26900E-03
81, 1.47060E-04, 5.72325E-05, 5.49815E-05, 1.12920E-05, 9.91027E-07, 9.15029E-07, 5.95584E-07, 2.32186E-03
82, 1.46562E-04, 5.52341E-05, 5.59956E-05, 1.15135E-05, 9.81111E-07, 9.10473E-07, 5.91850E-07, 2.36154E-03
83, 1.45449E-04, 5.30634E-05, 5.67313E-05, 1.16734E-05, 9.71789E-07, 9.06240E-07, 5.88160E-07, 2.38829E-03
84, 1.43727E-04, 5.07287E-05, 5.71882E-05, 1.17731E-05, 9.62568E-07, 9.01809E-07, 5.84431E-07, 2.40250E-03
85, 1.41408E-04, 4.82393E-05, 5.73681E-05, 1.18145E-05, 9.54023E-07, 8.97143E-07, 5.80715E-07, 2.40463E-03
86, 1.41397E-04, 4.56054E-05, 5.72751E-05, 1.17997E-05, 9.45300E-07, 8.92306E-07, 5.77160E-07, 2.39522E-03
87, 1.40795E-04, 4.36313E-05, 5.69149E-05, 1.17312E-05, 9.36711E-07, 8.87535E-07, 5.73778E-07, 2.37487E-03
88, 1.39462E-04, 4.45509E-05, 5.62951E-05, 1.16119E-05, 9.27989E-07, 8.82931E-07, 5.70630E-07, 2.34425E-03
89, 1.37426E-04, 4.53271E-05, 5.54251E-05, 1.14448E-05, 9.19233E-07, 8.78397E-07, 5.67354E-07, 2.30405E-03
90, 1.36580E-04, 4.59561E-05, 5.43158E-05, 1.12330E-05, 9.10448E-07, 8.73729E-07, 5.64272E-07, 2.25501E-03
91, 1.41087E-04, 4.64349E-05, 5.29796E-05, 1.09800E-05, 9.01604E-07, 8.69243E-07, 5.61762E-07, 2.19786E-03
92, 1.44922E-04, 4.67613E-05, 5.14299E-05, 1.06891E-05, 8.93848E-07, 8.64595E-07, 5.59079E-07, 2.13336E-03
93, 1.48070E-04, 4.69344E-05, 4.96816E-05, 1.03636E-05, 8.86155E-07, 8.59943E-07, 5.56273E-07, 2.06226E-03
94, 1.50524E-04, 4.69539E-05, 4.77502E-05, 1.00070E-05, 8.78433E-07, 8.55313E-07, 5.53296E-07, 1.98531E-03
95, 1.52281E-04, 4.68204E-05, 4.56522E-05, 9.62273E-06, 8.72300E-07, 8.50832E-07, 5.50413E-07, 1.90324E-03
96, 1.53342E-04, 4.65354E-05, 4.34047E-05, 9.21397E-06, 8.66011E-07, 8.46516E-07, 5.47463E-07, 1.81675E-03
97, 1.53714E-04, 4.61014E-05, 4.10252E-05, 8.78396E-06, 8.59565E-07, 8.42004E-07, 5.44388E-07, 1.72652E-03
98, 1.53405E-04, 4.55214E-05, 3.85315E-05, 8.33577E-06, 8.52943E-07, 8.37260E-07, 5.41202E-07, 1.63321E-03
99, 1.52432E-04, 4.48011E-05, 3.59417E-05, 7.87239E-06, 8.46349E-07, 8.32548E-07, 5.38170E-07, 1.53744E-03
100, 1.50810E-04, 4.39456E-05, 3.32739E-05, 7.39663E-06, 8.40466E-07, 8.27962E-07, 5.35175E-07, 1.43981E-03
101, 1.48562E-04, 4.29579E-05, 3.32850E-05, 6.91122E-06, 8.34295E-07, 8.24024E-07, 5.32274E-07, 1.34086E-03
102, 1.45714E-04, 4.18440E-05, 3.49196E-05, 6.41871E-06, 8.28042E-07, 8.20041E-07, 5.29542E-07, 1.24113E-03
103, 1.42291E-04, 4.06104E-05, 3.63051E-05, 5.92153E-06, 8.21837E-07, 8.15978E-07, 5.26762E-07, 1.14110E-03
104, 1.38327E-04, 3.92640E-05, 3.74406E-05, 5.96411E-06, 8.16169E-07, 8.12276E-07, 5.23939E-07, 1.14535E-03
105, 1.33853E-04, 3.78125E-05, 3.83269E-05, 6.22020E-06, 8.10807E-07, 8.08399E-07, 5.21100E-07, 1.19036E-03
106, 1.28905E-04, 3.62635E-05, 3.89666E-05, 6.44069E-06, 8.05654E-07, 8.04372E-07, 5.18214E-07, 1.22821E-03
107, 1.23522E-04, 3.46255E-05, 3.93638E-05, 6.62566E-06, 8.00673E-07, 8.00405E-07, 5.15334E-07, 1.25896E-03
108, 1.17741E-04, 3.29069E-05, 3.95243E-05, 6.77536E-06, 7.96906E-07, 7.96326E-07, 5.12392E-07, 1.28275E-03
109, 1.11605E-04, 3.24574E-05, 3.94553E-05, 6.89027E-06, 7.93118E-07, 7.92164E-07, 5.09382E-07, 1.29973E-03
110, 1.05154E-04, 3.23095E-05, 3.91653E-05, 6.97104E-06, 7.89123E-07, 7.87943E-07, 5.06402E-07, 1.31010E-03
111, 9.84317E-05, 3.20832E-05, 3.86639E-05, 7.01849E-06, 7.85292E-07, 7.83514E-07, 5.03458E-07, 1.31408E-03
112, 9.14801E-05, 3.23688E-05, 3.79622E-05, 7.03364E-06, 7.82428E-07, 7.79092E-07, 5.00681E-07, 1.31193E-03
113, 9.04176E-05, 3.37461E-05, 3.70720E-05, 7.01763E-06, 7.79538E-07, 7.74798E-07, 4.98430E-07, 1.30394E-03
114, 8.98645E-05, 3.55466E-05, 3.60060E-05, 6.97179E-06, 7.76543E-07, 7.70733E-07, 4.96461E-07, 1.29042E-03
115, 8.89220E-05, 3.72084E-05, 3.47780E-05, 6.89756E-06, 7.73490E-07, 7.66863E-07, 4.94388E-07, 1.27170E-03
116, 8.76050E-05, 3.87308E-05, 3.34019E-05, 6.79652E-06, 7.70341E-07, 7.63021E-07, 4.92333E-07, 1.24813E-03
117, 8.59306E-05, 4.01139E-05, 3.38197E-05, 6.67035E-06, 7.66962E-07, 7.59090E-07, 4.90335E-07, 1.22008E-03
118, 8.39175E-05, 4.13585E-05, 3.42659E-05, 6.52084E-06, 7.63369E-07, 7.55116E-07, 4.88285E-07, 1.18795E-03
119, 8.15863E-05, 4.24656E-05, 3.45119E-05, 6.34985E-06, 7.59819E-07, 7.51115E-07, 4.86313E-07, 1.15211E-03
120, 7.89589E-05, 4.34370E-05, 3.45623E-05, 6.15931E-06, 7.56211E-07, 7.47055E-07, 4.84355E-07, 1.11298E-03
121, 7.60586E-05, 4.42750E-05, 3.44233E-05, 5.95120E-06, 7.52431E-07, 7.43119E-07, 4.82379E-07, 1.07095E-03
122, 7.71199E-05, 4.49823E-05, 3.41019E-05, 5.72755E-06, 7.48770E-07, 7.39111E-07, 4.80429E-07, 1.02644E-03
123, 7.93154E-05, 4.55617E-05, 3.36065E-05, 5.49038E-06, 7.45502E-07, 7.35143E-07, 4.78491E-07, 9.79829E-04
124, 8.11428E-05, 4.60169E-05, 3.29463E-05, 5.24174E-06, 7.42131E-07, 7.31195E-07, 4.76521E-07, 9.31529E-04
125, 8.26095E-05, 4.63515E-05, 3.21313E-05, 4.98366E-06, 7.38958E-07, 7.27189E-07, 4.74595E-07, 8.81923E-04
126, 8.37245E-05, 4.65697E-05, 3.11725E-05, 4.97255E-06, 7.36413E-07, 7.23475E-07, 4.72663E-07, 8.76221E-04
127, 8.44983E-05, 4.66756E-05, 3.00813E-05, 4.99727E-06, 7.33926E-07, 7.19840E-07, 4.70812E-07, 8.76821E-04
128, 8.49429E-05, 4.66742E-05, 2.88697E-05, 5.01794E-06, 7.31408E-07, 7.16110E-07, 4.68971E-07, 8.76675E-04
129, 8.50714E-05, 4.65704E-05, 2.75503E-05, 5.03449E-06, 7.28802E-07, 7.12299E-07, 4.67126E-07, 8.75782E-04
130, 8.48982E-05, 4.63688E-05, 2.61357E-05, 5.04687E-06, 7.26228E-07, 7.08527E-07, 4.65341E-07, 8.74146E-04
131, 8.44387E-05, 4.60741E-05, 2.46389E-05, 5.05503E-06, 7.23504E-07, 7.04708E-07, 4.63515E-07, 8.71771E-04
132, 8.37092E-05, 4.56917E-05, 2.30730E-05, 5.05895E-06, 7.20678E-07, 7.00884E-07, 4.61647E-07, 8.68661E-04
133, 8.27266E-05, 4.52267E-05, 2.27495E-05, 5.05858E-06, 7.17746E-07, 6.97168E-07, 4.59753E-07, 8.64822E-04
134, 8.15085E-05, 4.46845E-05, 2.33639E-05, 5.05390E-06, 7.14814E-07, 6.93434E-07, 4.57906E-07, 8.60262E-04
135, 8.00731E-05, 4.40702E-05, 2.38509E-05, 5.04489E-06, 7.11934E-07, 6.89629E-07, 4.56349E-07, 8.54989E-04
136, 7.84393E-05, 4.33892E-05, 2.42123E-05, 5.04917E-06, 7.09062E-07, 6.85835E-07, 4.54756E-07, 8.51988E-04
137, 7.66261E-05, 4.26468E-05, 2.44514E-05, 5.07608E-06, 7.06205E-07, 6.82050E-07, 4.53131E-07, 8.52800E-04
138, 7.46512E-05, 4.18482E-05, 2.45715E-05, 5.10122E-06, 7.03369E-07, 6.78205E-07, 4.51543E-07, 8.53295E-04
139, 7.25333E-05, 4.09985E-05, 2.45764E-05, 5.12979E-06, 7.00776E-07, 6.74411E-07, 4.49947E-07, 8.54348E-04
140, 7.02910E-05, 4.01028E-05, 2.44707E-05, 5.15490E-06, 6.98383E-07, 6.70588E-07, 4.48397E-07, 8.54809E-04
141, 6.79426E-05, 3.91661E-05, 2.42596E-05, 5.17550E-06, 6.96053E-07, 6.66791E-07, 4.46868E-07, 8.54515E-04
142, 6.55061E-05, 3.81932E-05, 2.39489E-05, 5.19151E-06, 6.93786E-07, 6.63098E-07, 4.45301E-07, 8.53466E-04
143, 6.29989E-05, 3.71888E-05, 2.35447E-05, 5.20801E-06, 6.91621E-07, 6.59562E-07, 4.43748E-07, 8.52502E-04
144, 6.04380E-05, 3.61575E-05, 2.30536E-05, 5.22749E-06, 6.89461E-07, 6.56082E-07, 4.42278E-07, 8.52035E-04
145, 5.78397E-05, 3.51037E-05, 2.24824E-05, 5.24531E-06, 6.87287E-07, 6.52626E-07, 4.40838E-07, 8.51303E-04
146, 5.52195E-05, 3.40314E-05, 2.18382E-05, 5.26146E-06, 6.85155E-07, 6.49160E-07, 4.39429E-07, 8.50314E-04
147, 5.34548E-05, 3.29449E-05, 2.11282E-05, 5.27597E-06, 6.82973E-07, 6.45696E-07, 4.38115E-07, 8.49074E-04
148, 5.22764E-05, 3.18478E-05, 2.03598E-05, 5.28883E-06, 6.80980E-07, 6.42216E-07, 4.36919E-07, 8.47589E-04
149, 5.09041E-05, 3.07439E-05, 1.95406E-05, 5.32883E-06, 6.79136E-07, 6.38758E-07, 4.35731E-07, 8.50459E-04
150, 4.93585E-05, 2.96364E-05, 1.86778E-05, 5.36995E-06, 6.77282E-07, 6.35335E-07, 4.34520E-07, 8.53497E-04
151, 4.76599E-05, 2.85287E-05, 1.77790E-05, 5.40929E-06, 6.75419E-07, 6.32024E-07, 4.33477E-07, 8.56243E-04
152, 4.58289E-05, 2.74237E-05, 1.68515E-05, 5.44683E-06, 6.73669E-07, 6.28744E-07, 4.32404E-07, 8.58701E-04
153, 4.38859E-05, 2.63241E-05, 1.59025E-05, 5.48256E-06, 6.72020E-07, 6.25543E-07, 4.31291E-07, 8.60873E-04
154, 4.18508E-05, 2.52326E-05, 1.49390E-05, 5.51647E-06, 6.70365E-07, 6.22366E-07, 4.30171E-07, 8.62764E-04
155, 3.97432E-05, 2.41514E-05, 1.39676E-05, 5.54854E-06, 6.68672E-07, 6.19199E-07, 4.29007E-07, 8.64378E-04
156, 3.75821E-05, 2.30826E-05, 1.29950E-05, 5.57876E-06, 6.67130E-07, 6.16094E-07, 4.27900E-07, 8.65718E-04
157, 3.53858E-05, 2.20282E-05, 1.20272E-05, 5.60713E-06, 6.65739E-07, 6.13052E-07, 4.26791E-07, 8.66787E-04
158, 3.31717E-05, 2.09899E-05, 1.10702E-05, 5.63364E-06, 6.64354E-07, 6.10001E-07, 4.25631E-07, 8.67591E-04
159, 3.21343E-05, 1.99693E-05, 1.01293E-05, 5.65829E-06, 6.62925E-07, 6.06911E-07, 4.24488E-07, 8.68132E-04
160, 3.15615E-05, 1.89675E-05, 9.20967E-06, 5.68106E-06, 6.61535E-07, 6.03832E-07, 4.23377E-07, 8.68417E-04
161, 3.08179E-05, 1.79858E-05, 8.36505E-06, 5.70197E-06, 6.60140E-07, 6.00706E-07, 4.22253E-07, 8.68447E-04
162, 2.99155E-05, 1.70251E-05, 8.26974E-06, 5.73193E-06, 6.58723E-07, 5.97655E-07, 4.21126E-07, 8.69887E-04
163, 2.88673E-05, 1.60863E-05, 8.10555E-06, 5.76636E-06, 6.57316E-07, 5.94753E-07, 4.20021E-07, 8.72028E-04
164, 2.76865E-05, 1.51700E-05, 7.87752E-06, 5.79851E-06, 6.56090E-07, 5.91928E-07, 4.18956E-07, 8.73849E-04
165, 2.63868E-05, 1.42767E-05, 7.59092E-06, 5.82840E-06, 6.54992E-07, 5.89110E-07, 4.17979E-07, 8.75356E-04
166, 2.49820E-05, 1.34067E-05, 7.25117E-06, 5.85604E-06, 6.53898E-07, 5.86281E-07, 4.17051E-07, 8.76555E-04
167, 2.34861E-05, 1.25604E-05, 6.86385E-06, 5.88143E-06, 6.52799E-07, 5.83470E-07, 4.16097E-07, 8.77453E-04
168, 2.20855E-05, 1.17379E-05, 6.77052E-06, 5.90459E-06, 6.51644E-07, 5.80683E-07, 4.15110E-07, 8.78055E-04
169, 2.24783E-05, 1.09393E-05, 7.06668E-06, 5.92553E-06, 6.50443E-07, 5.77890E-07, 4.14068E-07, 8.78367E-04
170, 2.27518E-05, 1.01644E-05, 7.31646E-06, 5.94427E-06, 6.49242E-07, 5.75109E-07, 4.13018E-07, 8.78396E-04
171, 2.29085E-05, 9.78385E-06, 7.51923E-06, 5.96084E-06, 6.48012E-07, 5.72366E-07, 4.11965E-07, 8.78147E-04
172, 2.29511E-05, 9.50413E-06, 7.67468E-06, 5.97524E-06, 6.46760E-07, 5.69621E-07, 4.11005E-07, 8.77627E-04
173, 2.28827E-05, 9.41092E-06, 7.78290E-06, 5.98750E-06, 6.45562E-07, 5.66901E-07, 4.10032E-07, 8.76841E-04
174, 2.27076E-05, 9.32636E-06, 7.84429E-06, 5.99765E-06, 6.44413E-07, 5.64257E-07, 4.09066E-07, 8.75796E-04
175, 2.24305E-05, 9.23934E-06, 7.85962E-06, 6.03079E-06, 6.43395E-07, 5.61687E-07, 4.08123E-07, 8.78152E-04
176, 2.20567E-05, 9.24207E-06, 7.82995E-06, 6.07124E-06, 6.42364E-07, 5.59085E-07, 4.07186E-07, 8.81599E-04
177, 2.15920E-05, 9.23411E-06, 7.75661E-06, 6.10921E-06, 6.41326E-07, 5.56479E-07, 4.06267E-07, 8.84716E-04
178, 2.10427E-05, 9.21566E-06, 7.64122E-06, 6.14472E-06, 6.40325E-07, 5.53915E-07, 4.05416E-07, 8.87505E-04
179, 2.04154E-05, 9.18690E-06, 7.48564E-06, 6.17775E-06, 6.39311E-07, 5.51384E-07, 4.04597E-07, 8.89970E-04
180, 1.97170E-05, 9.14806E-06, 7.29195E-06, 6.20832E-06, 6.38375E-07, 5.48911E-07, 4.03773E-07, 8.92113E-04
181, 1.89545E-05, 9.09934E-06, 7.06242E-06, 6.23643E-06, 6.37453E-07, 5.46505E-07, 4.03014E-07, 8.93939E-04
182, 1.81353E-05, 9.04099E-06, 6.79949E-06, 6.26209E-06, 6.36747E-07, 5.44122E-07, 4.02233E-07, 8.95451E-04
183, 1.72667E-05, 8.97324E-06, 6.50575E-06, 6.28530E-06, 6.36065E-07, 5.41741E-07, 4.01432E-07, 8.96653E-04
184, 1.63563E-05, 8.89633E-06, 6.18390E-06, 6.30609E-06, 6.35447E-07, 5.39376E-07, 4.00601E-07, 8.97548E-04
185, 1.57832E-05, 8.87957E-06, 5.83673E-06, 6.32447E-06, 6.34878E-07, 5.37067E-07, 3.99776E-07, 8.98142E-04
186, 1.52524E-05, 8.88197E-06, 5.46710E-06, 6.34045E-06, 6.34288E-07, 5.34809E-07, 3.99019E-07, 8.98437E-04
187, 1.46457E-05, 8.87512E-06, 5.07793E-06, 6.35405E-06, 6.33698E-07, 5.32537E-07, 3.98305E-07, 8.98439E-04
188, 1.39708E-05, 8.85916E-06, 4.84150E-06, 6.36530E-06, 6.33225E-07, 5.30298E-07, 3.97591E-07, 8.98152E-04
189, 1.32354E-05, 8.83422E-06, 4.79920E-06, 6.37421E-06, 6.32801E-07, 5.28169E-07, 3.96893E-07, 8.97579E-04
190, 1.24474E-05, 8.80046E-06, 4.74205E-06, 6.38082E-06, 6.32353E-07, 5.26021E-07, 3.96170E-07, 8.96727E-04
191, 1.16148E-05, 8.75803E-06, 4.67133E-06, 6.38513E-06, 6.31894E-07, 5.23903E-07, 3.95405E-07, 8.95599E-04
192, 1.13684E-05, 8.70709E-06, 4.58832E-06, 6.38718E-06, 6.31372E-07, 5.21781E-07, 3.94624E-07, 8.94200E-04
193, 1.11506E-05, 8.64781E-06, 4.54079E-06, 6.38701E-06, 6.30834E-07, 5.19714E-07, 3.93830E-07, 8.92536E-04
194, 1.08936E-05, 8.58037E-06, 4.53736E-06, 6.41474E-06, 6.30319E-07, 5.17640E-07, 3.93041E-07, 8.94812E-04
195, 1.06001E-05, 8.57228E-06, 4.53413E-06, 6.44499E-06, 6.29833E-07, 5.15540E-07, 3.92314E-07, 8.97471E-04
196, 1.04853E-05, 8.58455E-06, 4.53383E-06, 6.47256E-06, 6.29340E-07, 5.13438E-07, 3.91602E-07, 8.99790E-04
197, 1.04846E-05, 8.58833E-06, 4.53225E-06, 6.49747E-06, 6.28832E-07, 5.11328E-07, 3.90860E-07, 9.01772E-04
198, 1.04088E-05, 8.58370E-06, 4.52947E-06, 6.51973E-06, 6.28284E-07, 5.09230E-07, 3.90151E-07, 9.03421E-04
199, 1.02628E-05, 8.57073E-06, 4.52554E-06, 6.53934E-06, 6.27662E-07, 5.07198E-07, 3.89476E-07, 9.04741E-04
200, 1.00517E-05, 8.54951E-06, 4.52053E-06, 6.55634E-06, 6.27020E-07, 5.05216E-07, 3.88788E-07, 9.05736E-04
201, 9.78078E-06, 8.52013E-06, 4.62628E-06, 6.57073E-06, 6.26374E-07, 5.03243E-07, 3.88070E-07, 9.06411E-04
202, 9.45549E-06, 8.48271E-06, 4.72743E-06, 6.58253E-06, 6.25787E-07, 5.01283E-07, 3.87336E-07, 9.06771E-04
203, 9.08142E-06, 8.43735E-06, 4.80481E-06, 6.59177E-06, 6.25266E-07, 4.99375E-07, 3.86608E-07, 9.06821E-04
204, 9.21935E-06, 8.38417E-06, 4.85917E-06, 6.59848E-06, 6.24784E-07, 4.97493E-07, 3.85905E-07, 9.06567E-04
205, 9.56656E-06, 8.32330E-06, 4.89140E-06, 6.60267E-06, 6.24361E-07, 4.95742E-07, 3.85196E-07, 9.06013E-04
206, 9.89854E-06, 8.25487E-06, 4.90244E-06, 6.60437E-06, 6.23904E-07, 4.94052E-07, 3.84460E-07, 9.05167E-04
207, 1.02129E-05, 8.26341E-06, 4.89337E-06, 6.60362E-06, 6.23392E-07, 4.92398E-07, 3.83729E-07, 9.04035E-04
208, 1.05077E-05, 8.27534E-06, 4.86529E-06, 6.60045E-06, 6.22855E-07, 4.90748E-07, 3.83023E-07, 9.02623E-04
209, 1.07809E-05, 8.27923E-06, 4.81941E-06, 6.59488E-06, 6.22321E-07, 4.89089E-07, 3.82323E-07, 9.00937E-04
210, 1.10310E-05, 8.27509E-06, 4.75696E-06, 6.58695E-06, 6.21761E-07, 4.87409E-07, 3.81650E-07, 8.98986E-04
211, 1.12566E-05, 8.26296E-06, 4.67920E-06, 6.58006E-06, 6.21185E-07, 4.85685E-07, 3.80985E-07, 8.97236E-04
212, 1.14563E-05, 8.24288E-06, 4.58742E-06, 6.59192E-06, 6.20621E-07, 4.83938E-07, 3.80303E-07, 8.98099E-04
213, 1.16292E-05, 8.21490E-06, 4.48292E-06, 6.61205E-06, 6.20086E-07, 4.82187E-07, 3.79620E-07, 9.00147E-04
214, 1.17745E-05, 8.17907E-06, 4.41339E-06, 6.62935E-06, 6.19575E-07, 4.80430E-07, 3.78952E-07, 9.01868E-04
215, 1.18916E-05, 8.13548E-06, 4.51183E-06, 6.64383E-06, 6.19106E-07, 4.78676E-07, 3.78266E-07, 9.03269E-04
216, 1.19801E-05, 8.08420E-06, 4.62125E-06, 6.65552E-06, 6.18653E-07, 4.76944E-07, 3.77573E-07, 9.04356E-04
217, 1.20399E-05, 8.04234E-06, 4.71022E-06, 6.66444E-06, 6.18210E-07, 4.75234E-07, 3.76866E-07, 9.05137E-04
218, 1.23096E-05, 8.07634E-06, 4.77884E-06, 6.67061E-06, 6.17760E-07, 4.73571E-07, 3.76146E-07, 9.05618E-04
219, 1.27956E-05, 8.10243E-06, 4.82718E-06, 6.67407E-06, 6.17332E-07, 4.71899E-07, 3.75409E-07, 9.05809E-04
220, 1.32617E-05, 8.12056E-06, 4.85557E-06, 6.67551E-06, 6.16986E-07, 4.70220E-07, 3.74669E-07, 9.05805E-04
221, 1.37064E-05, 8.13070E-06, 4.86441E-06, 6.68836E-06, 6.16689E-07, 4.68561E-07, 3.73903E-07, 9.07435E-04
222, 1.41284E-05, 8.13279E-06, 4.85422E-06, 6.69827E-06, 6.16427E-07, 4.66915E-07, 3.73134E-07, 9.08753E-04
223, 1.45265E-05, 8.12684E-06, 4.82561E-06, 6.70529E-06, 6.16163E-07, 4.65272E-07, 3.72390E-07, 9.09772E-04
224, 1.48994E-05, 8.11282E-06, 4.77925E-06, 6.70947E-06, 6.15906E-07, 4.63590E-07, 3.71660E-07, 9.10500E-04
225, 1.52463E-05, 8.09074E-06, 4.71588E-06, 6.71085E-06, 6.15653E-07, 4.61875E-07, 3.70946E-07, 9.10948E-04
226, 1.55663E-05, 8.06063E-06, 4.63630E-06, 6.70950E-06, 6.15356E-07, 4.60133E-07, 3.70238E-07, 9.11128E-04
227, 1.58587E-05, 8.02251E-06, 4.54137E-06, 6.70546E-06, 6.15022E-07, 4.58406E-07, 3.69517E-07, 9.11049E-04
228, 1.61231E-05, 7.97645E-06, 4.43249E-06, 6.69878E-06, 6.14743E-07, 4.56722E-07, 3.68787E-07, 9.10721E-04
229, 1.63590E-05, 7.92249E-06, 4.43005E-06, 6.68952E-06, 6.14491E-07, 4.55038E-07, 3.68059E-07, 9.10155E-04
230, 1.65661E-05, 7.86071E-06, 4.48078E-06, 6.67774E-06, 6.14253E-07, 4.53344E-07, 3.67331E-07, 9.09359E-04
231, 1.67445E-05, 7.82735E-06, 4.59963E-06, 6.66348E-06, 6.14090E-07, 4.51686E-07, 3.66625E-07, 9.08345E-04
232, 1.68940E-05, 7.85574E-06, 4.70529E-06, 6.64681E-06, 6.13973E-07, 4.50020E-07, 3.65918E-07, 9.07120E-04
233, 1.70150E-05, 7.87611E-06, 4.79757E-06, 6.66309E-06, 6.13841E-07, 4.48348E-07, 3.65204E-07, 9.10519E-04
234, 1.71075E-05, 7.88837E-06, 4.87636E-06, 6.67669E-06, 6.13706E-07, 4.46695E-07, 3.64520E-07, 9.13688E-04
235, 1.71720E-05, 7.89246E-06, 4.94160E-06, 6.68713E-06, 6.13582E-07, 4.45057E-07, 3.63846E-07, 9.16562E-04
236, 1.72091E-05, 7.88831E-06, 4.99328E-06, 6.69448E-06, 6.13509E-07, 4.43418E-07, 3.63168E-07, 9.19152E-04
237, 1.72193E-05, 7.87590E-06, 5.03148E-06, 6.69877E-06, 6.13470E-07, 4.41779E-07, 3.62473E-07, 9.21464E-04
238, 1.72033E-05, 7.85520E-06, 5.05631E-06, 6.70006E-06, 6.13450E-07, 4.40119E-07, 3.61791E-07, 9.23506E-04
239, 1.71618E-05, 7.82620E-06, 5.06793E-06, 6.69842E-06, 6.13436E-07, 4.38443E-07, 3.61097E-07, 9.25286E-04
240, 1.70958E-05, 7.78892E-06, 5.06655E-06, 6.69390E-06, 6.13417E-07, 4.36786E-07, 3.60394E-07, 9.26810E-04
241, 1.70062E-05, 7.74339E-06, 5.05245E-06, 6.68655E-06, 6.13474E-07, 4.35174E-07, 3.59689E-07, 9.28086E-04
242, 1.68939E-05, 7.68965E-06, 5.02590E-06, 6.67645E-06, 6.13517E-07, 4.33562E-07, 3.58969E-07, 9.29117E-04
243, 1.67600E-05, 7.72569E-06, 4.98724E-06, 6.66365E-06, 6.13578E-07, 4.31912E-07, 3.58271E-07, 9.29911E-04
244, 1.66056E-05, 7.76196E-06, 4.93684E-06, 6.64821E-06, 6.13669E-07, 4.30264E-07, 3.57597E-07, 9.30472E-04
245, 1.64318E-05, 7.79012E-06, 4.87508E-06, 6.63020E-06, 6.13767E-07, 4.28617E-07, 3.56922E-07, 9.30805E-04
246, 1.62396E-05, 7.81004E-06, 4.80238E-06, 6.60968E-06, 6.13888E-07, 4.26971E-07, 3.56275E-07, 9.30912E-04
247, 1.60304E-05, 7.82162E-06, 4.71918E-06, 6.58672E-06, 6.14011E-07, 4.25345E-07, 3.55667E-07, 9.30797E-04
248, 1.58052E-05, 7.82478E-06, 4.62592E-06, 6.56138E-06, 6.14179E-07, 4.23738E-07, 3.55067E-07, 9.30464E-04
249, 1.55653E-05, 7.81942E-06, 4.70035E-06, 6.54154E-06, 6.14373E-07, 4.22140E-07, 3.54461E-07, 9.31025E-04
250, 1.53120E-05, 7.80552E-06, 4.77735E-06, 6.54594E-06, 6.14626E-07, 4.20526E-07, 3.53844E-07, 9.35164E-04
251, 1.50462E-05, 7.78303E-06, 4.84381E-06, 6.54723E-06, 6.14873E-07, 4.18902E-07, 3.53215E-07, 9.38993E-04
252, 1.47691E-05, 7.75194E-06, 4.89988E-06, 6.54547E-06, 6.15167E-07, 4.17314E-07, 3.52627E-07, 9.42513E-04
253, 1.44819E-05, 7.71225E-06, 4.94574E-06, 6.54072E-06, 6.15463E-07, 4.15751E-07, 3.52050E-07, 9.45724E-04
254, 1.41856E-05, 7.66401E-06, 4.98158E-06, 6.53305E-06, 6.15801E-07, 4.14201E-07, 3.51471E-07, 9.48625E-04
255, 1.38814E-05, 7.65139E-06, 5.00766E-06, 6.52253E-06, 6.16152E-07, 4.12641E-07, 3.50903E-07, 9.51217E-04
256, 1.35702E-05, 7.70307E-06, 5.02424E-06, 6.50921E-06, 6.16540E-07, 4.11075E-07, 3.50323E-07, 9.53498E-04
257, 1.32531E-05, 7.74934E-06, 5.03163E-06, 6.49318E-06, 6.16911E-07, 4.09494E-07, 3.49728E-07, 9.55468E-04
258, 1.29311E-05, 7.84766E-06, 5.03014E-06, 6.47451E-06, 6.17264E-07, 4.07905E-07, 3.49126E-07, 9.57125E-04
259, 1.26049E-05, 7.97355E-06, 5.02012E-06, 6.45325E-06, 6.17613E-07, 4.06324E-07, 3.48514E-07, 9.58467E-04
260, 1.22756E-05, 8.09831E-06, 5.00192E-06, 6.42949E-06, 6.17976E-07, 4.04789E-07, 3.47890E-07, 9.59494E-04
261, 1.19440E-05, 8.22187E-06, 4.97592E-06, 6.40329E-06, 6.18360E-07, 4.03274E-07, 3.47248E-07, 9.60203E-04
262, 1.16108E-05, 8.34413E-06, 4.94250E-06, 6.37473E-06, 6.18714E-07, 4.01761E-07, 3.46588E-07, 9.60594E-04
263, 1.12767E-05, 8.46499E-06, 4.90277E-06, 6.34387E-06, 6.19059E-07, 4.00265E-07, 3.45925E-07, 9.60663E-04
264, 1.09425E-05, 8.58433E-06, 4.91994E-06, 6.31079E-06, 6.19370E-07, 3.98791E-07, 3.45228E-07, 9.60411E-04
265, 1.06087E-05, 8.70203E-06, 4.93633E-06, 6.27556E-06, 6.19664E-07, 3.97332E-07, 3.44552E-07, 9.59835E-04
266, 1.02760E-05, 8.81798E-06, 4.95196E-06, 6.23863E-06, 6.19982E-07, 3.95858E-07, 3.43892E-07, 9.58993E-04
267, 9.94480E-06, 8.93205E-06, 4.96684E-06, 6.23171E-06, 6.20316E-07, 3.94374E-07, 3.43239E-07, 9.62774E-04
268, 9.61565E-06, 9.04409E-06, 4.98964E-06, 6.22193E-06, 6.20631E-07, 3.92884E-07, 3.42583E-07, 9.66138E-04
269, 9.28896E-06, 9.15398E-06, 5.03266E-06, 6.20936E-06, 6.20955E-07, 3.91402E-07, 3.41923E-07, 9.69082E-04
270, 8.96512E-06, 9.26157E-06, 5.07482E-06, 6.19407E-06, 6.21311E-07, 3.89911E-07, 3.41245E-07, 9.71605E-04
271, 8.64447E-06, 9.36670E-06, 5.11614E-06, 6.17613E-06, 6.21694E-07, 3.88420E-07, 3.40562E-07, 9.73707E-04
272, 8.32730E-06, 9.46923E-06, 5.15661E-06, 6.15562E-06, 6.22112E-07, 3.86916E-07, 3.39867E-07, 9.75387E-04
273, 8.16657E-06, 9.56899E-06, 5.19625E-06, 6.13260E-06, 6.22581E-07, 3.85414E-07, 3.39174E-07, 9.76646E-04
274, 8.18387E-06, 9.66582E-06, 5.23506E-06, 6.10716E-06, 6.23075E-07, 3.83932E-07, 3.38471E-07, 9.77485E-04
275, 8.19886E-06, 9.75957E-06, 5.27305E-06, 6.07935E-06, 6.23629E-07, 3.82467E-07, 3.37766E-07, 9.77904E-04
276, 8.21162E-06, 9.85006E-06, 5.31023E-06, 6.04926E-06, 6.24231E-07, 3.81033E-07, 3.37080E-07, 9.77906E-04
277, 8.22224E-06, 9.93712E-06, 5.34660E-06, 6.01695E-06, 6.24846E-07, 3.79604E-07, 3.36385E-07, 9.77494E-04
278, 8.23080E-06, 1.00206E-05, 5.38218E-06, 5.98250E-06, 6.25473E-07, 3.78179E-07, 3.35668E-07, 9.76670E-04
279, 8.23737E-06, 1.01003E-05, 5.41696E-06, 5.94598E-06, 6.26056E-07, 3.76757E-07, 3.34943E-07, 9.75439E-04
280, 8.24204E-06, 1.01761E-05, 5.45097E-06, 5.90746E-06, 6.26622E-07, 3.75325E-07, 3.34235E-07, 9.73803E-04
281, 8.26305E-06, 1.02477E-05, 5.48420E-06, 5.86701E-06, 6.27190E-07, 3.73886E-07, 3.33512E-07, 9.71769E-04
282, 8.28515E-06, 1.03151E-05, 5.51667E-06, 5.82470E-06, 6.27794E-07, 3.72440E-07, 3.32783E-07, 9.69340E-04
283, 8.30470E-06, 1.03780E-05, 5.54838E-06, 5.78059E-06, 6.28444E-07, 3.70992E-07, 3.32044E-07, 9.66523E-04
284, 8.32175E-06, 1.04363E-05, 5.57934E-06, 5.74067E-06, 6.29118E-07, 3.69537E-07, 3.31315E-07, 9.64317E-04
285, 8.33633E-06, 1.05035E-05, 5.60955E-06, 5.72262E-06, 6.29801E-07, 3.68112E-07, 3.30571E-07, 9.65712E-04
286, 8.34849E-06, 1.05772E-05, 5.63903E-06, 5.70212E-06, 6.30481E-07, 3.66672E-07, 3.29814E-07, 9.66639E-04
287, 8.35827E-06, 1.06465E-05, 5.66777E-06, 5.67925E-06, 6.31165E-07, 3.65240E-07, 3.29055E-07, 9.67103E-04
288, 8.36571E-06, 1.07112E-05, 5.69580E-06, 5.65407E-06, 6.31873E-07, 3.63792E-07, 3.28302E-07, 9.67109E-04
289, 8.53736E-06, 1.07711E-05, 5.72310E-06, 5.62665E-06, 6.32606E-07, 3.62335E-07, 3.27545E-07, 9.66663E-04
290, 8.76528E-06, 1.08261E-05, 5.74968E-06, 5.59707E-06, 6.33304E-07, 3.60889E-07, 3.26766E-07, 9.65774E-04
291, 8.99288E-06, 1.08761E-05, 5.79410E-06, 5.56539E-06, 6.34009E-07, 3.59488E-07, 3.25964E-07, 9.64446E-04
292, 9.21997E-06, 1.09209E-05, 5.84079E-06, 5.53168E-06, 6.34699E-07, 3.58133E-07, 3.25140E-07, 9.62689E-04
293, 9.44636E-06, 1.09604E-05, 5.88670E-06, 5.49600E-06, 6.35368E-07, 3.56819E-07, 3.24309E-07, 9.60509E-04
294, 9.67183E-06, 1.09944E-05, 5.93182E-06, 5.45844E-06, 6.36013E-07, 3.55511E-07, 3.23462E-07, 9.57916E-04
295, 9.89620E-06, 1.10229E-05, 6.00589E-06, 5.41904E-06, 6.36641E-07, 3.54206E-07, 3.22590E-07, 9.54916E-04
296, 1.01193E-05, 1.10457E-05, 6.08140E-06, 5.37789E-06, 6.37257E-07, 3.52885E-07, 3.21711E-07, 9.51518E-04
297, 1.03409E-05, 1.10628E-05, 6.15598E-06, 5.33504E-06, 6.37875E-07, 3.51570E-07, 3.20838E-07, 9.47732E-04
298, 1.05608E-05, 1.10740E-05, 6.22960E-06, 5.29056E-06, 6.38456E-07, 3.50260E-07, 3.19950E-07, 9.43565E-04
299, 1.07790E-05, 1.10792E-05, 6.30225E-06, 5.24451E-06, 6.39047E-07, 3.48933E-07, 3.19057E-07, 9.39026E-04
300, 1.09951E-05, 1.10785E-05, 6.37390E-06, 5.19696E-06, 6.39620E-07, 3.47612E-07, 3.18151E-07, 9.34125E-04
301, 1.12090E-05, 1.10717E-05, 6.44454E-06, 5.14797E-06, 6.40177E-07, 3.46299E-07, 3.17246E-07, 9.28870E-04
302, 1.14206E-05, 1.10588E-05, 6.51415E-06, 5.09759E-06, 6.40704E-07, 3.44995E-07, 3.16340E-07, 9.23271E-04
303, 1.16297E-05, 1.10398E-05, 6.58272E-06, 5.06285E-06, 6.41226E-07, 3.43675E-07, 3.15433E-07, 9.20417E-04
304, 1.18361E-05, 1.10145E-05, 6.65021E-06, 5.03584E-06, 6.41730E-07, 3.42345E-07, 3.14523E-07, 9.18902E-04
305, 1.20397E-05, 1.09912E-05, 6.71663E-06, 5.00689E-06, 6.42192E-07, 3.41045E-07, 3.13606E-07, 9.16969E-04
306, 1.22403E-05, 1.09891E-05, 6.78194E-06, 4.97605E-06, 6.42611E-07, 3.39734E-07, 3.12692E-07, 9.14625E-04
307, 1.24378E-05, 1.09815E-05, 6.84614E-06, 4.94339E-06, 6.43037E-07, 3.38416E-07, 3.11785E-07, 9.11880E-04
308, 1.26320E-05, 1.09684E-05, 6.90920E-06, 4.92144E-06, 6.43463E-07, 3.37099E-07, 3.10866E-07, 9.11048E-04
309, 1.28228E-05, 1.09498E-05, 6.97111E-06, 4.99051E-06, 6.43941E-07, 3.35805E-07, 3.09940E-07, 9.27071E-04
310, 1.30101E-05, 1.09256E-05, 7.03186E-06, 5.05897E-06, 6.44410E-07, 3.34494E-07, 3.09001E-07, 9.43046E-04
311, 1.31937E-05, 1.08958E-05, 7.09142E-06, 5.12677E-06, 6.44850E-07, 3.33166E-07, 3.08048E-07, 9.58960E-04
312, 1.33832E-05, 1.08606E-05, 7.14978E-06, 5.19384E-06, 6.45286E-07, 3.31845E-07, 3.07086E-07, 9.74798E-04
313, 1.36109E-05, 1.08198E-05, 7.20694E-06, 5.26012E-06, 6.45687E-07, 3.30512E-07, 3.06154E-07, 9.90547E-04
314, 1.38348E-05, 1.07736E-05, 7.26286E-06, 5.32555E-06, 6.46065E-07, 3.29192E-07, 3.05218E-07, 1.00619E-03
315, 1.40546E-05, 1.07219E-05, 7.31754E-06, 5.39008E-06, 6.46437E-07, 3.27892E-07, 3.04267E-07, 1.02172E-03
316, 1.42702E-05, 1.06649E-05, 7.37096E-06, 5.45362E-06, 6.46808E-07, 3.26592E-07, 3.03313E-07, 1.03712E-03
317, 1.44814E-05, 1.06025E-05, 7.42310E-06, 5.51613E-06, 6.47159E-07, 3.25271E-07, 3.02344E-07, 1.05237E-03
318, 1.46880E-05, 1.05349E-05, 7.47396E-06, 5.57755E-06, 6.47492E-07, 3.23928E-07, 3.01373E-07, 1.06745E-03
319, 1.48898E-05, 1.04620E-05, 7.52350E-06, 5.63781E-06, 6.47796E-07, 3.22576E-07, 3.00400E-07, 1.08237E-03
320, 1.50866E-05, 1.03839E-05, 7.57173E-06, 5.69686E-06, 6.48092E-07, 3.21213E-07, 2.99408E-07, 1.09709E-03
321, 1.52783E-05, 1.03008E-05, 7.61862E-06, 5.75464E-06, 6.48393E-07, 3.19832E-07, 2.98424E-07, 1.11161E-03
322, 1.54648E-05, 1.02333E-05, 7.66415E-06, 5.81109E-06, 6.48634E-07, 3.18428E-07, 2.97447E-07, 1.12591E-03
323, 1.56457E-05, 1.01728E-05, 7.70832E-06, 5.86616E-06, 6.48839E-07, 3.17024E-07, 2.96457E-07, 1.13998E-03
324, 1.58210E-05, 1.01075E-05, 7.75111E-06, 5.91979E-06, 6.49048E-07, 3.15643E-07, 2.95456E-07, 1.15380E-03
325, 1.59906E-05, 1.00374E-05, 7.79249E-06, 5.97193E-06, 6.49240E-07, 3.14246E-07, 2.94445E-07, 1.16736E-03
326, 1.61543E-05, 9.96263E-06, 7.83246E-06, 6.02253E-06, 6.49369E-07, 3.12867E-07, 2.93426E-07, 1.18065E-03
327, 1.63119E-05, 9.88319E-06, 7.87100E-06, 6.07154E-06, 6.49455E-07, 3.11513E-07, 2.92416E-07, 1.19365E-03
328, 1.64633E-05, 9.79914E-06, 7.90810E-06, 6.11890E-06, 6.49510E-07, 3.10160E-07, 2.91413E-07, 1.20635E-03
329, 1.66084E-05, 9.71052E-06, 7.94372E-06, 6.16458E-06, 6.49536E-07, 3.08801E-07, 2.90409E-07, 1.21874E-03
330, 1.67471E-05, 9.61737E-06, 7.97787E-06, 6.20852E-06, 6.49510E-07, 3.07442E-07, 2.89396E-07, 1.23080E-03
331, 1.68792E-05, 9.51976E-06, 8.01053E-06, 6.25068E-06, 6.49457E-07, 3.06082E-07, 2.88385E-07, 1.24251E-03
332, 1.70047E-05, 9.41773E-06, 8.04166E-06, 6.29102E-06, 6.49402E-07, 3.04729E-07, 2.87392E-07, 1.25388E-03
333, 1.71233E-05, 9.31135E-06, 8.07127E-06, 6.32949E-06, 6.49320E-07, 3.03407E-07, 2.86394E-07, 1.26488E-03
334, 1.72351E-05, 9.20065E-06, 8.09934E-06, 6.36606E-06, 6.49227E-07, 3.02093E-07, 2.85383E-07, 1.27550E-03
335, 1.73399E-05, 9.08571E-06, 8.12584E-06, 6.40069E-06, 6.49081E-07, 3.00780E-07, 2.84365E-07, 1.28574E-03
336, 1.74377E-05, 8.96658E-06, 8.15076E-06, 6.43335E-06, 6.48891E-07, 2.99462E-07, 2.83351E-07, 1.29558E-03
337, 1.75282E-05, 8.84331E-06, 8.17408E-06, 6.46399E-06, 6.48686E-07, 2.98171E-07, 2.82346E-07, 1.30501E-03
338, 1.76116E-05, 8.80338E-06, 8.19579E-06, 6.49260E-06, 6.48436E-07, 2.96883E-07, 2.81340E-07, 1.31402E-03
339, 1.76877E-05, 8.77274E-06, 8.21587E-06, 6.51913E-06, 6.48161E-07, 2.95606E-07, 2.80340E-07, 1.32261E-03
340, 1.77564E-05, 8.73888E-06, 8.23433E-06, 6.54356E-06, 6.47852E-07, 2.94335E-07, 2.79336E-07, 1.33075E-03
341, 1.78177E-05, 8.95760E-06, 8.25115E-06, 6.56587E-06, 6.47513E-07, 2.93086E-07, 2.78338E-07, 1.33845E-03
342, 1.78715E-05, 9.18142E-06, 8.26629E-06, 6.58602E-06, 6.47143E-07, 2.91850E-07, 2.77353E-07, 1.34570E-03
343, 1.79178E-05, 9.40357E-06, 8.27972E-06, 6.60400E-06, 6.46726E-07, 2.90624E-07, 2.76361E-07, 1.35248E-03
344, 1.79566E-05, 9.62390E-06, 8.29144E-06, 6.61979E-06, 6.46297E-07, 2.89406E-07, 2.75370E-07, 1.35880E-03
345, 1.79946E-05, 9.84228E-06, 8.30142E-06, 6.63337E-06, 6.45889E-07, 2.88200E-07, 2.74390E-07, 1.36464E-03
346, 1.80970E-05, 1.00586E-05, 8.30965E-06, 6.64472E-06, 6.45472E-07, 2.87006E-07, 2.73419E-07, 1.37000E-03
347, 1.81928E-05, 1.02726E-05, 8.31612E-06, 6.65383E-06, 6.45035E-07, 2.85851E-07, 2.72459E-07, 1.37487E-03
348, 1.82822E-05, 1.04843E-05, 8.34102E-06, 6.66069E-06, 6.44568E-07, 2.84712E-07, 2.71505E-07, 1.37925E-03
349, 1.83648E-05, 1.06936E-05, 8.40474E-06, 6.66529E-06, 6.44052E-07, 2.83580E-07, 2.70550E-07, 1.38314E-03
350, 1.84408E-05, 1.09002E-05, 8.46658E-06, 6.66761E-06, 6.43478E-07, 2.82445E-07, 2.69600E-07, 1.38654E-03
351, 1.85099E-05, 1.11040E-05, 8.52647E-06, 6.66766E-06, 6.42890E-07, 2.81294E-07, 2.68650E-07, 1.38943E-03
352, 1.85722E-05, 1.13050E-05, 8.58440E-06, 6.66544E-06, 6.42287E-07, 2.80179E-07, 2.67698E-07, 1.39182E-03
353, 1.86275E-05, 1.15030E-05, 8.64031E-06, 6.66093E-06, 6.41665E-07, 2.79081E-07, 2.66751E-07, 1.39371E-03
354, 1.86758E-05, 1.16979E-05, 8.69417E-06, 6.65414E-06, 6.40998E-07, 2.77978E-07, 2.65825E-07, 1.39509E-03
355, 1.87171E-05, 1.18895E-05, 8.74593E-06, 6.64507E-06, 6.40302E-07, 2.76880E-07, 2.64896E-07, 1.39597E-03
356, 1.87512E-05, 1.20778E-05, 8.79557E-06, 6.63372E-06, 6.39583E-07, 2.75804E-07, 2.63976E-07, 1.39634E-03
357, 1.87783E-05, 1.22626E-05, 8.84304E-06, 6.62012E-06, 6.38837E-07, 2.74723E-07, 2.63059E-07, 1.39621E-03
358, 1.87981E-05, 1.24438E-05, 8.88830E-06, 6.60425E-06, 6.38056E-07, 2.73642E-07, 2.62150E-07, 1.39558E-03
359, 1.88107E-05, 1.26214E-05, 8.93132E-06, 6.58613E-06, 6.37267E-07, 2.72587E-07, 2.61237E-07, 1.39445E-03
360, 1.88161E-05, 1.27951E-05, 8.97207E-06, 6.56578E-06, 6.36452E-07, 2.71571E-07, 2.60323E-07, 1.39282E-03
361, 1.88142E-05, 1.29650E-05, 9.01052E-06, 6.54321E-06, 6.35618E-07, 2.70548E-07, 2.59419E-07, 1.39069E-03
362, 1.88050E-05, 1.31308E-05, 9.04663E-06, 6.51843E-06, 6.34708E-07, 2.69533E-07, 2.58519E-07, 1.38808E-03
363, 1.87886E-05, 1.32925E-05, 9.08036E-06, 6.49146E-06, 6.33772E-07, 2.68518E-07, 2.57621E-07, 1.38497E-03
364, 1.87648E-05, 1.34501E-05, 9.11169E-06, 6.46233E-06, 6.32834E-07, 2.67488E-07, 2.56730E-07, 1.38139E-03
365, 1.87338E-05, 1.36033E-05, 9.14060E-06, 6.43105E-06, 6.31879E-07, 2.66453E-07, 2.55860E-07, 1.37732E-03
366, 1.86955E-05, 1.37522E-05, 9.16704E-06, 6.39764E-06, 6.30899E-07, 2.65419E-07, 2.55009E-07, 1.37278E-03
367, 1.86500E-05, 1.38967E-05, 9.19100E-06, 6.36214E-06, 6.29860E-07, 2.64384E-07, 2.54156E-07, 1.36777E-03
368, 1.85972E-05, 1.40366E-05, 9.21244E-06, 6.32457E-06, 6.28791E-07, 2.63380E-07, 2.53301E-07, 1.36230E-03
369, 1.85372E-05, 1.41719E-05, 9.23135E-06, 6.28495E-06, 6.27680E-07, 2.62371E-07, 2.52462E-07, 1.35637E-03
370, 1.85794E-05, 1.43026E-05, 9.24768E-06, 6.24331E-06, 6.26550E-07, 2.61387E-07, 2.51622E-07, 1.34998E-03
371, 1.86231E-05, 1.44286E-05, 9.26144E-06, 6.19969E-06, 6.25383E-07, 2.60416E-07, 2.50782E-07, 1.34315E-03
372, 1.86609E-05, 1.45497E-05, 9.27258E-06, 6.15412E-06, 6.24168E-07, 2.59465E-07, 2.49946E-07, 1.33589E-03
373, 1.86927E-05, 1.46660E-05, 9.28109E-06, 6.10664E-06, 6.22919E-07, 2.58531E-07, 2.49114E-07, 1.32819E-03
374, 1.87184E-05, 1.47774E-05, 9.28695E-06, 6.05727E-06, 6.21668E-07, 2.57605E-07, 2.48285E-07, 1.32006E-03
375, 1.87380E-05, 1.48838E-05, 9.29013E-06, 6.00605E-06, 6.20407E-07, 2.56687E-07, 2.47459E-07, 1.31152E-03
376, 1.87515E-05, 1.49852E-05, 9.29063E-06, 5.95303E-06, 6.19120E-07, 2.55788E-07, 2.46647E-07, 1.30257E-03
377, 1.87588E-05, 1.50815E-05, 9.28842E-06, 5.89824E-06, 6.17775E-07, 2.54906E-07, 2.45841E-07, 1.29321E-03
378, 1.87599E-05, 1.51727E-05, 9.28349E-06, 5.84172E-06, 6.16396E-07, 2.54064E-07, 2.45039E-07, 1.28345E-03
379, 1.87548E-05, 1.52588E-05, 9.27582E-06, 5.78351E-06, 6.14976E-07, 2.53224E-07, 2.44250E-07, 1.27331E-03
380, 1.87434E-05, 1.53397E-05, 9.26540E-06, 5.72366E-06, 6.13543E-07, 2.52385E-07, 2.43464E-07, 1.26278E-03
381, 1.87257E-05, 1.54154E-05, 9.25222E-06, 5.66220E-06, 6.12110E-07, 2.51550E-07, 2.42681E-07, 1.25188E-03
382, 1.87017E-05, 1.54860E-05, 9.23626E-06, 5.59919E-06, 6.10659E-07, 2.50728E-07, 2.41896E-07, 1.24061E-03
383, 1.86714E-05, 1.55513E-05, 9.21752E-06, 5.53466E-06, 6.09172E-07, 2.49920E-07, 2.41109E-07, 1.22898E-03
384, 1.86347E-05, 1.56113E-05, 9.19601E-06, 5.46867E-06, 6.07676E-07, 2.49125E-07, 2.40328E-07, 1.21700E-03
385, 1.85918E-05, 1.56662E-05, 9.17178E-06, 5.40126E-06, 6.06168E-07, 2.48357E-07, 2.39553E-07, 1.20467E-03
386, 1.85512E-05, 1.57157E-05, 9.14475E-06, 5.33247E-06, 6.04614E-07, 2.47588E-07, 2.38782E-07, 1.19201E-03
387, 1.85606E-05, 1.57601E-05, 9.11491E-06, 5.26236E-06, 6.03071E-07, 2.46835E-07, 2.38016E-07, 1.17903E-03
388, 1.85639E-05, 1.57992E-05, 9.08225E-06, 5.19097E-06, 6.01515E-07, 2.46090E-07, 2.37260E-07, 1.16572E-03
389, 1.85611E-05, 1.58330E-05, 9.04679E-06, 5.11835E-06, 5.99933E-07, 2.45352E-07, 2.36503E-07, 1.15210E-03
390, 1.85524E-05, 1.58617E-05, 9.00852E-06, 5.04455E-06, 5.98352E-07, 2.44623E-07, 2.35749E-07, 1.13817E-03
391, 1.85377E-05, 1.58851E-05, 8.96744E-06, 4.96963E-06, 5.96766E-07, 2.43895E-07, 2.34997E-07, 1.12395E-03
392, 1.85170E-05, 1.59034E-05, 8.92356E-06, 4.89362E-06, 5.95158E-07, 2.43198E-07, 2.34243E-07, 1.10944E-03
393, 1.84903E-05, 1.59165E-05, 8.87688E-06, 4.81659E-06, 5.93542E-07, 2.42531E-07, 2.33489E-07, 1.09465E-03
394, 1.84578E-05, 1.59245E-05, 8.82740E-06, 4.73859E-06, 5.91931E-07, 2.41853E-07, 2.32733E-07, 1.07959E-03
395, 1.84193E-05, 1.59275E-05, 8.77515E-06, 4.65966E-06, 5.90315E-07, 2.41168E-07, 2.31985E-07, 1.06427E-03
396, 1.83750E-05, 1.59254E-05, 8.72012E-06, 4.57985E-06, 5.88724E-07, 2.40477E-07, 2.31244E-07, 1.04869E-03
397, 1.83249E-05, 1.59183E-05, 8.66234E-06, 4.49923E-06, 5.87158E-07, 2.39803E-07, 2.30499E-07, 1.03286E-03
398, 1.82690E-05, 1.59062E-05, 8.60181E-06, 4.41783E-06, 5.85618E-07, 2.39142E-07, 2.29761E-07, 1.01680E-03
399, 1.82074E-05, 1.58893E-05, 8.53856E-06, 4.33572E-06, 5.84049E-07, 2.38487E-07, 2.29028E-07, 1.00050E-03
400, 1.81401E-05, 1.58674E-05, 8.47260E-06, 4.25294E-06, 5.82462E-07, 2.37836E-07, 2.28294E-07, 9.83988E-04
401, 1.80673E-05, 1.58408E-05, 8.40395E-06, 4.16954E-06, 5.80877E-07, 2.37186E-07, 2.27562E-07, 9.67259E-04
402, 1.79889E-05, 1.58095E-05, 8.33264E-06, 4.08558E-06, 5.79300E-07, 2.36526E-07, 2.26833E-07, 9.50325E-04
403, 1.79050E-05, 1.57735E-05, 8.25869E-06, 4.00111E-06, 5.77714E-07, 2.35871E-07, 2.26115E-07, 9.33196E-04
404, 1.78157E-05, 1.57329E-05, 8.18213E-06, 3.91618E-06, 5.76102E-07, 2.35243E-07, 2.25400E-07, 9.15880E-04
405, 1.77211E-05, 1.56878E-05, 8.10299E-06, 3.83084E-06, 5.74498E-07, 2.34641E-07, 2.24688E-07, 8.98386E-04
406, 1.76213E-05, 1.56382E-05, 8.02130E-06, 3.74514E-06, 5.72872E-07, 2.34042E-07, 2.23987E-07, 8.80723E-04
407, 1.75162E-05, 1.55842E-05, 7.93709E-06, 3.65913E-06, 5.71219E-07, 2.33467E-07, 2.23286E-07, 8.62900E-04
408, 1.74061E-05, 1.55259E-05, 7.85040E-06, 3.57287E-06, 5.69547E-07, 2.32900E-07, 2.22587E-07, 8.44925E-04
409, 1.72910E-05, 1.54634E-05, 7.76126E-06, 3.48639E-06, 5.67914E-07, 2.32356E-07, 2.21887E-07, 8.26809E-04
410, 1.71709E-05, 1.53968E-05, 7.66973E-06, 3.39976E-06, 5.66358E-07, 2.31831E-07, 2.21191E-07, 8.08560E-04
411, 1.70460E-05, 1.53261E-05, 7.61760E-06, 3.31302E-06, 5.64810E-07, 2.31309E-07, 2.20497E-07, 7.90187E-04
412, 1.69163E-05, 1.52514E-05, 7.57972E-06, 3.22622E-06, 5.63258E-07, 2.30791E-07, 2.19802E-07, 7.71701E-04
413, 1.67820E-05, 1.51728E-05, 7.53980E-06, 3.13941E-06, 5.61694E-07, 2.30290E-07, 2.19112E-07, 7.53109E-04
414, 1.66734E-05, 1.50905E-05, 7.49783E-06, 3.05263E-06, 5.60137E-07, 2.29809E-07, 2.18426E-07, 7.34421E-04
415, 1.66126E-05, 1.50045E-05, 7.45380E-06, 2.96593E-06, 5.58589E-07, 2.29352E-07, 2.17744E-07, 7.15647E-04
416, 1.65474E-05, 1.49149E-05, 7.40772E-06, 2.87936E-06, 5.57011E-07, 2.28911E-07, 2.17060E-07, 6.96797E-04
417, 1.64780E-05, 1.48217E-05, 7.35957E-06, 2.79297E-06, 5.55459E-07, 2.28477E-07, 2.16370E-07, 6.77880E-04
418, 1.64043E-05, 1.47252E-05, 7.30935E-06, 2.70679E-06, 5.53894E-07, 2.28040E-07, 2.15681E-07, 6.58904E-04
419, 1.63264E-05, 1.46254E-05, 7.25708E-06, 2.62088E-06, 5.52312E-07, 2.27618E-07, 2.14995E-07, 6.39881E-04
420, 1.62443E-05, 1.45223E-05, 7.20274E-06, 2.53527E-06, 5.50720E-07, 2.27201E-07, 2.14315E-07, 6.20820E-04
421, 1.61581E-05, 1.44162E-05, 7.14635E-06, 2.45001E-06, 5.49114E-07, 2.26786E-07, 2.13636E-07, 6.01729E-04
422, 1.60678E-05, 1.43071E-05, 7.08791E-06, 2.36515E-06, 5.47487E-07, 2.26372E-07, 2.12964E-07, 5.82620E-04
423, 1.59735E-05, 1.41950E-05, 7.02742E-06, 2.28072E-06, 5.45881E-07, 2.25971E-07, 2.12296E-07, 5.63501E-04
424, 1.58752E-05, 1.40802E-05, 6.96490E-06, 2.19676E-06, 5.44261E-07, 2.25563E-07, 2.11636E-07, 5.44382E-04
425, 1.57729E-05, 1.39626E-05, 6.90036E-06, 2.11331E-06, 5.42611E-07, 2.25168E-07, 2.10984E-07, 5.25273E-04
426, 1.56667E-05, 1.38425E-05, 6.83380E-06, 2.03042E-06, 5.40972E-07, 2.24824E-07, 2.10327E-07, 5.06183E-04
427, 1.55567E-05, 1.37199E-05, 6.76525E-06, 1.99481E-06, 5.39314E-07, 2.24503E-07, 2.09670E-07, 4.98798E-04
428, 1.54429E-05, 1.35949E-05, 6.69472E-06, 1.98516E-06, 5.37709E-07, 2.24193E-07, 2.09019E-07, 4.97874E-04
429, 1.53254E-05, 1.34676E-05, 6.62223E-06, 1.97511E-06, 5.36099E-07, 2.23891E-07, 2.08372E-07, 4.96840E-04
430, 1.52042E-05, 1.33381E-05, 6.54780E-06, 1.96468E-06, 5.34496E-07, 2.23608E-07, 2.07728E-07, 4.95698E-04
431, 1.50795E-05, 1.32065E-05, 6.47146E-06, 1.95386E-06, 5.32899E-07, 2.23342E-07, 2.07084E-07, 4.94446E-04
432, 1.49511E-05, 1.30730E-05, 6.39322E-06, 1.94268E-06, 5.31290E-07, 2.23087E-07, 2.06445E-07, 4.93087E-04
433, 1.48193E-05, 1.29376E-05, 6.31312E-06, 1.93112E-06, 5.29669E-07, 2.22833E-07, 2.05816E-07, 4.91620E-04
434, 1.46842E-05, 1.28004E-05, 6.23118E-06, 1.91922E-06, 5.28041E-07, 2.22573E-07, 2.05183E-07, 4.90046E-04
435, 1.45456E-05, 1.26615E-05, 6.14744E-06, 1.90696E-06, 5.26464E-07, 2.22320E-07, 2.04550E-07, 4.88366E-04
436, 1.44039E-05, 1.25210E-05, 6.06193E-06, 1.89436E-06, 5.24925E-07, 2.22056E-07, 2.03926E-07, 4.86581E-04
437, 1.42589E-05, 1.23791E-05, 5.97469E-06, 1.88142E-06, 5.23390E-07, 2.21789E-07, 2.03308E-07, 4.84691E-04
438, 1.41108E-05, 1.22358E-05, 5.88575E-06, 1.86816E-06, 5.21849E-07, 2.21524E-07, 2.02694E-07, 4.82698E-04
439, 1.39597E-05, 1.20911E-05, 5.79515E-06, 1.85458E-06, 5.20318E-07, 2.21268E-07, 2.02081E-07, 4.80601E-04
440, 1.38057E-05, 1.19453E-05, 5.70293E-06, 1.84069E-06, 5.18796E-07, 2.21025E-07, 2.01473E-07, 4.78403E-04
441, 1.36487E-05, 1.17983E-05, 5.60915E-06, 1.82650E-06, 5.17281E-07, 2.20786E-07, 2.00866E-07, 4.76104E-04
442, 1.34890E-05, 1.16503E-05, 5.51385E-06, 1.81202E-06, 5.15783E-07, 2.20542E-07, 2.00260E-07, 4.73705E-04
443, 1.33266E-05, 1.15014E-05, 5.41707E-06, 1.79724E-06, 5.14299E-07, 2.20283E-07, 1.99649E-07, 4.71207E-04
444, 1.31615E-05, 1.13516E-05, 5.31886E-06, 1.80103E-06, 5.12861E-07, 2.20015E-07, 1.99029E-07, 4.73565E-04
445, 1.29939E-05, 1.12011E-05, 5.21928E-06, 1.81357E-06, 5.11443E-07, 2.19741E-07, 1.98411E-07, 4.78233E-04
446, 1.28238E-05, 1.10499E-05, 5.11839E-06, 1.82606E-06, 5.10015E-07, 2.19450E-07, 1.97799E-07, 4.82906E-04
447, 1.26513E-05, 1.08980E-05, 5.01624E-06, 1.83852E-06, 5.08612E-07, 2.19145E-07, 1.97188E-07, 4.87584E-04
448, 1.24766E-05, 1.07457E-05, 4.91289E-06, 1.85093E-06, 5.07237E-07, 2.18833E-07, 1.96591E-07, 4.92267E-04
449, 1.22996E-05, 1.06663E-05, 4.80840E-06, 1.86330E-06, 5.05868E-07, 2.18509E-07, 1.96008E-07, 4.96954E-04
450, 1.21276E-05, 1.05892E-05, 4.70282E-06, 1.87564E-06, 5.04527E-07, 2.18180E-07, 1.95428E-07, 5.01645E-04
451, 1.21749E-05, 1.05085E-05, 4.59624E-06, 1.89199E-06, 5.03177E-07, 2.17835E-07, 1.94859E-07, 5.07427E-04
452, 1.22197E-05, 1.04243E-05, 4.48871E-06, 1.90922E-06, 5.01833E-07, 2.17473E-07, 1.94291E-07, 5.13463E-04
453, 1.22621E-05, 1.03367E-05, 4.38030E-06, 1.92638E-06, 5.00504E-07, 2.17103E-07, 1.93721E-07, 5.19503E-04
454, 1.23021E-05, 1.02458E-05, 4.27107E-06, 1.94349E-06, 4.99194E-07, 2.16714E-07, 1.93150E-07, 5.25547E-04
455, 1.23581E-05, 1.01515E-05, 4.16111E-06, 1.96054E-06, 4.97896E-07, 2.16308E-07, 1.92579E-07, 5.31594E-04
456, 1.24164E-05, 1.00540E-05, 4.05048E-06, 1.97752E-06, 4.96604E-07, 2.15891E-07, 1.92014E-07, 5.37642E-04
457, 1.24721E-05, 9.95334E-06, 3.94901E-06, 1.99443E-06, 4.95326E-07, 2.15461E-07, 1.91454E-07, 5.43691E-04
458, 1.25252E-05, 9.84960E-06, 3.94463E-06, 2.01128E-06, 4.94059E-07, 2.15038E-07, 1.90903E-07, 5.49739E-04
459, 1.25758E-05, 9.74287E-06, 3.93947E-06, 2.02807E-06, 4.92792E-07, 2.14618E-07, 1.90357E-07, 5.55786E-04
460, 1.26238E-05, 9.63322E-06, 3.93352E-06, 2.04478E-06, 4.91533E-07, 2.14190E-07, 1.89814E-07, 5.61831E-04
461, 1.26691E-05, 9.52076E-06, 3.92676E-06, 2.06142E-06, 4.90269E-07, 2.13742E-07, 1.89276E-07, 5.67872E-04
462, 1.27117E-05, 9.40557E-06, 3.91920E-06, 2.07798E-06, 4.89022E-07, 2.13279E-07, 1.88741E-07, 5.73909E-04
463, 1.27517E-05, 9.28775E-06, 3.91082E-06, 2.09447E-06, 4.87749E-07, 2.12804E-07, 1.88216E-07, 5.79941E-04
464, 1.27889E-05, 9.16741E-06, 3.90163E-06, 2.11088E-06, 4.86473E-07, 2.12319E-07, 1.87698E-07, 5.85966E-04
465, 1.28233E-05, 9.04464E-06, 3.89161E-06, 2.12721E-06, 4.85208E-07, 2.11831E-07, 1.87183E-07, 5.91985E-04
466, 1.28549E-05, 8.91956E-06, 3.88077E-06, 2.14346E-06, 4.83931E-07, 2.11344E-07, 1.86673E-07, 5.97995E-04
467, 1.28836E-05, 8.79227E-06, 3.86911E-06, 2.15962E-06, 4.82659E-07, 2.10859E-07, 1.86166E-07, 6.03997E-04
468, 1.29095E-05, 8.66289E-06, 3.85661E-06, 2.17570E-06, 4.81403E-07, 2.10368E-07, 1.85667E-07, 6.09989E-04
469, 1.29325E-05, 8.53153E-06, 3.84329E-06, 2.19169E-06, 4.80139E-07, 2.09878E-07, 1.85171E-07, 6.15971E-04
470, 1.29525E-05, 8.39830E-06, 3.82914E-06, 2.20759E-06, 4.78866E-07, 2.09389E-07, 1.84677E-07, 6.21941E-04
471, 1.29695E-05, 8.26333E-06, 3.81416E-06, 2.22340E-06, 4.77614E-07, 2.08899E-07, 1.84182E-07, 6.27900E-04
472, 1.29894E-05, 8.12674E-06, 3.79836E-06, 2.23912E-06, 4.76378E-07, 2.08398E-07, 1.83695E-07, 6.33846E-04
473, 1.30230E-05, 7.98864E-06, 3.78174E-06, 2.25474E-06, 4.75128E-07, 2.07890E-07, 1.83218E-07, 6.39779E-04
474, 1.30538E-05, 7.84915E-06, 3.76430E-06, 2.27026E-06, 4.73892E-07, 2.07365E-07, 1.82744E-07, 6.45699E-04
475, 1.30818E-05, 7.70841E-06, 3.74605E-06, 2.28568E-06, 4.72646E-07, 2.06833E-07, 1.82274E-07, 6.51604E-04
476, 1.31070E-05, 7.56652E-06, 3.72699E-06, 2.30100E-06, 4.71390E-07, 2.06292E-07, 1.81818E-07, 6.57494E-04
477, 1.31293E-05, 7.42362E-06, 3.70713E-06, 2.31622E-06, 4.70126E-07, 2.05749E-07, 1.81371E-07, 6.63369E-04
478, 1.31488E-05, 7.29233E-06, 3.68648E-06, 2.33133E-06, 4.68823E-07, 2.05206E-07, 1.80931E-07, 6.69228E-04
479, 1.31653E-05, 7.16769E-06, 3.66505E-06, 2.34633E-06, 4.67519E-07, 2.04655E-07, 1.80499E-07, 6.75072E-04
480, 1.31789E-05, 7.04267E-06, 3.64285E-06, 2.36123E-06, 4.66210E-07, 2.04090E-07, 1.80068E-07, 6.80898E-04
481, 1.31895E-05, 6.91733E-06, 3.61989E-06, 2.37601E-06, 4.64896E-07, 2.03544E-07, 1.79636E-07, 6.86709E-04
482, 1.31970E-05, 6.79174E-06, 3.59618E-06, 2.39068E-06, 4.63570E-07, 2.02991E-07, 1.79207E-07, 6.92502E-04
483, 1.32016E-05, 6.66596E-06, 3.57173E-06, 2.40766E-06, 4.62228E-07, 2.02432E-07, 1.78783E-07, 6.98983E-04
484, 1.32030E-05, 6.54008E-06, 3.54656E-06, 2.42476E-06, 4.60863E-07, 2.01863E-07, 1.78353E-07, 7.05518E-04
485, 1.32013E-05, 6.41415E-06, 3.52555E-06, 2.44173E-06, 4.59486E-07, 2.01287E-07, 1.77931E-07, 7.12033E-04
486, 1.31965E-05, 6.28825E-06, 3.52142E-06, 2.45855E-06, 4.58082E-07, 2.00700E-07, 1.77512E-07, 7.18529E-04
487, 1.31885E-05, 6.16245E-06, 3.51679E-06, 2.47524E-06, 4.56693E-07, 2.00103E-07, 1.77099E-07, 7.25006E-04
488, 1.31773E-05, 6.03682E-06, 3.51163E-06, 2.49179E-06, 4.55309E-07, 1.99501E-07, 1.76687E-07, 7.31464E-04
489, 1.31629E-05, 5.91143E-06, 3.50596E-06, 2.50819E-06, 4.53910E-07, 1.98888E-07, 1.76283E-07, 7.37902E-04
490, 1.31451E-05, 5.78633E-06, 3.49977E-06, 2.52445E-06, 4.52502E-07, 1.98264E-07, 1.75885E-07, 7.44320E-04
491, 1.31241E-05, 5.66161E-06, 3.49306E-06, 2.54102E-06, 4.51081E-07, 1.97648E-07, 1.75493E-07, 7.50853E-04
492, 1.30997E-05, 5.53731E-06, 3.48583E-06, 2.55873E-06, 4.49653E-07, 1.97043E-07, 1.75102E-07, 7.57749E-04
493, 1.30719E-05, 5.41352E-06, 3.47808E-06, 2.57621E-06, 4.48216E-07, 1.96452E-07, 1.74713E-07, 7.64603E-04
494, 1.30408E-05, 5.29029E-06, 3.46981E-06, 2.59345E-06, 4.46780E-07, 1.95856E-07, 1.74340E-07, 7.71413E-04
495, 1.30061E-05, 5.16768E-06, 3.46103E-06, 2.61045E-06, 4.45322E-07, 1.95253E-07, 1.73985E-07, 7.78180E-04
496, 1.29680E-05, 5.04575E-06, 3.45173E-06, 2.62721E-06, 4.43841E-07, 1.94648E-07, 1.73635E-07, 7.84902E-04
497, 1.29480E-05, 4.92456E-06, 3.44192E-06, 2.64371E-06, 4.42333E-07, 1.94042E-07, 1.73290E-07, 7.91579E-04
498, 1.29254E-05, 4.81697E-06, 3.43161E-06, 2.65997E-06, 4.40822E-07, 1.93432E-07, 1.72947E-07, 7.98209E-04
499, 1.28994E-05, 4.79035E-06, 3.42079E-06, 2.67597E-06, 4.39295E-07, 1.92822E-07, 1.72610E-07, 8.04791E-04
500, 1.28701E-05, 4.76127E-06, 3.40947E-06, 2.69170E-06, 4.37757E-07, 1.92210E-07, 1.72275E-07, 8.11326E-04
