time_step, rel_err_u, rel_err_v, rel_err_w, rel_err_p
0, 0.00000E+00, 0.00000E+00, 0.00000E+00, 0.00000E+00
1, 1.76819E-04, 1.37430E-04, 1.40009E-04, 9.34253E-03
2, 1.24536E-04, 1.27504E-04, 8.44315E-05, 1.59707E-02
3, 9.71556E-05, 8.06599E-05, 7.78332E-05, 1.57613E-02
4, 8.27022E-06, 3.74714E-06, 3.56946E-06, 2.63889E-04
5, 7.44642E-06, 4.06766E-06, 3.53752E-06, 2.16442E-04
6, 7.58079E-06, 3.97512E-06, 3.50457E-06, 4.89494E-05
7, 7.77218E-06, 4.03525E-06, 3.48742E-06, 6.43400E-06
8, 7.97567E-06, 4.09329E-06, 3.49339E-06, 2.47003E-06
9, 8.18741E-06, 4.14637E-06, 3.49168E-06, 7.46552E-07
10, 8.38503E-06, 4.19617E-06, 3.48233E-06, 2.21383E-07
11, 8.56749E-06, 4.24203E-06, 3.46535E-06, 1.01552E-07
12, 8.73393E-06, 4.28388E-06, 3.44083E-06, 5.52737E-08
13, 8.88354E-06, 4.32167E-06, 3.40885E-06, 5.47248E-08
14, 9.01556E-06, 4.35534E-06, 3.36952E-06, 5.49810E-08
15, 9.12929E-06, 4.38485E-06, 3.32878E-06, 5.50125E-08
16, 9.22407E-06, 4.41013E-06, 3.33112E-06, 5.48375E-08
17, 9.29934E-06, 4.43117E-06, 3.32580E-06, 5.45350E-08
18, 9.35456E-06, 4.44791E-06, 3.31286E-06, 5.40917E-08
19, 9.38929E-06, 4.46035E-06, 3.29234E-06, 5.35024E-08
20, 9.40316E-06, 4.46846E-06, 3.26435E-06, 5.27693E-08
21, 9.39585E-06, 4.47224E-06, 3.22898E-06, 5.18935E-08
22, 9.52214E-06, 4.47168E-06, 3.18637E-06, 5.17868E-08
23, 9.69654E-06, 4.46679E-06, 3.13667E-06, 5.24246E-08
24, 9.85287E-06, 4.45759E-06, 3.13085E-06, 5.29657E-08
25, 9.99030E-06, 4.44409E-06, 3.13170E-06, 5.34057E-08
26, 1.01080E-05, 4.42634E-06, 3.12712E-06, 5.37406E-08
27, 1.02053E-05, 4.40436E-06, 3.11709E-06, 5.39665E-08
28, 1.02815E-05, 4.38977E-06, 3.10161E-06, 5.40800E-08
29, 1.03360E-05, 4.45890E-06, 3.08068E-06, 5.40781E-08
30, 1.03682E-05, 4.52431E-06, 3.07679E-06, 5.39580E-08
31, 1.03778E-05, 4.58587E-06, 3.07544E-06, 5.37174E-08
32, 1.03644E-05, 4.64349E-06, 3.06868E-06, 5.33545E-08
33, 1.04157E-05, 4.69709E-06, 3.05650E-06, 5.28678E-08
34, 1.05641E-05, 4.74655E-06, 3.10035E-06, 5.22563E-08
35, 1.06940E-05, 4.79182E-06, 3.14514E-06, 5.15196E-08
36, 1.08048E-05, 4.83281E-06, 3.18732E-06, 5.06575E-08
37, 1.08959E-05, 4.86945E-06, 3.22672E-06, 4.96705E-08
38, 1.09669E-05, 4.90168E-06, 3.26322E-06, 4.95923E-08
39, 1.10174E-05, 4.92946E-06, 3.29667E-06, 4.99576E-08
40, 1.10471E-05, 4.95272E-06, 3.37134E-06, 5.02143E-08
41, 1.10556E-05, 4.97144E-06, 3.47302E-06, 5.03587E-08
42, 1.12125E-05, 4.98558E-06, 3.57377E-06, 5.03877E-08
43, 1.14150E-05, 4.99513E-06, 3.67333E-06, 5.02983E-08
44, 1.15984E-05, 5.00007E-06, 3.77151E-06, 5.00881E-08
45, 1.17619E-05, 5.00041E-06, 3.86801E-06, 4.97552E-08
46, 1.19045E-05, 4.99614E-06, 3.96258E-06, 4.92981E-08
47, 1.20257E-05, 4.98729E-06, 4.05500E-06, 4.87160E-08
48, 1.21248E-05, 4.97387E-06, 4.14499E-06, 4.80085E-08
49, 1.22013E-05, 4.95593E-06, 4.23233E-06, 4.71758E-08
50, 1.22545E-05, 4.93351E-06, 4.31677E-06, 4.62187E-08
51, 1.22841E-05, 4.90665E-06, 4.39808E-06, 4.51386E-08
52, 1.22896E-05, 4.87541E-06, 4.47602E-06, 4.39373E-08
53, 1.22709E-05, 4.83987E-06, 4.55037E-06, 4.26175E-08
54, 1.22278E-05, 4.80010E-06, 4.62091E-06, 4.24526E-08
55, 1.21600E-05, 4.75619E-06, 4.68742E-06, 4.33681E-08
56, 1.20675E-05, 4.72574E-06, 4.74970E-06, 4.41838E-08
57, 1.19766E-05, 4.70068E-06, 4.80756E-06, 4.48987E-08
58, 1.21287E-05, 4.67162E-06, 4.86081E-06, 4.55120E-08
59, 1.22614E-05, 4.69890E-06, 4.90928E-06, 4.60234E-08
60, 1.23742E-05, 4.74757E-06, 4.95279E-06, 4.64327E-08
61, 1.24667E-05, 4.79191E-06, 4.99119E-06, 4.67403E-08
62, 1.26110E-05, 4.83184E-06, 5.02435E-06, 4.71903E-08
63, 1.29192E-05, 4.86731E-06, 5.05213E-06, 4.75781E-08
64, 1.32098E-05, 4.89826E-06, 5.07440E-06, 4.79010E-08
65, 1.34821E-05, 4.92464E-06, 5.09108E-06, 4.81607E-08
66, 1.37349E-05, 4.94642E-06, 5.10206E-06, 4.83585E-08
67, 1.39674E-05, 4.96358E-06, 5.10726E-06, 4.84957E-08
68, 1.41788E-05, 4.97609E-06, 5.10662E-06, 4.85733E-08
69, 1.43682E-05, 4.98396E-06, 5.10009E-06, 4.85923E-08
70, 1.45350E-05, 4.98718E-06, 5.08763E-06, 4.85529E-08
71, 1.46783E-05, 4.98576E-06, 5.13366E-06, 4.86484E-08
72, 1.47976E-05, 4.97973E-06, 5.24811E-06, 4.99273E-08
73, 1.48924E-05, 4.96911E-06, 5.35808E-06, 5.11237E-08
74, 1.49620E-05, 4.95394E-06, 5.46328E-06, 5.22363E-08
75, 1.50061E-05, 4.99912E-06, 5.56345E-06, 5.32642E-08
76, 1.50244E-05, 5.04922E-06, 5.65831E-06, 5.42063E-08
77, 1.50164E-05, 5.09688E-06, 5.74762E-06, 5.50618E-08
78, 1.49821E-05, 5.14202E-06, 5.83114E-06, 5.58299E-08
79, 1.49211E-05, 5.18459E-06, 5.90865E-06, 5.65099E-08
80, 1.50129E-05, 5.22452E-06, 5.97993E-06, 5.71009E-08
81, 1.52072E-05, 5.26174E-06, 6.04479E-06, 5.76025E-08
82, 1.53781E-05, 5.29619E-06, 6.10304E-06, 5.80139E-08
83, 1.55251E-05, 5.32782E-06, 6.15452E-06, 5.83346E-08
84, 1.56474E-05, 5.35656E-06, 6.19908E-06, 5.85641E-08
85, 1.57444E-05, 5.39979E-06, 6.23658E-06, 5.87017E-08
86, 1.58154E-05, 5.44298E-06, 6.26691E-06, 5.87471E-08
87, 1.58600E-05, 5.48362E-06, 6.28997E-06, 5.86997E-08
88, 1.58777E-05, 5.52166E-06, 6.30567E-06, 5.85591E-08
89, 1.58682E-05, 5.55704E-06, 6.31395E-06, 5.83251E-08
90, 1.58310E-05, 5.58968E-06, 6.31476E-06, 5.79974E-08
91, 1.57661E-05, 5.61951E-06, 6.30807E-06, 5.75757E-08
92, 1.56732E-05, 5.64649E-06, 6.29387E-06, 5.70602E-08
93, 1.55523E-05, 5.67054E-06, 6.27215E-06, 5.64507E-08
94, 1.54034E-05, 5.69162E-06, 6.24294E-06, 5.57477E-08
95, 1.52266E-05, 5.70965E-06, 6.20628E-06, 5.50606E-08
96, 1.50219E-05, 5.72458E-06, 6.16222E-06, 5.50839E-08
97, 1.47898E-05, 5.73637E-06, 6.11083E-06, 5.50376E-08
98, 1.45304E-05, 5.74496E-06, 6.05219E-06, 5.49244E-08
99, 1.44270E-05, 5.75030E-06, 5.98641E-06, 5.47473E-08
100, 1.44210E-05, 5.75235E-06, 5.99960E-06, 5.45092E-08
101, 1.43894E-05, 5.75107E-06, 6.09676E-06, 5.42130E-08
102, 1.43320E-05, 5.74642E-06, 6.18630E-06, 5.38612E-08
103, 1.42485E-05, 5.73835E-06, 6.26799E-06, 5.34563E-08
104, 1.41387E-05, 5.72684E-06, 6.34164E-06, 5.30011E-08
105, 1.43814E-05, 5.71186E-06, 6.40708E-06, 5.24976E-08
106, 1.46713E-05, 5.71643E-06, 6.46413E-06, 5.19483E-08
107, 1.49430E-05, 5.72315E-06, 6.51266E-06, 5.13552E-08
108, 1.51960E-05, 5.72673E-06, 6.55255E-06, 5.07202E-08
109, 1.54299E-05, 5.72713E-06, 6.58370E-06, 5.00455E-08
110, 1.56441E-05, 5.73198E-06, 6.60602E-06, 4.93327E-08
111, 1.58384E-05, 5.86203E-06, 6.61947E-06, 4.85835E-08
112, 1.60124E-05, 5.99107E-06, 6.62399E-06, 4.77997E-08
113, 1.61658E-05, 6.11895E-06, 6.61957E-06, 4.69829E-08
114, 1.62984E-05, 6.24556E-06, 6.60622E-06, 4.61346E-08
115, 1.64100E-05, 6.37073E-06, 6.58396E-06, 4.52563E-08
116, 1.65005E-05, 6.49434E-06, 6.55282E-06, 4.43495E-08
117, 1.65697E-05, 6.61625E-06, 6.51287E-06, 4.34159E-08
118, 1.66178E-05, 6.73630E-06, 6.46419E-06, 4.29101E-08
119, 1.66445E-05, 6.85435E-06, 6.40689E-06, 4.46002E-08
120, 1.66501E-05, 6.97026E-06, 6.38261E-06, 4.61713E-08
121, 1.66346E-05, 7.08387E-06, 6.55076E-06, 4.76142E-08
122, 1.67321E-05, 7.19504E-06, 6.71102E-06, 4.89206E-08
123, 1.69637E-05, 7.30361E-06, 6.86307E-06, 5.00827E-08
124, 1.71746E-05, 7.40943E-06, 7.00658E-06, 5.10937E-08
125, 1.73645E-05, 7.51236E-06, 7.14125E-06, 5.19473E-08
126, 1.75330E-05, 7.61224E-06, 7.26682E-06, 5.26385E-08
127, 1.76797E-05, 7.70891E-06, 7.38300E-06, 5.31627E-08
128, 1.78046E-05, 7.80222E-06, 7.48958E-06, 5.35167E-08
129, 1.79073E-05, 7.89202E-06, 7.58632E-06, 5.36980E-08
130, 1.79878E-05, 7.97816E-06, 7.67304E-06, 5.37051E-08
131, 1.80460E-05, 8.06048E-06, 7.74956E-06, 5.35377E-08
132, 1.80818E-05, 8.13884E-06, 7.81573E-06, 5.31963E-08
133, 1.80954E-05, 8.21309E-06, 7.87142E-06, 5.26825E-08
134, 1.80867E-05, 8.28308E-06, 7.91652E-06, 5.19989E-08
135, 1.80559E-05, 8.34867E-06, 7.95094E-06, 5.11489E-08
136, 1.80031E-05, 8.40971E-06, 7.97463E-06, 5.01369E-08
137, 1.79286E-05, 8.46607E-06, 7.98754E-06, 4.89685E-08
138, 1.78327E-05, 8.51762E-06, 7.98966E-06, 4.76496E-08
139, 1.77156E-05, 8.56421E-06, 7.98100E-06, 4.76809E-08
140, 1.75778E-05, 8.60572E-06, 7.96157E-06, 4.79350E-08
141, 1.74195E-05, 8.64204E-06, 7.93143E-06, 4.81065E-08
142, 1.72414E-05, 8.67304E-06, 7.89064E-06, 4.82725E-08
143, 1.72305E-05, 8.69861E-06, 7.83930E-06, 4.96907E-08
144, 1.72517E-05, 8.71864E-06, 7.77752E-06, 5.10533E-08
145, 1.72507E-05, 8.73312E-06, 7.70542E-06, 5.23541E-08
146, 1.72274E-05, 8.74186E-06, 7.62317E-06, 5.35868E-08
147, 1.71817E-05, 8.74479E-06, 7.53092E-06, 5.47453E-08
148, 1.71138E-05, 8.74183E-06, 7.42886E-06, 5.58236E-08
149, 1.70238E-05, 8.73291E-06, 7.31721E-06, 5.68159E-08
150, 1.69118E-05, 8.71795E-06, 7.19618E-06, 5.77166E-08
151, 1.67781E-05, 8.69692E-06, 7.06602E-06, 5.85205E-08
152, 1.69586E-05, 8.66976E-06, 6.92697E-06, 5.92227E-08
153, 1.71874E-05, 8.63643E-06, 6.77930E-06, 5.98188E-08
154, 1.73999E-05, 8.59691E-06, 6.62331E-06, 6.03045E-08
155, 1.75956E-05, 8.55118E-06, 6.45928E-06, 6.06763E-08
156, 1.77742E-05, 8.49923E-06, 6.28753E-06, 6.09310E-08
157, 1.79352E-05, 8.44106E-06, 6.10837E-06, 6.10660E-08
158, 1.80785E-05, 8.37669E-06, 5.92215E-06, 6.10791E-08
159, 1.82037E-05, 8.30612E-06, 5.93568E-06, 6.09688E-08
160, 1.83105E-05, 8.22940E-06, 6.05470E-06, 6.07341E-08
161, 1.83988E-05, 8.14657E-06, 6.16589E-06, 6.13776E-08
162, 1.84683E-05, 8.05767E-06, 6.26907E-06, 6.23551E-08
163, 1.85190E-05, 7.96277E-06, 6.36412E-06, 6.31906E-08
164, 1.85507E-05, 7.86194E-06, 6.45094E-06, 6.38838E-08
165, 1.85633E-05, 7.75526E-06, 6.52946E-06, 6.44345E-08
166, 1.85568E-05, 7.64282E-06, 6.59959E-06, 6.48436E-08
167, 1.85312E-05, 7.52472E-06, 6.66130E-06, 6.51124E-08
168, 1.84865E-05, 7.40108E-06, 6.71455E-06, 6.52427E-08
169, 1.84229E-05, 7.27200E-06, 6.75933E-06, 6.52371E-08
170, 1.83403E-05, 7.13763E-06, 6.79564E-06, 6.50985E-08
171, 1.82391E-05, 6.99809E-06, 6.82348E-06, 6.48307E-08
172, 1.81192E-05, 6.85353E-06, 6.84291E-06, 6.44375E-08
173, 1.79810E-05, 6.70410E-06, 6.85395E-06, 6.39965E-08
174, 1.78246E-05, 6.54997E-06, 6.85668E-06, 6.34574E-08
175, 1.76504E-05, 6.39129E-06, 6.85116E-06, 6.27999E-08
176, 1.74586E-05, 6.22824E-06, 6.83750E-06, 6.20297E-08
177, 1.72496E-05, 6.06101E-06, 6.81579E-06, 6.11532E-08
178, 1.70236E-05, 5.88977E-06, 6.78616E-06, 6.01765E-08
179, 1.69288E-05, 5.71472E-06, 6.74872E-06, 5.91064E-08
180, 1.68284E-05, 5.53606E-06, 6.70364E-06, 5.79494E-08
181, 1.67068E-05, 5.56937E-06, 6.65106E-06, 5.67123E-08
182, 1.65643E-05, 5.61915E-06, 6.59114E-06, 5.54018E-08
183, 1.64015E-05, 5.66432E-06, 6.52407E-06, 5.40246E-08
184, 1.66167E-05, 5.70484E-06, 6.45003E-06, 5.25875E-08
185, 1.69029E-05, 5.74066E-06, 6.36922E-06, 5.10972E-08
186, 1.71685E-05, 5.77175E-06, 6.28185E-06, 4.95600E-08
187, 1.74134E-05, 5.79808E-06, 6.18812E-06, 4.79823E-08
188, 1.76374E-05, 5.81962E-06, 6.08827E-06, 4.63704E-08
189, 1.78404E-05, 5.83637E-06, 5.98252E-06, 4.47302E-08
190, 1.80221E-05, 5.84833E-06, 5.87111E-06, 4.30675E-08
191, 1.81826E-05, 5.85548E-06, 5.75428E-06, 4.13877E-08
192, 1.83217E-05, 5.85784E-06, 5.63228E-06, 3.96962E-08
193, 1.84395E-05, 5.85541E-06, 5.50536E-06, 3.79978E-08
194, 1.85360E-05, 5.84823E-06, 5.37378E-06, 3.62975E-08
195, 1.86112E-05, 5.83632E-06, 5.23781E-06, 3.45994E-08
196, 1.86651E-05, 5.81971E-06, 5.09770E-06, 3.29077E-08
197, 1.86980E-05, 5.79844E-06, 4.95373E-06, 3.12264E-08
198, 1.87100E-05, 5.77257E-06, 4.80616E-06, 3.09690E-08
199, 1.87012E-05, 5.74213E-06, 4.65527E-06, 3.10471E-08
200, 1.86718E-05, 5.70719E-06, 4.50133E-06, 3.10284E-08
201, 1.86221E-05, 5.66785E-06, 4.34460E-06, 3.09157E-08
202, 1.85523E-05, 5.62416E-06, 4.31172E-06, 3.07122E-08
203, 1.84628E-05, 5.57619E-06, 4.27775E-06, 3.09096E-08
204, 1.83539E-05, 5.52399E-06, 4.23742E-06, 3.15102E-08
205, 1.82258E-05, 5.46767E-06, 4.19087E-06, 3.19828E-08
206, 1.80790E-05, 5.40731E-06, 4.13824E-06, 3.23301E-08
207, 1.79139E-05, 5.34300E-06, 4.17646E-06, 3.25550E-08
208, 1.77309E-05, 5.27485E-06, 4.27017E-06, 3.26610E-08
209, 1.75304E-05, 5.20296E-06, 4.35626E-06, 3.26520E-08
210, 1.73129E-05, 5.12742E-06, 4.43472E-06, 3.25322E-08
211, 1.70788E-05, 5.04837E-06, 4.50555E-06, 3.23063E-08
212, 1.68288E-05, 4.96590E-06, 4.56875E-06, 3.19788E-08
213, 1.65632E-05, 4.88013E-06, 4.62436E-06, 3.15550E-08
214, 1.62827E-05, 4.79120E-06, 4.67240E-06, 3.10401E-08
215, 1.59877E-05, 4.69921E-06, 4.71293E-06, 3.04394E-08
216, 1.56789E-05, 4.60430E-06, 4.74600E-06, 2.97587E-08
217, 1.53568E-05, 4.50659E-06, 4.77169E-06, 2.90034E-08
218, 1.50221E-05, 4.40621E-06, 4.79009E-06, 2.92233E-08
219, 1.46753E-05, 4.30331E-06, 4.80128E-06, 2.96679E-08
220, 1.43171E-05, 4.19800E-06, 4.80538E-06, 3.00281E-08
221, 1.39480E-05, 4.09044E-06, 4.80250E-06, 3.03060E-08
222, 1.35687E-05, 3.98075E-06, 4.79277E-06, 3.05039E-08
223, 1.31799E-05, 3.86907E-06, 4.77633E-06, 3.06246E-08
224, 1.27822E-05, 3.75555E-06, 4.75332E-06, 3.06707E-08
225, 1.23762E-05, 3.64032E-06, 4.72389E-06, 3.06451E-08
226, 1.19627E-05, 3.60004E-06, 4.68822E-06, 3.05509E-08
227, 1.15422E-05, 3.58837E-06, 4.64647E-06, 3.03912E-08
228, 1.11154E-05, 3.57449E-06, 4.59883E-06, 3.01693E-08
229, 1.09062E-05, 3.57241E-06, 4.54547E-06, 2.98883E-08
230, 1.08910E-05, 3.61250E-06, 4.48660E-06, 2.95516E-08
231, 1.08636E-05, 3.70936E-06, 4.42240E-06, 2.91625E-08
232, 1.08241E-05, 3.82179E-06, 4.35310E-06, 2.87245E-08
233, 1.07727E-05, 3.93003E-06, 4.27889E-06, 2.82408E-08
234, 1.07096E-05, 4.03409E-06, 4.19999E-06, 2.77149E-08
235, 1.06351E-05, 4.13395E-06, 4.11663E-06, 2.71499E-08
236, 1.05494E-05, 4.22960E-06, 4.04810E-06, 2.65492E-08
237, 1.04528E-05, 4.32106E-06, 4.09129E-06, 2.59160E-08
238, 1.03456E-05, 4.40833E-06, 4.12816E-06, 2.52535E-08
239, 1.02281E-05, 4.49141E-06, 4.15876E-06, 2.45646E-08
240, 1.01006E-05, 4.57033E-06, 4.18314E-06, 2.38524E-08
241, 9.96339E-06, 4.64510E-06, 4.20136E-06, 2.31197E-08
242, 9.81681E-06, 4.71574E-06, 4.21348E-06, 2.23694E-08
243, 9.66122E-06, 4.78229E-06, 4.21958E-06, 2.16042E-08
244, 9.49697E-06, 4.84477E-06, 4.21975E-06, 2.08265E-08
245, 9.32442E-06, 4.90321E-06, 4.21409E-06, 2.00390E-08
246, 9.14394E-06, 4.95766E-06, 4.20271E-06, 1.92439E-08
247, 8.95591E-06, 5.00814E-06, 4.18572E-06, 1.84435E-08
248, 9.08585E-06, 5.05472E-06, 4.16324E-06, 1.76399E-08
249, 9.22714E-06, 5.09742E-06, 4.13541E-06, 1.74491E-08
250, 9.35711E-06, 5.13631E-06, 4.10237E-06, 1.77229E-08
251, 9.47587E-06, 5.17143E-06, 4.06425E-06, 1.79757E-08
252, 9.58352E-06, 5.20283E-06, 4.02121E-06, 1.82074E-08
253, 9.68017E-06, 5.23058E-06, 3.97341E-06, 1.84178E-08
254, 9.76596E-06, 5.25474E-06, 3.92102E-06, 1.86069E-08
255, 9.84104E-06, 5.27535E-06, 3.86420E-06, 1.87745E-08
256, 9.90556E-06, 5.29250E-06, 3.80312E-06, 1.89206E-08
257, 9.95969E-06, 5.30623E-06, 3.73797E-06, 1.90451E-08
258, 1.00036E-05, 5.31663E-06, 3.66893E-06, 1.91481E-08
259, 1.00375E-05, 5.32375E-06, 3.59619E-06, 1.92292E-08
260, 1.00615E-05, 5.32766E-06, 3.51992E-06, 1.92887E-08
261, 1.00760E-05, 5.32845E-06, 3.44034E-06, 1.93265E-08
262, 1.00810E-05, 5.32619E-06, 3.35763E-06, 1.93424E-08
263, 1.00768E-05, 5.32094E-06, 3.27198E-06, 1.93367E-08
264, 1.00637E-05, 5.31279E-06, 3.18360E-06, 1.93094E-08
265, 1.00419E-05, 5.30179E-06, 3.09269E-06, 1.92604E-08
266, 1.00116E-05, 5.28804E-06, 2.99945E-06, 1.91900E-08
267, 9.97306E-06, 5.27161E-06, 2.90407E-06, 1.90984E-08
268, 9.92658E-06, 5.25257E-06, 2.80676E-06, 1.89856E-08
269, 9.87241E-06, 5.23101E-06, 2.71070E-06, 1.88518E-08
270, 9.81081E-06, 5.20700E-06, 2.75519E-06, 1.86974E-08
271, 9.74206E-06, 5.18062E-06, 2.79569E-06, 1.85226E-08
272, 9.66642E-06, 5.15196E-06, 2.83222E-06, 1.83277E-08
273, 9.58417E-06, 5.12108E-06, 2.86480E-06, 1.81130E-08
274, 9.49561E-06, 5.08808E-06, 2.89346E-06, 1.78790E-08
275, 9.40102E-06, 5.05303E-06, 2.91823E-06, 1.76260E-08
276, 9.30068E-06, 5.01601E-06, 2.93915E-06, 1.73544E-08
277, 9.19487E-06, 4.97710E-06, 2.95628E-06, 1.70648E-08
278, 9.08388E-06, 4.93637E-06, 2.96966E-06, 1.67578E-08
279, 8.96799E-06, 4.89391E-06, 2.97934E-06, 1.64337E-08
280, 8.84749E-06, 4.84979E-06, 2.98539E-06, 1.60932E-08
281, 8.72267E-06, 4.80410E-06, 2.98786E-06, 1.57369E-08
282, 8.59380E-06, 4.75690E-06, 2.98684E-06, 1.53654E-08
283, 8.46119E-06, 4.70828E-06, 2.98239E-06, 1.49794E-08
284, 8.32510E-06, 4.65830E-06, 2.97460E-06, 1.45796E-08
285, 8.18582E-06, 4.60705E-06, 2.96354E-06, 1.41667E-08
286, 8.04362E-06, 4.55460E-06, 2.94931E-06, 1.37414E-08
287, 7.89877E-06, 4.50101E-06, 2.93198E-06, 1.33045E-08
288, 7.75155E-06, 4.44637E-06, 2.91167E-06, 1.28567E-08
289, 7.60223E-06, 4.39073E-06, 2.88846E-06, 1.24406E-08
290, 7.45105E-06, 4.33418E-06, 2.86245E-06, 1.20633E-08
291, 7.29829E-06, 4.27677E-06, 2.83375E-06, 1.16800E-08
292, 7.14420E-06, 4.21858E-06, 2.80245E-06, 1.12917E-08
293, 6.98901E-06, 4.15967E-06, 2.76868E-06, 1.08989E-08
294, 6.83297E-06, 4.10010E-06, 2.73252E-06, 1.05025E-08
295, 6.67633E-06, 4.03994E-06, 2.69410E-06, 1.01164E-08
296, 6.53849E-06, 3.97925E-06, 2.65353E-06, 1.02272E-08
297, 6.47966E-06, 3.91809E-06, 2.61091E-06, 1.03182E-08
298, 6.41399E-06, 3.85651E-06, 2.56637E-06, 1.03899E-08
299, 6.34180E-06, 3.79458E-06, 2.52002E-06, 1.04428E-08
300, 6.26340E-06, 3.73236E-06, 2.47197E-06, 1.04773E-08
301, 6.17910E-06, 3.66988E-06, 2.42233E-06, 1.04939E-08
302, 6.08921E-06, 3.60721E-06, 2.37123E-06, 1.04933E-08
303, 5.99405E-06, 3.54440E-06, 2.31878E-06, 1.04760E-08
304, 5.89394E-06, 3.48149E-06, 2.26509E-06, 1.04425E-08
305, 5.78919E-06, 3.41854E-06, 2.21028E-06, 1.03934E-08
306, 5.68013E-06, 3.35558E-06, 2.15446E-06, 1.03294E-08
307, 5.56706E-06, 3.29267E-06, 2.09775E-06, 1.02509E-08
308, 5.45030E-06, 3.22985E-06, 2.04026E-06, 1.01587E-08
309, 5.33016E-06, 3.16716E-06, 1.98209E-06, 1.00533E-08
310, 5.20696E-06, 3.10463E-06, 1.92336E-06, 9.93530E-09
311, 5.08099E-06, 3.04231E-06, 1.86418E-06, 9.80535E-09
312, 4.95257E-06, 2.98023E-06, 1.80465E-06, 9.66404E-09
313, 4.82199E-06, 2.91842E-06, 1.74487E-06, 9.51193E-09
314, 4.68956E-06, 2.85692E-06, 1.68494E-06, 9.34966E-09
315, 4.55555E-06, 2.79576E-06, 1.62498E-06, 9.17776E-09
316, 4.42025E-06, 2.73498E-06, 1.56506E-06, 8.99683E-09
317, 4.28395E-06, 2.67459E-06, 1.50530E-06, 8.80747E-09
318, 4.14692E-06, 2.61462E-06, 1.44577E-06, 8.61019E-09
319, 4.07234E-06, 2.55511E-06, 1.38657E-06, 8.40559E-09
320, 4.05688E-06, 2.49607E-06, 1.32779E-06, 8.19414E-09
321, 4.03544E-06, 2.43752E-06, 1.26951E-06, 8.10498E-09
322, 4.00816E-06, 2.37949E-06, 1.21181E-06, 8.06062E-09
323, 3.97523E-06, 2.32200E-06, 1.15477E-06, 8.01355E-09
324, 3.93680E-06, 2.26506E-06, 1.09846E-06, 7.96383E-09
325, 3.89307E-06, 2.20869E-06, 1.06521E-06, 7.91149E-09
326, 3.84421E-06, 2.15291E-06, 1.06224E-06, 7.85651E-09
327, 3.79042E-06, 2.09773E-06, 1.05697E-06, 7.79898E-09
328, 3.73189E-06, 2.04316E-06, 1.04947E-06, 7.73887E-09
329, 3.66883E-06, 1.98922E-06, 1.03982E-06, 7.67618E-09
330, 3.60143E-06, 1.93591E-06, 1.02808E-06, 7.61097E-09
331, 3.52990E-06, 1.88325E-06, 1.01435E-06, 7.57509E-09
332, 3.45445E-06, 1.83124E-06, 9.98689E-07, 7.56310E-09
333, 3.37530E-06, 1.77990E-06, 9.81194E-07, 7.54868E-09
334, 3.29265E-06, 1.72921E-06, 9.61943E-07, 7.53176E-09
335, 3.20673E-06, 1.67921E-06, 9.41021E-07, 7.51240E-09
336, 3.11774E-06, 1.62987E-06, 9.18512E-07, 7.49048E-09
337, 3.02591E-06, 1.58122E-06, 8.94505E-07, 7.46603E-09
338, 2.93145E-06, 1.53325E-06, 8.69084E-07, 7.43902E-09
339, 2.83459E-06, 1.48597E-06, 8.49935E-07, 7.40942E-09
340, 2.73553E-06, 1.43937E-06, 8.42404E-07, 7.37718E-09
341, 2.63712E-06, 1.39346E-06, 8.60967E-07, 7.34238E-09
342, 2.66104E-06, 1.34824E-06, 8.80044E-07, 7.30489E-09
343, 2.68130E-06, 1.30370E-06, 8.97690E-07, 7.26475E-09
344, 2.69792E-06, 1.25984E-06, 9.13891E-07, 7.22197E-09
345, 2.71094E-06, 1.21666E-06, 9.28637E-07, 7.17652E-09
346, 2.72039E-06, 1.17417E-06, 9.41920E-07, 7.12839E-09
347, 2.72633E-06, 1.13957E-06, 9.53735E-07, 7.07762E-09
348, 2.72878E-06, 1.12369E-06, 9.64081E-07, 7.02419E-09
349, 2.72782E-06, 1.10773E-06, 9.72958E-07, 6.96811E-09
350, 2.72349E-06, 1.09171E-06, 9.80369E-07, 6.90939E-09
351, 2.71588E-06, 1.07562E-06, 9.86321E-07, 6.84807E-09
352, 2.70503E-06, 1.05947E-06, 9.90822E-07, 6.78417E-09
353, 2.69104E-06, 1.04326E-06, 9.93884E-07, 6.71769E-09
354, 2.67397E-06, 1.02701E-06, 9.95520E-07, 6.67653E-09
355, 2.65391E-06, 1.01071E-06, 9.95746E-07, 6.64844E-09
356, 2.63094E-06, 9.99746E-07, 9.94580E-07, 6.61804E-09
357, 2.60517E-06, 9.97500E-07, 9.92043E-07, 6.58535E-09
358, 2.57667E-06, 9.97577E-07, 9.88158E-07, 6.55040E-09
359, 2.54555E-06, 9.97383E-07, 9.82949E-07, 6.51324E-09
360, 2.51190E-06, 9.96920E-07, 9.76442E-07, 6.51360E-09
361, 2.47583E-06, 9.96191E-07, 9.68666E-07, 6.55077E-09
362, 2.43744E-06, 9.95200E-07, 9.59651E-07, 6.58527E-09
363, 2.39684E-06, 9.93947E-07, 9.49429E-07, 6.61711E-09
364, 2.35413E-06, 9.92437E-07, 9.38034E-07, 6.64619E-09
365, 2.30943E-06, 9.90672E-07, 9.25499E-07, 6.67258E-09
366, 2.26284E-06, 9.88654E-07, 9.11862E-07, 6.69622E-09
367, 2.21449E-06, 9.86387E-07, 8.97160E-07, 6.71704E-09
368, 2.16448E-06, 9.83872E-07, 8.81432E-07, 6.73507E-09
369, 2.12306E-06, 9.81114E-07, 8.64717E-07, 6.75030E-09
370, 2.10623E-06, 9.78114E-07, 8.47056E-07, 6.76266E-09
371, 2.08631E-06, 9.74876E-07, 8.28490E-07, 6.77222E-09
372, 2.06339E-06, 9.71403E-07, 8.09063E-07, 6.77891E-09
373, 2.03760E-06, 9.67696E-07, 7.88817E-07, 6.78273E-09
374, 2.00903E-06, 9.63760E-07, 7.67796E-07, 6.81351E-09
375, 1.97780E-06, 9.59597E-07, 7.46044E-07, 6.88660E-09
376, 1.94403E-06, 9.59893E-07, 7.23606E-07, 6.95661E-09
377, 1.90782E-06, 9.60069E-07, 7.00526E-07, 7.02349E-09
378, 1.86930E-06, 9.60016E-07, 6.76850E-07, 7.08722E-09
379, 1.82859E-06, 9.59735E-07, 6.52622E-07, 7.14774E-09
380, 1.78581E-06, 9.59229E-07, 6.27889E-07, 7.20506E-09
381, 1.74107E-06, 9.58498E-07, 6.23510E-07, 7.25913E-09
382, 1.69452E-06, 9.57545E-07, 6.22106E-07, 7.30992E-09
383, 1.64626E-06, 9.56372E-07, 6.20247E-07, 7.35741E-09
384, 1.59643E-06, 9.54981E-07, 6.17952E-07, 7.40160E-09
385, 1.54515E-06, 9.53373E-07, 6.15240E-07, 7.44247E-09
386, 1.49254E-06, 9.51550E-07, 6.12130E-07, 7.48004E-09
387, 1.43873E-06, 9.49515E-07, 6.08643E-07, 7.51425E-09
388, 1.38385E-06, 9.47269E-07, 6.04799E-07, 7.54519E-09
389, 1.37002E-06, 9.44814E-07, 6.00617E-07, 7.57279E-09
390, 1.35924E-06, 9.42152E-07, 5.96118E-07, 7.59711E-09
391, 1.34718E-06, 9.39286E-07, 5.91323E-07, 7.61814E-09
392, 1.33388E-06, 9.36216E-07, 5.86250E-07, 7.63592E-09
393, 1.31938E-06, 9.32945E-07, 5.80921E-07, 7.65046E-09
394, 1.30673E-06, 9.29475E-07, 5.75356E-07, 7.66183E-09
395, 1.31298E-06, 9.28997E-07, 5.69574E-07, 7.66999E-09
396, 1.31666E-06, 9.29759E-07, 5.63595E-07, 7.67503E-09
397, 1.31783E-06, 9.30313E-07, 5.57438E-07, 7.67698E-09
398, 1.31656E-06, 9.30659E-07, 5.51122E-07, 7.67585E-09
399, 1.31293E-06, 9.30799E-07, 5.44667E-07, 7.67174E-09
400, 1.30700E-06, 9.30733E-07, 5.50046E-07, 7.66463E-09
401, 1.29886E-06, 9.30465E-07, 5.62739E-07, 7.65463E-09
402, 1.28857E-06, 9.29993E-07, 5.74649E-07, 7.64176E-09
403, 1.27623E-06, 9.29320E-07, 5.85779E-07, 7.66925E-09
404, 1.26191E-06, 9.28446E-07, 5.96140E-07, 7.72659E-09
405, 1.24569E-06, 9.27374E-07, 6.05730E-07, 7.78092E-09
406, 1.22767E-06, 9.26104E-07, 6.14556E-07, 7.83229E-09
407, 1.20792E-06, 9.24637E-07, 6.22626E-07, 7.88064E-09
408, 1.18653E-06, 9.22975E-07, 6.29948E-07, 7.92600E-09
409, 1.16359E-06, 9.21120E-07, 6.36533E-07, 7.96836E-09
410, 1.13920E-06, 9.19072E-07, 6.42390E-07, 8.00775E-09
411, 1.11343E-06, 9.16832E-07, 6.47533E-07, 8.04415E-09
412, 1.08638E-06, 9.14403E-07, 6.51973E-07, 8.07756E-09
413, 1.05813E-06, 9.11785E-07, 6.55724E-07, 8.10801E-09
414, 1.04345E-06, 9.08980E-07, 6.58801E-07, 8.13550E-09
415, 1.05528E-06, 9.05989E-07, 6.61219E-07, 8.16002E-09
416, 1.06575E-06, 9.02814E-07, 6.62993E-07, 8.18160E-09
417, 1.07485E-06, 8.99455E-07, 6.64140E-07, 8.20023E-09
418, 1.08255E-06, 8.96462E-07, 6.64677E-07, 8.21591E-09
419, 1.09551E-06, 8.97323E-07, 6.64621E-07, 8.22869E-09
420, 1.11545E-06, 8.97987E-07, 6.63991E-07, 8.23853E-09
421, 1.13478E-06, 8.98456E-07, 6.62805E-07, 8.24548E-09
422, 1.15346E-06, 8.98729E-07, 6.61082E-07, 8.24951E-09
423, 1.17147E-06, 8.98807E-07, 6.58840E-07, 8.25067E-09
424, 1.18880E-06, 8.98691E-07, 6.56101E-07, 8.24894E-09
425, 1.20540E-06, 8.98381E-07, 6.52883E-07, 8.24434E-09
426, 1.22127E-06, 8.97878E-07, 6.49206E-07, 8.23689E-09
427, 1.23638E-06, 8.97182E-07, 6.45090E-07, 8.22659E-09
428, 1.25071E-06, 8.96295E-07, 6.40555E-07, 8.21345E-09
429, 1.26424E-06, 8.95911E-07, 6.35623E-07, 8.19750E-09
430, 1.27697E-06, 8.95399E-07, 6.30311E-07, 8.17873E-09
431, 1.28888E-06, 8.94674E-07, 6.24642E-07, 8.15718E-09
432, 1.29995E-06, 8.93736E-07, 6.18635E-07, 8.14909E-09
433, 1.31018E-06, 8.92585E-07, 6.12310E-07, 8.19691E-09
434, 1.31956E-06, 8.91222E-07, 6.05687E-07, 8.24164E-09
435, 1.32807E-06, 8.89647E-07, 6.12565E-07, 8.28328E-09
436, 1.33573E-06, 8.87862E-07, 6.20887E-07, 8.32174E-09
437, 1.34251E-06, 8.85865E-07, 6.28569E-07, 8.35704E-09
438, 1.34843E-06, 8.83659E-07, 6.35614E-07, 8.38906E-09
439, 1.35347E-06, 8.81243E-07, 6.42021E-07, 8.41788E-09
440, 1.35765E-06, 8.79769E-07, 6.47791E-07, 8.44336E-09
441, 1.36096E-06, 8.81288E-07, 6.52928E-07, 8.46558E-09
442, 1.36341E-06, 8.83542E-07, 6.57435E-07, 8.48443E-09
443, 1.36499E-06, 8.85614E-07, 6.61317E-07, 8.49991E-09
444, 1.38813E-06, 8.87477E-07, 6.64580E-07, 8.51203E-09
445, 1.41799E-06, 8.89131E-07, 6.67231E-07, 8.52072E-09
446, 1.44724E-06, 8.90574E-07, 6.69275E-07, 8.52603E-09
447, 1.47587E-06, 8.91806E-07, 6.70721E-07, 8.52792E-09
448, 1.50384E-06, 8.92825E-07, 6.71578E-07, 8.52635E-09
449, 1.53114E-06, 8.93630E-07, 6.71855E-07, 8.52136E-09
450, 1.55775E-06, 8.94222E-07, 6.71561E-07, 8.51291E-09
451, 1.58366E-06, 8.94599E-07, 6.70708E-07, 8.50103E-09
452, 1.60884E-06, 8.94762E-07, 6.69305E-07, 8.48572E-09
453, 1.63327E-06, 8.94708E-07, 6.67364E-07, 8.46699E-09
454, 1.65695E-06, 8.94439E-07, 6.64898E-07, 8.44484E-09
455, 1.67986E-06, 8.93954E-07, 6.61918E-07, 8.41931E-09
456, 1.70199E-06, 8.93252E-07, 6.58438E-07, 8.39037E-09
457, 1.72332E-06, 8.92334E-07, 6.54470E-07, 8.35809E-09
458, 1.74385E-06, 8.91200E-07, 6.50027E-07, 8.32249E-09
459, 1.76356E-06, 8.89849E-07, 6.45125E-07, 8.28359E-09
460, 1.78245E-06, 8.88282E-07, 6.39775E-07, 8.24142E-09
461, 1.80051E-06, 8.86500E-07, 6.33994E-07, 8.19601E-09
462, 1.81774E-06, 8.84502E-07, 6.27795E-07, 8.18786E-09
463, 1.83412E-06, 8.82289E-07, 6.21193E-07, 8.20777E-09
464, 1.84966E-06, 8.79862E-07, 6.14203E-07, 8.22418E-09
465, 1.86436E-06, 8.77221E-07, 6.06839E-07, 8.23703E-09
466, 1.87820E-06, 8.74368E-07, 5.99117E-07, 8.24640E-09
467, 1.89119E-06, 8.71303E-07, 6.01373E-07, 8.25222E-09
468, 1.90334E-06, 8.73561E-07, 6.09453E-07, 8.25456E-09
469, 1.91464E-06, 8.75715E-07, 6.17131E-07, 8.25341E-09
470, 1.92509E-06, 8.77660E-07, 6.24405E-07, 8.24878E-09
471, 1.93470E-06, 8.79395E-07, 6.31272E-07, 8.24071E-09
472, 1.94347E-06, 8.80918E-07, 6.37731E-07, 8.22921E-09
473, 1.95141E-06, 8.82228E-07, 6.43780E-07, 8.21431E-09
474, 1.95852E-06, 8.83324E-07, 6.49419E-07, 8.19604E-09
475, 1.96481E-06, 8.84205E-07, 6.54648E-07, 8.17448E-09
476, 1.97028E-06, 8.84870E-07, 6.59466E-07, 8.14958E-09
477, 1.97495E-06, 8.85318E-07, 6.63875E-07, 8.12145E-09
478, 1.97883E-06, 8.85547E-07, 6.67875E-07, 8.09013E-09
479, 1.98192E-06, 8.85557E-07, 6.71468E-07, 8.05564E-09
480, 1.98423E-06, 8.85348E-07, 6.74655E-07, 8.01804E-09
481, 1.98578E-06, 8.84919E-07, 6.77440E-07, 7.97741E-09
482, 1.98657E-06, 8.84270E-07, 6.79824E-07, 7.93377E-09
483, 1.98662E-06, 8.83400E-07, 6.81811E-07, 7.88719E-09
484, 1.98595E-06, 8.82308E-07, 6.83404E-07, 7.83777E-09
485, 1.98456E-06, 8.80996E-07, 6.84606E-07, 7.78550E-09
486, 1.98247E-06, 8.79463E-07, 6.85423E-07, 7.73049E-09
487, 1.97969E-06, 8.77709E-07, 6.85857E-07, 7.67282E-09
488, 1.97625E-06, 8.75734E-07, 6.85913E-07, 7.61252E-09
489, 1.97214E-06, 8.73539E-07, 6.85597E-07, 7.54970E-09
490, 1.96739E-06, 8.71124E-07, 6.84913E-07, 7.48441E-09
491, 1.96202E-06, 8.70948E-07, 6.83867E-07, 7.41673E-09
492, 1.95604E-06, 8.73685E-07, 6.82464E-07, 7.37678E-09
493, 1.94947E-06, 8.76216E-07, 6.80710E-07, 7.37146E-09
494, 1.94231E-06, 8.78540E-07, 6.78611E-07, 7.36349E-09
495, 1.93460E-06, 8.80654E-07, 6.76173E-07, 7.35288E-09
496, 1.92635E-06, 8.82556E-07, 6.73403E-07, 7.33971E-09
497, 1.91757E-06, 8.84246E-07, 6.70306E-07, 7.32398E-09
498, 1.90828E-06, 8.85721E-07, 6.66890E-07, 7.30573E-09
499, 1.89850E-06, 8.86980E-07, 6.63161E-07, 7.28499E-09
500, 1.88825E-06, 8.88021E-07, 6.59125E-07, 7.26184E-09
501, 1.87754E-06, 8.88844E-07, 6.54791E-07, 7.23629E-09
502, 1.86639E-06, 8.89446E-07, 6.50164E-07, 7.20839E-09
503, 1.85482E-06, 8.89828E-07, 6.45252E-07, 7.17820E-09
504, 1.84285E-06, 8.89987E-07, 6.40062E-07, 7.14574E-09
505, 1.83049E-06, 8.89923E-07, 6.34601E-07, 7.11108E-09
506, 1.81776E-06, 8.89635E-07, 6.28877E-07, 7.07424E-09
507, 1.80468E-06, 8.89123E-07, 6.22896E-07, 7.03530E-09
508, 1.79126E-06, 8.88387E-07, 6.16667E-07, 6.99428E-09
509, 1.77752E-06, 8.87424E-07, 6.10195E-07, 6.95128E-09
510, 1.76347E-06, 8.86237E-07, 6.03489E-07, 6.90628E-09
511, 1.74914E-06, 8.84823E-07, 5.96555E-07, 6.85938E-09
512, 1.73454E-06, 8.83184E-07, 5.96116E-07, 6.81061E-09
513, 1.71968E-06, 8.81319E-07, 5.98832E-07, 6.76004E-09
514, 1.70458E-06, 8.79229E-07, 6.01254E-07, 6.70770E-09
515, 1.68926E-06, 8.76915E-07, 6.03386E-07, 6.65367E-09
516, 1.67373E-06, 8.76176E-07, 6.05233E-07, 6.59798E-09
517, 1.65800E-06, 8.76135E-07, 6.06799E-07, 6.54072E-09
518, 1.64210E-06, 8.76407E-07, 6.08088E-07, 6.48189E-09
519, 1.62602E-06, 8.79216E-07, 6.09105E-07, 6.42158E-09
520, 1.60980E-06, 8.81807E-07, 6.09856E-07, 6.35984E-09
521, 1.59343E-06, 8.84176E-07, 6.10345E-07, 6.29670E-09
522, 1.57694E-06, 8.86322E-07, 6.10578E-07, 6.23229E-09
523, 1.56034E-06, 8.88243E-07, 6.10560E-07, 6.20022E-09
524, 1.54363E-06, 8.89937E-07, 6.10296E-07, 6.19353E-09
525, 1.52684E-06, 8.91403E-07, 6.09792E-07, 6.18509E-09
526, 1.50997E-06, 8.92638E-07, 6.09053E-07, 6.17496E-09
527, 1.49303E-06, 8.94844E-07, 6.08085E-07, 6.16311E-09
528, 1.47604E-06, 9.03549E-07, 6.06895E-07, 6.14959E-09
529, 1.45900E-06, 9.12230E-07, 6.05487E-07, 6.13440E-09
530, 1.44193E-06, 9.20884E-07, 6.03868E-07, 6.11763E-09
531, 1.42484E-06, 9.29511E-07, 6.02044E-07, 6.09918E-09
532, 1.40773E-06, 9.38107E-07, 6.00019E-07, 6.07918E-09
533, 1.39061E-06, 9.46672E-07, 5.97802E-07, 6.05760E-09
534, 1.37350E-06, 9.55203E-07, 5.95396E-07, 6.03446E-09
535, 1.35639E-06, 9.63698E-07, 5.92809E-07, 6.00981E-09
536, 1.33930E-06, 9.72154E-07, 5.90046E-07, 5.98367E-09
537, 1.32224E-06, 9.80571E-07, 5.87114E-07, 5.95603E-09
538, 1.30522E-06, 9.88944E-07, 5.84017E-07, 5.92699E-09
539, 1.28823E-06, 9.97274E-07, 5.80762E-07, 5.89651E-09
540, 1.27129E-06, 1.00556E-06, 5.77355E-07, 5.86463E-09
541, 1.25440E-06, 1.01379E-06, 5.73802E-07, 5.83142E-09
542, 1.23756E-06, 1.02197E-06, 5.70107E-07, 5.79686E-09
543, 1.22079E-06, 1.03010E-06, 5.66278E-07, 5.76100E-09
544, 1.20409E-06, 1.03817E-06, 5.62319E-07, 5.72387E-09
545, 1.18746E-06, 1.04618E-06, 5.58237E-07, 5.68550E-09
546, 1.17091E-06, 1.05413E-06, 5.55589E-07, 5.64593E-09
547, 1.15444E-06, 1.06201E-06, 5.57280E-07, 5.60519E-09
548, 1.13805E-06, 1.06983E-06, 5.58953E-07, 5.56329E-09
549, 1.12175E-06, 1.07758E-06, 5.60610E-07, 5.52029E-09
550, 1.10555E-06, 1.08525E-06, 5.62250E-07, 5.47621E-09
551, 1.08943E-06, 1.09285E-06, 5.63873E-07, 5.43109E-09
552, 1.07342E-06, 1.10038E-06, 5.65478E-07, 5.38497E-09
553, 1.05750E-06, 1.10782E-06, 5.67066E-07, 5.33786E-09
554, 1.04168E-06, 1.11518E-06, 5.68636E-07, 5.31373E-09
555, 1.02597E-06, 1.12245E-06, 5.70188E-07, 5.31803E-09
556, 1.01035E-06, 1.12964E-06, 5.71723E-07, 5.32088E-09
557, 1.00393E-06, 1.13673E-06, 5.73239E-07, 5.32227E-09
558, 1.00539E-06, 1.14373E-06, 5.74737E-07, 5.32221E-09
559, 1.00678E-06, 1.15063E-06, 5.76458E-07, 5.32072E-09
560, 1.00812E-06, 1.15743E-06, 5.79220E-07, 5.31782E-09
561, 1.00940E-06, 1.16412E-06, 5.81961E-07, 5.31349E-09
562, 1.01062E-06, 1.17072E-06, 5.84682E-07, 5.30777E-09
563, 1.01178E-06, 1.17720E-06, 5.87383E-07, 5.30062E-09
564, 1.01289E-06, 1.18357E-06, 5.90063E-07, 5.29213E-09
565, 1.01394E-06, 1.18982E-06, 5.92723E-07, 5.28225E-09
566, 1.01494E-06, 1.19596E-06, 5.95362E-07, 5.27102E-09
567, 1.01589E-06, 1.20198E-06, 5.97982E-07, 5.25845E-09
568, 1.01678E-06, 1.20787E-06, 6.00581E-07, 5.24460E-09
569, 1.01762E-06, 1.21364E-06, 6.03160E-07, 5.22938E-09
570, 1.01842E-06, 1.21928E-06, 6.05719E-07, 5.21295E-09
571, 1.01916E-06, 1.22478E-06, 6.08258E-07, 5.19520E-09
572, 1.01985E-06, 1.23015E-06, 6.10776E-07, 5.17621E-09
573, 1.02050E-06, 1.23539E-06, 6.13275E-07, 5.15603E-09
574, 1.02110E-06, 1.24048E-06, 6.15754E-07, 5.13461E-09
575, 1.02166E-06, 1.24543E-06, 6.18213E-07, 5.11200E-09
576, 1.02217E-06, 1.25023E-06, 6.20652E-07, 5.08829E-09
577, 1.02263E-06, 1.25489E-06, 6.23070E-07, 5.06338E-09
578, 1.02305E-06, 1.25939E-06, 6.25469E-07, 5.03735E-09
579, 1.02343E-06, 1.26374E-06, 6.27849E-07, 5.01028E-09
580, 1.02376E-06, 1.26793E-06, 6.30208E-07, 4.98209E-09
581, 1.02406E-06, 1.27197E-06, 6.32547E-07, 4.95289E-09
582, 1.02431E-06, 1.27584E-06, 6.34867E-07, 4.92267E-09
583, 1.02452E-06, 1.27955E-06, 6.37167E-07, 4.89145E-09
584, 1.03683E-06, 1.28309E-06, 6.39447E-07, 4.85925E-09
585, 1.05111E-06, 1.28646E-06, 6.41707E-07, 4.82612E-09
586, 1.06540E-06, 1.28966E-06, 6.43948E-07, 4.79205E-09
587, 1.07968E-06, 1.29351E-06, 6.46168E-07, 4.80208E-09
588, 1.09396E-06, 1.29785E-06, 6.48369E-07, 4.81240E-09
589, 1.10823E-06, 1.30204E-06, 6.50550E-07, 4.82173E-09
590, 1.12248E-06, 1.30606E-06, 6.52712E-07, 4.83002E-09
591, 1.13673E-06, 1.30991E-06, 6.54853E-07, 4.83734E-09
592, 1.15095E-06, 1.31360E-06, 6.57625E-07, 4.84365E-09
593, 1.16515E-06, 1.31711E-06, 6.61010E-07, 4.84892E-09
594, 1.17933E-06, 1.32046E-06, 6.64376E-07, 4.85320E-09
595, 1.19349E-06, 1.32364E-06, 6.67721E-07, 4.85641E-09
596, 1.20761E-06, 1.32663E-06, 6.71047E-07, 4.85863E-09
597, 1.22170E-06, 1.32946E-06, 6.74353E-07, 4.85982E-09
598, 1.23576E-06, 1.33210E-06, 6.77638E-07, 4.85998E-09
599, 1.24978E-06, 1.33456E-06, 6.80904E-07, 4.85906E-09
600, 1.26376E-06, 1.33684E-06, 6.84149E-07, 4.85718E-09
601, 1.27769E-06, 1.33894E-06, 6.87373E-07, 4.85422E-09
602, 1.29158E-06, 1.34085E-06, 6.91731E-07, 4.85021E-09
603, 1.30542E-06, 1.34258E-06, 6.96749E-07, 4.84519E-09
604, 1.31921E-06, 1.34412E-06, 7.01744E-07, 4.83912E-09
605, 1.33294E-06, 1.34547E-06, 7.06716E-07, 4.83203E-09
606, 1.34662E-06, 1.34663E-06, 7.11663E-07, 4.82390E-09
607, 1.36024E-06, 1.34760E-06, 7.16585E-07, 4.81475E-09
608, 1.37379E-06, 1.34838E-06, 7.21483E-07, 4.80674E-09
609, 1.38728E-06, 1.34896E-06, 7.26355E-07, 4.80528E-09
610, 1.40070E-06, 1.34935E-06, 7.31202E-07, 4.80218E-09
611, 1.41406E-06, 1.34955E-06, 7.36023E-07, 4.79749E-09
612, 1.42734E-06, 1.34955E-06, 7.40817E-07, 4.79116E-09
613, 1.44055E-06, 1.34935E-06, 7.45585E-07, 4.78324E-09
614, 1.45368E-06, 1.34896E-06, 7.50326E-07, 4.78276E-09
615, 1.46673E-06, 1.34837E-06, 7.55040E-07, 4.79288E-09
616, 1.47970E-06, 1.34759E-06, 7.59725E-07, 4.80104E-09
617, 1.49258E-06, 1.34660E-06, 7.64383E-07, 4.80723E-09
618, 1.50538E-06, 1.34542E-06, 7.69013E-07, 4.81146E-09
619, 1.51809E-06, 1.34404E-06, 7.73614E-07, 4.81371E-09
620, 1.53070E-06, 1.34246E-06, 7.78185E-07, 4.81402E-09
621, 1.54323E-06, 1.34069E-06, 7.82728E-07, 4.81237E-09
622, 1.55565E-06, 1.33872E-06, 7.87240E-07, 4.80876E-09
623, 1.56799E-06, 1.33655E-06, 7.91723E-07, 4.80321E-09
624, 1.58022E-06, 1.33418E-06, 7.96176E-07, 4.79573E-09
625, 1.59234E-06, 1.33161E-06, 8.00597E-07, 4.78636E-09
626, 1.60437E-06, 1.32885E-06, 8.04988E-07, 4.77502E-09
627, 1.61629E-06, 1.32590E-06, 8.09348E-07, 4.76186E-09
628, 1.62809E-06, 1.32274E-06, 8.13676E-07, 4.74678E-09
629, 1.63979E-06, 1.31940E-06, 8.17972E-07, 4.72986E-09
630, 1.65138E-06, 1.31585E-06, 8.22235E-07, 4.71111E-09
631, 1.66285E-06, 1.31212E-06, 8.26467E-07, 4.69053E-09
632, 1.67420E-06, 1.30819E-06, 8.30665E-07, 4.66816E-09
633, 1.68544E-06, 1.30407E-06, 8.34830E-07, 4.64403E-09
634, 1.69656E-06, 1.29976E-06, 8.38962E-07, 4.61817E-09
635, 1.70755E-06, 1.29702E-06, 8.43060E-07, 4.60960E-09
636, 1.71842E-06, 1.29434E-06, 8.47124E-07, 4.61368E-09
637, 1.72916E-06, 1.29149E-06, 8.51153E-07, 4.61614E-09
638, 1.73978E-06, 1.28846E-06, 8.55148E-07, 4.61691E-09
639, 1.75027E-06, 1.28526E-06, 8.59107E-07, 4.61608E-09
640, 1.76062E-06, 1.28189E-06, 8.63032E-07, 4.61358E-09
641, 1.77084E-06, 1.27835E-06, 8.66920E-07, 4.60943E-09
642, 1.78093E-06, 1.27463E-06, 8.70773E-07, 4.60369E-09
643, 1.79088E-06, 1.27074E-06, 8.74589E-07, 4.59629E-09
644, 1.80200E-06, 1.26669E-06, 8.78369E-07, 4.58733E-09
645, 1.81465E-06, 1.26246E-06, 8.82112E-07, 4.58532E-09
646, 1.82715E-06, 1.25807E-06, 8.85818E-07, 4.58199E-09
647, 1.83950E-06, 1.25351E-06, 8.89486E-07, 4.57690E-09
648, 1.85170E-06, 1.24878E-06, 8.93117E-07, 4.57001E-09
649, 1.86374E-06, 1.24389E-06, 8.96709E-07, 4.56137E-09
650, 1.87563E-06, 1.23884E-06, 9.00263E-07, 4.55095E-09
651, 1.88735E-06, 1.23363E-06, 9.03778E-07, 4.53879E-09
652, 1.89891E-06, 1.22825E-06, 9.07254E-07, 4.52493E-09
653, 1.91030E-06, 1.22272E-06, 9.10690E-07, 4.50933E-09
654, 1.92153E-06, 1.21702E-06, 9.14087E-07, 4.49204E-09
655, 1.93259E-06, 1.21117E-06, 9.17444E-07, 4.47306E-09
656, 1.94347E-06, 1.20516E-06, 9.20761E-07, 4.45247E-09
657, 1.95418E-06, 1.19900E-06, 9.24037E-07, 4.43020E-09
658, 1.96471E-06, 1.19269E-06, 9.27272E-07, 4.40634E-09
659, 1.97505E-06, 1.18622E-06, 9.30466E-07, 4.38090E-09
660, 1.98522E-06, 1.17960E-06, 9.33618E-07, 4.35389E-09
661, 1.99521E-06, 1.17283E-06, 9.36728E-07, 4.32536E-09
662, 2.00500E-06, 1.16591E-06, 9.39797E-07, 4.29533E-09
663, 2.01461E-06, 1.15885E-06, 9.42822E-07, 4.26781E-09
664, 2.02403E-06, 1.15164E-06, 9.45805E-07, 4.25213E-09
665, 2.03325E-06, 1.14429E-06, 9.48744E-07, 4.23472E-09
666, 2.04229E-06, 1.13680E-06, 9.51640E-07, 4.21553E-09
667, 2.05112E-06, 1.12916E-06, 9.54493E-07, 4.19463E-09
668, 2.05976E-06, 1.12138E-06, 9.57301E-07, 4.17203E-09
669, 2.06819E-06, 1.11347E-06, 9.60064E-07, 4.14775E-09
670, 2.07643E-06, 1.10542E-06, 9.62783E-07, 4.12181E-09
671, 2.08510E-06, 1.09723E-06, 9.65457E-07, 4.09520E-09
672, 2.09461E-06, 1.08891E-06, 9.68085E-07, 4.07870E-09
673, 2.10398E-06, 1.08046E-06, 9.70667E-07, 4.06101E-09
674, 2.11320E-06, 1.07666E-06, 9.73204E-07, 4.04205E-09
675, 2.12226E-06, 1.07678E-06, 9.75694E-07, 4.02194E-09
676, 2.13116E-06, 1.07680E-06, 9.78137E-07, 4.00067E-09
677, 2.13991E-06, 1.07670E-06, 9.80533E-07, 3.97825E-09
678, 2.14850E-06, 1.07650E-06, 9.82881E-07, 3.95473E-09
679, 2.15693E-06, 1.07620E-06, 9.85182E-07, 3.93009E-09
680, 2.16519E-06, 1.07579E-06, 9.87435E-07, 3.90440E-09
681, 2.17330E-06, 1.07528E-06, 9.89639E-07, 3.88785E-09
682, 2.18124E-06, 1.07467E-06, 9.91795E-07, 3.87285E-09
683, 2.18901E-06, 1.07396E-06, 9.93902E-07, 3.85663E-09
684, 2.19661E-06, 1.07314E-06, 9.95959E-07, 3.83916E-09
685, 2.20405E-06, 1.07223E-06, 9.97966E-07, 3.82050E-09
686, 2.21131E-06, 1.07122E-06, 9.99923E-07, 3.80067E-09
687, 2.21841E-06, 1.07012E-06, 1.00183E-06, 3.77965E-09
688, 2.22532E-06, 1.06892E-06, 1.00369E-06, 3.75753E-09
689, 2.23207E-06, 1.06762E-06, 1.00549E-06, 3.73428E-09
690, 2.23864E-06, 1.07878E-06, 1.00725E-06, 3.70993E-09
691, 2.24503E-06, 1.09017E-06, 1.00895E-06, 3.68455E-09
692, 2.25124E-06, 1.10153E-06, 1.01060E-06, 3.65810E-09
693, 2.25728E-06, 1.11285E-06, 1.01220E-06, 3.63067E-09
694, 2.26313E-06, 1.12413E-06, 1.01374E-06, 3.60225E-09
695, 2.26880E-06, 1.13557E-06, 1.01524E-06, 3.57287E-09
696, 2.27429E-06, 1.14927E-06, 1.01668E-06, 3.54256E-09
697, 2.27960E-06, 1.16291E-06, 1.01806E-06, 3.51137E-09
698, 2.28472E-06, 1.17649E-06, 1.01939E-06, 3.47932E-09
699, 2.28965E-06, 1.19002E-06, 1.02067E-06, 3.44642E-09
700, 2.29439E-06, 1.20349E-06, 1.02189E-06, 3.41274E-09
701, 2.29895E-06, 1.21689E-06, 1.02306E-06, 3.37828E-09
702, 2.30332E-06, 1.23023E-06, 1.02417E-06, 3.34309E-09
703, 2.30750E-06, 1.24350E-06, 1.02523E-06, 3.30720E-09
704, 2.31149E-06, 1.25671E-06, 1.02623E-06, 3.27065E-09
705, 2.31528E-06, 1.26984E-06, 1.02717E-06, 3.23897E-09
706, 2.31888E-06, 1.28290E-06, 1.02806E-06, 3.22397E-09
707, 2.32229E-06, 1.29589E-06, 1.02889E-06, 3.20842E-09
708, 2.32551E-06, 1.30879E-06, 1.02967E-06, 3.19226E-09
709, 2.32946E-06, 1.32162E-06, 1.03038E-06, 3.17559E-09
710, 2.33404E-06, 1.33437E-06, 1.03228E-06, 3.15840E-09
711, 2.33840E-06, 1.34704E-06, 1.03651E-06, 3.14071E-09
712, 2.34254E-06, 1.35962E-06, 1.04068E-06, 3.12254E-09
713, 2.34647E-06, 1.37211E-06, 1.04479E-06, 3.10391E-09
714, 2.35018E-06, 1.38451E-06, 1.04885E-06, 3.10593E-09
715, 2.35367E-06, 1.39683E-06, 1.05284E-06, 3.11158E-09
716, 2.35694E-06, 1.40905E-06, 1.05676E-06, 3.12544E-09
717, 2.35999E-06, 1.42117E-06, 1.06063E-06, 3.13899E-09
718, 2.36283E-06, 1.43320E-06, 1.06443E-06, 3.15216E-09
719, 2.36544E-06, 1.44513E-06, 1.06817E-06, 3.16495E-09
720, 2.36782E-06, 1.45696E-06, 1.07184E-06, 3.17741E-09
721, 2.36999E-06, 1.46869E-06, 1.07545E-06, 3.18955E-09
722, 2.37193E-06, 1.48032E-06, 1.07899E-06, 3.20135E-09
723, 2.37364E-06, 1.49184E-06, 1.08247E-06, 3.21290E-09
724, 2.37513E-06, 1.50325E-06, 1.08587E-06, 3.22417E-09
725, 2.37640E-06, 1.51455E-06, 1.08921E-06, 3.23520E-09
726, 2.37744E-06, 1.52574E-06, 1.09249E-06, 3.24600E-09
727, 2.37825E-06, 1.53682E-06, 1.09569E-06, 3.25660E-09
728, 2.37884E-06, 1.54779E-06, 1.09882E-06, 3.26701E-09
729, 2.37920E-06, 1.55864E-06, 1.10188E-06, 3.27723E-09
730, 2.37933E-06, 1.56937E-06, 1.10488E-06, 3.28733E-09
731, 2.37924E-06, 1.57998E-06, 1.10780E-06, 3.29728E-09
732, 2.37892E-06, 1.59047E-06, 1.11065E-06, 3.30712E-09
733, 2.37837E-06, 1.60084E-06, 1.11342E-06, 3.31686E-09
734, 2.37759E-06, 1.61109E-06, 1.11612E-06, 3.32652E-09
735, 2.37659E-06, 1.62121E-06, 1.11875E-06, 3.33612E-09
736, 2.37535E-06, 1.63121E-06, 1.12131E-06, 3.34567E-09
737, 2.37389E-06, 1.64107E-06, 1.12379E-06, 3.35517E-09
738, 2.37221E-06, 1.65081E-06, 1.12620E-06, 3.36469E-09
739, 2.37029E-06, 1.66042E-06, 1.12853E-06, 3.37420E-09
740, 2.36815E-06, 1.66989E-06, 1.13078E-06, 3.38369E-09
741, 2.36578E-06, 1.67923E-06, 1.13296E-06, 3.39325E-09
742, 2.36319E-06, 1.68844E-06, 1.13506E-06, 3.40283E-09
743, 2.36037E-06, 1.69751E-06, 1.13708E-06, 3.41247E-09
744, 2.35733E-06, 1.70644E-06, 1.13903E-06, 3.42218E-09
745, 2.35406E-06, 1.71524E-06, 1.14089E-06, 3.43195E-09
746, 2.35056E-06, 1.72389E-06, 1.14268E-06, 3.44183E-09
747, 2.35291E-06, 1.73240E-06, 1.14439E-06, 3.45180E-09
748, 2.35646E-06, 1.74078E-06, 1.14602E-06, 3.46188E-09
749, 2.35983E-06, 1.74901E-06, 1.14756E-06, 3.47208E-09
750, 2.36301E-06, 1.75710E-06, 1.14903E-06, 3.48241E-09
751, 2.36601E-06, 1.76504E-06, 1.15042E-06, 3.49288E-09
752, 2.36882E-06, 1.77283E-06, 1.15172E-06, 3.50347E-09
753, 2.37144E-06, 1.78048E-06, 1.15294E-06, 3.51423E-09
754, 2.37387E-06, 1.78798E-06, 1.15408E-06, 3.52514E-09
755, 2.37612E-06, 1.79534E-06, 1.15514E-06, 3.53622E-09
756, 2.37817E-06, 1.80254E-06, 1.15612E-06, 3.54744E-09
757, 2.38003E-06, 1.80959E-06, 1.15701E-06, 3.55886E-09
758, 2.38170E-06, 1.81649E-06, 1.15781E-06, 3.57042E-09
759, 2.38318E-06, 1.82324E-06, 1.15854E-06, 3.58218E-09
760, 2.38446E-06, 1.82984E-06, 1.15917E-06, 3.60974E-09
761, 2.38555E-06, 1.83628E-06, 1.15973E-06, 3.64326E-09
762, 2.38644E-06, 1.84257E-06, 1.16020E-06, 3.67668E-09
763, 2.38714E-06, 1.84871E-06, 1.16058E-06, 3.74010E-09
764, 2.38765E-06, 1.85469E-06, 1.16088E-06, 3.80610E-09
765, 2.38795E-06, 1.86051E-06, 1.16109E-06, 3.87173E-09
766, 2.38806E-06, 1.86618E-06, 1.16121E-06, 3.93696E-09
767, 2.38798E-06, 1.87169E-06, 1.16125E-06, 4.00178E-09
768, 2.38769E-06, 1.87704E-06, 1.16120E-06, 4.06615E-09
769, 2.38721E-06, 1.88224E-06, 1.16107E-06, 4.13011E-09
770, 2.38653E-06, 1.88728E-06, 1.16085E-06, 4.19359E-09
771, 2.38565E-06, 1.89216E-06, 1.16054E-06, 4.25657E-09
772, 2.38458E-06, 1.89688E-06, 1.16014E-06, 4.31905E-09
773, 2.38330E-06, 1.90145E-06, 1.15965E-06, 4.38101E-09
774, 2.38182E-06, 1.90585E-06, 1.15908E-06, 4.44243E-09
775, 2.38015E-06, 1.91010E-06, 1.15841E-06, 4.50330E-09
776, 2.37827E-06, 1.91418E-06, 1.15766E-06, 4.56356E-09
777, 2.37620E-06, 1.91811E-06, 1.15682E-06, 4.62324E-09
778, 2.37393E-06, 1.92187E-06, 1.15589E-06, 4.68229E-09
779, 2.37145E-06, 1.92548E-06, 1.15488E-06, 4.74069E-09
780, 2.36878E-06, 1.92893E-06, 1.15377E-06, 4.79844E-09
781, 2.36591E-06, 1.93221E-06, 1.15258E-06, 4.85550E-09
782, 2.36284E-06, 1.93534E-06, 1.15129E-06, 4.91186E-09
783, 2.35957E-06, 1.93831E-06, 1.14992E-06, 4.96749E-09
784, 2.35610E-06, 1.94112E-06, 1.14846E-06, 5.02237E-09
785, 2.35243E-06, 1.94376E-06, 1.14691E-06, 5.07649E-09
786, 2.34856E-06, 1.94625E-06, 1.14526E-06, 5.12983E-09
787, 2.34450E-06, 1.94858E-06, 1.14353E-06, 5.18236E-09
788, 2.34023E-06, 1.95076E-06, 1.14171E-06, 5.23405E-09
789, 2.33577E-06, 1.95277E-06, 1.13980E-06, 5.28490E-09
790, 2.33112E-06, 1.95462E-06, 1.13780E-06, 5.33488E-09
791, 2.32626E-06, 1.95632E-06, 1.13571E-06, 5.39068E-09
792, 2.32121E-06, 1.95786E-06, 1.13353E-06, 5.44602E-09
793, 2.31597E-06, 1.95924E-06, 1.13126E-06, 5.50059E-09
794, 2.31053E-06, 1.96047E-06, 1.12890E-06, 5.55431E-09
795, 2.30490E-06, 1.96153E-06, 1.12645E-06, 5.60718E-09
796, 2.29907E-06, 1.96245E-06, 1.12391E-06, 5.65921E-09
797, 2.29305E-06, 1.96321E-06, 1.12129E-06, 5.71032E-09
798, 2.28684E-06, 1.96381E-06, 1.11857E-06, 5.76055E-09
799, 2.28043E-06, 1.96426E-06, 1.11577E-06, 5.80981E-09
800, 2.27384E-06, 1.96455E-06, 1.11287E-06, 5.85812E-09
801, 2.26706E-06, 1.96469E-06, 1.10989E-06, 5.90548E-09
802, 2.26008E-06, 1.96468E-06, 1.10682E-06, 5.95184E-09
803, 2.25292E-06, 1.96452E-06, 1.10366E-06, 5.99716E-09
804, 2.24558E-06, 1.96421E-06, 1.10041E-06, 6.04145E-09
805, 2.23804E-06, 1.96375E-06, 1.09707E-06, 6.08467E-09
806, 2.23033E-06, 1.96314E-06, 1.09365E-06, 6.12683E-09
807, 2.22243E-06, 1.96238E-06, 1.09014E-06, 6.16788E-09
808, 2.21742E-06, 1.96147E-06, 1.08654E-06, 6.20781E-09
809, 2.21385E-06, 1.96041E-06, 1.08286E-06, 6.24661E-09
810, 2.21012E-06, 1.95921E-06, 1.07908E-06, 6.28425E-09
811, 2.20621E-06, 1.95787E-06, 1.07523E-06, 6.32072E-09
812, 2.20214E-06, 1.95638E-06, 1.07128E-06, 6.35599E-09
813, 2.19790E-06, 1.95474E-06, 1.06725E-06, 6.39006E-09
814, 2.19350E-06, 1.95297E-06, 1.06314E-06, 6.42292E-09
815, 2.18893E-06, 1.95105E-06, 1.05894E-06, 6.45450E-09
816, 2.18420E-06, 1.94900E-06, 1.05466E-06, 6.48487E-09
817, 2.17931E-06, 1.94680E-06, 1.05029E-06, 6.51395E-09
818, 2.17426E-06, 1.94447E-06, 1.04584E-06, 6.54174E-09
819, 2.16904E-06, 1.94200E-06, 1.04131E-06, 6.56824E-09
820, 2.16367E-06, 1.93939E-06, 1.03670E-06, 6.59342E-09
821, 2.15814E-06, 1.93665E-06, 1.03200E-06, 6.61730E-09
822, 2.15246E-06, 1.93378E-06, 1.02722E-06, 6.63985E-09
823, 2.14875E-06, 1.93077E-06, 1.02236E-06, 6.66102E-09
824, 2.14738E-06, 1.92763E-06, 1.01742E-06, 6.68085E-09
825, 2.14588E-06, 1.92437E-06, 1.01240E-06, 6.69933E-09
826, 2.14423E-06, 1.92097E-06, 1.00899E-06, 6.71642E-09
827, 2.14244E-06, 1.91745E-06, 1.00741E-06, 6.73214E-09
828, 2.14052E-06, 1.91380E-06, 1.00577E-06, 6.74647E-09
829, 2.13845E-06, 1.91002E-06, 1.00406E-06, 6.75940E-09
830, 2.13624E-06, 1.90612E-06, 1.00229E-06, 6.77093E-09
831, 2.13390E-06, 1.90210E-06, 1.00044E-06, 6.78107E-09
832, 2.13141E-06, 1.89796E-06, 9.98533E-07, 6.78977E-09
833, 2.12879E-06, 1.89370E-06, 9.96556E-07, 6.79708E-09
834, 2.12603E-06, 1.88932E-06, 9.94512E-07, 6.80295E-09
835, 2.12313E-06, 1.88483E-06, 9.92400E-07, 6.80743E-09
836, 2.12009E-06, 1.88022E-06, 9.90221E-07, 6.81048E-09
837, 2.11692E-06, 1.87549E-06, 9.87974E-07, 6.81209E-09
838, 2.11361E-06, 1.87066E-06, 9.85659E-07, 6.81230E-09
839, 2.11016E-06, 1.86571E-06, 9.83276E-07, 6.81109E-09
840, 2.10658E-06, 1.86065E-06, 9.80826E-07, 6.80846E-09
841, 2.10286E-06, 1.85548E-06, 9.78307E-07, 6.80442E-09
842, 2.09900E-06, 1.85021E-06, 9.75720E-07, 6.79897E-09
843, 2.09501E-06, 1.84483E-06, 9.73065E-07, 6.79210E-09
844, 2.09089E-06, 1.83935E-06, 9.70343E-07, 6.78385E-09
845, 2.08664E-06, 1.83376E-06, 9.67551E-07, 6.77418E-09
846, 2.08225E-06, 1.82808E-06, 9.64692E-07, 6.76315E-09
847, 2.07773E-06, 1.82229E-06, 9.61765E-07, 6.75072E-09
848, 2.07308E-06, 1.81641E-06, 9.58770E-07, 6.73692E-09
849, 2.06829E-06, 1.81043E-06, 9.55706E-07, 6.72174E-09
850, 2.06338E-06, 1.80435E-06, 9.52575E-07, 6.70524E-09
851, 2.05834E-06, 1.79819E-06, 9.49376E-07, 6.68736E-09
852, 2.05316E-06, 1.79193E-06, 9.46109E-07, 6.66817E-09
853, 2.04786E-06, 1.78558E-06, 9.42774E-07, 6.64765E-09
854, 2.04244E-06, 1.77914E-06, 9.39371E-07, 6.62582E-09
855, 2.03688E-06, 1.77261E-06, 9.35902E-07, 6.60270E-09
856, 2.03120E-06, 1.76600E-06, 9.32364E-07, 6.57827E-09
857, 2.02540E-06, 1.75930E-06, 9.28760E-07, 6.55260E-09
858, 2.01947E-06, 1.75252E-06, 9.25089E-07, 6.52567E-09
859, 2.01341E-06, 1.74566E-06, 9.21351E-07, 6.49749E-09
860, 2.00724E-06, 1.73872E-06, 9.17546E-07, 6.46811E-09
861, 2.00094E-06, 1.73170E-06, 9.13675E-07, 6.43750E-09
862, 1.99452E-06, 1.72461E-06, 9.09738E-07, 6.40572E-09
863, 1.98798E-06, 1.71744E-06, 9.05735E-07, 6.37275E-09
864, 1.98133E-06, 1.71019E-06, 9.01667E-07, 6.33865E-09
865, 1.97455E-06, 1.70288E-06, 8.97533E-07, 6.30339E-09
866, 1.96766E-06, 1.69549E-06, 8.93334E-07, 6.26703E-09
867, 1.96065E-06, 1.68804E-06, 8.89071E-07, 6.22958E-09
868, 1.95352E-06, 1.68051E-06, 8.84743E-07, 6.19105E-09
869, 1.94628E-06, 1.67292E-06, 8.80352E-07, 6.15144E-09
870, 1.93893E-06, 1.66527E-06, 8.75897E-07, 6.11085E-09
871, 1.93146E-06, 1.65755E-06, 8.71378E-07, 6.06921E-09
872, 1.92389E-06, 1.64978E-06, 8.66797E-07, 6.02658E-09
873, 1.91620E-06, 1.64194E-06, 8.62154E-07, 5.98299E-09
874, 1.90840E-06, 1.63404E-06, 8.57449E-07, 5.93845E-09
875, 1.90050E-06, 1.62609E-06, 8.52682E-07, 5.89298E-09
876, 1.89249E-06, 1.61808E-06, 8.47854E-07, 5.84662E-09
877, 1.88437E-06, 1.61001E-06, 8.42966E-07, 5.79939E-09
878, 1.87615E-06, 1.60190E-06, 8.38018E-07, 5.75128E-09
879, 1.86782E-06, 1.59373E-06, 8.33011E-07, 5.70232E-09
880, 1.85939E-06, 1.58602E-06, 8.27945E-07, 5.65261E-09
881, 1.85086E-06, 1.57868E-06, 8.22820E-07, 5.60208E-09
882, 1.84223E-06, 1.57126E-06, 8.17638E-07, 5.55080E-09
883, 1.83350E-06, 1.56378E-06, 8.12399E-07, 5.49878E-09
884, 1.82467E-06, 1.55623E-06, 8.07103E-07, 5.44604E-09
885, 1.81575E-06, 1.54862E-06, 8.01752E-07, 5.39261E-09
886, 1.80673E-06, 1.54094E-06, 7.96345E-07, 5.33853E-09
887, 1.79761E-06, 1.53320E-06, 7.90884E-07, 5.28380E-09
888, 1.78840E-06, 1.52540E-06, 7.85369E-07, 5.22847E-09
889, 1.77910E-06, 1.51754E-06, 7.79801E-07, 5.17252E-09
890, 1.76971E-06, 1.50962E-06, 7.74181E-07, 5.11603E-09
891, 1.76023E-06, 1.50164E-06, 7.68509E-07, 5.05898E-09
892, 1.75066E-06, 1.49360E-06, 7.62786E-07, 5.00142E-09
893, 1.74101E-06, 1.48551E-06, 7.57013E-07, 4.94335E-09
894, 1.73127E-06, 1.47736E-06, 7.51191E-07, 4.88483E-09
895, 1.72144E-06, 1.46916E-06, 7.45320E-07, 4.82585E-09
896, 1.71153E-06, 1.46091E-06, 7.39402E-07, 4.76646E-09
897, 1.70154E-06, 1.45261E-06, 7.33437E-07, 4.70666E-09
898, 1.69147E-06, 1.44425E-06, 7.27426E-07, 4.64649E-09
899, 1.68132E-06, 1.43585E-06, 7.21370E-07, 4.58597E-09
900, 1.67110E-06, 1.42741E-06, 7.15270E-07, 4.52511E-09
901, 1.66079E-06, 1.41891E-06, 7.09126E-07, 4.46396E-09
902, 1.65041E-06, 1.41038E-06, 7.02940E-07, 4.40251E-09
903, 1.63996E-06, 1.40180E-06, 6.96713E-07, 4.34082E-09
904, 1.62944E-06, 1.39317E-06, 6.90445E-07, 4.27886E-09
905, 1.61884E-06, 1.38451E-06, 6.84138E-07, 4.21673E-09
906, 1.60818E-06, 1.37581E-06, 6.77792E-07, 4.15434E-09
907, 1.59744E-06, 1.36706E-06, 6.71408E-07, 4.09184E-09
908, 1.58664E-06, 1.35829E-06, 6.64988E-07, 4.02917E-09
909, 1.57578E-06, 1.34947E-06, 6.58533E-07, 3.96635E-09
910, 1.56485E-06, 1.34062E-06, 6.52043E-07, 3.90344E-09
911, 1.55385E-06, 1.33174E-06, 6.45520E-07, 3.84043E-09
912, 1.54280E-06, 1.32282E-06, 6.38964E-07, 3.77737E-09
913, 1.53168E-06, 1.31388E-06, 6.32377E-07, 3.71425E-09
914, 1.52051E-06, 1.30490E-06, 6.25760E-07, 3.65109E-09
915, 1.50928E-06, 1.29589E-06, 6.19114E-07, 3.59176E-09
916, 1.49800E-06, 1.28686E-06, 6.12440E-07, 3.54426E-09
917, 1.48666E-06, 1.27780E-06, 6.05738E-07, 3.49660E-09
918, 1.47526E-06, 1.26872E-06, 5.99011E-07, 3.44881E-09
919, 1.46382E-06, 1.25961E-06, 5.92260E-07, 3.40090E-09
920, 1.45233E-06, 1.25048E-06, 5.85485E-07, 3.35287E-09
921, 1.44078E-06, 1.24133E-06, 5.78687E-07, 3.30478E-09
922, 1.42920E-06, 1.23215E-06, 5.71869E-07, 3.25657E-09
923, 1.42630E-06, 1.22296E-06, 5.65030E-07, 3.20832E-09
924, 1.42901E-06, 1.21375E-06, 5.58173E-07, 3.16001E-09
925, 1.43163E-06, 1.20452E-06, 5.51298E-07, 3.11166E-09
926, 1.43418E-06, 1.19528E-06, 5.44407E-07, 3.06330E-09
927, 1.43664E-06, 1.18602E-06, 5.37500E-07, 3.01491E-09
928, 1.43902E-06, 1.17675E-06, 5.30580E-07, 2.96652E-09
929, 1.44132E-06, 1.16746E-06, 5.23646E-07, 2.91816E-09
930, 1.44354E-06, 1.15816E-06, 5.16701E-07, 2.86979E-09
931, 1.44568E-06, 1.14886E-06, 5.09746E-07, 2.82149E-09
932, 1.44773E-06, 1.13954E-06, 5.04520E-07, 2.77322E-09
933, 1.44970E-06, 1.13160E-06, 5.00068E-07, 2.72500E-09
934, 1.45158E-06, 1.12491E-06, 4.95586E-07, 2.67687E-09
935, 1.45338E-06, 1.11818E-06, 4.91074E-07, 2.62881E-09
936, 1.45509E-06, 1.11139E-06, 4.86531E-07, 2.58083E-09
937, 1.45672E-06, 1.10457E-06, 4.81960E-07, 2.53296E-09
938, 1.45827E-06, 1.09769E-06, 4.77361E-07, 2.48521E-09
939, 1.45972E-06, 1.09078E-06, 4.72733E-07, 2.43757E-09
940, 1.46109E-06, 1.08382E-06, 4.68079E-07, 2.39006E-09
941, 1.46237E-06, 1.07681E-06, 4.63398E-07, 2.34269E-09
942, 1.46357E-06, 1.06977E-06, 4.58691E-07, 2.32808E-09
943, 1.46467E-06, 1.06269E-06, 4.54035E-07, 2.34839E-09
944, 1.46569E-06, 1.05557E-06, 4.53315E-07, 2.36904E-09
945, 1.46662E-06, 1.04841E-06, 4.52568E-07, 2.39017E-09
946, 1.46746E-06, 1.04121E-06, 4.51794E-07, 2.41076E-09
947, 1.46821E-06, 1.03398E-06, 4.50994E-07, 2.43075E-09
948, 1.46886E-06, 1.02671E-06, 4.50167E-07, 2.45016E-09
949, 1.47017E-06, 1.01941E-06, 4.49313E-07, 2.46896E-09
950, 1.47218E-06, 1.01208E-06, 4.48433E-07, 2.48719E-09
951, 1.47411E-06, 1.00471E-06, 4.47526E-07, 2.50478E-09
952, 1.47596E-06, 9.97318E-07, 4.46592E-07, 2.52179E-09
953, 1.47772E-06, 9.89894E-07, 4.45632E-07, 2.53815E-09
954, 1.47940E-06, 9.82443E-07, 4.44646E-07, 2.55391E-09
955, 1.48100E-06, 9.74964E-07, 4.43633E-07, 2.56904E-09
956, 1.48251E-06, 9.67459E-07, 4.42594E-07, 2.58353E-09
957, 1.48393E-06, 9.59930E-07, 4.41529E-07, 2.59739E-09
958, 1.48527E-06, 9.52378E-07, 4.40438E-07, 2.61060E-09
959, 1.48652E-06, 9.44803E-07, 4.39321E-07, 2.62318E-09
960, 1.48769E-06, 9.37208E-07, 4.38178E-07, 2.63510E-09
961, 1.48877E-06, 9.29592E-07, 4.37009E-07, 2.64638E-09
962, 1.48976E-06, 9.21958E-07, 4.35815E-07, 2.65699E-09
963, 1.49067E-06, 9.14307E-07, 4.34595E-07, 2.66696E-09
964, 1.49149E-06, 9.06639E-07, 4.33350E-07, 2.67626E-09
965, 1.49221E-06, 8.98955E-07, 4.32562E-07, 2.68490E-09
966, 1.49285E-06, 8.91258E-07, 4.32526E-07, 2.69287E-09
967, 1.49340E-06, 8.83548E-07, 4.32473E-07, 2.70020E-09
968, 1.49386E-06, 8.75827E-07, 4.32404E-07, 2.70684E-09
969, 1.49423E-06, 8.68095E-07, 4.32318E-07, 2.71282E-09
970, 1.49450E-06, 8.60354E-07, 4.32215E-07, 2.71813E-09
971, 1.49469E-06, 8.52605E-07, 4.32094E-07, 2.72279E-09
972, 1.49478E-06, 8.44849E-07, 4.31957E-07, 2.72676E-09
973, 1.49478E-06, 8.37088E-07, 4.31803E-07, 2.73008E-09
974, 1.49469E-06, 8.29322E-07, 4.31631E-07, 2.73272E-09
975, 1.49450E-06, 8.21552E-07, 4.31443E-07, 2.73472E-09
976, 1.49422E-06, 8.13781E-07, 4.31236E-07, 2.73601E-09
977, 1.49385E-06, 8.06008E-07, 4.31013E-07, 2.73668E-09
978, 1.49338E-06, 7.98236E-07, 4.30772E-07, 2.73698E-09
979, 1.49282E-06, 7.90465E-07, 4.30513E-07, 2.74407E-09
980, 1.49216E-06, 7.82696E-07, 4.30237E-07, 2.75062E-09
981, 1.49140E-06, 7.74932E-07, 4.29943E-07, 2.75654E-09
982, 1.49055E-06, 7.67171E-07, 4.29632E-07, 2.76193E-09
983, 1.48960E-06, 7.59417E-07, 4.29303E-07, 2.76673E-09
984, 1.48855E-06, 7.51669E-07, 4.28956E-07, 2.77097E-09
985, 1.48740E-06, 7.43930E-07, 4.28591E-07, 2.77461E-09
986, 1.48616E-06, 7.36200E-07, 4.28209E-07, 2.77768E-09
987, 1.48481E-06, 7.28479E-07, 4.27808E-07, 2.78018E-09
988, 1.48337E-06, 7.20771E-07, 4.27390E-07, 2.78211E-09
989, 1.48183E-06, 7.13074E-07, 4.26954E-07, 2.78342E-09
990, 1.48018E-06, 7.05391E-07, 4.26501E-07, 2.78418E-09
991, 1.47844E-06, 6.97722E-07, 4.26029E-07, 2.78434E-09
992, 1.47659E-06, 6.90069E-07, 4.25540E-07, 2.78393E-09
993, 1.47465E-06, 6.82432E-07, 4.25033E-07, 2.78294E-09
994, 1.47260E-06, 6.74813E-07, 4.24508E-07, 2.78136E-09
995, 1.47044E-06, 6.67212E-07, 4.23965E-07, 2.77920E-09
996, 1.46819E-06, 6.59630E-07, 4.23405E-07, 2.77645E-09
997, 1.46583E-06, 6.52069E-07, 4.22827E-07, 2.77314E-09
998, 1.46337E-06, 6.44529E-07, 4.22231E-07, 2.76925E-09
999, 1.46093E-06, 6.37012E-07, 4.21618E-07, 2.76478E-09
1000, 1.45963E-06, 6.29517E-07, 4.20987E-07, 2.75971E-09
