time_step, rel_err_u, rel_err_v, rel_err_w, rel_err_p
0, 0.00000E+00, 0.00000E+00, 0.00000E+00, 0.00000E+00
1, 1.78338E-04, 1.38983E-04, 1.39981E-04, 9.73513E-03
2, 1.29659E-04, 1.32970E-04, 8.80935E-05, 1.66405E-02
3, 1.01285E-04, 8.40310E-05, 8.08867E-05, 1.64241E-02
4, 8.37167E-06, 3.87994E-06, 3.54670E-06, 2.75814E-04
5, 7.46709E-06, 4.18137E-06, 3.52307E-06, 2.25526E-04
6, 7.45141E-06, 3.72211E-06, 3.49169E-06, 5.10007E-05
7, 7.65104E-06, 3.78593E-06, 3.46739E-06, 6.69133E-06
8, 7.87334E-06, 3.84797E-06, 3.43567E-06, 2.56766E-06
9, 8.10578E-06, 3.90521E-06, 3.44133E-06, 7.76648E-07
10, 8.32504E-06, 3.95940E-06, 3.44083E-06, 2.30194E-07
11, 8.53004E-06, 4.00987E-06, 3.43270E-06, 1.05876E-07
12, 8.71986E-06, 4.05653E-06, 3.41698E-06, 5.67849E-08
13, 8.89366E-06, 4.09932E-06, 3.39374E-06, 5.63544E-08
14, 9.05062E-06, 4.13819E-06, 3.36306E-06, 5.67879E-08
15, 9.18999E-06, 4.17306E-06, 3.32507E-06, 5.69912E-08
16, 9.31106E-06, 4.20388E-06, 3.27990E-06, 5.69838E-08
17, 9.41320E-06, 4.23061E-06, 3.27147E-06, 5.68495E-08
18, 9.49581E-06, 4.25321E-06, 3.26726E-06, 5.65735E-08
19, 9.55840E-06, 4.27163E-06, 3.25544E-06, 5.61495E-08
20, 9.60051E-06, 4.28586E-06, 3.23608E-06, 5.55794E-08
21, 9.62177E-06, 4.29588E-06, 3.20925E-06, 5.48637E-08
22, 9.62189E-06, 4.30167E-06, 3.17508E-06, 5.40036E-08
23, 9.69960E-06, 4.30324E-06, 3.13369E-06, 5.36861E-08
24, 9.88296E-06, 4.30057E-06, 3.11087E-06, 5.43512E-08
25, 1.00482E-05, 4.29370E-06, 3.11883E-06, 5.49169E-08
26, 1.01944E-05, 4.28263E-06, 3.12141E-06, 5.53789E-08
27, 1.03209E-05, 4.26740E-06, 3.11858E-06, 5.57329E-08
28, 1.04269E-05, 4.24804E-06, 3.11032E-06, 5.59754E-08
29, 1.05117E-05, 4.22460E-06, 3.09663E-06, 5.61026E-08
30, 1.05747E-05, 4.20905E-06, 3.07750E-06, 5.61117E-08
31, 1.06154E-05, 4.27585E-06, 3.05443E-06, 5.59998E-08
32, 1.06334E-05, 4.33894E-06, 3.05485E-06, 5.57648E-08
33, 1.06283E-05, 4.39824E-06, 3.07662E-06, 5.54048E-08
34, 1.05999E-05, 4.45365E-06, 3.12895E-06, 5.49183E-08
35, 1.06263E-05, 4.50507E-06, 3.17897E-06, 5.43045E-08
36, 1.07655E-05, 4.55243E-06, 3.22652E-06, 5.35627E-08
37, 1.08857E-05, 4.59564E-06, 3.27143E-06, 5.26932E-08
38, 1.09863E-05, 4.63463E-06, 3.31357E-06, 5.16963E-08
39, 1.10667E-05, 4.66935E-06, 3.35279E-06, 5.13227E-08
40, 1.11267E-05, 4.69972E-06, 3.38895E-06, 5.17036E-08
41, 1.11658E-05, 4.72571E-06, 3.42192E-06, 5.19728E-08
42, 1.11838E-05, 4.74727E-06, 3.45158E-06, 5.21269E-08
43, 1.12823E-05, 4.76437E-06, 3.54985E-06, 5.21623E-08
44, 1.14958E-05, 4.77699E-06, 3.65200E-06, 5.20762E-08
45, 1.16902E-05, 4.78512E-06, 3.75279E-06, 5.18664E-08
46, 1.18646E-05, 4.78875E-06, 3.85196E-06, 5.15307E-08
47, 1.20181E-05, 4.78788E-06, 3.94926E-06, 5.10680E-08
48, 1.21501E-05, 4.78252E-06, 4.04442E-06, 5.04773E-08
49, 1.22599E-05, 4.77270E-06, 4.13721E-06, 4.97584E-08
50, 1.23469E-05, 4.75845E-06, 4.22738E-06, 4.89115E-08
51, 1.24107E-05, 4.73980E-06, 4.31468E-06, 4.79375E-08
52, 1.24507E-05, 4.71680E-06, 4.39887E-06, 4.68380E-08
53, 1.24666E-05, 4.68951E-06, 4.47972E-06, 4.56149E-08
54, 1.24582E-05, 4.65800E-06, 4.55700E-06, 4.42709E-08
55, 1.24252E-05, 4.62233E-06, 4.63050E-06, 4.28093E-08
56, 1.23675E-05, 4.58259E-06, 4.69998E-06, 4.28878E-08
57, 1.22850E-05, 4.54074E-06, 4.76526E-06, 4.38036E-08
58, 1.21778E-05, 4.51952E-06, 4.82613E-06, 4.46202E-08
59, 1.22166E-05, 4.49438E-06, 4.88240E-06, 4.53367E-08
60, 1.23652E-05, 4.46535E-06, 4.93390E-06, 4.59528E-08
61, 1.24940E-05, 4.46800E-06, 4.98045E-06, 4.64682E-08
62, 1.26026E-05, 4.51552E-06, 5.02190E-06, 4.68829E-08
63, 1.26905E-05, 4.55876E-06, 5.05811E-06, 4.71973E-08
64, 1.30057E-05, 4.59767E-06, 5.08894E-06, 4.74123E-08
65, 1.33158E-05, 4.63217E-06, 5.11427E-06, 4.77620E-08
66, 1.36075E-05, 4.66223E-06, 5.13400E-06, 4.81207E-08
67, 1.38800E-05, 4.68779E-06, 5.14804E-06, 4.84185E-08
68, 1.41323E-05, 4.70885E-06, 5.15629E-06, 4.86562E-08
69, 1.43635E-05, 4.72537E-06, 5.15869E-06, 4.88346E-08
70, 1.45728E-05, 4.73734E-06, 5.15520E-06, 4.89541E-08
71, 1.47595E-05, 4.74477E-06, 5.14576E-06, 4.90150E-08
72, 1.49228E-05, 4.81501E-06, 5.13036E-06, 4.90172E-08
73, 1.50621E-05, 4.88342E-06, 5.14957E-06, 4.95827E-08
74, 1.51768E-05, 4.94980E-06, 5.26300E-06, 5.08459E-08
75, 1.52664E-05, 5.01407E-06, 5.37172E-06, 5.20263E-08
76, 1.53304E-05, 5.07615E-06, 5.47547E-06, 5.31228E-08
77, 1.53684E-05, 5.13597E-06, 5.57397E-06, 5.41342E-08
78, 1.53802E-05, 5.19345E-06, 5.66698E-06, 5.50597E-08
79, 1.53654E-05, 5.24853E-06, 5.75425E-06, 5.58981E-08
80, 1.53240E-05, 5.30112E-06, 5.83555E-06, 5.66486E-08
81, 1.53046E-05, 5.35117E-06, 5.91068E-06, 5.73103E-08
82, 1.55212E-05, 5.39860E-06, 5.97943E-06, 5.78825E-08
83, 1.57147E-05, 5.44334E-06, 6.04161E-06, 5.83643E-08
84, 1.58841E-05, 5.48533E-06, 6.09707E-06, 5.87549E-08
85, 1.60288E-05, 5.52451E-06, 6.14564E-06, 5.90536E-08
86, 1.61481E-05, 5.56082E-06, 6.18720E-06, 5.92598E-08
87, 1.62414E-05, 5.59419E-06, 6.22161E-06, 5.93727E-08
88, 1.63081E-05, 5.62457E-06, 6.24878E-06, 5.93917E-08
89, 1.63479E-05, 5.65190E-06, 6.26863E-06, 5.93163E-08
90, 1.63602E-05, 5.68911E-06, 6.28108E-06, 5.91459E-08
91, 1.63449E-05, 5.73233E-06, 6.28608E-06, 5.88802E-08
92, 1.63015E-05, 5.77283E-06, 6.28359E-06, 5.85188E-08
93, 1.62300E-05, 5.81052E-06, 6.27361E-06, 5.80615E-08
94, 1.61303E-05, 5.84536E-06, 6.25613E-06, 5.75085E-08
95, 1.60024E-05, 5.87727E-06, 6.23117E-06, 5.68597E-08
96, 1.58462E-05, 5.90618E-06, 6.19877E-06, 5.61157E-08
97, 1.56620E-05, 5.93205E-06, 6.15896E-06, 5.56377E-08
98, 1.54500E-05, 5.95480E-06, 6.11182E-06, 5.56455E-08
99, 1.52104E-05, 5.97438E-06, 6.05744E-06, 5.55855E-08
100, 1.49437E-05, 5.99074E-06, 5.99591E-06, 5.54605E-08
101, 1.49496E-05, 6.00383E-06, 5.92734E-06, 5.52732E-08
102, 1.49390E-05, 6.01360E-06, 5.93184E-06, 5.50264E-08
103, 1.49024E-05, 6.01999E-06, 6.02583E-06, 5.47226E-08
104, 1.48394E-05, 6.02298E-06, 6.11205E-06, 5.43643E-08
105, 1.47497E-05, 6.02252E-06, 6.19029E-06, 5.39538E-08
106, 1.46333E-05, 6.01857E-06, 6.26036E-06, 5.34934E-08
107, 1.44901E-05, 6.01110E-06, 6.32212E-06, 5.29854E-08
108, 1.43199E-05, 6.00009E-06, 6.37539E-06, 5.24317E-08
109, 1.44537E-05, 5.98551E-06, 6.42008E-06, 5.18343E-08
110, 1.47072E-05, 5.97377E-06, 6.45606E-06, 5.11951E-08
111, 1.49415E-05, 5.98203E-06, 6.48325E-06, 5.05160E-08
112, 1.51564E-05, 5.98699E-06, 6.50160E-06, 4.97987E-08
113, 1.53513E-05, 5.98863E-06, 6.51105E-06, 4.90447E-08
114, 1.55261E-05, 5.98687E-06, 6.51158E-06, 4.82560E-08
115, 1.56804E-05, 6.10266E-06, 6.50319E-06, 4.74339E-08
116, 1.58141E-05, 6.23695E-06, 6.48590E-06, 4.65802E-08
117, 1.59270E-05, 6.36994E-06, 6.45974E-06, 4.56963E-08
118, 1.60191E-05, 6.50147E-06, 6.42478E-06, 4.47839E-08
119, 1.60902E-05, 6.63140E-06, 6.38108E-06, 4.38445E-08
120, 1.61403E-05, 6.75959E-06, 6.32874E-06, 4.45750E-08
121, 1.61695E-05, 6.88588E-06, 6.26788E-06, 4.62085E-08
122, 1.61779E-05, 7.01011E-06, 6.36071E-06, 4.77131E-08
123, 1.61656E-05, 7.13215E-06, 6.52790E-06, 4.90806E-08
124, 1.63410E-05, 7.25182E-06, 6.68704E-06, 5.03031E-08
125, 1.65729E-05, 7.36897E-06, 6.83780E-06, 5.13738E-08
126, 1.67841E-05, 7.48345E-06, 6.97987E-06, 5.22865E-08
127, 1.69743E-05, 7.59509E-06, 7.11298E-06, 5.30359E-08
128, 1.71432E-05, 7.70375E-06, 7.23685E-06, 5.36178E-08
129, 1.72905E-05, 7.80925E-06, 7.35124E-06, 5.40287E-08
130, 1.74160E-05, 7.91144E-06, 7.45592E-06, 5.42664E-08
131, 1.75196E-05, 8.01017E-06, 7.55069E-06, 5.43294E-08
132, 1.76012E-05, 8.10527E-06, 7.63537E-06, 5.42174E-08
133, 1.76608E-05, 8.19658E-06, 7.70980E-06, 5.39309E-08
134, 1.76983E-05, 8.28396E-06, 7.77385E-06, 5.34715E-08
135, 1.77137E-05, 8.36724E-06, 7.82738E-06, 5.28420E-08
136, 1.77073E-05, 8.44628E-06, 7.87033E-06, 5.20457E-08
137, 1.76792E-05, 8.52092E-06, 7.90260E-06, 5.10873E-08
138, 1.76295E-05, 8.59102E-06, 7.92416E-06, 4.99720E-08
139, 1.75585E-05, 8.65644E-06, 7.93498E-06, 4.87060E-08
140, 1.74665E-05, 8.71703E-06, 7.93505E-06, 4.88072E-08
141, 1.73538E-05, 8.77266E-06, 7.92439E-06, 4.90568E-08
142, 1.72209E-05, 8.82320E-06, 7.90304E-06, 4.92231E-08
143, 1.70681E-05, 8.86851E-06, 7.87107E-06, 4.93001E-08
144, 1.70266E-05, 8.90849E-06, 7.82855E-06, 4.92824E-08
145, 1.70700E-05, 8.94301E-06, 7.77558E-06, 5.02646E-08
146, 1.70914E-05, 8.97197E-06, 7.71229E-06, 5.16017E-08
147, 1.70905E-05, 8.99534E-06, 7.63882E-06, 5.28706E-08
148, 1.70674E-05, 9.01293E-06, 7.55532E-06, 5.40651E-08
149, 1.70222E-05, 9.02468E-06, 7.46198E-06, 5.51793E-08
150, 1.69549E-05, 9.03050E-06, 7.35900E-06, 5.62074E-08
151, 1.68658E-05, 9.03031E-06, 7.24657E-06, 5.71439E-08
152, 1.67549E-05, 9.02405E-06, 7.12495E-06, 5.79835E-08
153, 1.66906E-05, 9.01167E-06, 6.99436E-06, 5.87215E-08
154, 1.69415E-05, 8.99311E-06, 6.85507E-06, 5.93533E-08
155, 1.71765E-05, 8.96834E-06, 6.70736E-06, 5.98749E-08
156, 1.73950E-05, 8.93733E-06, 6.55152E-06, 6.02827E-08
157, 1.75968E-05, 8.90007E-06, 6.38784E-06, 6.05737E-08
158, 1.77813E-05, 8.85654E-06, 6.21663E-06, 6.07451E-08
159, 1.79484E-05, 8.80674E-06, 6.03824E-06, 6.07950E-08
160, 1.80977E-05, 8.75069E-06, 5.85298E-06, 6.07219E-08
161, 1.82289E-05, 8.68841E-06, 5.66120E-06, 6.05248E-08
162, 1.83417E-05, 8.61992E-06, 5.77684E-06, 6.02034E-08
163, 1.84361E-05, 8.54528E-06, 5.88597E-06, 6.07786E-08
164, 1.85118E-05, 8.46452E-06, 5.98717E-06, 6.16517E-08
165, 1.85687E-05, 8.37772E-06, 6.08034E-06, 6.23846E-08
166, 1.86067E-05, 8.28495E-06, 6.16539E-06, 6.29773E-08
167, 1.86258E-05, 8.18628E-06, 6.24225E-06, 6.34307E-08
168, 1.86259E-05, 8.08181E-06, 6.31086E-06, 6.37459E-08
169, 1.86070E-05, 7.97163E-06, 6.37118E-06, 6.39249E-08
170, 1.85693E-05, 7.85586E-06, 6.42320E-06, 6.39701E-08
171, 1.85127E-05, 7.73462E-06, 6.46690E-06, 6.38846E-08
172, 1.84374E-05, 7.60804E-06, 6.50228E-06, 6.36719E-08
173, 1.83436E-05, 7.47624E-06, 6.52939E-06, 6.33358E-08
174, 1.82314E-05, 7.33937E-06, 6.54824E-06, 6.28807E-08
175, 1.81010E-05, 7.19759E-06, 6.55890E-06, 6.23986E-08
176, 1.79528E-05, 7.05105E-06, 6.56144E-06, 6.18101E-08
177, 1.77869E-05, 6.89992E-06, 6.55593E-06, 6.11104E-08
178, 1.76036E-05, 6.74436E-06, 6.54248E-06, 6.03056E-08
179, 1.74034E-05, 6.58457E-06, 6.52119E-06, 5.94019E-08
180, 1.71865E-05, 6.42071E-06, 6.49219E-06, 5.84056E-08
181, 1.69534E-05, 6.25298E-06, 6.45560E-06, 5.73233E-08
182, 1.67044E-05, 6.08157E-06, 6.41158E-06, 5.61613E-08
183, 1.64400E-05, 5.90668E-06, 6.36027E-06, 5.49263E-08
184, 1.61606E-05, 5.72851E-06, 6.30186E-06, 5.36248E-08
185, 1.58667E-05, 5.55825E-06, 6.23652E-06, 5.22635E-08
186, 1.60476E-05, 5.60271E-06, 6.16443E-06, 5.08485E-08
187, 1.63333E-05, 5.64253E-06, 6.08580E-06, 4.93863E-08
188, 1.65988E-05, 5.67766E-06, 6.00083E-06, 4.78831E-08
189, 1.68439E-05, 5.70809E-06, 5.90972E-06, 4.63447E-08
190, 1.70684E-05, 5.73378E-06, 5.81271E-06, 4.47771E-08
191, 1.72722E-05, 5.75473E-06, 5.71003E-06, 4.31858E-08
192, 1.74551E-05, 5.77093E-06, 5.60190E-06, 4.15761E-08
193, 1.76170E-05, 5.78238E-06, 5.48856E-06, 3.99531E-08
194, 1.77580E-05, 5.78908E-06, 5.37026E-06, 3.83218E-08
195, 1.78781E-05, 5.79105E-06, 5.24726E-06, 3.66866E-08
196, 1.79771E-05, 5.78831E-06, 5.11980E-06, 3.50518E-08
197, 1.80553E-05, 5.78088E-06, 4.98813E-06, 3.34214E-08
198, 1.81127E-05, 5.76881E-06, 4.85253E-06, 3.17991E-08
199, 1.81494E-05, 5.75212E-06, 4.71325E-06, 3.01884E-08
200, 1.81655E-05, 5.73086E-06, 4.57056E-06, 2.97020E-08
201, 1.81613E-05, 5.70508E-06, 4.43984E-06, 2.97125E-08
202, 1.81370E-05, 5.67485E-06, 4.42345E-06, 2.96311E-08
203, 1.80927E-05, 5.64023E-06, 4.40052E-06, 2.94611E-08
204, 1.80289E-05, 5.60133E-06, 4.37115E-06, 2.98046E-08
205, 1.79457E-05, 5.55816E-06, 4.33547E-06, 3.04153E-08
206, 1.78435E-05, 5.51082E-06, 4.29359E-06, 3.09010E-08
207, 1.77226E-05, 5.45938E-06, 4.24566E-06, 3.12643E-08
208, 1.75835E-05, 5.40393E-06, 4.19181E-06, 3.15081E-08
209, 1.74264E-05, 5.34457E-06, 4.13221E-06, 3.16359E-08
210, 1.72519E-05, 5.28139E-06, 4.12363E-06, 3.16514E-08
211, 1.70603E-05, 5.21449E-06, 4.20572E-06, 3.15586E-08
212, 1.68521E-05, 5.14398E-06, 4.28035E-06, 3.13620E-08
213, 1.66278E-05, 5.06996E-06, 4.34753E-06, 3.10663E-08
214, 1.63880E-05, 4.99255E-06, 4.40727E-06, 3.06763E-08
215, 1.61330E-05, 4.91186E-06, 4.45960E-06, 3.01971E-08
216, 1.58635E-05, 4.82802E-06, 4.50456E-06, 2.96341E-08
217, 1.55799E-05, 4.74113E-06, 4.54221E-06, 2.89925E-08
218, 1.52829E-05, 4.65133E-06, 4.57262E-06, 2.82779E-08
219, 1.49731E-05, 4.55874E-06, 4.59585E-06, 2.79862E-08
220, 1.46509E-05, 4.46348E-06, 4.61200E-06, 2.84544E-08
221, 1.43170E-05, 4.36570E-06, 4.62117E-06, 2.88402E-08
222, 1.39721E-05, 4.26552E-06, 4.62347E-06, 2.91456E-08
223, 1.36167E-05, 4.16307E-06, 4.61902E-06, 2.93730E-08
224, 1.32514E-05, 4.05849E-06, 4.60794E-06, 2.95248E-08
225, 1.28769E-05, 3.95191E-06, 4.59039E-06, 2.96038E-08
226, 1.24938E-05, 3.84348E-06, 4.56649E-06, 2.96126E-08
227, 1.21028E-05, 3.73332E-06, 4.53642E-06, 2.95542E-08
228, 1.17044E-05, 3.62158E-06, 4.50033E-06, 2.94316E-08
229, 1.12994E-05, 3.50840E-06, 4.45840E-06, 2.92479E-08
230, 1.08884E-05, 3.39390E-06, 4.41081E-06, 2.90062E-08
231, 1.04889E-05, 3.27824E-06, 4.35774E-06, 2.87098E-08
232, 1.04749E-05, 3.16154E-06, 4.29939E-06, 2.83617E-08
233, 1.04489E-05, 3.11307E-06, 4.23594E-06, 2.79654E-08
234, 1.04112E-05, 3.12436E-06, 4.16762E-06, 2.75240E-08
235, 1.03619E-05, 3.20312E-06, 4.09462E-06, 2.70407E-08
236, 1.03013E-05, 3.30928E-06, 4.01715E-06, 2.65187E-08
237, 1.02295E-05, 3.41148E-06, 3.93544E-06, 2.59612E-08
238, 1.01469E-05, 3.50969E-06, 3.85951E-06, 2.53713E-08
239, 1.00538E-05, 3.60392E-06, 3.90014E-06, 2.47519E-08
240, 9.95036E-06, 3.69417E-06, 3.93461E-06, 2.41061E-08
241, 9.83693E-06, 3.78046E-06, 3.96297E-06, 2.34367E-08
242, 9.71382E-06, 3.86279E-06, 3.98526E-06, 2.27465E-08
243, 9.58134E-06, 3.94117E-06, 4.00155E-06, 2.20383E-08
244, 9.43983E-06, 4.01564E-06, 4.01191E-06, 2.13146E-08
245, 9.28963E-06, 4.08620E-06, 4.01643E-06, 2.05779E-08
246, 9.13109E-06, 4.15290E-06, 4.01521E-06, 1.98306E-08
247, 8.96456E-06, 4.21575E-06, 4.00833E-06, 1.90750E-08
248, 8.79041E-06, 4.27480E-06, 3.99591E-06, 1.83133E-08
249, 8.60901E-06, 4.33007E-06, 3.97807E-06, 1.75474E-08
250, 8.42074E-06, 4.38162E-06, 3.95493E-06, 1.67795E-08
251, 8.34069E-06, 4.42947E-06, 3.92663E-06, 1.66975E-08
252, 8.47037E-06, 4.47368E-06, 3.89330E-06, 1.69646E-08
253, 8.58931E-06, 4.51429E-06, 3.85510E-06, 1.72106E-08
254, 8.69762E-06, 4.55136E-06, 3.81217E-06, 1.74356E-08
255, 8.79540E-06, 4.58493E-06, 3.76467E-06, 1.76393E-08
256, 8.88280E-06, 4.61506E-06, 3.71277E-06, 1.78217E-08
257, 8.95995E-06, 4.64180E-06, 3.65663E-06, 1.79826E-08
258, 9.02700E-06, 4.66523E-06, 3.59643E-06, 1.81221E-08
259, 9.08412E-06, 4.68539E-06, 3.53235E-06, 1.82401E-08
260, 9.13149E-06, 4.70234E-06, 3.46456E-06, 1.83365E-08
261, 9.16929E-06, 4.71616E-06, 3.39326E-06, 1.84112E-08
262, 9.19770E-06, 4.72691E-06, 3.31862E-06, 1.84643E-08
263, 9.21694E-06, 4.73465E-06, 3.24084E-06, 1.84958E-08
264, 9.22721E-06, 4.73945E-06, 3.16010E-06, 1.85058E-08
265, 9.22873E-06, 4.74139E-06, 3.07661E-06, 1.84941E-08
266, 9.22172E-06, 4.74053E-06, 2.99056E-06, 1.84611E-08
267, 9.20643E-06, 4.73695E-06, 2.90214E-06, 1.84067E-08
268, 9.18308E-06, 4.73071E-06, 2.81155E-06, 1.83311E-08
269, 9.15192E-06, 4.72189E-06, 2.71898E-06, 1.82345E-08
270, 9.11320E-06, 4.71056E-06, 2.62464E-06, 1.81172E-08
271, 9.06717E-06, 4.69679E-06, 2.52871E-06, 1.79792E-08
272, 9.01410E-06, 4.68065E-06, 2.56529E-06, 1.78210E-08
273, 8.95424E-06, 4.66223E-06, 2.60412E-06, 1.76428E-08
274, 8.88786E-06, 4.64160E-06, 2.63911E-06, 1.74450E-08
275, 8.81524E-06, 4.61883E-06, 2.67027E-06, 1.72278E-08
276, 8.73664E-06, 4.59399E-06, 2.69763E-06, 1.69918E-08
277, 8.65235E-06, 4.56717E-06, 2.72124E-06, 1.67374E-08
278, 8.56263E-06, 4.53843E-06, 2.74113E-06, 1.64651E-08
279, 8.46776E-06, 4.50785E-06, 2.75736E-06, 1.61752E-08
280, 8.36800E-06, 4.47551E-06, 2.76998E-06, 1.58685E-08
281, 8.26364E-06, 4.44147E-06, 2.77905E-06, 1.55454E-08
282, 8.15495E-06, 4.40582E-06, 2.78461E-06, 1.52065E-08
283, 8.04221E-06, 4.36862E-06, 2.78674E-06, 1.48525E-08
284, 7.92568E-06, 4.32995E-06, 2.78551E-06, 1.44840E-08
285, 7.80565E-06, 4.28987E-06, 2.78100E-06, 1.41016E-08
286, 7.68238E-06, 4.24847E-06, 2.77328E-06, 1.37062E-08
287, 7.55613E-06, 4.20581E-06, 2.76243E-06, 1.32983E-08
288, 7.42718E-06, 4.16196E-06, 2.74855E-06, 1.28788E-08
289, 7.29578E-06, 4.11698E-06, 2.73172E-06, 1.24483E-08
290, 7.16219E-06, 4.07095E-06, 2.71204E-06, 1.20077E-08
291, 7.02666E-06, 4.02393E-06, 2.68960E-06, 1.15578E-08
292, 6.88945E-06, 3.97599E-06, 2.66449E-06, 1.11140E-08
293, 6.75079E-06, 3.92718E-06, 2.63682E-06, 1.07449E-08
294, 6.61093E-06, 3.87758E-06, 2.60670E-06, 1.03713E-08
295, 6.47011E-06, 3.82725E-06, 2.57422E-06, 9.99396E-09
296, 6.32854E-06, 3.77624E-06, 2.53950E-06, 9.61353E-09
297, 6.18646E-06, 3.72462E-06, 2.50264E-06, 9.52768E-09
298, 6.04409E-06, 3.67244E-06, 2.46375E-06, 9.62465E-09
299, 5.91458E-06, 3.61976E-06, 2.42294E-06, 9.70285E-09
300, 5.85092E-06, 3.56663E-06, 2.38032E-06, 9.76277E-09
301, 5.78117E-06, 3.51312E-06, 2.33601E-06, 9.80485E-09
302, 5.70561E-06, 3.45926E-06, 2.29011E-06, 9.82965E-09
303, 5.62457E-06, 3.40511E-06, 2.24274E-06, 9.83755E-09
304, 5.53833E-06, 3.35072E-06, 2.19400E-06, 9.82919E-09
305, 5.44721E-06, 3.29614E-06, 2.14403E-06, 9.80507E-09
306, 5.35151E-06, 3.24142E-06, 2.09291E-06, 9.76572E-09
307, 5.25153E-06, 3.18659E-06, 2.04077E-06, 9.71171E-09
308, 5.14759E-06, 3.13171E-06, 1.98772E-06, 9.64362E-09
309, 5.03999E-06, 3.07680E-06, 1.93386E-06, 9.56201E-09
310, 4.92902E-06, 3.02192E-06, 1.87930E-06, 9.46744E-09
311, 4.81499E-06, 2.96711E-06, 1.82415E-06, 9.36047E-09
312, 4.69820E-06, 2.91239E-06, 1.76851E-06, 9.24168E-09
313, 4.57895E-06, 2.85780E-06, 1.71249E-06, 9.11167E-09
314, 4.45751E-06, 2.80339E-06, 1.65619E-06, 8.97098E-09
315, 4.33419E-06, 2.74917E-06, 1.59971E-06, 8.82014E-09
316, 4.20925E-06, 2.69518E-06, 1.54314E-06, 8.65974E-09
317, 4.08299E-06, 2.64146E-06, 1.48658E-06, 8.49033E-09
318, 3.95566E-06, 2.58802E-06, 1.43013E-06, 8.31241E-09
319, 3.92472E-06, 2.53489E-06, 1.37387E-06, 8.12659E-09
320, 3.91975E-06, 2.48211E-06, 1.31789E-06, 8.01729E-09
321, 3.90875E-06, 2.42969E-06, 1.26228E-06, 7.98635E-09
322, 3.89187E-06, 2.37765E-06, 1.20712E-06, 7.95251E-09
323, 3.86924E-06, 2.32602E-06, 1.15248E-06, 7.91579E-09
324, 3.84105E-06, 2.27481E-06, 1.09846E-06, 7.87627E-09
325, 3.80744E-06, 2.22405E-06, 1.04510E-06, 7.83394E-09
326, 3.76859E-06, 2.17374E-06, 1.02478E-06, 7.78884E-09
327, 3.72468E-06, 2.12391E-06, 1.02196E-06, 7.74097E-09
328, 3.67590E-06, 2.07457E-06, 1.01690E-06, 7.69040E-09
329, 3.62243E-06, 2.02574E-06, 1.00964E-06, 7.63704E-09
330, 3.56446E-06, 1.97742E-06, 1.00027E-06, 7.58103E-09
331, 3.50219E-06, 1.92962E-06, 9.88858E-07, 7.52227E-09
332, 3.43582E-06, 1.88236E-06, 9.75478E-07, 7.46084E-09
333, 3.36555E-06, 1.83565E-06, 9.60208E-07, 7.40086E-09
334, 3.29158E-06, 1.78949E-06, 9.43128E-07, 7.38270E-09
335, 3.21413E-06, 1.74388E-06, 9.24317E-07, 7.36215E-09
336, 3.13339E-06, 1.69884E-06, 9.03857E-07, 7.33908E-09
337, 3.04959E-06, 1.65438E-06, 8.81831E-07, 7.31356E-09
338, 2.96293E-06, 1.61048E-06, 8.72694E-07, 7.28558E-09
339, 2.87362E-06, 1.56717E-06, 8.68854E-07, 7.26251E-09
340, 2.78188E-06, 1.52444E-06, 8.63439E-07, 7.23928E-09
341, 2.68791E-06, 1.48228E-06, 8.56489E-07, 7.21336E-09
342, 2.59193E-06, 1.44072E-06, 8.53688E-07, 7.18471E-09
343, 2.49414E-06, 1.39973E-06, 8.73900E-07, 7.15331E-09
344, 2.46945E-06, 1.35933E-06, 8.92713E-07, 7.11916E-09
345, 2.48931E-06, 1.31952E-06, 9.10114E-07, 7.08225E-09
346, 2.50565E-06, 1.28029E-06, 9.26091E-07, 7.04260E-09
347, 2.51853E-06, 1.24163E-06, 9.40635E-07, 7.00018E-09
348, 2.52797E-06, 1.20356E-06, 9.53740E-07, 6.95500E-09
349, 2.53401E-06, 1.16607E-06, 9.65403E-07, 6.90712E-09
350, 2.53670E-06, 1.12914E-06, 9.75624E-07, 6.85645E-09
351, 2.53612E-06, 1.09279E-06, 9.84405E-07, 6.80317E-09
352, 2.53230E-06, 1.05701E-06, 9.91751E-07, 6.74712E-09
353, 2.52533E-06, 1.02178E-06, 9.97669E-07, 6.68843E-09
354, 2.51526E-06, 9.91087E-07, 1.00217E-06, 6.62714E-09
355, 2.50218E-06, 9.77274E-07, 1.00526E-06, 6.56411E-09
356, 2.48617E-06, 9.71556E-07, 1.00697E-06, 6.52670E-09
357, 2.46730E-06, 9.72147E-07, 1.00730E-06, 6.48710E-09
358, 2.44566E-06, 9.72455E-07, 1.00627E-06, 6.45691E-09
359, 2.42135E-06, 9.72479E-07, 1.00391E-06, 6.42806E-09
360, 2.39445E-06, 9.72223E-07, 1.00024E-06, 6.47745E-09
361, 2.36505E-06, 9.71687E-07, 9.95286E-07, 6.52486E-09
362, 2.33327E-06, 9.70874E-07, 9.89071E-07, 6.56826E-09
363, 2.29919E-06, 9.69785E-07, 9.81624E-07, 6.60762E-09
364, 2.26292E-06, 9.68423E-07, 9.72977E-07, 6.64287E-09
365, 2.22457E-06, 9.66789E-07, 9.63162E-07, 6.67404E-09
366, 2.18424E-06, 9.64886E-07, 9.52211E-07, 6.70106E-09
367, 2.14204E-06, 9.62716E-07, 9.40159E-07, 6.72389E-09
368, 2.09807E-06, 9.60280E-07, 9.27043E-07, 6.74254E-09
369, 2.07231E-06, 9.57582E-07, 9.12898E-07, 6.75700E-09
370, 2.06050E-06, 9.54624E-07, 8.97764E-07, 6.76721E-09
371, 2.04556E-06, 9.51407E-07, 8.81679E-07, 6.77320E-09
372, 2.02758E-06, 9.47936E-07, 8.64683E-07, 6.77497E-09
373, 2.00666E-06, 9.44212E-07, 8.46817E-07, 6.77250E-09
374, 1.98290E-06, 9.40238E-07, 8.28123E-07, 6.76580E-09
375, 1.95641E-06, 9.36016E-07, 8.08642E-07, 6.75494E-09
376, 1.92730E-06, 9.31551E-07, 7.88417E-07, 6.82067E-09
377, 1.89567E-06, 9.26843E-07, 7.67492E-07, 6.88242E-09
378, 1.86164E-06, 9.21897E-07, 7.45909E-07, 6.93948E-09
379, 1.82532E-06, 9.16715E-07, 7.23713E-07, 6.99175E-09
380, 1.78683E-06, 9.11301E-07, 7.00946E-07, 7.03925E-09
381, 1.74629E-06, 9.05658E-07, 6.77652E-07, 7.08187E-09
382, 1.70382E-06, 9.05852E-07, 6.53876E-07, 7.11964E-09
383, 1.65953E-06, 9.07024E-07, 6.29661E-07, 7.15248E-09
384, 1.61354E-06, 9.07928E-07, 6.06149E-07, 7.18038E-09
385, 1.56598E-06, 9.08566E-07, 6.05693E-07, 7.20335E-09
386, 1.51697E-06, 9.08938E-07, 6.04843E-07, 7.22138E-09
387, 1.46662E-06, 9.09045E-07, 6.03616E-07, 7.23442E-09
388, 1.41507E-06, 9.08890E-07, 6.02031E-07, 7.24257E-09
389, 1.36243E-06, 9.08473E-07, 6.00108E-07, 7.24575E-09
390, 1.34561E-06, 9.07797E-07, 5.97866E-07, 7.24405E-09
391, 1.33710E-06, 9.06862E-07, 5.95324E-07, 7.24541E-09
392, 1.32731E-06, 9.05671E-07, 5.92502E-07, 7.28469E-09
393, 1.31628E-06, 9.04224E-07, 5.89418E-07, 7.32079E-09
394, 1.30404E-06, 9.02525E-07, 5.86093E-07, 7.35380E-09
395, 1.29065E-06, 9.00575E-07, 5.82544E-07, 7.38365E-09
396, 1.27614E-06, 8.98375E-07, 5.78791E-07, 7.41046E-09
397, 1.26055E-06, 8.95929E-07, 5.74852E-07, 7.43420E-09
398, 1.24393E-06, 8.93237E-07, 5.70747E-07, 7.45489E-09
399, 1.23609E-06, 8.90304E-07, 5.66492E-07, 7.47264E-09
400, 1.23331E-06, 8.87130E-07, 5.62107E-07, 7.48738E-09
401, 1.22830E-06, 8.83719E-07, 5.57608E-07, 7.49927E-09
402, 1.22113E-06, 8.80072E-07, 5.53013E-07, 7.50822E-09
403, 1.21188E-06, 8.76193E-07, 5.60935E-07, 7.51437E-09
404, 1.20063E-06, 8.72085E-07, 5.73292E-07, 7.51772E-09
405, 1.18745E-06, 8.67749E-07, 5.84918E-07, 7.51833E-09
406, 1.17242E-06, 8.63189E-07, 5.95812E-07, 7.51629E-09
407, 1.15562E-06, 8.58409E-07, 6.05981E-07, 7.51154E-09
408, 1.13715E-06, 8.55641E-07, 6.15430E-07, 7.50425E-09
409, 1.11707E-06, 8.55752E-07, 6.24168E-07, 7.49437E-09
410, 1.09548E-06, 8.55670E-07, 6.32204E-07, 7.48206E-09
411, 1.07246E-06, 8.55397E-07, 6.39547E-07, 7.50091E-09
412, 1.06715E-06, 8.54931E-07, 6.46208E-07, 7.55513E-09
413, 1.08485E-06, 8.54275E-07, 6.52199E-07, 7.60662E-09
414, 1.10129E-06, 8.53427E-07, 6.57533E-07, 7.65537E-09
415, 1.11642E-06, 8.53103E-07, 6.62223E-07, 7.70133E-09
416, 1.13022E-06, 8.52693E-07, 6.66283E-07, 7.74457E-09
417, 1.14267E-06, 8.52040E-07, 6.69727E-07, 7.78502E-09
418, 1.15375E-06, 8.51144E-07, 6.72572E-07, 7.82272E-09
419, 1.16343E-06, 8.50008E-07, 6.74833E-07, 7.85767E-09
420, 1.17171E-06, 8.48633E-07, 6.76526E-07, 7.88986E-09
421, 1.17858E-06, 8.47021E-07, 6.77668E-07, 7.91929E-09
422, 1.18402E-06, 8.45174E-07, 6.78277E-07, 7.94594E-09
423, 1.18803E-06, 8.43095E-07, 6.78371E-07, 7.96985E-09
424, 1.19061E-06, 8.40785E-07, 6.77967E-07, 7.99101E-09
425, 1.19176E-06, 8.38247E-07, 6.77084E-07, 8.00938E-09
426, 1.19148E-06, 8.35482E-07, 6.75740E-07, 8.02501E-09
427, 1.18978E-06, 8.36101E-07, 6.73954E-07, 8.03790E-09
428, 1.18667E-06, 8.37113E-07, 6.71746E-07, 8.04804E-09
429, 1.18216E-06, 8.37935E-07, 6.69134E-07, 8.05538E-09
430, 1.17627E-06, 8.38568E-07, 6.66136E-07, 8.06002E-09
431, 1.16901E-06, 8.39011E-07, 6.62773E-07, 8.06190E-09
432, 1.16039E-06, 8.39265E-07, 6.59063E-07, 8.06105E-09
433, 1.15541E-06, 8.39330E-07, 6.55026E-07, 8.05744E-09
434, 1.16836E-06, 8.39206E-07, 6.50679E-07, 8.05113E-09
435, 1.18047E-06, 8.38892E-07, 6.46042E-07, 8.04209E-09
436, 1.19176E-06, 8.38390E-07, 6.41133E-07, 8.03031E-09
437, 1.20219E-06, 8.37700E-07, 6.43019E-07, 8.01586E-09
438, 1.21179E-06, 8.36821E-07, 6.52289E-07, 7.99866E-09
439, 1.22053E-06, 8.35754E-07, 6.60948E-07, 7.97881E-09
440, 1.22842E-06, 8.34500E-07, 6.68991E-07, 7.97529E-09
441, 1.23547E-06, 8.33059E-07, 6.76421E-07, 8.02065E-09
442, 1.24166E-06, 8.31432E-07, 6.83238E-07, 8.06287E-09
443, 1.24700E-06, 8.29619E-07, 6.89447E-07, 8.10199E-09
444, 1.25151E-06, 8.27621E-07, 6.95051E-07, 8.13793E-09
445, 1.25517E-06, 8.25439E-07, 7.00055E-07, 8.17062E-09
446, 1.25800E-06, 8.26618E-07, 7.04464E-07, 8.20015E-09
447, 1.26001E-06, 8.28757E-07, 7.08285E-07, 8.22637E-09
448, 1.26121E-06, 8.30708E-07, 7.11525E-07, 8.24933E-09
449, 1.26160E-06, 8.32470E-07, 7.14190E-07, 8.26900E-09
450, 1.26683E-06, 8.34042E-07, 7.16290E-07, 8.28532E-09
451, 1.29636E-06, 8.35424E-07, 7.17833E-07, 8.29834E-09
452, 1.32524E-06, 8.36616E-07, 7.18828E-07, 8.30801E-09
453, 1.35345E-06, 8.37616E-07, 7.19285E-07, 8.31433E-09
454, 1.38099E-06, 8.38424E-07, 7.19216E-07, 8.31728E-09
455, 1.40783E-06, 8.39041E-07, 7.18630E-07, 8.31691E-09
456, 1.43396E-06, 8.39465E-07, 7.17539E-07, 8.31316E-09
457, 1.45936E-06, 8.39697E-07, 7.15955E-07, 8.30610E-09
458, 1.48403E-06, 8.39737E-07, 7.13889E-07, 8.29569E-09
459, 1.50795E-06, 8.39584E-07, 7.11355E-07, 8.28196E-09
460, 1.53111E-06, 8.39238E-07, 7.08364E-07, 8.26493E-09
461, 1.55350E-06, 8.38700E-07, 7.04931E-07, 8.24461E-09
462, 1.57511E-06, 8.37969E-07, 7.01068E-07, 8.22106E-09
463, 1.59594E-06, 8.37046E-07, 6.96788E-07, 8.19426E-09
464, 1.61598E-06, 8.35932E-07, 6.92105E-07, 8.16427E-09
465, 1.63523E-06, 8.34625E-07, 6.87034E-07, 8.13113E-09
466, 1.65368E-06, 8.33128E-07, 6.81587E-07, 8.09483E-09
467, 1.67132E-06, 8.31439E-07, 6.75779E-07, 8.05550E-09
468, 1.68816E-06, 8.29561E-07, 6.69623E-07, 8.01309E-09
469, 1.70420E-06, 8.27493E-07, 6.63135E-07, 7.96771E-09
470, 1.71943E-06, 8.25237E-07, 6.56327E-07, 7.96854E-09
471, 1.73386E-06, 8.22793E-07, 6.49215E-07, 7.98463E-09
472, 1.74748E-06, 8.20308E-07, 6.41812E-07, 7.99740E-09
473, 1.76031E-06, 8.22499E-07, 6.44904E-07, 8.00680E-09
474, 1.77233E-06, 8.24499E-07, 6.52822E-07, 8.01290E-09
475, 1.78357E-06, 8.26309E-07, 6.60350E-07, 8.01568E-09
476, 1.79402E-06, 8.27927E-07, 6.67487E-07, 8.01513E-09
477, 1.80369E-06, 8.29352E-07, 6.74235E-07, 8.01134E-09
478, 1.81258E-06, 8.30584E-07, 6.80591E-07, 8.00434E-09
479, 1.82071E-06, 8.31621E-07, 6.86557E-07, 7.99410E-09
480, 1.82808E-06, 8.32464E-07, 6.92133E-07, 7.98072E-09
481, 1.83470E-06, 8.33111E-07, 6.97320E-07, 7.96418E-09
482, 1.84058E-06, 8.33562E-07, 7.02120E-07, 7.94458E-09
483, 1.84574E-06, 8.33817E-07, 7.06535E-07, 7.92193E-09
484, 1.85017E-06, 8.33874E-07, 7.10567E-07, 7.89627E-09
485, 1.85389E-06, 8.33735E-07, 7.14219E-07, 7.86766E-09
486, 1.85692E-06, 8.33399E-07, 7.17493E-07, 7.83615E-09
487, 1.85927E-06, 8.32865E-07, 7.20393E-07, 7.80181E-09
488, 1.86094E-06, 8.32134E-07, 7.22921E-07, 7.76467E-09
489, 1.86196E-06, 8.31206E-07, 7.25083E-07, 7.72479E-09
490, 1.86233E-06, 8.30081E-07, 7.26881E-07, 7.68225E-09
491, 1.86207E-06, 8.28760E-07, 7.28321E-07, 7.63709E-09
492, 1.86120E-06, 8.27242E-07, 7.29406E-07, 7.58939E-09
493, 1.85972E-06, 8.25528E-07, 7.30141E-07, 7.53921E-09
494, 1.85766E-06, 8.23619E-07, 7.30532E-07, 7.48660E-09
495, 1.85503E-06, 8.21515E-07, 7.30583E-07, 7.43165E-09
496, 1.85184E-06, 8.23016E-07, 7.30300E-07, 7.37442E-09
497, 1.84811E-06, 8.25511E-07, 7.29687E-07, 7.31498E-09
498, 1.84385E-06, 8.27815E-07, 7.28752E-07, 7.25339E-09
499, 1.83909E-06, 8.29926E-07, 7.27499E-07, 7.18976E-09
500, 1.83383E-06, 8.31844E-07, 7.25935E-07, 7.16506E-09
501, 1.82809E-06, 8.33567E-07, 7.24065E-07, 7.16021E-09
502, 1.82190E-06, 8.35095E-07, 7.21895E-07, 7.15292E-09
503, 1.81525E-06, 8.36425E-07, 7.19433E-07, 7.14323E-09
504, 1.80818E-06, 8.37558E-07, 7.16683E-07, 7.13118E-09
505, 1.80069E-06, 8.38492E-07, 7.13653E-07, 7.11680E-09
506, 1.79281E-06, 8.39227E-07, 7.10348E-07, 7.10012E-09
507, 1.78454E-06, 8.39762E-07, 7.06776E-07, 7.08120E-09
508, 1.77591E-06, 8.40096E-07, 7.02942E-07, 7.06005E-09
509, 1.76693E-06, 8.40230E-07, 6.98853E-07, 7.03673E-09
510, 1.75761E-06, 8.40162E-07, 6.94516E-07, 7.01129E-09
511, 1.74797E-06, 8.39892E-07, 6.89938E-07, 6.98374E-09
512, 1.73803E-06, 8.39420E-07, 6.85124E-07, 6.95416E-09
513, 1.72779E-06, 8.38747E-07, 6.80081E-07, 6.92256E-09
514, 1.71729E-06, 8.37872E-07, 6.74816E-07, 6.88900E-09
515, 1.70652E-06, 8.36795E-07, 6.69335E-07, 6.85353E-09
516, 1.69550E-06, 8.35516E-07, 6.63645E-07, 6.81619E-09
517, 1.68425E-06, 8.34037E-07, 6.57752E-07, 6.77703E-09
518, 1.67278E-06, 8.32356E-07, 6.51662E-07, 6.73609E-09
519, 1.66111E-06, 8.30476E-07, 6.45382E-07, 6.69342E-09
520, 1.64924E-06, 8.28397E-07, 6.38918E-07, 6.64906E-09
521, 1.63720E-06, 8.27202E-07, 6.32276E-07, 6.60307E-09
522, 1.62498E-06, 8.30095E-07, 6.25462E-07, 6.55550E-09
523, 1.61261E-06, 8.32785E-07, 6.18483E-07, 6.50643E-09
524, 1.60010E-06, 8.35272E-07, 6.11343E-07, 6.45582E-09
525, 1.58746E-06, 8.37554E-07, 6.04050E-07, 6.40379E-09
526, 1.57470E-06, 8.39628E-07, 5.99159E-07, 6.35037E-09
527, 1.56183E-06, 8.41495E-07, 5.99769E-07, 6.29563E-09
528, 1.54886E-06, 8.43152E-07, 6.00152E-07, 6.23961E-09
529, 1.53580E-06, 8.44599E-07, 6.00312E-07, 6.18231E-09
530, 1.52266E-06, 8.45834E-07, 6.00254E-07, 6.12389E-09
531, 1.50945E-06, 8.46857E-07, 5.99985E-07, 6.11211E-09
532, 1.49619E-06, 8.47666E-07, 5.99509E-07, 6.10767E-09
533, 1.48287E-06, 8.48262E-07, 5.98831E-07, 6.10154E-09
534, 1.46951E-06, 8.48643E-07, 5.97956E-07, 6.09376E-09
535, 1.45612E-06, 8.48810E-07, 5.96890E-07, 6.08435E-09
536, 1.44270E-06, 8.48760E-07, 5.95639E-07, 6.07330E-09
537, 1.42925E-06, 8.48496E-07, 5.94207E-07, 6.06068E-09
538, 1.41580E-06, 8.49850E-07, 5.92599E-07, 6.04647E-09
539, 1.40234E-06, 8.54503E-07, 5.90822E-07, 6.03070E-09
540, 1.38889E-06, 8.64044E-07, 5.88880E-07, 6.01341E-09
541, 1.37543E-06, 8.73559E-07, 5.86778E-07, 5.99462E-09
542, 1.36199E-06, 8.83047E-07, 5.84522E-07, 5.97433E-09
543, 1.34857E-06, 8.92503E-07, 5.82117E-07, 5.95259E-09
544, 1.33518E-06, 9.01926E-07, 5.79568E-07, 5.92940E-09
545, 1.32180E-06, 9.11313E-07, 5.76880E-07, 5.90481E-09
546, 1.30847E-06, 9.20662E-07, 5.74058E-07, 5.87884E-09
547, 1.29516E-06, 9.29970E-07, 5.71108E-07, 5.85152E-09
548, 1.28190E-06, 9.39235E-07, 5.68033E-07, 5.82287E-09
549, 1.26868E-06, 9.48453E-07, 5.64839E-07, 5.79291E-09
550, 1.25551E-06, 9.57622E-07, 5.61531E-07, 5.76172E-09
551, 1.24239E-06, 9.66739E-07, 5.58113E-07, 5.72926E-09
552, 1.22932E-06, 9.75801E-07, 5.54590E-07, 5.69561E-09
553, 1.21630E-06, 9.84806E-07, 5.50967E-07, 5.66075E-09
554, 1.20334E-06, 9.93751E-07, 5.47248E-07, 5.62480E-09
555, 1.19044E-06, 1.00263E-06, 5.43437E-07, 5.58771E-09
556, 1.17761E-06, 1.01145E-06, 5.39540E-07, 5.54955E-09
557, 1.16483E-06, 1.02019E-06, 5.35559E-07, 5.51033E-09
558, 1.15212E-06, 1.02887E-06, 5.31500E-07, 5.47011E-09
559, 1.13947E-06, 1.03746E-06, 5.29343E-07, 5.42889E-09
560, 1.12689E-06, 1.04598E-06, 5.31339E-07, 5.38674E-09
561, 1.11438E-06, 1.05442E-06, 5.33315E-07, 5.34371E-09
562, 1.10193E-06, 1.06278E-06, 5.35273E-07, 5.33917E-09
563, 1.08955E-06, 1.07104E-06, 5.37211E-07, 5.34021E-09
564, 1.07724E-06, 1.07922E-06, 5.39131E-07, 5.33998E-09
565, 1.06499E-06, 1.08730E-06, 5.41032E-07, 5.34053E-09
566, 1.05281E-06, 1.09529E-06, 5.42913E-07, 5.34116E-09
567, 1.04070E-06, 1.10318E-06, 5.44775E-07, 5.34040E-09
568, 1.02866E-06, 1.11096E-06, 5.46617E-07, 5.33822E-09
569, 1.01668E-06, 1.11864E-06, 5.48440E-07, 5.33467E-09
570, 1.01560E-06, 1.12620E-06, 5.50243E-07, 5.32975E-09
571, 1.01737E-06, 1.13366E-06, 5.52026E-07, 5.32345E-09
572, 1.01910E-06, 1.14100E-06, 5.53789E-07, 5.31582E-09
573, 1.02077E-06, 1.14822E-06, 5.55532E-07, 5.30687E-09
574, 1.02239E-06, 1.15532E-06, 5.57254E-07, 5.29659E-09
575, 1.02397E-06, 1.16230E-06, 5.58956E-07, 5.28502E-09
576, 1.02550E-06, 1.16915E-06, 5.60638E-07, 5.27221E-09
577, 1.02698E-06, 1.17586E-06, 5.62298E-07, 5.25809E-09
578, 1.02842E-06, 1.18244E-06, 5.63938E-07, 5.24275E-09
579, 1.02981E-06, 1.18889E-06, 5.65557E-07, 5.22620E-09
580, 1.03116E-06, 1.19520E-06, 5.67155E-07, 5.20844E-09
581, 1.03246E-06, 1.20136E-06, 5.68731E-07, 5.18953E-09
582, 1.03372E-06, 1.20738E-06, 5.70556E-07, 5.16942E-09
583, 1.03494E-06, 1.21325E-06, 5.73808E-07, 5.14821E-09
584, 1.03612E-06, 1.21897E-06, 5.77038E-07, 5.12588E-09
585, 1.03725E-06, 1.22453E-06, 5.80247E-07, 5.10245E-09
586, 1.03834E-06, 1.22994E-06, 5.83433E-07, 5.07796E-09
587, 1.03940E-06, 1.23518E-06, 5.86597E-07, 5.05244E-09
588, 1.04041E-06, 1.24027E-06, 5.89737E-07, 5.02590E-09
589, 1.04138E-06, 1.24519E-06, 5.92855E-07, 4.99834E-09
590, 1.05122E-06, 1.24994E-06, 5.95948E-07, 4.96984E-09
591, 1.06577E-06, 1.25452E-06, 5.99017E-07, 4.94037E-09
592, 1.08032E-06, 1.25893E-06, 6.02062E-07, 4.90998E-09
593, 1.09488E-06, 1.26316E-06, 6.05082E-07, 4.87908E-09
594, 1.10943E-06, 1.26722E-06, 6.08077E-07, 4.88877E-09
595, 1.12398E-06, 1.27109E-06, 6.11046E-07, 4.89715E-09
596, 1.13852E-06, 1.27478E-06, 6.13989E-07, 4.90423E-09
597, 1.15305E-06, 1.27829E-06, 6.16906E-07, 4.90999E-09
598, 1.16758E-06, 1.28161E-06, 6.19796E-07, 4.91446E-09
599, 1.18208E-06, 1.28474E-06, 6.22658E-07, 4.91766E-09
600, 1.19657E-06, 1.28769E-06, 6.25493E-07, 4.91957E-09
601, 1.21104E-06, 1.29136E-06, 6.28301E-07, 4.92625E-09
602, 1.22548E-06, 1.29530E-06, 6.31080E-07, 4.93187E-09
603, 1.23990E-06, 1.29907E-06, 6.33830E-07, 4.93652E-09
604, 1.25429E-06, 1.30265E-06, 6.36551E-07, 4.94016E-09
605, 1.26865E-06, 1.30604E-06, 6.39242E-07, 4.94276E-09
606, 1.28297E-06, 1.30925E-06, 6.41904E-07, 4.94436E-09
607, 1.29725E-06, 1.31227E-06, 6.44535E-07, 4.94492E-09
608, 1.31150E-06, 1.31511E-06, 6.47136E-07, 4.94448E-09
609, 1.32570E-06, 1.31775E-06, 6.49706E-07, 4.94298E-09
610, 1.33985E-06, 1.32020E-06, 6.52244E-07, 4.94052E-09
611, 1.35396E-06, 1.32245E-06, 6.54750E-07, 4.93698E-09
612, 1.36802E-06, 1.32451E-06, 6.57223E-07, 4.93243E-09
613, 1.38203E-06, 1.32638E-06, 6.59664E-07, 4.92690E-09
614, 1.39597E-06, 1.32805E-06, 6.62072E-07, 4.92031E-09
615, 1.40987E-06, 1.32951E-06, 6.64446E-07, 4.91272E-09
616, 1.42369E-06, 1.33078E-06, 6.68161E-07, 4.90412E-09
617, 1.43746E-06, 1.33185E-06, 6.73491E-07, 4.89449E-09
618, 1.45116E-06, 1.33272E-06, 6.78800E-07, 4.88387E-09
619, 1.46479E-06, 1.33339E-06, 6.84087E-07, 4.87225E-09
620, 1.47836E-06, 1.33386E-06, 6.89352E-07, 4.85964E-09
621, 1.49184E-06, 1.33412E-06, 6.94595E-07, 4.84599E-09
622, 1.50526E-06, 1.33418E-06, 6.99815E-07, 4.83140E-09
623, 1.51859E-06, 1.33404E-06, 7.05012E-07, 4.81581E-09
624, 1.53185E-06, 1.33369E-06, 7.10185E-07, 4.79925E-09
625, 1.54502E-06, 1.33314E-06, 7.15334E-07, 4.78167E-09
626, 1.55810E-06, 1.33238E-06, 7.20458E-07, 4.76321E-09
627, 1.57110E-06, 1.33142E-06, 7.25558E-07, 4.74371E-09
628, 1.58401E-06, 1.33026E-06, 7.30632E-07, 4.72328E-09
629, 1.59683E-06, 1.32889E-06, 7.35681E-07, 4.70195E-09
630, 1.60956E-06, 1.32732E-06, 7.40704E-07, 4.67961E-09
631, 1.62218E-06, 1.32555E-06, 7.45700E-07, 4.65640E-09
632, 1.63471E-06, 1.32357E-06, 7.50670E-07, 4.63223E-09
633, 1.64714E-06, 1.32139E-06, 7.55612E-07, 4.62493E-09
634, 1.65947E-06, 1.31900E-06, 7.60527E-07, 4.62137E-09
635, 1.67169E-06, 1.31642E-06, 7.65414E-07, 4.61645E-09
636, 1.68380E-06, 1.31363E-06, 7.70273E-07, 4.61013E-09
637, 1.69581E-06, 1.31064E-06, 7.75103E-07, 4.60248E-09
638, 1.70770E-06, 1.30745E-06, 7.79903E-07, 4.59347E-09
639, 1.71948E-06, 1.30406E-06, 7.84675E-07, 4.58314E-09
640, 1.73115E-06, 1.30048E-06, 7.89416E-07, 4.57148E-09
641, 1.74270E-06, 1.29669E-06, 7.94128E-07, 4.55853E-09
642, 1.75413E-06, 1.29272E-06, 7.98808E-07, 4.54428E-09
643, 1.76544E-06, 1.28854E-06, 8.03458E-07, 4.52875E-09
644, 1.77663E-06, 1.28417E-06, 8.08076E-07, 4.51196E-09
645, 1.78769E-06, 1.27961E-06, 8.12663E-07, 4.49997E-09
646, 1.79862E-06, 1.27485E-06, 8.17218E-07, 4.49046E-09
647, 1.80943E-06, 1.26991E-06, 8.21740E-07, 4.48514E-09
648, 1.82011E-06, 1.26478E-06, 8.26229E-07, 4.48113E-09
649, 1.83065E-06, 1.25945E-06, 8.30685E-07, 4.47539E-09
650, 1.84106E-06, 1.25395E-06, 8.35108E-07, 4.46796E-09
651, 1.85134E-06, 1.24825E-06, 8.39496E-07, 4.45880E-09
652, 1.86148E-06, 1.24238E-06, 8.43851E-07, 4.44799E-09
653, 1.87148E-06, 1.23632E-06, 8.48170E-07, 4.43548E-09
654, 1.88134E-06, 1.23008E-06, 8.52455E-07, 4.42132E-09
655, 1.89356E-06, 1.22366E-06, 8.56704E-07, 4.40552E-09
656, 1.90657E-06, 1.21707E-06, 8.60917E-07, 4.38813E-09
657, 1.91948E-06, 1.21030E-06, 8.65094E-07, 4.36907E-09
658, 1.93229E-06, 1.20335E-06, 8.69234E-07, 4.34850E-09
659, 1.94498E-06, 1.19624E-06, 8.73338E-07, 4.32631E-09
660, 1.95758E-06, 1.18912E-06, 8.77404E-07, 4.30259E-09
661, 1.97006E-06, 1.18339E-06, 8.81432E-07, 4.27739E-09
662, 1.98242E-06, 1.17749E-06, 8.85423E-07, 4.25068E-09
663, 1.99468E-06, 1.17144E-06, 8.89375E-07, 4.22253E-09
664, 2.00681E-06, 1.16522E-06, 8.93288E-07, 4.19290E-09
665, 2.01883E-06, 1.15884E-06, 8.97162E-07, 4.16193E-09
666, 2.03073E-06, 1.15230E-06, 9.00996E-07, 4.14497E-09
667, 2.04250E-06, 1.14561E-06, 9.04790E-07, 4.12698E-09
668, 2.05415E-06, 1.13876E-06, 9.08544E-07, 4.10733E-09
669, 2.06567E-06, 1.13175E-06, 9.12258E-07, 4.09240E-09
670, 2.07706E-06, 1.12460E-06, 9.15930E-07, 4.08102E-09
671, 2.08832E-06, 1.11729E-06, 9.19560E-07, 4.06836E-09
672, 2.09945E-06, 1.10983E-06, 9.23149E-07, 4.05450E-09
673, 2.11044E-06, 1.10222E-06, 9.26696E-07, 4.03943E-09
674, 2.12129E-06, 1.09447E-06, 9.30199E-07, 4.02309E-09
675, 2.13201E-06, 1.08657E-06, 9.33660E-07, 4.00561E-09
676, 2.14258E-06, 1.07853E-06, 9.37078E-07, 3.98696E-09
677, 2.15302E-06, 1.07034E-06, 9.40451E-07, 3.96716E-09
678, 2.16330E-06, 1.06247E-06, 9.43781E-07, 3.94626E-09
679, 2.17344E-06, 1.06398E-06, 9.47065E-07, 3.92422E-09
680, 2.18344E-06, 1.06538E-06, 9.50305E-07, 3.90112E-09
681, 2.19328E-06, 1.06667E-06, 9.53500E-07, 3.87697E-09
682, 2.20297E-06, 1.06785E-06, 9.56649E-07, 3.85179E-09
683, 2.21250E-06, 1.06893E-06, 9.59751E-07, 3.83126E-09
684, 2.22189E-06, 1.06991E-06, 9.62807E-07, 3.81589E-09
685, 2.23111E-06, 1.07078E-06, 9.65816E-07, 3.79935E-09
686, 2.24018E-06, 1.07155E-06, 9.68778E-07, 3.78160E-09
687, 2.24908E-06, 1.07221E-06, 9.71692E-07, 3.76269E-09
688, 2.25782E-06, 1.07278E-06, 9.74558E-07, 3.74264E-09
689, 2.26640E-06, 1.07324E-06, 9.77376E-07, 3.72143E-09
690, 2.27482E-06, 1.07360E-06, 9.80145E-07, 3.69917E-09
691, 2.28306E-06, 1.07387E-06, 9.82864E-07, 3.67580E-09
692, 2.29114E-06, 1.07404E-06, 9.85534E-07, 3.65138E-09
693, 2.29905E-06, 1.07411E-06, 9.88154E-07, 3.62594E-09
694, 2.30679E-06, 1.07409E-06, 9.90723E-07, 3.59949E-09
695, 2.31435E-06, 1.07397E-06, 9.93241E-07, 3.57206E-09
696, 2.32175E-06, 1.08419E-06, 9.95709E-07, 3.54369E-09
697, 2.32896E-06, 1.09604E-06, 9.98124E-07, 3.51438E-09
698, 2.33600E-06, 1.10786E-06, 1.00049E-06, 3.48420E-09
699, 2.34286E-06, 1.11964E-06, 1.00280E-06, 3.45313E-09
700, 2.34954E-06, 1.13139E-06, 1.00506E-06, 3.42124E-09
701, 2.35604E-06, 1.14310E-06, 1.00727E-06, 3.38855E-09
702, 2.36235E-06, 1.15478E-06, 1.00942E-06, 3.35508E-09
703, 2.36848E-06, 1.16641E-06, 1.01152E-06, 3.32086E-09
704, 2.37443E-06, 1.17801E-06, 1.01356E-06, 3.28594E-09
705, 2.38019E-06, 1.18956E-06, 1.01555E-06, 3.26095E-09
706, 2.38577E-06, 1.20108E-06, 1.01749E-06, 3.24680E-09
707, 2.39115E-06, 1.21254E-06, 1.01937E-06, 3.23207E-09
708, 2.39635E-06, 1.22396E-06, 1.02119E-06, 3.21670E-09
709, 2.40135E-06, 1.23534E-06, 1.02296E-06, 3.20077E-09
710, 2.40617E-06, 1.24666E-06, 1.02467E-06, 3.18427E-09
711, 2.41079E-06, 1.25794E-06, 1.02632E-06, 3.16724E-09
712, 2.41521E-06, 1.26916E-06, 1.02792E-06, 3.14969E-09
713, 2.41944E-06, 1.28034E-06, 1.02946E-06, 3.13162E-09
714, 2.42348E-06, 1.29214E-06, 1.03094E-06, 3.11307E-09
715, 2.42732E-06, 1.30525E-06, 1.03236E-06, 3.09408E-09
716, 2.43096E-06, 1.31829E-06, 1.03373E-06, 3.07516E-09
717, 2.43440E-06, 1.33125E-06, 1.03503E-06, 3.05796E-09
718, 2.43765E-06, 1.34414E-06, 1.03628E-06, 3.04056E-09
719, 2.44069E-06, 1.35694E-06, 1.03747E-06, 3.02294E-09
720, 2.44354E-06, 1.36966E-06, 1.03859E-06, 3.00511E-09
721, 2.44618E-06, 1.38229E-06, 1.04009E-06, 2.98715E-09
722, 2.44862E-06, 1.39483E-06, 1.04466E-06, 2.96912E-09
723, 2.45085E-06, 1.40728E-06, 1.04916E-06, 2.97642E-09
724, 2.45288E-06, 1.41965E-06, 1.05361E-06, 2.98338E-09
725, 2.45471E-06, 1.43191E-06, 1.05799E-06, 2.99004E-09
726, 2.45634E-06, 1.44409E-06, 1.06230E-06, 2.99640E-09
727, 2.45775E-06, 1.45616E-06, 1.06656E-06, 3.00246E-09
728, 2.45896E-06, 1.46814E-06, 1.07074E-06, 3.00826E-09
729, 2.45997E-06, 1.48002E-06, 1.07487E-06, 3.01381E-09
730, 2.46077E-06, 1.49179E-06, 1.07892E-06, 3.02616E-09
731, 2.46136E-06, 1.50346E-06, 1.08291E-06, 3.04000E-09
732, 2.46174E-06, 1.51502E-06, 1.08683E-06, 3.05361E-09
733, 2.46192E-06, 1.52647E-06, 1.09069E-06, 3.06702E-09
734, 2.46189E-06, 1.53782E-06, 1.09447E-06, 3.08025E-09
735, 2.46165E-06, 1.54905E-06, 1.09819E-06, 3.09331E-09
736, 2.46120E-06, 1.56017E-06, 1.10183E-06, 3.10622E-09
737, 2.46054E-06, 1.57118E-06, 1.10541E-06, 3.11898E-09
738, 2.45967E-06, 1.58207E-06, 1.10891E-06, 3.13162E-09
739, 2.45880E-06, 1.59284E-06, 1.11234E-06, 3.14418E-09
740, 2.45866E-06, 1.60349E-06, 1.11570E-06, 3.15660E-09
741, 2.45830E-06, 1.61402E-06, 1.11899E-06, 3.16896E-09
742, 2.45770E-06, 1.62442E-06, 1.12220E-06, 3.18125E-09
743, 2.45688E-06, 1.63471E-06, 1.12534E-06, 3.19349E-09
744, 2.45582E-06, 1.64487E-06, 1.12841E-06, 3.20566E-09
745, 2.45454E-06, 1.65490E-06, 1.13139E-06, 3.21783E-09
746, 2.45302E-06, 1.66480E-06, 1.13430E-06, 3.22996E-09
747, 2.45128E-06, 1.67457E-06, 1.13714E-06, 3.24208E-09
748, 2.44931E-06, 1.68421E-06, 1.13990E-06, 3.25421E-09
749, 2.44711E-06, 1.69372E-06, 1.14258E-06, 3.26635E-09
750, 2.44468E-06, 1.70310E-06, 1.14518E-06, 3.27850E-09
751, 2.44202E-06, 1.71234E-06, 1.14770E-06, 3.29068E-09
752, 2.43913E-06, 1.72144E-06, 1.15015E-06, 3.30289E-09
753, 2.43602E-06, 1.73041E-06, 1.15251E-06, 3.31518E-09
754, 2.43268E-06, 1.73924E-06, 1.15480E-06, 3.32746E-09
755, 2.43407E-06, 1.74793E-06, 1.15700E-06, 3.33984E-09
756, 2.43803E-06, 1.75648E-06, 1.15912E-06, 3.35226E-09
757, 2.44180E-06, 1.76489E-06, 1.16116E-06, 3.36478E-09
758, 2.44539E-06, 1.77315E-06, 1.16312E-06, 3.37734E-09
759, 2.44879E-06, 1.78128E-06, 1.16499E-06, 3.39000E-09
760, 2.45200E-06, 1.78925E-06, 1.16678E-06, 3.40272E-09
761, 2.45501E-06, 1.79708E-06, 1.16849E-06, 3.41553E-09
762, 2.45784E-06, 1.80477E-06, 1.17011E-06, 3.43218E-09
763, 2.46047E-06, 1.81231E-06, 1.17165E-06, 3.46716E-09
764, 2.46291E-06, 1.81969E-06, 1.17311E-06, 3.50194E-09
765, 2.46515E-06, 1.82693E-06, 1.17447E-06, 3.53652E-09
766, 2.46720E-06, 1.83403E-06, 1.17576E-06, 3.57087E-09
767, 2.46905E-06, 1.84096E-06, 1.17695E-06, 3.60498E-09
768, 2.47071E-06, 1.84775E-06, 1.17806E-06, 3.63882E-09
769, 2.47217E-06, 1.85439E-06, 1.17908E-06, 3.67244E-09
770, 2.47343E-06, 1.86087E-06, 1.18002E-06, 3.70574E-09
771, 2.47449E-06, 1.86720E-06, 1.18087E-06, 3.73876E-09
772, 2.47535E-06, 1.87338E-06, 1.18163E-06, 3.77149E-09
773, 2.47602E-06, 1.87940E-06, 1.18230E-06, 3.80387E-09
774, 2.47648E-06, 1.88527E-06, 1.18288E-06, 3.83595E-09
775, 2.47674E-06, 1.89099E-06, 1.18337E-06, 3.88347E-09
776, 2.47680E-06, 1.89654E-06, 1.18377E-06, 3.94643E-09
777, 2.47666E-06, 1.90194E-06, 1.18409E-06, 4.00885E-09
778, 2.47632E-06, 1.90719E-06, 1.18431E-06, 4.07066E-09
779, 2.47578E-06, 1.91228E-06, 1.18445E-06, 4.13189E-09
780, 2.47503E-06, 1.91721E-06, 1.18449E-06, 4.19248E-09
781, 2.47408E-06, 1.92198E-06, 1.18444E-06, 4.25242E-09
782, 2.47293E-06, 1.92660E-06, 1.18430E-06, 4.31171E-09
783, 2.47158E-06, 1.93106E-06, 1.18407E-06, 4.37031E-09
784, 2.47002E-06, 1.93536E-06, 1.18375E-06, 4.42818E-09
785, 2.46826E-06, 1.93951E-06, 1.18334E-06, 4.48536E-09
786, 2.46629E-06, 1.94349E-06, 1.18283E-06, 4.54179E-09
787, 2.46412E-06, 1.94732E-06, 1.18223E-06, 4.59744E-09
788, 2.46175E-06, 1.95099E-06, 1.18154E-06, 4.65232E-09
789, 2.45918E-06, 1.95450E-06, 1.18076E-06, 4.70641E-09
790, 2.45640E-06, 1.95786E-06, 1.17989E-06, 4.75964E-09
791, 2.45342E-06, 1.96105E-06, 1.17893E-06, 4.81206E-09
792, 2.45024E-06, 1.96409E-06, 1.17787E-06, 4.86361E-09
793, 2.44685E-06, 1.96697E-06, 1.17672E-06, 4.91427E-09
794, 2.44327E-06, 1.96969E-06, 1.17547E-06, 4.96406E-09
795, 2.43948E-06, 1.97226E-06, 1.17414E-06, 5.01288E-09
796, 2.43549E-06, 1.97467E-06, 1.17271E-06, 5.06453E-09
797, 2.43130E-06, 1.97692E-06, 1.17118E-06, 5.11915E-09
798, 2.42691E-06, 1.97902E-06, 1.16957E-06, 5.17294E-09
799, 2.42232E-06, 1.98096E-06, 1.16786E-06, 5.22584E-09
800, 2.41752E-06, 1.98275E-06, 1.16605E-06, 5.27785E-09
801, 2.41253E-06, 1.98438E-06, 1.16416E-06, 5.32896E-09
802, 2.40735E-06, 1.98585E-06, 1.16217E-06, 5.37914E-09
803, 2.40196E-06, 1.98718E-06, 1.16009E-06, 5.42834E-09
804, 2.39638E-06, 1.98834E-06, 1.15791E-06, 5.47661E-09
805, 2.39060E-06, 1.98936E-06, 1.15564E-06, 5.52385E-09
806, 2.38462E-06, 1.99022E-06, 1.15328E-06, 5.57011E-09
807, 2.37845E-06, 1.99093E-06, 1.15083E-06, 5.61531E-09
808, 2.37209E-06, 1.99149E-06, 1.14828E-06, 5.65947E-09
809, 2.36554E-06, 1.99190E-06, 1.14564E-06, 5.70259E-09
810, 2.35879E-06, 1.99215E-06, 1.14291E-06, 5.74460E-09
811, 2.35185E-06, 1.99226E-06, 1.14009E-06, 5.78553E-09
812, 2.34472E-06, 1.99222E-06, 1.13717E-06, 5.82532E-09
813, 2.33740E-06, 1.99204E-06, 1.13417E-06, 5.86399E-09
814, 2.32990E-06, 1.99170E-06, 1.13107E-06, 5.90152E-09
815, 2.32221E-06, 1.99122E-06, 1.12788E-06, 5.93788E-09
816, 2.31433E-06, 1.99059E-06, 1.12460E-06, 5.97306E-09
817, 2.30627E-06, 1.98982E-06, 1.12123E-06, 6.00704E-09
818, 2.29803E-06, 1.98891E-06, 1.11777E-06, 6.03983E-09
819, 2.28960E-06, 1.98785E-06, 1.11422E-06, 6.07138E-09
820, 2.28099E-06, 1.98665E-06, 1.11058E-06, 6.10172E-09
821, 2.27221E-06, 1.98531E-06, 1.10685E-06, 6.13080E-09
822, 2.26325E-06, 1.98383E-06, 1.10303E-06, 6.15863E-09
823, 2.25411E-06, 1.98221E-06, 1.09959E-06, 6.18519E-09
824, 2.24479E-06, 1.98046E-06, 1.09747E-06, 6.21047E-09
825, 2.23531E-06, 1.97856E-06, 1.09527E-06, 6.23447E-09
826, 2.22565E-06, 1.97653E-06, 1.09299E-06, 6.25719E-09
827, 2.21582E-06, 1.97437E-06, 1.09065E-06, 6.27858E-09
828, 2.20976E-06, 1.97207E-06, 1.08824E-06, 6.29868E-09
829, 2.20920E-06, 1.96965E-06, 1.08575E-06, 6.31743E-09
830, 2.20850E-06, 1.96709E-06, 1.08319E-06, 6.33490E-09
831, 2.20765E-06, 1.96440E-06, 1.08056E-06, 6.35102E-09
832, 2.20666E-06, 1.96158E-06, 1.07785E-06, 6.36578E-09
833, 2.20553E-06, 1.95863E-06, 1.07508E-06, 6.37924E-09
834, 2.20425E-06, 1.95556E-06, 1.07223E-06, 6.39135E-09
835, 2.20283E-06, 1.95236E-06, 1.06932E-06, 6.40211E-09
836, 2.20127E-06, 1.94904E-06, 1.06633E-06, 6.41152E-09
837, 2.19957E-06, 1.94559E-06, 1.06327E-06, 6.41958E-09
838, 2.19773E-06, 1.94202E-06, 1.06014E-06, 6.42630E-09
839, 2.19574E-06, 1.93834E-06, 1.05717E-06, 6.43166E-09
840, 2.19362E-06, 1.93453E-06, 1.05559E-06, 6.43568E-09
841, 2.19135E-06, 1.93061E-06, 1.05393E-06, 6.43836E-09
842, 2.18895E-06, 1.92657E-06, 1.05220E-06, 6.43968E-09
843, 2.18640E-06, 1.92242E-06, 1.05040E-06, 6.43967E-09
844, 2.18371E-06, 1.91815E-06, 1.04853E-06, 6.43832E-09
845, 2.18089E-06, 1.91378E-06, 1.04659E-06, 6.43564E-09
846, 2.17792E-06, 1.90929E-06, 1.04457E-06, 6.43163E-09
847, 2.17482E-06, 1.90469E-06, 1.04249E-06, 6.42631E-09
848, 2.17158E-06, 1.89998E-06, 1.04033E-06, 6.41964E-09
849, 2.16820E-06, 1.89647E-06, 1.03809E-06, 6.41169E-09
850, 2.16468E-06, 1.89291E-06, 1.03579E-06, 6.40245E-09
851, 2.16103E-06, 1.88923E-06, 1.03341E-06, 6.39188E-09
852, 2.15724E-06, 1.88545E-06, 1.03096E-06, 6.38006E-09
853, 2.15331E-06, 1.88156E-06, 1.02844E-06, 6.36696E-09
854, 2.14926E-06, 1.87755E-06, 1.02584E-06, 6.35259E-09
855, 2.14506E-06, 1.87344E-06, 1.02318E-06, 6.33697E-09
856, 2.14074E-06, 1.86922E-06, 1.02044E-06, 6.32011E-09
857, 2.13628E-06, 1.86490E-06, 1.01762E-06, 6.30203E-09
858, 2.13168E-06, 1.86047E-06, 1.01474E-06, 6.28273E-09
859, 2.12696E-06, 1.85594E-06, 1.01178E-06, 6.26221E-09
860, 2.12211E-06, 1.85130E-06, 1.00875E-06, 6.24054E-09
861, 2.11712E-06, 1.84656E-06, 1.00565E-06, 6.21767E-09
862, 2.11201E-06, 1.84171E-06, 1.00248E-06, 6.19365E-09
863, 2.10676E-06, 1.83677E-06, 9.99232E-07, 6.16847E-09
864, 2.10139E-06, 1.83172E-06, 9.95915E-07, 6.14220E-09
865, 2.09590E-06, 1.82658E-06, 9.92526E-07, 6.11478E-09
866, 2.09027E-06, 1.82134E-06, 9.89066E-07, 6.08630E-09
867, 2.08452E-06, 1.81600E-06, 9.85534E-07, 6.05671E-09
868, 2.07865E-06, 1.81056E-06, 9.81931E-07, 6.02609E-09
869, 2.07265E-06, 1.80503E-06, 9.78258E-07, 5.99441E-09
870, 2.06653E-06, 1.79941E-06, 9.74514E-07, 5.96173E-09
871, 2.06028E-06, 1.79369E-06, 9.70700E-07, 5.92803E-09
872, 2.05392E-06, 1.78788E-06, 9.66816E-07, 5.89335E-09
873, 2.04743E-06, 1.78198E-06, 9.62862E-07, 5.85770E-09
874, 2.04083E-06, 1.77599E-06, 9.58838E-07, 5.82111E-09
875, 2.03411E-06, 1.76991E-06, 9.54746E-07, 5.78359E-09
876, 2.02727E-06, 1.76374E-06, 9.50585E-07, 5.74520E-09
877, 2.02031E-06, 1.75749E-06, 9.46356E-07, 5.70587E-09
878, 2.01324E-06, 1.75115E-06, 9.42059E-07, 5.66572E-09
879, 2.00605E-06, 1.74472E-06, 9.37694E-07, 5.62470E-09
880, 1.99875E-06, 1.73821E-06, 9.33262E-07, 5.58289E-09
881, 1.99134E-06, 1.73162E-06, 9.28764E-07, 5.54026E-09
882, 1.98382E-06, 1.72495E-06, 9.24199E-07, 5.49686E-09
883, 1.97618E-06, 1.71820E-06, 9.19569E-07, 5.45270E-09
884, 1.96844E-06, 1.71137E-06, 9.14874E-07, 5.40782E-09
885, 1.96059E-06, 1.70446E-06, 9.10114E-07, 5.36219E-09
886, 1.95263E-06, 1.69748E-06, 9.05289E-07, 5.31591E-09
887, 1.94457E-06, 1.69042E-06, 9.00402E-07, 5.26895E-09
888, 1.93640E-06, 1.68328E-06, 8.95451E-07, 5.22135E-09
889, 1.92813E-06, 1.67607E-06, 8.90438E-07, 5.17311E-09
890, 1.91975E-06, 1.66879E-06, 8.85363E-07, 5.12426E-09
891, 1.91128E-06, 1.66144E-06, 8.80227E-07, 5.07486E-09
892, 1.90270E-06, 1.65402E-06, 8.75031E-07, 5.02489E-09
893, 1.89402E-06, 1.64654E-06, 8.69774E-07, 4.97438E-09
894, 1.88525E-06, 1.63898E-06, 8.64459E-07, 4.92337E-09
895, 1.87638E-06, 1.63136E-06, 8.59085E-07, 4.87185E-09
896, 1.86742E-06, 1.62367E-06, 8.53654E-07, 4.81985E-09
897, 1.85836E-06, 1.61592E-06, 8.48165E-07, 4.76744E-09
898, 1.84921E-06, 1.60811E-06, 8.42621E-07, 4.71457E-09
899, 1.83996E-06, 1.60024E-06, 8.37020E-07, 4.66132E-09
900, 1.83063E-06, 1.59230E-06, 8.31366E-07, 4.60767E-09
901, 1.82120E-06, 1.58431E-06, 8.25657E-07, 4.55366E-09
902, 1.81169E-06, 1.57626E-06, 8.19895E-07, 4.49932E-09
903, 1.80210E-06, 1.56816E-06, 8.14082E-07, 4.44464E-09
904, 1.79241E-06, 1.56000E-06, 8.08217E-07, 4.38967E-09
905, 1.78264E-06, 1.55178E-06, 8.02301E-07, 4.33444E-09
906, 1.77279E-06, 1.54352E-06, 7.96336E-07, 4.27891E-09
907, 1.76286E-06, 1.53520E-06, 7.90323E-07, 4.22317E-09
908, 1.75285E-06, 1.52683E-06, 7.84261E-07, 4.16722E-09
909, 1.74276E-06, 1.51841E-06, 7.78153E-07, 4.11104E-09
910, 1.73259E-06, 1.50995E-06, 7.71999E-07, 4.05471E-09
911, 1.72235E-06, 1.50144E-06, 7.65801E-07, 3.99821E-09
912, 1.71203E-06, 1.49288E-06, 7.59558E-07, 3.94156E-09
913, 1.70163E-06, 1.48428E-06, 7.53273E-07, 3.88478E-09
914, 1.69117E-06, 1.47563E-06, 7.46946E-07, 3.82791E-09
915, 1.68063E-06, 1.46695E-06, 7.40578E-07, 3.77096E-09
916, 1.67003E-06, 1.45822E-06, 7.34170E-07, 3.71393E-09
917, 1.65935E-06, 1.44946E-06, 7.27724E-07, 3.65686E-09
918, 1.64861E-06, 1.44066E-06, 7.21240E-07, 3.59974E-09
919, 1.63781E-06, 1.43182E-06, 7.14720E-07, 3.54262E-09
920, 1.62694E-06, 1.42294E-06, 7.08164E-07, 3.48549E-09
921, 1.61601E-06, 1.41403E-06, 7.01574E-07, 3.42840E-09
922, 1.60501E-06, 1.40509E-06, 6.94950E-07, 3.38150E-09
923, 1.59396E-06, 1.39611E-06, 6.88295E-07, 3.33920E-09
924, 1.58285E-06, 1.38710E-06, 6.81608E-07, 3.29678E-09
925, 1.57168E-06, 1.37807E-06, 6.74892E-07, 3.25426E-09
926, 1.56045E-06, 1.36900E-06, 6.68147E-07, 3.21166E-09
927, 1.54917E-06, 1.35991E-06, 6.61375E-07, 3.16895E-09
928, 1.53784E-06, 1.35079E-06, 6.56024E-07, 3.12617E-09
929, 1.52646E-06, 1.34165E-06, 6.52106E-07, 3.08333E-09
930, 1.51503E-06, 1.33248E-06, 6.48145E-07, 3.04045E-09
931, 1.50355E-06, 1.32329E-06, 6.44143E-07, 2.99753E-09
932, 1.49202E-06, 1.31408E-06, 6.40099E-07, 2.95458E-09
933, 1.48044E-06, 1.30485E-06, 6.36014E-07, 2.91160E-09
934, 1.46883E-06, 1.29559E-06, 6.31889E-07, 2.86864E-09
935, 1.45716E-06, 1.28632E-06, 6.27724E-07, 2.82566E-09
936, 1.44546E-06, 1.27703E-06, 6.23519E-07, 2.78270E-09
937, 1.43372E-06, 1.26773E-06, 6.19276E-07, 2.73976E-09
938, 1.42194E-06, 1.25841E-06, 6.14994E-07, 2.69686E-09
939, 1.41012E-06, 1.24908E-06, 6.10675E-07, 2.65400E-09
940, 1.39827E-06, 1.23973E-06, 6.06318E-07, 2.61119E-09
941, 1.39619E-06, 1.23037E-06, 6.01925E-07, 2.56844E-09
942, 1.39773E-06, 1.22100E-06, 5.97496E-07, 2.52578E-09
943, 1.39919E-06, 1.21162E-06, 5.93032E-07, 2.53046E-09
944, 1.40057E-06, 1.20224E-06, 5.88533E-07, 2.54161E-09
945, 1.40185E-06, 1.19284E-06, 5.84000E-07, 2.55231E-09
946, 1.40305E-06, 1.18344E-06, 5.79433E-07, 2.56256E-09
947, 1.40416E-06, 1.17403E-06, 5.74834E-07, 2.57334E-09
948, 1.40518E-06, 1.16462E-06, 5.70202E-07, 2.59017E-09
949, 1.40611E-06, 1.15520E-06, 5.65540E-07, 2.60642E-09
950, 1.40695E-06, 1.14578E-06, 5.60846E-07, 2.62207E-09
951, 1.40770E-06, 1.13636E-06, 5.56122E-07, 2.63712E-09
952, 1.40836E-06, 1.12694E-06, 5.51369E-07, 2.65157E-09
953, 1.40892E-06, 1.11752E-06, 5.46588E-07, 2.66539E-09
954, 1.40940E-06, 1.10810E-06, 5.41778E-07, 2.67861E-09
955, 1.40978E-06, 1.09868E-06, 5.36941E-07, 2.69122E-09
956, 1.41007E-06, 1.08926E-06, 5.32078E-07, 2.70503E-09
957, 1.41027E-06, 1.07985E-06, 5.27189E-07, 2.71876E-09
958, 1.41038E-06, 1.07045E-06, 5.22275E-07, 2.73184E-09
959, 1.41038E-06, 1.06105E-06, 5.17336E-07, 2.74433E-09
960, 1.41030E-06, 1.05165E-06, 5.12375E-07, 2.75617E-09
961, 1.41139E-06, 1.04226E-06, 5.07390E-07, 2.76738E-09
962, 1.41285E-06, 1.03289E-06, 5.02384E-07, 2.77798E-09
963, 1.41422E-06, 1.02352E-06, 4.97356E-07, 2.78793E-09
964, 1.41550E-06, 1.01416E-06, 4.92309E-07, 2.79725E-09
965, 1.41670E-06, 1.00481E-06, 4.87241E-07, 2.80591E-09
966, 1.41782E-06, 9.95472E-07, 4.82155E-07, 2.81394E-09
967, 1.41885E-06, 9.86148E-07, 4.77052E-07, 2.82133E-09
968, 1.41979E-06, 9.76838E-07, 4.71931E-07, 2.82806E-09
969, 1.42064E-06, 9.67541E-07, 4.66793E-07, 2.83416E-09
970, 1.42140E-06, 9.58260E-07, 4.61641E-07, 2.83959E-09
971, 1.42207E-06, 9.48994E-07, 4.56474E-07, 2.84439E-09
972, 1.42266E-06, 9.39745E-07, 4.51292E-07, 2.84852E-09
973, 1.42315E-06, 9.30513E-07, 4.46099E-07, 2.85201E-09
974, 1.42356E-06, 9.21299E-07, 4.40892E-07, 2.85485E-09
975, 1.42387E-06, 9.12104E-07, 4.35675E-07, 2.85704E-09
976, 1.42409E-06, 9.03886E-07, 4.30980E-07, 2.85857E-09
977, 1.42422E-06, 8.96025E-07, 4.30861E-07, 2.85947E-09
978, 1.42426E-06, 8.88156E-07, 4.30720E-07, 2.86007E-09
979, 1.42421E-06, 8.80279E-07, 4.30557E-07, 2.86719E-09
980, 1.42406E-06, 8.72396E-07, 4.30372E-07, 2.87377E-09
981, 1.42382E-06, 8.64509E-07, 4.30164E-07, 2.87975E-09
982, 1.42348E-06, 8.56618E-07, 4.29934E-07, 2.88520E-09
983, 1.42305E-06, 8.48724E-07, 4.29681E-07, 2.89008E-09
984, 1.42252E-06, 8.40830E-07, 4.29405E-07, 2.89440E-09
985, 1.42190E-06, 8.32935E-07, 4.29107E-07, 2.89813E-09
986, 1.42118E-06, 8.25042E-07, 4.28785E-07, 2.90131E-09
987, 1.42036E-06, 8.17152E-07, 4.28441E-07, 2.90393E-09
988, 1.41945E-06, 8.09266E-07, 4.28073E-07, 2.90596E-09
989, 1.41844E-06, 8.01384E-07, 4.27682E-07, 2.90740E-09
990, 1.41733E-06, 7.93509E-07, 4.27268E-07, 2.90830E-09
991, 1.41612E-06, 7.85641E-07, 4.26831E-07, 2.90861E-09
992, 1.41481E-06, 7.77782E-07, 4.26370E-07, 2.90834E-09
993, 1.41340E-06, 7.69932E-07, 4.25885E-07, 2.90750E-09
994, 1.41190E-06, 7.62094E-07, 4.25377E-07, 2.90608E-09
995, 1.41029E-06, 7.54267E-07, 4.24846E-07, 2.90410E-09
996, 1.40858E-06, 7.46453E-07, 4.24291E-07, 2.90152E-09
997, 1.40676E-06, 7.38654E-07, 4.23712E-07, 2.89838E-09
998, 1.40485E-06, 7.30869E-07, 4.23109E-07, 2.89468E-09
999, 1.40283E-06, 7.23101E-07, 4.22483E-07, 2.89038E-09
1000, 1.40071E-06, 7.15350E-07, 4.21833E-07, 2.88551E-09
