time_step, rel_err_u, rel_err_v, rel_err_w, rel_err_p, rel_err_u_m, rel_err_v_m, rel_err_w_m, rel_err_p_m
0, 0.00000E+00, 0.00000E+00, 0.00000E+00, 0.00000E+00, 0.00000E+00, 0.00000E+00, 0.00000E+00, 4.87266E-06
1, 3.02065E-03, 2.19958E-03, 2.22767E-03, 1.88402E-02, 1.10389E-04, 1.24177E-04, 9.20966E-05, 6.58627E+00
2, 2.35172E-03, 2.00966E-03, 1.29837E-03, 6.77386E-02, 4.27080E-05, 3.78592E-05, 3.00207E-05, 9.61333E+00
3, 1.86062E-03, 1.24815E-03, 1.38147E-03, 1.47236E-03, 4.46262E-05, 3.69608E-05, 2.98093E-05, 6.50597E-02
4, 6.93203E-04, 2.75468E-04, 2.21675E-04, 2.71374E-03, 1.46769E-05, 1.15196E-05, 8.22307E-06, 2.86037E-01
5, 6.51385E-04, 3.03432E-04, 2.16793E-04, 8.63571E-04, 1.61430E-05, 1.25187E-05, 8.97373E-06, 8.91376E-02
6, 6.57940E-04, 3.01537E-04, 2.08981E-04, 3.74997E-04, 1.44540E-05, 1.13587E-05, 7.94999E-06, 3.95873E-02
7, 6.94367E-04, 3.12086E-04, 2.04355E-04, 1.80807E-04, 1.44276E-05, 1.12192E-05, 7.82989E-06, 1.90470E-02
8, 7.15189E-04, 3.18446E-04, 1.98858E-04, 1.52445E-04, 1.40102E-05, 1.09624E-05, 7.61906E-06, 1.61281E-02
9, 7.47848E-04, 3.19610E-04, 2.10613E-04, 9.51592E-05, 1.37273E-05, 1.07815E-05, 7.48769E-06, 1.00935E-02
10, 7.90126E-04, 3.15858E-04, 2.37828E-04, 9.03662E-05, 1.34226E-05, 1.05853E-05, 7.32775E-06, 9.61403E-03
11, 8.06995E-04, 3.07458E-04, 2.62344E-04, 8.79452E-05, 1.31359E-05, 1.04125E-05, 7.18852E-06, 9.38251E-03
12, 7.96371E-04, 3.00183E-04, 2.82530E-04, 9.16322E-05, 1.28681E-05, 1.02446E-05, 7.04744E-06, 9.80181E-03
13, 7.93495E-04, 3.12840E-04, 2.97588E-04, 9.55924E-05, 1.25956E-05, 1.00757E-05, 6.90690E-06, 1.02506E-02
14, 8.34454E-04, 3.20728E-04, 3.06699E-04, 9.69061E-05, 1.23249E-05, 9.91106E-06, 6.77272E-06, 1.04148E-02
15, 9.08795E-04, 3.23730E-04, 3.09254E-04, 9.56302E-05, 1.20817E-05, 9.76403E-06, 6.64792E-06, 1.02983E-02
16, 9.59820E-04, 3.21779E-04, 3.15623E-04, 9.21729E-05, 1.18299E-05, 9.61916E-06, 6.53007E-06, 9.94323E-03
17, 9.84254E-04, 3.15024E-04, 3.45225E-04, 8.81678E-05, 1.15867E-05, 9.47085E-06, 6.41040E-06, 9.52505E-03
18, 9.80036E-04, 3.05607E-04, 3.68339E-04, 9.01439E-05, 1.13733E-05, 9.32458E-06, 6.29111E-06, 9.74984E-03
19, 1.01725E-03, 3.18903E-04, 3.83920E-04, 9.16991E-05, 1.11547E-05, 9.18211E-06, 6.17607E-06, 9.92658E-03
20, 1.04119E-03, 3.30665E-04, 3.91258E-04, 9.26306E-05, 1.09396E-05, 9.04439E-06, 6.06946E-06, 1.00329E-02
21, 1.03506E-03, 3.39706E-04, 3.89999E-04, 9.27120E-05, 1.07316E-05, 8.91498E-06, 5.96937E-06, 1.00442E-02
22, 9.97807E-04, 3.45743E-04, 3.80149E-04, 9.16799E-05, 1.05130E-05, 8.79651E-06, 5.87589E-06, 9.93164E-03
23, 9.49990E-04, 3.48523E-04, 3.76857E-04, 8.92731E-05, 1.03155E-05, 8.68070E-06, 5.78465E-06, 9.66727E-03
24, 9.39041E-04, 3.47838E-04, 4.01371E-04, 8.52459E-05, 1.01396E-05, 8.55895E-06, 5.69461E-06, 9.22489E-03
25, 9.41526E-04, 3.50419E-04, 4.16347E-04, 7.94100E-05, 9.96840E-06, 8.44151E-06, 5.60951E-06, 8.58498E-03
26, 1.00151E-03, 3.61729E-04, 4.21219E-04, 7.58575E-05, 9.78858E-06, 8.32232E-06, 5.52237E-06, 8.19051E-03
27, 1.04052E-03, 3.91686E-04, 4.15838E-04, 7.74047E-05, 9.61122E-06, 8.20234E-06, 5.43810E-06, 8.34460E-03
28, 1.05787E-03, 4.19882E-04, 4.00464E-04, 7.70382E-05, 9.44835E-06, 8.08670E-06, 5.35062E-06, 8.28990E-03
29, 1.07195E-03, 4.45782E-04, 4.41125E-04, 8.07233E-05, 9.28930E-06, 7.97282E-06, 5.26064E-06, 8.66818E-03
30, 1.11812E-03, 4.68837E-04, 4.75413E-04, 8.66882E-05, 9.13126E-06, 7.85937E-06, 5.17090E-06, 9.28666E-03
31, 1.14137E-03, 4.88488E-04, 4.98654E-04, 9.07963E-05, 8.98141E-06, 7.74721E-06, 5.09280E-06, 9.70118E-03
32, 1.14151E-03, 5.04181E-04, 5.10136E-04, 9.29535E-05, 8.82330E-06, 7.63669E-06, 5.02878E-06, 9.90301E-03
33, 1.11924E-03, 5.15386E-04, 5.09582E-04, 9.35018E-05, 8.66823E-06, 7.52762E-06, 4.97001E-06, 9.93021E-03
34, 1.09454E-03, 5.21618E-04, 4.97148E-04, 9.33746E-05, 8.51107E-06, 7.42604E-06, 4.91010E-06, 9.88319E-03
35, 1.09080E-03, 5.22499E-04, 4.73392E-04, 9.10381E-05, 8.34946E-06, 7.32741E-06, 4.84743E-06, 9.60103E-03
36, 1.06404E-03, 5.17978E-04, 4.39235E-04, 8.66663E-05, 8.17993E-06, 7.23912E-06, 4.78140E-06, 9.10478E-03
37, 1.07764E-03, 5.07588E-04, 3.95905E-04, 8.04884E-05, 8.01693E-06, 7.15483E-06, 4.71059E-06, 8.42129E-03
38, 1.11458E-03, 4.91260E-04, 3.79253E-04, 7.99955E-05, 7.84829E-06, 7.07041E-06, 4.64852E-06, 8.33379E-03
39, 1.13245E-03, 4.69088E-04, 4.05734E-04, 8.60933E-05, 7.68422E-06, 6.98288E-06, 4.58550E-06, 8.92863E-03
40, 1.13078E-03, 4.41329E-04, 4.23465E-04, 9.01340E-05, 7.52498E-06, 6.90070E-06, 4.52525E-06, 9.30366E-03
41, 1.10975E-03, 4.08398E-04, 4.32127E-04, 9.21757E-05, 7.37044E-06, 6.82133E-06, 4.46546E-06, 9.46771E-03
42, 1.08556E-03, 3.70857E-04, 4.31904E-04, 9.23366E-05, 7.22537E-06, 6.75097E-06, 4.40818E-06, 9.43588E-03
43, 1.06376E-03, 3.38278E-04, 4.23250E-04, 9.07803E-05, 7.09175E-06, 6.68598E-06, 4.35237E-06, 9.22782E-03
44, 1.05426E-03, 3.47941E-04, 4.06846E-04, 8.77019E-05, 6.95918E-06, 6.61763E-06, 4.30339E-06, 8.86617E-03
45, 1.11339E-03, 3.53071E-04, 3.83565E-04, 8.33141E-05, 6.83316E-06, 6.54225E-06, 4.26201E-06, 8.37506E-03
46, 1.15062E-03, 3.53616E-04, 3.54422E-04, 7.78363E-05, 6.71442E-06, 6.47302E-06, 4.21618E-06, 7.77889E-03
47, 1.16579E-03, 3.49629E-04, 3.20527E-04, 7.14859E-05, 6.60931E-06, 6.40164E-06, 4.16920E-06, 7.10145E-03
48, 1.15953E-03, 3.41271E-04, 2.83044E-04, 6.44717E-05, 6.51413E-06, 6.33125E-06, 4.12291E-06, 6.36518E-03
49, 1.13299E-03, 3.28953E-04, 2.45996E-04, 5.69899E-05, 6.42090E-06, 6.26500E-06, 4.07658E-06, 5.59087E-03
50, 1.08780E-03, 3.12925E-04, 2.68242E-04, 4.92226E-05, 6.32530E-06, 6.19866E-06, 4.03432E-06, 4.79746E-03
51, 1.02595E-03, 2.93497E-04, 2.82631E-04, 4.58173E-05, 6.23209E-06, 6.13912E-06, 3.99071E-06, 4.43573E-03
52, 9.49761E-04, 2.71127E-04, 2.89385E-04, 4.92775E-05, 6.13858E-06, 6.07819E-06, 3.94397E-06, 4.73804E-03
53, 8.61748E-04, 2.46318E-04, 2.88927E-04, 5.16094E-05, 6.05441E-06, 6.01560E-06, 3.89685E-06, 4.92738E-03
54, 7.64581E-04, 2.19599E-04, 2.81855E-04, 5.28511E-05, 5.98495E-06, 5.95297E-06, 3.85676E-06, 5.00961E-03
55, 6.86644E-04, 2.11325E-04, 2.68907E-04, 5.30662E-05, 5.92512E-06, 5.89004E-06, 3.82153E-06, 4.99293E-03
56, 6.74466E-04, 2.20120E-04, 2.50933E-04, 5.23396E-05, 5.87715E-06, 5.82677E-06, 3.78834E-06, 4.88745E-03
57, 6.50984E-04, 2.41609E-04, 2.36398E-04, 5.07747E-05, 5.82802E-06, 5.76633E-06, 3.75665E-06, 4.70483E-03
58, 6.17442E-04, 2.60785E-04, 2.38705E-04, 4.84887E-05, 5.77531E-06, 5.70377E-06, 3.72458E-06, 4.45771E-03
59, 5.75271E-04, 2.76159E-04, 2.35307E-04, 4.56079E-05, 5.72261E-06, 5.64055E-06, 3.69462E-06, 4.15933E-03
60, 5.26030E-04, 2.87865E-04, 2.26735E-04, 4.22637E-05, 5.66708E-06, 5.58079E-06, 3.66612E-06, 3.82297E-03
61, 5.16998E-04, 2.96086E-04, 2.13633E-04, 3.85872E-05, 5.61879E-06, 5.52284E-06, 3.63903E-06, 3.46155E-03
62, 5.33017E-04, 3.01041E-04, 1.96733E-04, 3.79158E-05, 5.57900E-06, 5.46359E-06, 3.61295E-06, 3.37282E-03
63, 5.39968E-04, 3.02980E-04, 1.76816E-04, 3.85148E-05, 5.54058E-06, 5.40852E-06, 3.58524E-06, 3.39705E-03
64, 5.38718E-04, 3.02215E-04, 1.54693E-04, 3.89890E-05, 5.50002E-06, 5.35286E-06, 3.55642E-06, 3.40942E-03
65, 5.30237E-04, 2.98994E-04, 1.46846E-04, 3.93337E-05, 5.45721E-06, 5.29710E-06, 3.52748E-06, 3.40987E-03
66, 5.15562E-04, 2.93605E-04, 1.52863E-04, 3.95454E-05, 5.41527E-06, 5.24067E-06, 3.49914E-06, 3.39846E-03
67, 4.95771E-04, 2.86343E-04, 1.55427E-04, 3.96212E-05, 5.37130E-06, 5.18410E-06, 3.47495E-06, 3.37530E-03
68, 4.71988E-04, 2.77498E-04, 1.54829E-04, 3.95591E-05, 5.32869E-06, 5.12748E-06, 3.45074E-06, 3.34060E-03
69, 4.45182E-04, 2.67349E-04, 1.51339E-04, 3.93577E-05, 5.29227E-06, 5.07206E-06, 3.42741E-06, 3.29461E-03
70, 4.16342E-04, 2.56162E-04, 1.45327E-04, 3.97972E-05, 5.26064E-06, 5.01980E-06, 3.40380E-06, 3.30243E-03
71, 3.86388E-04, 2.44186E-04, 1.37201E-04, 4.02100E-05, 5.23144E-06, 4.96952E-06, 3.38174E-06, 3.30783E-03
72, 3.56146E-04, 2.31646E-04, 1.27390E-04, 4.04778E-05, 5.20147E-06, 4.91926E-06, 3.36202E-06, 3.30126E-03
73, 3.26340E-04, 2.18746E-04, 1.16329E-04, 4.05964E-05, 5.17246E-06, 4.86859E-06, 3.34256E-06, 3.28279E-03
74, 2.97578E-04, 2.05667E-04, 1.04447E-04, 4.05631E-05, 5.14390E-06, 4.81950E-06, 3.32410E-06, 3.25255E-03
75, 2.70351E-04, 1.92563E-04, 9.21512E-05, 4.03758E-05, 5.12045E-06, 4.77224E-06, 3.30620E-06, 3.21072E-03
76, 2.45030E-04, 1.79565E-04, 7.98221E-05, 4.00335E-05, 5.09751E-06, 4.72606E-06, 3.28994E-06, 3.15758E-03
77, 2.21871E-04, 1.66778E-04, 6.77999E-05, 3.96840E-05, 5.07649E-06, 4.68062E-06, 3.27406E-06, 3.10502E-03
78, 2.07842E-04, 1.54286E-04, 5.63803E-05, 4.00139E-05, 5.05578E-06, 4.63628E-06, 3.25732E-06, 3.10636E-03
79, 1.96191E-04, 1.42153E-04, 4.89765E-05, 4.03767E-05, 5.03498E-06, 4.59258E-06, 3.24107E-06, 3.11060E-03
80, 1.80691E-04, 1.30425E-04, 4.95204E-05, 4.08714E-05, 5.01654E-06, 4.54908E-06, 3.22394E-06, 3.12530E-03
81, 1.62146E-04, 1.19131E-04, 5.27664E-05, 4.13140E-05, 4.99958E-06, 4.50708E-06, 3.20720E-06, 3.13631E-03
82, 1.48464E-04, 1.08288E-04, 5.76040E-05, 4.17044E-05, 4.98251E-06, 4.46592E-06, 3.19229E-06, 3.14374E-03
83, 1.53278E-04, 9.79039E-05, 6.10138E-05, 4.20422E-05, 4.96482E-06, 4.42632E-06, 3.17854E-06, 3.14771E-03
84, 1.54725E-04, 8.79761E-05, 6.29929E-05, 4.23277E-05, 4.94780E-06, 4.38708E-06, 3.16536E-06, 3.14832E-03
85, 1.53040E-04, 7.84982E-05, 6.35801E-05, 4.27511E-05, 4.93056E-06, 4.34911E-06, 3.15190E-06, 3.15972E-03
86, 1.48533E-04, 6.94597E-05, 6.28505E-05, 4.31466E-05, 4.91295E-06, 4.31104E-06, 3.13913E-06, 3.16958E-03
87, 1.41578E-04, 6.58391E-05, 6.09103E-05, 4.34817E-05, 4.89741E-06, 4.27358E-06, 3.12685E-06, 3.17555E-03
88, 1.32585E-04, 6.48898E-05, 5.78903E-05, 4.37573E-05, 4.88337E-06, 4.23800E-06, 3.11450E-06, 3.17779E-03
89, 1.21985E-04, 6.39461E-05, 5.39401E-05, 4.40018E-05, 4.87161E-06, 4.20215E-06, 3.10236E-06, 3.17842E-03
90, 1.10213E-04, 6.38611E-05, 4.92213E-05, 4.46271E-05, 4.86318E-06, 4.16669E-06, 3.09026E-06, 3.20707E-03
91, 1.01003E-04, 6.35111E-05, 4.39015E-05, 4.52092E-05, 4.85387E-06, 4.13207E-06, 3.07897E-06, 3.23299E-03
92, 9.93247E-05, 6.29044E-05, 3.81491E-05, 4.57222E-05, 4.84466E-06, 4.09850E-06, 3.06911E-06, 3.25440E-03
93, 9.63563E-05, 6.20498E-05, 3.46539E-05, 4.61663E-05, 4.83731E-06, 4.06660E-06, 3.05901E-06, 3.27138E-03
94, 9.22301E-05, 6.16470E-05, 3.43899E-05, 4.65423E-05, 4.83052E-06, 4.03607E-06, 3.04866E-06, 3.28403E-03
95, 8.71002E-05, 6.15483E-05, 3.43205E-05, 4.68509E-05, 4.82495E-06, 4.00486E-06, 3.03827E-06, 3.29247E-03
96, 8.11359E-05, 6.12253E-05, 3.35249E-05, 4.70930E-05, 4.81806E-06, 3.97329E-06, 3.02822E-06, 3.29679E-03
97, 8.02109E-05, 6.06831E-05, 3.32782E-05, 4.72698E-05, 4.80935E-06, 3.94253E-06, 3.01906E-06, 3.29711E-03
98, 8.38647E-05, 5.99274E-05, 3.29736E-05, 4.73825E-05, 4.79946E-06, 3.91290E-06, 3.00964E-06, 3.29356E-03
99, 8.64488E-05, 5.98957E-05, 3.29737E-05, 4.75807E-05, 4.78857E-06, 3.88385E-06, 3.00003E-06, 3.29654E-03
100, 8.78391E-05, 5.99009E-05, 3.31922E-05, 4.80594E-05, 4.77802E-06, 3.85494E-06, 2.98998E-06, 3.31946E-03
101, 8.79546E-05, 5.96992E-05, 3.37914E-05, 4.84624E-05, 4.77012E-06, 3.82673E-06, 2.97935E-06, 3.33763E-03
102, 8.67690E-05, 5.92939E-05, 3.39416E-05, 4.87904E-05, 4.76236E-06, 3.79919E-06, 2.96889E-06, 3.35115E-03
103, 8.42988E-05, 5.86886E-05, 3.37056E-05, 4.90442E-05, 4.75505E-06, 3.77128E-06, 2.95854E-06, 3.36018E-03
104, 8.50761E-05, 5.79040E-05, 3.43780E-05, 4.92251E-05, 4.74682E-06, 3.74443E-06, 2.94906E-06, 3.36485E-03
105, 8.83170E-05, 5.80919E-05, 3.66784E-05, 4.93341E-05, 4.73762E-06, 3.71903E-06, 2.93981E-06, 3.36534E-03
106, 9.06222E-05, 5.80766E-05, 3.84409E-05, 4.93729E-05, 4.72868E-06, 3.69493E-06, 2.93058E-06, 3.36182E-03
107, 9.19987E-05, 5.78592E-05, 3.96716E-05, 4.93428E-05, 4.72170E-06, 3.67046E-06, 2.92074E-06, 3.35450E-03
108, 9.24739E-05, 5.74414E-05, 4.03778E-05, 4.92935E-05, 4.71705E-06, 3.64577E-06, 2.91039E-06, 3.34681E-03
109, 9.20932E-05, 5.68258E-05, 4.05852E-05, 4.96251E-05, 4.71262E-06, 3.62094E-06, 2.90060E-06, 3.36601E-03
110, 9.72633E-05, 5.71857E-05, 4.03272E-05, 4.98757E-05, 4.70818E-06, 3.59644E-06, 2.89074E-06, 3.38080E-03
111, 1.03797E-04, 5.74418E-05, 3.96430E-05, 5.00465E-05, 4.70407E-06, 3.57267E-06, 2.88053E-06, 3.39139E-03
112, 1.09471E-04, 5.74890E-05, 3.85759E-05, 5.01389E-05, 4.70065E-06, 3.54915E-06, 2.87060E-06, 3.39802E-03
113, 1.14272E-04, 5.73263E-05, 3.71716E-05, 5.01546E-05, 4.69737E-06, 3.52497E-06, 2.86074E-06, 3.40090E-03
114, 1.18199E-04, 5.69540E-05, 3.73681E-05, 5.01724E-05, 4.69435E-06, 3.50020E-06, 2.85069E-06, 3.40550E-03
115, 1.21267E-04, 5.64614E-05, 3.92046E-05, 5.02429E-05, 4.69297E-06, 3.47534E-06, 2.84013E-06, 3.41537E-03
116, 1.23500E-04, 5.58105E-05, 4.06693E-05, 5.02372E-05, 4.69191E-06, 3.45091E-06, 2.82983E-06, 3.42187E-03
117, 1.24936E-04, 5.61703E-05, 4.17643E-05, 5.01580E-05, 4.69005E-06, 3.42690E-06, 2.81967E-06, 3.42524E-03
118, 1.25620E-04, 5.65291E-05, 4.24967E-05, 5.00082E-05, 4.68891E-06, 3.40317E-06, 2.80970E-06, 3.42574E-03
119, 1.25604E-04, 5.66654E-05, 4.28773E-05, 5.01377E-05, 4.68878E-06, 3.37998E-06, 2.80030E-06, 3.44744E-03
120, 1.24945E-04, 5.65755E-05, 4.29207E-05, 5.03256E-05, 4.68963E-06, 3.35642E-06, 2.79066E-06, 3.47539E-03
121, 1.23704E-04, 5.62575E-05, 4.26440E-05, 5.04270E-05, 4.69142E-06, 3.33246E-06, 2.78088E-06, 3.49963E-03
122, 1.21944E-04, 5.57113E-05, 4.20660E-05, 5.04446E-05, 4.69477E-06, 3.30842E-06, 2.77108E-06, 3.52033E-03
123, 1.19726E-04, 5.64021E-05, 4.12073E-05, 5.03817E-05, 4.69795E-06, 3.28403E-06, 2.76117E-06, 3.53761E-03
124, 1.17112E-04, 5.68779E-05, 4.00889E-05, 5.02416E-05, 4.70156E-06, 3.26005E-06, 2.75117E-06, 3.55155E-03
125, 1.14163E-04, 5.71281E-05, 3.87324E-05, 5.00273E-05, 4.70511E-06, 3.23638E-06, 2.74210E-06, 3.56221E-03
126, 1.10941E-04, 5.71475E-05, 3.71591E-05, 4.97424E-05, 4.71001E-06, 3.21305E-06, 2.73333E-06, 3.56961E-03
127, 1.07491E-04, 5.69323E-05, 3.76429E-05, 4.95459E-05, 4.71510E-06, 3.19011E-06, 2.72429E-06, 3.58499E-03
128, 1.03859E-04, 5.64814E-05, 3.80429E-05, 4.95949E-05, 4.72091E-06, 3.16797E-06, 2.71555E-06, 3.61985E-03
129, 1.00091E-04, 5.61644E-05, 3.82169E-05, 4.95587E-05, 4.72686E-06, 3.14586E-06, 2.70660E-06, 3.65012E-03
130, 9.62233E-05, 5.68250E-05, 3.81803E-05, 4.94407E-05, 4.73274E-06, 3.12352E-06, 2.69733E-06, 3.67573E-03
131, 9.22908E-05, 5.83807E-05, 3.79490E-05, 4.92447E-05, 4.73828E-06, 3.10099E-06, 2.68823E-06, 3.69661E-03
132, 8.83221E-05, 6.05683E-05, 3.75394E-05, 4.89744E-05, 4.74339E-06, 3.07844E-06, 2.67929E-06, 3.71265E-03
133, 8.43417E-05, 6.27198E-05, 3.69679E-05, 4.86336E-05, 4.74927E-06, 3.05648E-06, 2.67036E-06, 3.72377E-03
134, 8.03695E-05, 6.48265E-05, 3.62510E-05, 4.82260E-05, 4.75443E-06, 3.03499E-06, 2.66165E-06, 3.72990E-03
135, 7.64218E-05, 6.68792E-05, 3.59138E-05, 4.77552E-05, 4.76016E-06, 3.01371E-06, 2.65255E-06, 3.73097E-03
136, 7.25109E-05, 6.88677E-05, 3.63500E-05, 4.75635E-05, 4.76623E-06, 2.99206E-06, 2.64302E-06, 3.75365E-03
137, 6.86465E-05, 7.07814E-05, 3.67660E-05, 4.74084E-05, 4.77304E-06, 2.97051E-06, 2.63327E-06, 3.77913E-03
138, 6.48351E-05, 7.26095E-05, 3.71615E-05, 4.71771E-05, 4.78042E-06, 2.94867E-06, 2.62316E-06, 3.79827E-03
139, 6.31801E-05, 7.43404E-05, 3.75364E-05, 4.68734E-05, 4.78883E-06, 2.92749E-06, 2.61267E-06, 3.81107E-03
140, 6.34881E-05, 7.59628E-05, 3.79965E-05, 4.65013E-05, 4.79763E-06, 2.90634E-06, 2.60206E-06, 3.81758E-03
141, 6.37432E-05, 7.74650E-05, 3.86945E-05, 4.60645E-05, 4.80713E-06, 2.88495E-06, 2.59118E-06, 3.81788E-03
142, 6.39492E-05, 7.88356E-05, 3.93694E-05, 4.55669E-05, 4.81714E-06, 2.86393E-06, 2.58080E-06, 3.81208E-03
143, 6.41093E-05, 8.00633E-05, 4.00212E-05, 4.50122E-05, 4.82732E-06, 2.84320E-06, 2.57039E-06, 3.80031E-03
144, 6.42262E-05, 8.11373E-05, 4.06500E-05, 4.44041E-05, 4.83801E-06, 2.82202E-06, 2.55965E-06, 3.78273E-03
145, 6.67354E-05, 8.24075E-05, 4.12558E-05, 4.41073E-05, 4.84815E-06, 2.80099E-06, 2.54860E-06, 3.79056E-03
146, 7.03039E-05, 8.35360E-05, 4.18385E-05, 4.37993E-05, 4.85848E-06, 2.78005E-06, 2.53718E-06, 3.79654E-03
147, 7.38598E-05, 8.45000E-05, 4.23983E-05, 4.34261E-05, 4.86831E-06, 2.75919E-06, 2.52537E-06, 3.79592E-03
148, 7.73914E-05, 8.52912E-05, 4.31887E-05, 4.29914E-05, 4.87867E-06, 2.73941E-06, 2.51325E-06, 3.78889E-03
149, 8.08877E-05, 8.59023E-05, 4.40595E-05, 4.24989E-05, 4.88846E-06, 2.72035E-06, 2.50101E-06, 3.77567E-03
150, 8.43376E-05, 8.63272E-05, 4.49072E-05, 4.19523E-05, 4.89714E-06, 2.70116E-06, 2.48798E-06, 3.75648E-03
151, 8.77306E-05, 8.65610E-05, 4.61812E-05, 4.13550E-05, 4.90485E-06, 2.68156E-06, 2.47484E-06, 3.73153E-03
152, 9.10568E-05, 8.66000E-05, 4.74585E-05, 4.07106E-05, 4.91250E-06, 2.66229E-06, 2.46153E-06, 3.70107E-03
153, 9.43065E-05, 8.64417E-05, 4.87083E-05, 4.00223E-05, 4.91958E-06, 2.64298E-06, 2.44817E-06, 3.66533E-03
154, 9.74703E-05, 8.60851E-05, 4.99291E-05, 3.94933E-05, 4.92639E-06, 2.62338E-06, 2.43462E-06, 3.64297E-03
155, 1.00540E-04, 8.55304E-05, 5.11194E-05, 3.90932E-05, 4.93311E-06, 2.60392E-06, 2.42086E-06, 3.63152E-03
156, 1.03506E-04, 8.47789E-05, 5.22774E-05, 3.92530E-05, 4.93979E-06, 2.58426E-06, 2.40686E-06, 3.67154E-03
157, 1.06361E-04, 8.42723E-05, 5.34018E-05, 4.04125E-05, 4.94635E-06, 2.56450E-06, 2.39284E-06, 3.80553E-03
158, 1.09135E-04, 8.36528E-05, 5.44910E-05, 4.15498E-05, 4.95261E-06, 2.54468E-06, 2.37848E-06, 3.93849E-03
159, 1.12525E-04, 8.28594E-05, 5.55436E-05, 4.26608E-05, 4.95821E-06, 2.52484E-06, 2.36378E-06, 4.06994E-03
160, 1.15780E-04, 8.18951E-05, 5.65581E-05, 4.37416E-05, 4.96332E-06, 2.50508E-06, 2.34895E-06, 4.19942E-03
161, 1.18888E-04, 8.07637E-05, 5.75331E-05, 4.47884E-05, 4.96780E-06, 2.48470E-06, 2.33401E-06, 4.32646E-03
162, 1.21839E-04, 7.94693E-05, 5.84672E-05, 4.57973E-05, 4.97192E-06, 2.46382E-06, 2.31908E-06, 4.45060E-03
163, 1.24623E-04, 7.80165E-05, 5.93591E-05, 4.67646E-05, 4.97485E-06, 2.44281E-06, 2.30417E-06, 4.57137E-03
164, 1.27231E-04, 7.64103E-05, 6.02072E-05, 4.76868E-05, 4.97738E-06, 2.42191E-06, 2.28922E-06, 4.68829E-03
165, 1.29654E-04, 7.46557E-05, 6.10102E-05, 4.85606E-05, 4.97905E-06, 2.40093E-06, 2.27429E-06, 4.80093E-03
166, 1.31885E-04, 7.27580E-05, 6.17667E-05, 4.93826E-05, 4.97965E-06, 2.38018E-06, 2.25912E-06, 4.90884E-03
167, 1.33915E-04, 7.07223E-05, 6.24755E-05, 5.01500E-05, 4.97926E-06, 2.35951E-06, 2.24368E-06, 5.01159E-03
168, 1.35739E-04, 6.89256E-05, 6.31350E-05, 5.08598E-05, 4.97784E-06, 2.33877E-06, 2.22854E-06, 5.10878E-03
169, 1.37350E-04, 6.82757E-05, 6.37439E-05, 5.15095E-05, 4.97524E-06, 2.31803E-06, 2.21344E-06, 5.20003E-03
170, 1.38743E-04, 6.81174E-05, 6.43009E-05, 5.20967E-05, 4.97098E-06, 2.29729E-06, 2.19847E-06, 5.28498E-03
171, 1.40447E-04, 6.82235E-05, 6.48047E-05, 5.26192E-05, 4.96583E-06, 2.27685E-06, 2.18315E-06, 5.36331E-03
172, 1.42058E-04, 7.16567E-05, 6.52540E-05, 5.30752E-05, 4.96037E-06, 2.25676E-06, 2.16788E-06, 5.43472E-03
173, 1.43495E-04, 7.51928E-05, 6.56497E-05, 5.34629E-05, 4.95456E-06, 2.23749E-06, 2.15295E-06, 5.49895E-03
174, 1.45208E-04, 7.86692E-05, 6.59894E-05, 5.37810E-05, 4.94762E-06, 2.21883E-06, 2.13808E-06, 5.55579E-03
175, 1.46739E-04, 8.20774E-05, 6.62706E-05, 5.40285E-05, 4.94035E-06, 2.20059E-06, 2.12339E-06, 5.60505E-03
176, 1.48065E-04, 8.54089E-05, 6.64923E-05, 5.42043E-05, 4.93281E-06, 2.18299E-06, 2.10855E-06, 5.64660E-03
177, 1.49181E-04, 8.86555E-05, 6.73068E-05, 5.43079E-05, 4.92454E-06, 2.16600E-06, 2.09372E-06, 5.68033E-03
178, 1.50084E-04, 9.18092E-05, 6.83651E-05, 5.43390E-05, 4.91472E-06, 2.14927E-06, 2.07924E-06, 5.70617E-03
179, 1.50768E-04, 9.48625E-05, 6.93580E-05, 5.42975E-05, 4.90368E-06, 2.13255E-06, 2.06481E-06, 5.72410E-03
180, 1.51232E-04, 9.78078E-05, 7.02828E-05, 5.41835E-05, 4.89165E-06, 2.11609E-06, 2.05034E-06, 5.73414E-03
181, 1.51474E-04, 1.00638E-04, 7.11369E-05, 5.39975E-05, 4.87861E-06, 2.09985E-06, 2.03592E-06, 5.73631E-03
182, 1.51491E-04, 1.03348E-04, 7.19180E-05, 5.37401E-05, 4.86506E-06, 2.08364E-06, 2.02184E-06, 5.73070E-03
183, 1.51283E-04, 1.05929E-04, 7.26235E-05, 5.34123E-05, 4.85091E-06, 2.06797E-06, 2.00795E-06, 5.71740E-03
184, 1.50850E-04, 1.08377E-04, 7.32514E-05, 5.30152E-05, 4.83564E-06, 2.05238E-06, 1.99422E-06, 5.69653E-03
185, 1.50193E-04, 1.10687E-04, 7.37996E-05, 5.25501E-05, 4.81917E-06, 2.03683E-06, 1.98082E-06, 5.66823E-03
186, 1.49315E-04, 1.12854E-04, 7.42660E-05, 5.20185E-05, 4.80167E-06, 2.02168E-06, 1.96766E-06, 5.63267E-03
187, 1.49935E-04, 1.14873E-04, 7.46489E-05, 5.14224E-05, 4.78402E-06, 2.00740E-06, 1.95447E-06, 5.59002E-03
188, 1.50538E-04, 1.16746E-04, 7.49464E-05, 5.07634E-05, 4.76519E-06, 1.99370E-06, 1.94154E-06, 5.54046E-03
189, 1.50955E-04, 1.18464E-04, 7.51572E-05, 5.00439E-05, 4.74538E-06, 1.98024E-06, 1.92885E-06, 5.48418E-03
190, 1.51181E-04, 1.20024E-04, 7.52798E-05, 4.92661E-05, 4.72473E-06, 1.96751E-06, 1.91610E-06, 5.42139E-03
191, 1.51216E-04, 1.21425E-04, 7.53129E-05, 4.84323E-05, 4.70344E-06, 1.95533E-06, 1.90343E-06, 5.35230E-03
192, 1.51056E-04, 1.22665E-04, 7.52556E-05, 4.75452E-05, 4.68095E-06, 1.94326E-06, 1.89113E-06, 5.27712E-03
193, 1.50702E-04, 1.23743E-04, 7.51067E-05, 4.66073E-05, 4.65736E-06, 1.93174E-06, 1.87889E-06, 5.19607E-03
194, 1.50151E-04, 1.24658E-04, 7.48658E-05, 4.56216E-05, 4.63280E-06, 1.92047E-06, 1.86659E-06, 5.10938E-03
195, 1.49404E-04, 1.25410E-04, 7.45344E-05, 4.45908E-05, 4.60774E-06, 1.90942E-06, 1.85434E-06, 5.01726E-03
196, 1.48462E-04, 1.26000E-04, 7.41138E-05, 4.35180E-05, 4.58239E-06, 1.89903E-06, 1.84213E-06, 4.91996E-03
197, 1.47324E-04, 1.26429E-04, 7.36001E-05, 4.24061E-05, 4.55684E-06, 1.88894E-06, 1.82999E-06, 4.81770E-03
198, 1.45994E-04, 1.26699E-04, 7.29933E-05, 4.12583E-05, 4.53162E-06, 1.87899E-06, 1.81786E-06, 4.71072E-03
199, 1.44552E-04, 1.26811E-04, 7.22938E-05, 4.00777E-05, 4.50605E-06, 1.86924E-06, 1.80593E-06, 4.59927E-03
200, 1.43936E-04, 1.26769E-04, 7.15022E-05, 3.88674E-05, 4.48083E-06, 1.85960E-06, 1.79402E-06, 4.48360E-03
201, 1.43145E-04, 1.26575E-04, 7.06194E-05, 3.76307E-05, 4.45580E-06, 1.84987E-06, 1.78231E-06, 4.36395E-03
202, 1.42181E-04, 1.26233E-04, 6.96464E-05, 3.63707E-05, 4.43145E-06, 1.84047E-06, 1.77082E-06, 4.24059E-03
203, 1.41049E-04, 1.25747E-04, 6.85848E-05, 3.50907E-05, 4.40723E-06, 1.83123E-06, 1.75946E-06, 4.11378E-03
204, 1.39753E-04, 1.25121E-04, 6.74362E-05, 3.37939E-05, 4.38387E-06, 1.82235E-06, 1.74818E-06, 3.98379E-03
205, 1.38297E-04, 1.24360E-04, 6.62025E-05, 3.24834E-05, 4.36085E-06, 1.81377E-06, 1.73700E-06, 3.85088E-03
206, 1.36686E-04, 1.23468E-04, 6.48862E-05, 3.11623E-05, 4.33786E-06, 1.80553E-06, 1.72588E-06, 3.71535E-03
207, 1.35304E-04, 1.22452E-04, 6.34904E-05, 2.98337E-05, 4.31440E-06, 1.79763E-06, 1.71466E-06, 3.57747E-03
208, 1.34621E-04, 1.21315E-04, 6.29728E-05, 2.85008E-05, 4.29119E-06, 1.79035E-06, 1.70357E-06, 3.43753E-03
209, 1.33803E-04, 1.20065E-04, 6.23872E-05, 2.71665E-05, 4.26764E-06, 1.78318E-06, 1.69262E-06, 3.29583E-03
210, 1.32850E-04, 1.18707E-04, 6.17334E-05, 2.58337E-05, 4.24325E-06, 1.77599E-06, 1.68184E-06, 3.15265E-03
211, 1.31766E-04, 1.17247E-04, 6.10112E-05, 2.45052E-05, 4.21918E-06, 1.76920E-06, 1.67112E-06, 3.00830E-03
212, 1.30551E-04, 1.15690E-04, 6.02207E-05, 2.31839E-05, 4.19466E-06, 1.76282E-06, 1.66040E-06, 2.86307E-03
213, 1.29209E-04, 1.14045E-04, 5.93621E-05, 2.18724E-05, 4.16992E-06, 1.75675E-06, 1.64987E-06, 2.71726E-03
214, 1.27743E-04, 1.12315E-04, 5.84359E-05, 2.05733E-05, 4.14458E-06, 1.75114E-06, 1.63958E-06, 2.57119E-03
215, 1.26155E-04, 1.10509E-04, 5.74429E-05, 1.92890E-05, 4.12024E-06, 1.74633E-06, 1.62947E-06, 2.42514E-03
216, 1.24449E-04, 1.08631E-04, 5.63840E-05, 1.80840E-05, 4.09545E-06, 1.74223E-06, 1.61934E-06, 2.28726E-03
217, 1.22629E-04, 1.06688E-04, 5.52605E-05, 1.70666E-05, 4.06984E-06, 1.73840E-06, 1.60923E-06, 2.17149E-03
218, 1.20698E-04, 1.04687E-04, 5.40740E-05, 1.60510E-05, 4.04525E-06, 1.73455E-06, 1.59930E-06, 2.05443E-03
219, 1.18660E-04, 1.02632E-04, 5.28262E-05, 1.50387E-05, 4.02073E-06, 1.73042E-06, 1.58952E-06, 1.93630E-03
220, 1.16520E-04, 1.00530E-04, 5.15192E-05, 1.40317E-05, 3.99616E-06, 1.72651E-06, 1.57975E-06, 1.81730E-03
221, 1.14282E-04, 9.83857E-05, 5.01553E-05, 1.38024E-05, 3.97181E-06, 1.72263E-06, 1.56992E-06, 1.79808E-03
222, 1.11950E-04, 9.62051E-05, 4.87374E-05, 1.38652E-05, 3.94774E-06, 1.71840E-06, 1.56025E-06, 1.81678E-03
223, 1.09530E-04, 9.39933E-05, 4.72681E-05, 1.39055E-05, 3.92475E-06, 1.71389E-06, 1.55072E-06, 1.83257E-03
224, 1.07027E-04, 9.18166E-05, 4.57508E-05, 1.39230E-05, 3.90251E-06, 1.70905E-06, 1.54142E-06, 1.84535E-03
225, 1.04444E-04, 8.96878E-05, 4.41888E-05, 1.39173E-05, 3.88053E-06, 1.70401E-06, 1.53227E-06, 1.85502E-03
226, 1.01788E-04, 8.75191E-05, 4.25860E-05, 1.38883E-05, 3.85883E-06, 1.69876E-06, 1.52318E-06, 1.86149E-03
227, 9.90636E-05, 8.53152E-05, 4.09461E-05, 1.39739E-05, 3.83724E-06, 1.69303E-06, 1.51411E-06, 1.88328E-03
228, 9.62763E-05, 8.30809E-05, 3.92734E-05, 1.41775E-05, 3.81557E-06, 1.68693E-06, 1.50512E-06, 1.92111E-03
229, 9.34315E-05, 8.08206E-05, 3.75722E-05, 1.44108E-05, 3.79382E-06, 1.68061E-06, 1.49639E-06, 1.96319E-03
230, 9.26268E-05, 7.85389E-05, 3.58470E-05, 1.46781E-05, 3.77167E-06, 1.67402E-06, 1.48775E-06, 2.01015E-03
231, 9.33633E-05, 7.63895E-05, 3.41025E-05, 1.49428E-05, 3.74952E-06, 1.66714E-06, 1.47915E-06, 2.05705E-03
232, 9.40481E-05, 7.47822E-05, 3.23436E-05, 1.52049E-05, 3.72759E-06, 1.65992E-06, 1.47092E-06, 2.10383E-03
233, 9.46507E-05, 7.31208E-05, 3.05751E-05, 1.54642E-05, 3.70560E-06, 1.65247E-06, 1.46290E-06, 2.15048E-03
234, 9.51689E-05, 7.14089E-05, 2.94817E-05, 1.57206E-05, 3.68338E-06, 1.64494E-06, 1.45489E-06, 2.19697E-03
235, 9.56003E-05, 6.96504E-05, 2.92968E-05, 1.59741E-05, 3.66158E-06, 1.63726E-06, 1.44709E-06, 2.24327E-03
236, 9.59425E-05, 6.78491E-05, 2.90850E-05, 1.62244E-05, 3.64042E-06, 1.62937E-06, 1.43955E-06, 2.28935E-03
237, 9.61931E-05, 6.60094E-05, 2.88464E-05, 1.64715E-05, 3.62019E-06, 1.62128E-06, 1.43211E-06, 2.33521E-03
238, 9.63497E-05, 6.41357E-05, 2.85811E-05, 1.67153E-05, 3.59976E-06, 1.61276E-06, 1.42491E-06, 2.38082E-03
239, 9.65436E-05, 6.22326E-05, 2.82895E-05, 1.69556E-05, 3.57897E-06, 1.60400E-06, 1.41778E-06, 2.42617E-03
240, 9.69050E-05, 6.03049E-05, 2.79722E-05, 1.71925E-05, 3.55780E-06, 1.59507E-06, 1.41072E-06, 2.47125E-03
241, 9.71772E-05, 5.83573E-05, 2.76296E-05, 1.74257E-05, 3.53643E-06, 1.58583E-06, 1.40377E-06, 2.51604E-03
242, 9.73579E-05, 5.63949E-05, 2.75088E-05, 1.76553E-05, 3.51440E-06, 1.57660E-06, 1.39692E-06, 2.56056E-03
243, 9.74449E-05, 5.44224E-05, 2.74588E-05, 1.78810E-05, 3.49263E-06, 1.56719E-06, 1.39012E-06, 2.60478E-03
244, 9.74357E-05, 5.24447E-05, 2.73917E-05, 1.81030E-05, 3.47076E-06, 1.55742E-06, 1.38366E-06, 2.64871E-03
245, 9.73279E-05, 5.04667E-05, 2.73075E-05, 1.83210E-05, 3.44865E-06, 1.54765E-06, 1.37723E-06, 2.69236E-03
246, 9.71192E-05, 4.84930E-05, 2.72060E-05, 1.85350E-05, 3.42614E-06, 1.53766E-06, 1.37100E-06, 2.73573E-03
247, 9.68072E-05, 4.65282E-05, 2.70872E-05, 1.87449E-05, 3.40293E-06, 1.52757E-06, 1.36512E-06, 2.77882E-03
248, 9.63893E-05, 4.45767E-05, 2.69509E-05, 1.89507E-05, 3.37958E-06, 1.51739E-06, 1.35939E-06, 2.82163E-03
249, 9.58633E-05, 4.26426E-05, 2.67975E-05, 1.91523E-05, 3.35607E-06, 1.50746E-06, 1.35375E-06, 2.86418E-03
250, 9.53265E-05, 4.07300E-05, 2.66269E-05, 1.93622E-05, 3.33233E-06, 1.49745E-06, 1.34825E-06, 2.90835E-03
