time_step, rel_err_u, rel_err_v, rel_err_w, rel_err_p, rel_err_u_m, rel_err_v_m, rel_err_w_m, rel_err_p_m
0, 0.00000E+00, 0.00000E+00, 0.00000E+00, 0.00000E+00, 0.00000E+00, 0.00000E+00, 0.00000E+00, 0.00000E+00
1, 5.64121E-03, 1.32521E-03, 1.39543E-03, 5.07584E-03, 3.81615E-05, 1.88927E-05, 1.81582E-05, 1.18211E-03
2, 1.64338E-02, 3.65408E-03, 4.07950E-03, 1.75167E-02, 1.21817E-04, 6.06284E-05, 5.90626E-05, 4.13498E-03
3, 9.35518E-03, 2.47886E-03, 2.84456E-03, 2.43414E-02, 1.13309E-04, 5.77720E-05, 5.91092E-05, 5.80729E-03
4, 9.16538E-03, 2.21571E-03, 2.82105E-03, 2.85461E-02, 1.33981E-04, 7.06255E-05, 7.13279E-05, 6.89096E-03
5, 9.39130E-03, 2.04445E-03, 3.01974E-03, 3.11988E-02, 1.50239E-04, 8.29708E-05, 8.17544E-05, 7.62918E-03
6, 9.32862E-03, 1.92202E-03, 3.24164E-03, 3.24190E-02, 1.63089E-04, 9.45117E-05, 9.00808E-05, 8.03942E-03
7, 9.01662E-03, 1.86512E-03, 3.37481E-03, 3.23956E-02, 1.74042E-04, 1.05414E-04, 9.66614E-05, 8.15533E-03
8, 8.52476E-03, 1.82431E-03, 3.39863E-03, 3.15348E-02, 1.84590E-04, 1.15995E-04, 1.02125E-04, 8.06638E-03
9, 7.92257E-03, 1.83969E-03, 3.70138E-03, 3.06008E-02, 1.95728E-04, 1.26704E-04, 1.07128E-04, 7.95988E-03
10, 7.26300E-03, 1.86541E-03, 3.94588E-03, 2.98048E-02, 2.07804E-04, 1.37936E-04, 1.12187E-04, 7.88938E-03
11, 6.58162E-03, 1.90417E-03, 4.09248E-03, 3.04540E-02, 2.20674E-04, 1.49776E-04, 1.17489E-04, 8.20773E-03
12, 6.36190E-03, 1.92068E-03, 4.12113E-03, 3.04152E-02, 2.34285E-04, 1.62192E-04, 1.23144E-04, 8.34974E-03
13, 6.37673E-03, 1.91497E-03, 4.01752E-03, 2.95889E-02, 2.48398E-04, 1.74901E-04, 1.29087E-04, 8.27625E-03
14, 6.33852E-03, 1.91965E-03, 4.20477E-03, 2.79371E-02, 2.62582E-04, 1.87703E-04, 1.35291E-04, 7.96295E-03
15, 6.24845E-03, 1.94619E-03, 4.39619E-03, 2.55902E-02, 2.76175E-04, 2.00429E-04, 1.41734E-04, 7.43303E-03
16, 6.10879E-03, 2.10933E-03, 4.48507E-03, 2.27061E-02, 2.88615E-04, 2.12849E-04, 1.48417E-04, 6.72041E-03
17, 5.92325E-03, 2.23587E-03, 4.44872E-03, 1.94529E-02, 2.99805E-04, 2.24763E-04, 1.55268E-04, 5.86569E-03
18, 6.10183E-03, 2.31007E-03, 4.26975E-03, 1.59942E-02, 3.09441E-04, 2.35919E-04, 1.61956E-04, 4.91202E-03
19, 6.44296E-03, 2.33165E-03, 4.44593E-03, 1.28465E-02, 3.17319E-04, 2.46011E-04, 1.68437E-04, 4.01694E-03
20, 6.71813E-03, 2.34608E-03, 4.62791E-03, 1.04459E-02, 3.23173E-04, 2.54856E-04, 1.74488E-04, 3.32427E-03
21, 6.92517E-03, 2.43010E-03, 4.69173E-03, 9.12441E-03, 3.26738E-04, 2.62297E-04, 1.80166E-04, 2.95394E-03
22, 7.06498E-03, 2.49956E-03, 4.61068E-03, 8.81590E-03, 3.27891E-04, 2.68178E-04, 1.85337E-04, 2.90202E-03
23, 7.14090E-03, 2.56533E-03, 4.38040E-03, 8.31918E-03, 3.26969E-04, 2.72374E-04, 1.89866E-04, 2.78312E-03
24, 7.15800E-03, 2.70788E-03, 4.61705E-03, 8.38060E-03, 3.24185E-04, 2.74898E-04, 1.93773E-04, 2.84787E-03
25, 7.13778E-03, 2.83075E-03, 4.75496E-03, 9.80969E-03, 3.19815E-04, 2.75721E-04, 1.97239E-04, 3.38429E-03
26, 7.12036E-03, 2.89637E-03, 4.76607E-03, 1.10208E-02, 3.14327E-04, 2.74924E-04, 2.00219E-04, 3.85806E-03
27, 7.11441E-03, 2.96568E-03, 4.62805E-03, 1.20247E-02, 3.08432E-04, 2.72490E-04, 2.02640E-04, 4.26924E-03
28, 7.07206E-03, 2.99922E-03, 4.53184E-03, 1.28341E-02, 3.02619E-04, 2.68401E-04, 2.04622E-04, 4.61896E-03
29, 6.99562E-03, 3.06489E-03, 4.76757E-03, 1.34616E-02, 2.97148E-04, 2.62773E-04, 2.06459E-04, 4.90874E-03
30, 6.88762E-03, 3.14442E-03, 4.88812E-03, 1.39185E-02, 2.92731E-04, 2.55863E-04, 2.08240E-04, 5.13994E-03
31, 6.80602E-03, 3.18773E-03, 4.86370E-03, 1.42140E-02, 2.89428E-04, 2.47904E-04, 2.10165E-04, 5.31350E-03
32, 6.69154E-03, 3.23823E-03, 4.67223E-03, 1.43552E-02, 2.87328E-04, 2.39131E-04, 2.12413E-04, 5.42991E-03
33, 6.54285E-03, 3.22200E-03, 4.66040E-03, 1.43481E-02, 2.86376E-04, 2.29597E-04, 2.14931E-04, 5.48934E-03
34, 6.35879E-03, 3.19609E-03, 4.88175E-03, 1.41980E-02, 2.86344E-04, 2.19523E-04, 2.17800E-04, 5.49195E-03
35, 6.13866E-03, 3.25176E-03, 4.96956E-03, 1.39105E-02, 2.86876E-04, 2.09254E-04, 2.20913E-04, 5.43825E-03
36, 5.88256E-03, 3.37874E-03, 4.89449E-03, 1.34927E-02, 2.87725E-04, 1.99206E-04, 2.24128E-04, 5.32943E-03
37, 5.78891E-03, 3.48962E-03, 4.68536E-03, 1.29536E-02, 2.88590E-04, 1.89665E-04, 2.27525E-04, 5.16764E-03
38, 5.72543E-03, 3.58298E-03, 4.83398E-03, 1.23045E-02, 2.89466E-04, 1.80804E-04, 2.31012E-04, 4.95617E-03
39, 5.64867E-03, 3.65775E-03, 5.02362E-03, 1.15591E-02, 2.90556E-04, 1.72794E-04, 2.34468E-04, 4.69948E-03
40, 5.58557E-03, 3.71320E-03, 5.08300E-03, 1.07333E-02, 2.91192E-04, 1.65944E-04, 2.37866E-04, 4.40319E-03
41, 5.55164E-03, 3.74899E-03, 4.99034E-03, 9.84443E-03, 2.91262E-04, 1.60528E-04, 2.41204E-04, 4.07386E-03
42, 5.50707E-03, 3.80610E-03, 4.97971E-03, 8.96332E-03, 2.90767E-04, 1.56658E-04, 2.44447E-04, 3.74052E-03
43, 5.45200E-03, 3.91818E-03, 5.05988E-03, 8.08677E-03, 2.89910E-04, 1.54312E-04, 2.47583E-04, 3.40217E-03
44, 5.59539E-03, 4.01453E-03, 5.22942E-03, 7.20115E-03, 2.88729E-04, 1.53406E-04, 2.50610E-04, 3.05329E-03
45, 6.00960E-03, 4.09431E-03, 5.25587E-03, 6.32333E-03, 2.87444E-04, 1.53773E-04, 2.53589E-04, 2.70123E-03
46, 6.37355E-03, 4.15694E-03, 5.25120E-03, 5.49468E-03, 2.86084E-04, 1.55120E-04, 2.56479E-04, 2.36412E-03
47, 6.70897E-03, 4.20205E-03, 5.30913E-03, 5.78815E-03, 2.84821E-04, 1.57110E-04, 2.59164E-04, 2.50748E-03
48, 7.09199E-03, 4.22950E-03, 5.37511E-03, 5.95750E-03, 2.83701E-04, 1.59285E-04, 2.61555E-04, 2.59768E-03
49, 7.40341E-03, 4.23938E-03, 5.41945E-03, 5.99344E-03, 2.82651E-04, 1.61394E-04, 2.63719E-04, 2.62949E-03
50, 7.64439E-03, 4.23198E-03, 5.50617E-03, 5.89324E-03, 2.81839E-04, 1.63252E-04, 2.65732E-04, 2.60058E-03
51, 7.81742E-03, 4.31337E-03, 5.57756E-03, 5.66054E-03, 2.81182E-04, 1.64657E-04, 2.67570E-04, 2.51152E-03
52, 7.92596E-03, 4.43143E-03, 5.62621E-03, 5.30490E-03, 2.80811E-04, 1.65545E-04, 2.69169E-04, 2.36570E-03
53, 7.97417E-03, 4.53520E-03, 5.67352E-03, 4.84103E-03, 2.80965E-04, 1.65969E-04, 2.70636E-04, 2.16900E-03
54, 7.98997E-03, 4.62374E-03, 5.74551E-03, 4.38682E-03, 2.81870E-04, 1.65971E-04, 2.72150E-04, 1.97399E-03
55, 7.96256E-03, 4.69623E-03, 5.79176E-03, 5.10421E-03, 2.83561E-04, 1.65729E-04, 2.73581E-04, 2.30587E-03
56, 7.88471E-03, 4.75201E-03, 5.80990E-03, 5.76607E-03, 2.85827E-04, 1.65321E-04, 2.74875E-04, 2.61415E-03
57, 7.76048E-03, 4.79053E-03, 5.85776E-03, 6.35215E-03, 2.88638E-04, 1.64841E-04, 2.76202E-04, 2.88905E-03
58, 7.59362E-03, 4.81142E-03, 5.88945E-03, 6.83220E-03, 2.91779E-04, 1.64479E-04, 2.77611E-04, 3.11615E-03
59, 7.38751E-03, 4.81448E-03, 5.89465E-03, 7.24525E-03, 2.95168E-04, 1.64394E-04, 2.79239E-04, 3.31270E-03
60, 7.14515E-03, 4.86991E-03, 5.94553E-03, 7.53014E-03, 2.98732E-04, 1.64710E-04, 2.80950E-04, 3.45028E-03
61, 6.86917E-03, 4.99998E-03, 6.20682E-03, 7.68611E-03, 3.02309E-04, 1.65550E-04, 2.82756E-04, 3.52809E-03
62, 6.56193E-03, 5.11199E-03, 6.51303E-03, 7.71552E-03, 3.05718E-04, 1.66864E-04, 2.84624E-04, 3.54692E-03
63, 6.34925E-03, 5.20399E-03, 6.80491E-03, 7.62371E-03, 3.08891E-04, 1.68668E-04, 2.86537E-04, 3.50900E-03
64, 6.52727E-03, 5.27412E-03, 7.07860E-03, 7.41862E-03, 3.11593E-04, 1.70923E-04, 2.88481E-04, 3.41791E-03
65, 6.70006E-03, 5.32074E-03, 7.33039E-03, 7.11054E-03, 3.13772E-04, 1.73534E-04, 2.90523E-04, 3.27841E-03
66, 6.86295E-03, 5.34240E-03, 7.55682E-03, 6.71168E-03, 3.15427E-04, 1.76326E-04, 2.92433E-04, 3.09621E-03
67, 7.06023E-03, 5.33790E-03, 7.75470E-03, 6.23586E-03, 3.16465E-04, 1.79175E-04, 2.94145E-04, 2.87779E-03
68, 7.38006E-03, 5.30633E-03, 7.92118E-03, 5.69805E-03, 3.17097E-04, 1.81928E-04, 2.95701E-04, 2.63023E-03
69, 7.69535E-03, 5.35465E-03, 8.05385E-03, 5.11399E-03, 3.17398E-04, 1.84456E-04, 2.97034E-04, 2.36094E-03
70, 8.00051E-03, 5.45199E-03, 8.15079E-03, 5.18717E-03, 3.17591E-04, 1.86678E-04, 2.98154E-04, 2.39483E-03
71, 8.28987E-03, 5.53889E-03, 8.21064E-03, 5.33620E-03, 3.17753E-04, 1.88557E-04, 2.98964E-04, 2.46362E-03
72, 8.55780E-03, 5.59474E-03, 8.23271E-03, 5.47864E-03, 3.17814E-04, 1.90042E-04, 2.99546E-04, 2.52927E-03
73, 8.79877E-03, 5.61684E-03, 8.21700E-03, 5.61508E-03, 3.17811E-04, 1.91162E-04, 2.99908E-04, 2.59213E-03
74, 9.00743E-03, 5.60293E-03, 8.16427E-03, 5.74582E-03, 3.17854E-04, 1.91987E-04, 3.00081E-04, 2.65235E-03
75, 9.30695E-03, 5.55131E-03, 8.07606E-03, 6.03622E-03, 3.17854E-04, 1.92475E-04, 3.00010E-04, 2.78634E-03
76, 9.71304E-03, 5.46096E-03, 7.95466E-03, 6.38043E-03, 3.18227E-04, 1.92685E-04, 2.99742E-04, 2.94525E-03
77, 1.00971E-02, 5.45234E-03, 7.80307E-03, 6.68259E-03, 3.18859E-04, 1.92638E-04, 2.99383E-04, 3.08488E-03
78, 1.04546E-02, 5.47610E-03, 7.62488E-03, 7.11677E-03, 3.19663E-04, 1.92455E-04, 2.99017E-04, 3.28562E-03
79, 1.07807E-02, 5.51431E-03, 7.42545E-03, 7.65467E-03, 3.20659E-04, 1.92227E-04, 2.98560E-04, 3.53446E-03
80, 1.10706E-02, 5.53137E-03, 7.55831E-03, 8.13984E-03, 3.21886E-04, 1.92032E-04, 2.98045E-04, 3.75920E-03
81, 1.13188E-02, 5.50615E-03, 7.78123E-03, 8.54298E-03, 3.23235E-04, 1.91995E-04, 2.97484E-04, 3.94630E-03
82, 1.15196E-02, 5.43645E-03, 7.91946E-03, 8.88475E-03, 3.24625E-04, 1.92254E-04, 2.96737E-04, 4.10528E-03
83, 1.18778E-02, 5.32096E-03, 7.97265E-03, 9.11794E-03, 3.26066E-04, 1.92689E-04, 2.96023E-04, 4.21427E-03
84, 1.23462E-02, 5.15945E-03, 7.94225E-03, 9.23795E-03, 3.27713E-04, 1.93391E-04, 2.95162E-04, 4.27108E-03
85, 1.27894E-02, 5.11469E-03, 8.32281E-03, 9.32550E-03, 3.29537E-04, 1.94323E-04, 2.94236E-04, 4.31295E-03
86, 1.32013E-02, 5.14038E-03, 8.68315E-03, 9.71503E-03, 3.31373E-04, 1.95606E-04, 2.93183E-04, 4.49452E-03
87, 1.35748E-02, 5.16660E-03, 8.96488E-03, 9.92889E-03, 3.33189E-04, 1.97274E-04, 2.91940E-04, 4.59483E-03
88, 1.39017E-02, 5.14828E-03, 9.16432E-03, 9.97373E-03, 3.34950E-04, 1.99199E-04, 2.90597E-04, 4.61682E-03
89, 1.41730E-02, 5.08277E-03, 9.27916E-03, 9.86244E-03, 3.36564E-04, 2.01433E-04, 2.89264E-04, 4.56634E-03
90, 1.43793E-02, 4.96862E-03, 9.30838E-03, 9.61302E-03, 3.38052E-04, 2.03896E-04, 2.88000E-04, 4.45164E-03
91, 1.47694E-02, 4.80574E-03, 9.25225E-03, 9.24721E-03, 3.39150E-04, 2.06532E-04, 2.86606E-04, 4.28272E-03
92, 1.53468E-02, 4.78447E-03, 9.38613E-03, 8.78896E-03, 3.40128E-04, 2.09298E-04, 2.85210E-04, 4.07065E-03
93, 1.58894E-02, 4.77894E-03, 9.76507E-03, 8.28540E-03, 3.40891E-04, 2.12166E-04, 2.83836E-04, 3.83727E-03
94, 1.63870E-02, 4.73187E-03, 1.00692E-02, 8.24912E-03, 3.41427E-04, 2.15047E-04, 2.82435E-04, 3.81999E-03
95, 1.68284E-02, 4.68273E-03, 1.02932E-02, 8.36006E-03, 3.41792E-04, 2.17804E-04, 2.81098E-04, 3.87051E-03
96, 1.72023E-02, 4.82151E-03, 1.04325E-02, 8.46408E-03, 3.42030E-04, 2.20424E-04, 2.79910E-04, 3.91744E-03
97, 1.74973E-02, 4.94406E-03, 1.04838E-02, 8.59269E-03, 3.42193E-04, 2.22915E-04, 2.78893E-04, 3.97531E-03
98, 1.77020E-02, 5.03535E-03, 1.04449E-02, 8.73390E-03, 3.42141E-04, 2.25153E-04, 2.78114E-04, 4.03856E-03
99, 1.78774E-02, 5.08663E-03, 1.03151E-02, 8.86521E-03, 3.42117E-04, 2.27226E-04, 2.77602E-04, 4.09675E-03
100, 1.85307E-02, 5.08933E-03, 1.04098E-02, 8.98283E-03, 3.42045E-04, 2.29007E-04, 2.77398E-04, 4.14813E-03
101, 1.91302E-02, 5.03599E-03, 1.07611E-02, 9.14362E-03, 3.42097E-04, 2.30516E-04, 2.77441E-04, 4.21894E-03
102, 1.96654E-02, 4.94654E-03, 1.10354E-02, 9.33897E-03, 3.42397E-04, 2.31808E-04, 2.77827E-04, 4.30515E-03
103, 2.01254E-02, 5.09059E-03, 1.12264E-02, 9.51930E-03, 3.42716E-04, 2.32862E-04, 2.78531E-04, 4.38388E-03
104, 2.04999E-02, 5.21913E-03, 1.13289E-02, 9.67367E-03, 3.43098E-04, 2.33669E-04, 2.79400E-04, 4.45012E-03
105, 2.07786E-02, 5.32354E-03, 1.13392E-02, 9.79694E-03, 3.43737E-04, 2.34344E-04, 2.80526E-04, 4.50155E-03
106, 2.09519E-02, 5.39366E-03, 1.12549E-02, 9.88437E-03, 3.44567E-04, 2.34944E-04, 2.81806E-04, 4.53607E-03
107, 2.10107E-02, 5.41879E-03, 1.10757E-02, 9.93179E-03, 3.45636E-04, 2.35473E-04, 2.83088E-04, 4.55184E-03
108, 2.15727E-02, 5.38892E-03, 1.08835E-02, 9.93574E-03, 3.46854E-04, 2.35991E-04, 2.84459E-04, 4.54739E-03
109, 2.21641E-02, 5.29583E-03, 1.12785E-02, 9.97230E-03, 3.48183E-04, 2.36584E-04, 2.86089E-04, 4.55760E-03
110, 2.26832E-02, 5.45876E-03, 1.15851E-02, 1.00143E-02, 3.49475E-04, 2.37330E-04, 2.87826E-04, 4.57006E-03
111, 2.31216E-02, 5.64573E-03, 1.17958E-02, 1.00179E-02, 3.50803E-04, 2.38240E-04, 2.89509E-04, 4.56477E-03
112, 2.34712E-02, 5.79098E-03, 1.19044E-02, 9.98253E-03, 3.52149E-04, 2.39325E-04, 2.91132E-04, 4.54167E-03
113, 2.37237E-02, 5.88127E-03, 1.19069E-02, 9.90867E-03, 3.53372E-04, 2.40604E-04, 2.92559E-04, 4.50104E-03
114, 2.38713E-02, 5.90470E-03, 1.18012E-02, 9.79713E-03, 3.54369E-04, 2.42023E-04, 2.93905E-04, 4.44338E-03
115, 2.39066E-02, 5.85187E-03, 1.15874E-02, 9.64930E-03, 3.55163E-04, 2.43583E-04, 2.95211E-04, 4.36945E-03
116, 2.38225E-02, 5.71670E-03, 1.12679E-02, 9.46699E-03, 3.55653E-04, 2.45314E-04, 2.96271E-04, 4.28015E-03
117, 2.36128E-02, 5.68560E-03, 1.11356E-02, 9.25234E-03, 3.55717E-04, 2.47209E-04, 2.97158E-04, 4.17659E-03
118, 2.40719E-02, 5.90403E-03, 1.14896E-02, 9.06082E-03, 3.55437E-04, 2.49153E-04, 2.98018E-04, 4.08382E-03
119, 2.45192E-02, 6.08957E-03, 1.17594E-02, 8.96921E-03, 3.54893E-04, 2.51150E-04, 2.98683E-04, 4.03638E-03
120, 2.48842E-02, 6.22727E-03, 1.19392E-02, 8.86901E-03, 3.53855E-04, 2.53158E-04, 2.99114E-04, 3.98533E-03
121, 2.51590E-02, 6.30279E-03, 1.20249E-02, 8.76123E-03, 3.52464E-04, 2.55226E-04, 2.99295E-04, 3.93114E-03
122, 2.53358E-02, 6.30371E-03, 1.20142E-02, 8.64633E-03, 3.50815E-04, 2.57272E-04, 2.99245E-04, 3.87405E-03
123, 2.54073E-02, 6.22065E-03, 1.19060E-02, 8.52421E-03, 3.49069E-04, 2.59443E-04, 2.99179E-04, 3.81401E-03
124, 2.53663E-02, 6.04813E-03, 1.17014E-02, 8.39427E-03, 3.47080E-04, 2.61678E-04, 2.98845E-04, 3.75078E-03
125, 2.52067E-02, 6.03831E-03, 1.14029E-02, 8.25546E-03, 3.45200E-04, 2.64012E-04, 2.98407E-04, 3.68388E-03
126, 2.49233E-02, 6.27343E-03, 1.10913E-02, 8.10634E-03, 3.43624E-04, 2.66406E-04, 2.97936E-04, 3.61268E-03
127, 2.51684E-02, 6.44440E-03, 1.10760E-02, 8.11735E-03, 3.42301E-04, 2.68834E-04, 2.97335E-04, 3.61305E-03
128, 2.55391E-02, 6.53745E-03, 1.12170E-02, 8.17226E-03, 3.41278E-04, 2.71341E-04, 2.96704E-04, 3.63303E-03
129, 2.58206E-02, 6.54181E-03, 1.14105E-02, 8.19673E-03, 3.40670E-04, 2.73877E-04, 2.95989E-04, 3.63953E-03
130, 2.60054E-02, 6.53552E-03, 1.15256E-02, 8.26698E-03, 3.40642E-04, 2.76488E-04, 2.95198E-04, 3.66637E-03
131, 2.60862E-02, 6.45310E-03, 1.15600E-02, 8.32468E-03, 3.41179E-04, 2.79145E-04, 2.94156E-04, 3.68764E-03
132, 2.60565E-02, 6.27911E-03, 1.15128E-02, 8.36313E-03, 3.42332E-04, 2.81634E-04, 2.93079E-04, 3.70037E-03
133, 2.59112E-02, 6.16946E-03, 1.14340E-02, 8.37558E-03, 3.43905E-04, 2.83917E-04, 2.91849E-04, 3.70157E-03
134, 2.56460E-02, 6.40871E-03, 1.14779E-02, 8.35557E-03, 3.45936E-04, 2.85924E-04, 2.90554E-04, 3.68842E-03
135, 2.52582E-02, 6.58457E-03, 1.14732E-02, 8.29714E-03, 3.48207E-04, 2.87740E-04, 2.89286E-04, 3.65830E-03
136, 2.47466E-02, 6.68314E-03, 1.14198E-02, 8.47737E-03, 3.50887E-04, 2.89396E-04, 2.87927E-04, 3.73328E-03
137, 2.48870E-02, 6.69362E-03, 1.13181E-02, 8.62989E-03, 3.53770E-04, 2.90732E-04, 2.86566E-04, 3.79578E-03
138, 2.50346E-02, 6.60908E-03, 1.11694E-02, 8.73960E-03, 3.56896E-04, 2.91661E-04, 2.85138E-04, 3.83918E-03
139, 2.50780E-02, 6.43340E-03, 1.09753E-02, 8.79837E-03, 3.60062E-04, 2.92190E-04, 2.83688E-04, 3.85997E-03
140, 2.50129E-02, 6.30749E-03, 1.09513E-02, 8.79879E-03, 3.63041E-04, 2.92349E-04, 2.82176E-04, 3.85495E-03
141, 2.48362E-02, 6.09601E-03, 1.10546E-02, 8.73440E-03, 3.65729E-04, 2.92138E-04, 2.80654E-04, 3.82137E-03
142, 2.45461E-02, 6.05830E-03, 1.11048E-02, 8.59988E-03, 3.68102E-04, 2.91471E-04, 2.79117E-04, 3.75702E-03
143, 2.41422E-02, 6.25317E-03, 1.11006E-02, 8.39120E-03, 3.70035E-04, 2.90401E-04, 2.77688E-04, 3.66026E-03
144, 2.36257E-02, 6.37868E-03, 1.10418E-02, 8.25082E-03, 3.71454E-04, 2.88982E-04, 2.76366E-04, 3.59328E-03
145, 2.29994E-02, 6.42339E-03, 1.09288E-02, 8.19031E-03, 3.72533E-04, 2.87306E-04, 2.75038E-04, 3.56097E-03
146, 2.30218E-02, 6.37940E-03, 1.07631E-02, 8.05735E-03, 3.73335E-04, 2.85339E-04, 2.73780E-04, 3.49704E-03
147, 2.29534E-02, 6.24278E-03, 1.05469E-02, 7.84789E-03, 3.73687E-04, 2.83290E-04, 2.72660E-04, 3.39990E-03
148, 2.27840E-02, 6.01383E-03, 1.02830E-02, 7.55914E-03, 3.73513E-04, 2.81197E-04, 2.71630E-04, 3.26853E-03
149, 2.25129E-02, 6.01746E-03, 1.00309E-02, 7.18977E-03, 3.72803E-04, 2.79161E-04, 2.70663E-04, 3.10259E-03
150, 2.21408E-02, 6.30100E-03, 1.00442E-02, 6.74000E-03, 3.71512E-04, 2.77194E-04, 2.69702E-04, 2.90241E-03
151, 2.16696E-02, 6.50183E-03, 1.00004E-02, 6.21173E-03, 3.69829E-04, 2.75463E-04, 2.68929E-04, 2.66907E-03
152, 2.11025E-02, 6.60900E-03, 9.90007E-03, 6.40661E-03, 3.67956E-04, 2.74153E-04, 2.68337E-04, 2.74652E-03
153, 2.04442E-02, 6.61495E-03, 9.74445E-03, 6.93537E-03, 3.65836E-04, 2.73183E-04, 2.67857E-04, 2.96612E-03
154, 1.97006E-02, 6.69493E-03, 9.53592E-03, 7.41013E-03, 3.63490E-04, 2.72585E-04, 2.67553E-04, 3.16132E-03
155, 1.94410E-02, 6.69780E-03, 9.27760E-03, 7.88584E-03, 3.60914E-04, 2.72342E-04, 2.67458E-04, 3.35559E-03
156, 1.91727E-02, 6.59823E-03, 8.97335E-03, 8.30042E-03, 3.58205E-04, 2.72473E-04, 2.67722E-04, 3.52255E-03
157, 1.88171E-02, 6.39436E-03, 8.62778E-03, 8.70120E-03, 3.55442E-04, 2.73017E-04, 2.68280E-04, 3.68237E-03
158, 1.83764E-02, 6.08800E-03, 8.42700E-03, 9.03587E-03, 3.52663E-04, 2.73881E-04, 2.69083E-04, 3.81300E-03
159, 1.78541E-02, 6.11203E-03, 8.29759E-03, 9.31407E-03, 3.49939E-04, 2.75211E-04, 2.70072E-04, 3.91868E-03
160, 1.72544E-02, 6.63110E-03, 8.14985E-03, 9.53852E-03, 3.47178E-04, 2.76820E-04, 2.71348E-04, 4.00075E-03
161, 1.65830E-02, 7.19772E-03, 8.18259E-03, 9.68228E-03, 3.44506E-04, 2.78702E-04, 2.72935E-04, 4.04813E-03
162, 1.60760E-02, 7.73757E-03, 8.17598E-03, 9.74326E-03, 3.41905E-04, 2.80868E-04, 2.74635E-04, 4.06026E-03
163, 1.58241E-02, 8.23659E-03, 8.13161E-03, 9.72125E-03, 3.39351E-04, 2.83119E-04, 2.76506E-04, 4.03739E-03
164, 1.54970E-02, 8.68173E-03, 8.05148E-03, 9.78736E-03, 3.36805E-04, 2.85490E-04, 2.78519E-04, 4.05070E-03
165, 1.50964E-02, 9.06136E-03, 7.93789E-03, 9.90398E-03, 3.34338E-04, 2.88032E-04, 2.80654E-04, 4.08430E-03
166, 1.46249E-02, 9.36548E-03, 7.79339E-03, 9.98004E-03, 3.31995E-04, 2.90618E-04, 2.82775E-04, 4.10055E-03
167, 1.40862E-02, 9.65441E-03, 7.62073E-03, 1.00903E-02, 3.29723E-04, 2.93034E-04, 2.84755E-04, 4.13021E-03
168, 1.34846E-02, 1.00642E-02, 7.42279E-03, 1.04146E-02, 3.27450E-04, 2.95170E-04, 2.86556E-04, 4.24651E-03
169, 1.28254E-02, 1.04086E-02, 7.20248E-03, 1.06490E-02, 3.25199E-04, 2.96896E-04, 2.88325E-04, 4.32491E-03
170, 1.21602E-02, 1.06784E-02, 6.96273E-03, 1.07725E-02, 3.22984E-04, 2.98259E-04, 2.90041E-04, 4.35735E-03
171, 1.18957E-02, 1.08659E-02, 6.77978E-03, 1.07661E-02, 3.20759E-04, 2.99093E-04, 2.91677E-04, 4.33675E-03
172, 1.15815E-02, 1.09656E-02, 6.77589E-03, 1.06145E-02, 3.18521E-04, 2.99272E-04, 2.93239E-04, 4.25765E-03
173, 1.17152E-02, 1.09738E-02, 6.74526E-03, 1.03074E-02, 3.16314E-04, 2.98812E-04, 2.94504E-04, 4.11667E-03
174, 1.17626E-02, 1.08887E-02, 6.68938E-03, 1.06331E-02, 3.14213E-04, 2.97691E-04, 2.95486E-04, 4.22813E-03
175, 1.17305E-02, 1.09533E-02, 6.64802E-03, 1.11375E-02, 3.12268E-04, 2.96011E-04, 2.96054E-04, 4.40892E-03
176, 1.16260E-02, 1.10333E-02, 6.72335E-03, 1.16151E-02, 3.10418E-04, 2.93701E-04, 2.96231E-04, 4.57711E-03
177, 1.14564E-02, 1.10333E-02, 6.71208E-03, 1.20633E-02, 3.08498E-04, 2.90770E-04, 2.95954E-04, 4.73177E-03
178, 1.12291E-02, 1.09514E-02, 6.61180E-03, 1.25207E-02, 3.06573E-04, 2.87416E-04, 2.95259E-04, 4.88821E-03
179, 1.09516E-02, 1.07878E-02, 6.70387E-03, 1.29484E-02, 3.04734E-04, 2.83931E-04, 2.94243E-04, 5.03115E-03
180, 1.06310E-02, 1.05444E-02, 6.78373E-03, 1.33303E-02, 3.02890E-04, 2.80308E-04, 2.92914E-04, 5.15460E-03
181, 1.03909E-02, 1.02524E-02, 6.82641E-03, 1.36661E-02, 3.01120E-04, 2.76646E-04, 2.91170E-04, 5.25868E-03
182, 1.04191E-02, 9.91624E-03, 6.83622E-03, 1.39565E-02, 2.99358E-04, 2.73135E-04, 2.89131E-04, 5.34392E-03
183, 1.03829E-02, 9.54313E-03, 6.81846E-03, 1.42029E-02, 2.97596E-04, 2.70019E-04, 2.86864E-04, 5.41117E-03
184, 1.02872E-02, 9.33762E-03, 6.81489E-03, 1.44077E-02, 2.95964E-04, 2.67444E-04, 2.84490E-04, 5.46152E-03
185, 1.01374E-02, 9.07224E-03, 6.87516E-03, 1.45735E-02, 2.94343E-04, 2.65369E-04, 2.82066E-04, 5.49629E-03
186, 9.93862E-03, 8.78766E-03, 6.91046E-03, 1.47036E-02, 2.92837E-04, 2.63944E-04, 2.79639E-04, 5.51692E-03
187, 9.69639E-03, 8.47273E-03, 6.92697E-03, 1.51488E-02, 2.91409E-04, 2.63139E-04, 2.77326E-04, 5.65462E-03
188, 9.41617E-03, 8.11131E-03, 6.93709E-03, 1.57184E-02, 2.90127E-04, 2.63043E-04, 2.75093E-04, 5.83671E-03
189, 9.10336E-03, 7.70839E-03, 7.08298E-03, 1.62266E-02, 2.88972E-04, 2.63523E-04, 2.73070E-04, 5.99388E-03
190, 8.99691E-03, 7.26964E-03, 7.20697E-03, 1.66714E-02, 2.87888E-04, 2.64347E-04, 2.71254E-04, 6.12578E-03
191, 8.97500E-03, 7.13233E-03, 7.31255E-03, 1.70525E-02, 2.86842E-04, 2.65461E-04, 2.69533E-04, 6.23273E-03
192, 8.90419E-03, 7.35650E-03, 7.40352E-03, 1.75920E-02, 2.85868E-04, 2.66679E-04, 2.67945E-04, 6.39581E-03
193, 8.78853E-03, 7.54444E-03, 7.48323E-03, 1.80872E-02, 2.84849E-04, 2.67829E-04, 2.66470E-04, 6.54088E-03
194, 8.63234E-03, 7.69530E-03, 7.55423E-03, 1.85111E-02, 2.83775E-04, 2.68793E-04, 2.65018E-04, 6.65849E-03
195, 8.44011E-03, 7.80863E-03, 7.61806E-03, 1.88650E-02, 2.82629E-04, 2.69399E-04, 2.63478E-04, 6.74957E-03
196, 8.21641E-03, 7.88447E-03, 7.67516E-03, 1.91520E-02, 2.81471E-04, 2.69558E-04, 2.61774E-04, 6.81565E-03
197, 7.96583E-03, 7.92334E-03, 7.72493E-03, 1.94436E-02, 2.80175E-04, 2.69206E-04, 2.59903E-04, 6.88248E-03
198, 7.69289E-03, 7.92617E-03, 7.76581E-03, 2.03455E-02, 2.78779E-04, 2.68337E-04, 2.57875E-04, 7.16331E-03
199, 7.56777E-03, 7.89435E-03, 7.84373E-03, 2.19645E-02, 2.77342E-04, 2.66923E-04, 2.55696E-04, 7.69213E-03
200, 7.82044E-03, 7.82967E-03, 7.91626E-03, 2.33507E-02, 2.75911E-04, 2.65006E-04, 2.53471E-04, 8.13414E-03
201, 8.04305E-03, 7.83197E-03, 7.96989E-03, 2.44877E-02, 2.74529E-04, 2.62768E-04, 2.51222E-04, 8.48500E-03
202, 8.23428E-03, 7.81056E-03, 8.00320E-03, 2.53713E-02, 2.73174E-04, 2.60284E-04, 2.48970E-04, 8.74479E-03
203, 8.39309E-03, 7.75180E-03, 8.01468E-03, 2.60089E-02, 2.71762E-04, 2.57707E-04, 2.46867E-04, 8.91743E-03
204, 8.51879E-03, 7.65830E-03, 8.00283E-03, 2.64165E-02, 2.70396E-04, 2.55123E-04, 2.44911E-04, 9.00983E-03
205, 8.61101E-03, 7.53305E-03, 7.96621E-03, 2.66168E-02, 2.69187E-04, 2.52645E-04, 2.43197E-04, 9.03096E-03
206, 8.66973E-03, 7.37926E-03, 7.90344E-03, 2.66367E-02, 2.68150E-04, 2.50424E-04, 2.41806E-04, 8.99098E-03
207, 8.69528E-03, 7.20035E-03, 7.81327E-03, 2.65042E-02, 2.67195E-04, 2.48571E-04, 2.40760E-04, 8.90034E-03
208, 8.68832E-03, 6.99983E-03, 7.69448E-03, 2.62471E-02, 2.66333E-04, 2.47062E-04, 2.40153E-04, 8.76909E-03
209, 8.64981E-03, 6.78127E-03, 7.54594E-03, 2.58911E-02, 2.65622E-04, 2.45911E-04, 2.39967E-04, 8.60636E-03
210, 8.58104E-03, 6.54815E-03, 7.36655E-03, 2.55879E-02, 2.65216E-04, 2.45077E-04, 2.40224E-04, 8.46288E-03
211, 8.48350E-03, 6.30386E-03, 7.15533E-03, 2.56608E-02, 2.65064E-04, 2.44511E-04, 2.40860E-04, 8.44472E-03
212, 8.35893E-03, 6.05159E-03, 6.98401E-03, 2.56021E-02, 2.65114E-04, 2.44220E-04, 2.41804E-04, 8.38378E-03
213, 8.20923E-03, 5.79430E-03, 6.80261E-03, 2.54282E-02, 2.65360E-04, 2.44122E-04, 2.43089E-04, 8.28605E-03
214, 8.03640E-03, 5.56477E-03, 6.59047E-03, 2.53310E-02, 2.65700E-04, 2.44200E-04, 2.44671E-04, 8.21425E-03
215, 7.84253E-03, 5.33360E-03, 6.34659E-03, 2.53470E-02, 2.66200E-04, 2.44389E-04, 2.46434E-04, 8.17983E-03
216, 7.62971E-03, 5.09980E-03, 6.07022E-03, 2.53039E-02, 2.66845E-04, 2.44545E-04, 2.48296E-04, 8.12687E-03
217, 7.40002E-03, 4.86607E-03, 5.76105E-03, 2.51964E-02, 2.67570E-04, 2.44636E-04, 2.50186E-04, 8.05394E-03
218, 7.15545E-03, 4.63474E-03, 5.62382E-03, 2.50285E-02, 2.68348E-04, 2.44578E-04, 2.52026E-04, 7.96260E-03
219, 6.89791E-03, 4.40772E-03, 5.51609E-03, 2.48052E-02, 2.69208E-04, 2.44291E-04, 2.53786E-04, 7.85465E-03
220, 6.62913E-03, 4.18657E-03, 5.37969E-03, 2.45322E-02, 2.70001E-04, 2.43689E-04, 2.55372E-04, 7.73209E-03
221, 6.37303E-03, 3.99723E-03, 5.22088E-03, 2.43810E-02, 2.70882E-04, 2.42740E-04, 2.56632E-04, 7.64896E-03
222, 6.19639E-03, 4.06461E-03, 5.16886E-03, 2.48994E-02, 2.71745E-04, 2.41537E-04, 2.57471E-04, 7.77572E-03
223, 6.00927E-03, 4.12007E-03, 5.10074E-03, 2.53280E-02, 2.72552E-04, 2.40056E-04, 2.57918E-04, 7.87343E-03
224, 5.81290E-03, 4.16194E-03, 5.01724E-03, 2.56595E-02, 2.73293E-04, 2.38406E-04, 2.57876E-04, 7.94021E-03
225, 5.60835E-03, 4.18869E-03, 4.95322E-03, 2.58894E-02, 2.73987E-04, 2.36620E-04, 2.57287E-04, 7.97506E-03
226, 5.39656E-03, 4.19896E-03, 4.98897E-03, 2.60159E-02, 2.74672E-04, 2.34884E-04, 2.56126E-04, 7.97783E-03
227, 5.17834E-03, 4.19167E-03, 5.00699E-03, 2.60399E-02, 2.75223E-04, 2.33290E-04, 2.54393E-04, 7.94927E-03
228, 4.95437E-03, 4.16601E-03, 5.00785E-03, 2.59654E-02, 2.75632E-04, 2.31956E-04, 2.52193E-04, 7.89093E-03
229, 4.73716E-03, 4.12154E-03, 4.99219E-03, 2.57987E-02, 2.75955E-04, 2.31005E-04, 2.49533E-04, 7.80512E-03
230, 4.51623E-03, 4.09228E-03, 4.96079E-03, 2.55484E-02, 2.76127E-04, 2.30442E-04, 2.46497E-04, 7.69481E-03
231, 4.55470E-03, 4.08626E-03, 4.92420E-03, 2.56601E-02, 2.76155E-04, 2.30411E-04, 2.43100E-04, 7.69391E-03
232, 4.84555E-03, 4.16850E-03, 5.02691E-03, 2.60678E-02, 2.76048E-04, 2.30986E-04, 2.39458E-04, 7.78127E-03
233, 5.13529E-03, 4.26959E-03, 5.06685E-03, 2.64437E-02, 2.75862E-04, 2.32192E-04, 2.35584E-04, 7.85829E-03
234, 5.42251E-03, 4.33408E-03, 5.04705E-03, 2.67971E-02, 2.75446E-04, 2.34074E-04, 2.31634E-04, 7.92784E-03
235, 5.70563E-03, 4.36137E-03, 5.12140E-03, 2.71106E-02, 2.74781E-04, 2.36600E-04, 2.27701E-04, 7.98490E-03
236, 5.98288E-03, 4.46038E-03, 5.22318E-03, 2.73994E-02, 2.73994E-04, 2.39708E-04, 2.23853E-04, 8.03412E-03
237, 6.25238E-03, 4.55212E-03, 5.26422E-03, 2.76814E-02, 2.73095E-04, 2.43256E-04, 2.20239E-04, 8.08081E-03
238, 6.51507E-03, 4.62306E-03, 5.35850E-03, 2.80050E-02, 2.72094E-04, 2.47108E-04, 2.16897E-04, 8.13909E-03
239, 6.76798E-03, 4.65390E-03, 5.41292E-03, 2.82817E-02, 2.70975E-04, 2.51045E-04, 2.13858E-04, 8.18323E-03
240, 7.09493E-03, 4.73208E-03, 5.40584E-03, 2.84989E-02, 2.69768E-04, 2.54890E-04, 2.11148E-04, 8.20980E-03
241, 7.41137E-03, 4.81903E-03, 5.35840E-03, 2.86532E-02, 2.68444E-04, 2.58442E-04, 2.08885E-04, 8.21808E-03
242, 7.71385E-03, 4.86398E-03, 5.49379E-03, 2.87421E-02, 2.67172E-04, 2.61660E-04, 2.07039E-04, 8.20761E-03
243, 8.00012E-03, 4.86630E-03, 5.56894E-03, 2.87638E-02, 2.65954E-04, 2.64460E-04, 2.05645E-04, 8.17817E-03
244, 8.26810E-03, 4.82606E-03, 5.58463E-03, 2.87176E-02, 2.64793E-04, 2.66729E-04, 2.04692E-04, 8.12984E-03
245, 8.51595E-03, 4.74411E-03, 5.54425E-03, 2.86037E-02, 2.63599E-04, 2.68478E-04, 2.04144E-04, 8.06295E-03
246, 8.74209E-03, 4.70099E-03, 5.45340E-03, 2.84234E-02, 2.62428E-04, 2.69675E-04, 2.03913E-04, 7.97811E-03
247, 8.94523E-03, 4.71852E-03, 5.50155E-03, 2.81789E-02, 2.61290E-04, 2.70299E-04, 2.03936E-04, 7.87622E-03
248, 9.13442E-03, 4.69920E-03, 5.54893E-03, 2.78735E-02, 2.60164E-04, 2.70346E-04, 2.04090E-04, 7.75843E-03
249, 9.38836E-03, 4.63962E-03, 5.54274E-03, 2.75115E-02, 2.59080E-04, 2.69841E-04, 2.04332E-04, 7.62615E-03
250, 9.61707E-03, 4.55929E-03, 5.48636E-03, 2.70982E-02, 2.58074E-04, 2.68815E-04, 2.04581E-04, 7.48104E-03
251, 9.81946E-03, 4.55621E-03, 5.40146E-03, 2.69831E-02, 2.57089E-04, 2.67322E-04, 2.04760E-04, 7.41936E-03
252, 9.99481E-03, 4.51531E-03, 5.54088E-03, 2.71850E-02, 2.56158E-04, 2.65328E-04, 2.04827E-04, 7.44531E-03
253, 1.01427E-02, 4.46005E-03, 5.73287E-03, 2.73803E-02, 2.55219E-04, 2.62934E-04, 2.04754E-04, 7.46954E-03
254, 1.02631E-02, 4.51402E-03, 5.92245E-03, 2.75379E-02, 2.54379E-04, 2.60193E-04, 2.04508E-04, 7.48370E-03
255, 1.03562E-02, 4.53153E-03, 6.10760E-03, 2.76546E-02, 2.53646E-04, 2.57200E-04, 2.04070E-04, 7.48702E-03
256, 1.04223E-02, 4.51213E-03, 6.28154E-03, 2.77275E-02, 2.52948E-04, 2.54098E-04, 2.03475E-04, 7.47888E-03
257, 1.04620E-02, 4.45590E-03, 6.44346E-03, 2.77766E-02, 2.52197E-04, 2.51051E-04, 2.02745E-04, 7.46479E-03
258, 1.04760E-02, 4.36344E-03, 6.59266E-03, 2.78271E-02, 2.51470E-04, 2.48064E-04, 2.01882E-04, 7.45154E-03
259, 1.04653E-02, 4.23600E-03, 6.72850E-03, 2.78299E-02, 2.50810E-04, 2.45271E-04, 2.00918E-04, 7.42606E-03
260, 1.04306E-02, 4.17471E-03, 6.85042E-03, 2.77846E-02, 2.50167E-04, 2.42702E-04, 1.99878E-04, 7.38834E-03
261, 1.03728E-02, 4.41971E-03, 6.95800E-03, 2.76916E-02, 2.49494E-04, 2.40491E-04, 1.98814E-04, 7.33863E-03
262, 1.02930E-02, 4.65027E-03, 7.05086E-03, 2.75760E-02, 2.48819E-04, 2.38649E-04, 1.97724E-04, 7.28365E-03
263, 1.02062E-02, 4.86430E-03, 7.12874E-03, 2.74492E-02, 2.48142E-04, 2.37205E-04, 1.96644E-04, 7.22644E-03
264, 1.01054E-02, 5.05984E-03, 7.19145E-03, 2.72783E-02, 2.47380E-04, 2.36159E-04, 1.95611E-04, 7.15839E-03
265, 9.98320E-03, 5.23516E-03, 7.23891E-03, 2.70665E-02, 2.46519E-04, 2.35447E-04, 1.94615E-04, 7.08039E-03
266, 9.83977E-03, 5.38877E-03, 7.27110E-03, 2.68424E-02, 2.45623E-04, 2.34982E-04, 1.93651E-04, 7.00001E-03
267, 9.67555E-03, 5.51946E-03, 7.28805E-03, 2.66050E-02, 2.44700E-04, 2.34754E-04, 1.92752E-04, 6.91694E-03
268, 9.49117E-03, 5.62631E-03, 7.28989E-03, 2.63369E-02, 2.43698E-04, 2.34633E-04, 1.91897E-04, 6.82668E-03
269, 9.36931E-03, 5.70872E-03, 7.27677E-03, 2.60448E-02, 2.42625E-04, 2.34551E-04, 1.91086E-04, 6.73104E-03
270, 9.23146E-03, 5.76641E-03, 7.24891E-03, 2.57694E-02, 2.41523E-04, 2.34449E-04, 1.90310E-04, 6.64046E-03
271, 9.07659E-03, 5.79941E-03, 7.20655E-03, 2.57677E-02, 2.40420E-04, 2.34313E-04, 1.89547E-04, 6.62096E-03
272, 8.90520E-03, 5.80807E-03, 7.14998E-03, 2.60879E-02, 2.39323E-04, 2.34152E-04, 1.88751E-04, 6.68423E-03
273, 8.71813E-03, 5.79300E-03, 7.07949E-03, 2.63602E-02, 2.38177E-04, 2.33898E-04, 1.87952E-04, 6.73511E-03
274, 8.51657E-03, 5.77789E-03, 7.00812E-03, 2.65820E-02, 2.36996E-04, 2.33565E-04, 1.87128E-04, 6.77298E-03
275, 8.30203E-03, 5.74455E-03, 6.93791E-03, 2.67515E-02, 2.35782E-04, 2.33160E-04, 1.86281E-04, 6.79750E-03
276, 8.07632E-03, 5.68789E-03, 6.85804E-03, 2.68797E-02, 2.34588E-04, 2.32720E-04, 1.85419E-04, 6.81158E-03
277, 7.84451E-03, 5.60925E-03, 6.76881E-03, 2.69512E-02, 2.33379E-04, 2.32273E-04, 1.84547E-04, 6.81133E-03
278, 7.61869E-03, 5.51015E-03, 6.67048E-03, 2.69668E-02, 2.32237E-04, 2.31916E-04, 1.83669E-04, 6.79709E-03
279, 7.38341E-03, 5.39230E-03, 6.56329E-03, 2.69297E-02, 2.31157E-04, 2.31728E-04, 1.82774E-04, 6.76979E-03
280, 7.14085E-03, 5.25755E-03, 6.44742E-03, 2.68369E-02, 2.30134E-04, 2.31605E-04, 1.81878E-04, 6.72872E-03
281, 7.30689E-03, 5.21767E-03, 6.32301E-03, 2.69128E-02, 2.29200E-04, 2.31538E-04, 1.81001E-04, 6.73008E-03
282, 7.65577E-03, 5.42264E-03, 6.19723E-03, 2.72382E-02, 2.28413E-04, 2.31549E-04, 1.80148E-04, 6.79374E-03
283, 7.95120E-03, 5.60316E-03, 6.09202E-03, 2.75217E-02, 2.27716E-04, 2.31577E-04, 1.79314E-04, 6.84669E-03
284, 8.19895E-03, 5.75603E-03, 5.98100E-03, 2.77952E-02, 2.27140E-04, 2.31636E-04, 1.78501E-04, 6.89690E-03
285, 8.40999E-03, 5.87840E-03, 5.86407E-03, 2.80489E-02, 2.26650E-04, 2.31710E-04, 1.77739E-04, 6.94194E-03
286, 8.55006E-03, 5.96793E-03, 5.74109E-03, 2.82736E-02, 2.26260E-04, 2.31731E-04, 1.77012E-04, 6.97963E-03
287, 8.61398E-03, 6.02284E-03, 5.61194E-03, 2.85288E-02, 2.25892E-04, 2.31723E-04, 1.76320E-04, 7.02464E-03
288, 8.59885E-03, 6.04200E-03, 5.47648E-03, 2.87672E-02, 2.25531E-04, 2.31653E-04, 1.75627E-04, 7.06530E-03
289, 8.50409E-03, 6.02495E-03, 5.34083E-03, 2.90189E-02, 2.25141E-04, 2.31490E-04, 1.74930E-04, 7.10901E-03
290, 8.33144E-03, 5.97196E-03, 5.22756E-03, 2.93425E-02, 2.24749E-04, 2.31194E-04, 1.74230E-04, 7.17002E-03
291, 8.08474E-03, 5.88404E-03, 5.10961E-03, 2.97133E-02, 2.24375E-04, 2.30734E-04, 1.73525E-04, 7.24225E-03
292, 7.76961E-03, 5.76289E-03, 4.98688E-03, 3.01699E-02, 2.24010E-04, 2.30154E-04, 1.72844E-04, 7.33492E-03
293, 7.39306E-03, 5.61093E-03, 4.85933E-03, 3.08077E-02, 2.23629E-04, 2.29436E-04, 1.72137E-04, 7.47108E-03
294, 6.96313E-03, 5.43116E-03, 4.72698E-03, 3.15741E-02, 2.23282E-04, 2.28591E-04, 1.71391E-04, 7.63761E-03
295, 6.77863E-03, 5.22713E-03, 4.58989E-03, 3.24550E-02, 2.22994E-04, 2.27667E-04, 1.70628E-04, 7.83090E-03
296, 6.83769E-03, 5.00273E-03, 4.44896E-03, 3.35085E-02, 2.22798E-04, 2.26680E-04, 1.69877E-04, 8.06472E-03
297, 6.82744E-03, 4.76215E-03, 4.33370E-03, 3.45281E-02, 2.22707E-04, 2.25713E-04, 1.69121E-04, 8.28920E-03
298, 6.74983E-03, 4.50966E-03, 4.21590E-03, 3.54096E-02, 2.22737E-04, 2.24784E-04, 1.68385E-04, 8.47943E-03
299, 6.60811E-03, 4.24951E-03, 4.09568E-03, 3.61597E-02, 2.22957E-04, 2.24009E-04, 1.67667E-04, 8.63728E-03
300, 6.40671E-03, 3.98580E-03, 3.97313E-03, 3.66892E-02, 2.23457E-04, 2.23515E-04, 1.66968E-04, 8.74172E-03
301, 6.15106E-03, 3.86736E-03, 3.84837E-03, 3.69880E-02, 2.24257E-04, 2.23366E-04, 1.66293E-04, 8.79073E-03
302, 5.84739E-03, 3.80270E-03, 3.72206E-03, 3.70527E-02, 2.25325E-04, 2.23411E-04, 1.65661E-04, 8.78393E-03
303, 5.50260E-03, 3.73152E-03, 3.59415E-03, 3.69320E-02, 2.26638E-04, 2.23577E-04, 1.65087E-04, 8.73327E-03
304, 5.12402E-03, 3.65445E-03, 3.46450E-03, 3.70908E-02, 2.28185E-04, 2.23760E-04, 1.64609E-04, 8.74870E-03
305, 4.71930E-03, 3.59768E-03, 3.35363E-03, 3.71094E-02, 2.29937E-04, 2.23896E-04, 1.64224E-04, 8.73096E-03
306, 4.29618E-03, 3.61633E-03, 3.24745E-03, 3.68810E-02, 2.31838E-04, 2.23969E-04, 1.63903E-04, 8.65526E-03
307, 3.88034E-03, 3.63042E-03, 3.14090E-03, 3.64110E-02, 2.33790E-04, 2.23946E-04, 1.63651E-04, 8.52325E-03
308, 3.79796E-03, 3.63998E-03, 3.03408E-03, 3.57128E-02, 2.35708E-04, 2.23838E-04, 1.63442E-04, 8.33854E-03
309, 3.71220E-03, 3.64507E-03, 2.92643E-03, 3.48078E-02, 2.37492E-04, 2.23624E-04, 1.63268E-04, 8.10650E-03
310, 3.74246E-03, 3.64575E-03, 2.84714E-03, 3.39816E-02, 2.38979E-04, 2.23313E-04, 1.63090E-04, 7.89381E-03
311, 3.81554E-03, 3.64207E-03, 2.80140E-03, 3.42748E-02, 2.40120E-04, 2.22863E-04, 1.62872E-04, 7.94143E-03
312, 3.88452E-03, 3.64349E-03, 2.75374E-03, 3.44761E-02, 2.40869E-04, 2.22304E-04, 1.62584E-04, 7.96746E-03
313, 3.94935E-03, 3.64245E-03, 2.70435E-03, 3.46224E-02, 2.41145E-04, 2.21709E-04, 1.62249E-04, 7.98053E-03
314, 4.01003E-03, 3.63707E-03, 2.65338E-03, 3.48712E-02, 2.40990E-04, 2.21063E-04, 1.61820E-04, 8.01694E-03
315, 4.06655E-03, 3.62738E-03, 2.60095E-03, 3.50350E-02, 2.40380E-04, 2.20424E-04, 1.61278E-04, 8.03352E-03
316, 4.11893E-03, 3.61342E-03, 2.54714E-03, 3.51237E-02, 2.39338E-04, 2.19837E-04, 1.60645E-04, 8.03271E-03
317, 4.16720E-03, 3.59527E-03, 2.49201E-03, 3.51496E-02, 2.37895E-04, 2.19356E-04, 1.59947E-04, 8.01743E-03
318, 4.21138E-03, 3.57299E-03, 2.48954E-03, 3.52988E-02, 2.36123E-04, 2.19189E-04, 1.59179E-04, 8.03010E-03
319, 4.25150E-03, 3.54667E-03, 2.50397E-03, 3.54746E-02, 2.34097E-04, 2.19336E-04, 1.58361E-04, 8.04864E-03
320, 4.28759E-03, 3.52778E-03, 2.51698E-03, 3.56079E-02, 2.31877E-04, 2.19734E-04, 1.57561E-04, 8.05730E-03
321, 4.31966E-03, 3.51293E-03, 2.52848E-03, 3.57107E-02, 2.29624E-04, 2.20383E-04, 1.56763E-04, 8.05889E-03
322, 4.34770E-03, 3.49406E-03, 2.53840E-03, 3.59983E-02, 2.27468E-04, 2.21380E-04, 1.56009E-04, 8.10196E-03
323, 4.37171E-03, 3.47128E-03, 2.54664E-03, 3.63605E-02, 2.25585E-04, 2.22659E-04, 1.55294E-04, 8.16146E-03
324, 4.39167E-03, 3.44475E-03, 2.55312E-03, 3.66976E-02, 2.24049E-04, 2.24184E-04, 1.54617E-04, 8.21490E-03
325, 4.43330E-03, 3.41465E-03, 2.55777E-03, 3.70820E-02, 2.22937E-04, 2.25832E-04, 1.54033E-04, 8.27853E-03
326, 4.49661E-03, 3.38119E-03, 2.56559E-03, 3.77037E-02, 2.22376E-04, 2.27447E-04, 1.53528E-04, 8.39462E-03
327, 4.55514E-03, 3.34460E-03, 2.57847E-03, 3.82730E-02, 2.22458E-04, 2.28944E-04, 1.53152E-04, 8.49840E-03
328, 4.60868E-03, 3.30515E-03, 2.58977E-03, 3.88564E-02, 2.23209E-04, 2.30300E-04, 1.52907E-04, 8.60475E-03
329, 4.65702E-03, 3.26310E-03, 2.59946E-03, 3.95738E-02, 2.24488E-04, 2.31462E-04, 1.52762E-04, 8.74012E-03
330, 4.69995E-03, 3.21876E-03, 2.60749E-03, 4.01827E-02, 2.26241E-04, 2.32349E-04, 1.52703E-04, 8.85094E-03
331, 4.73725E-03, 3.20565E-03, 2.61384E-03, 4.08207E-02, 2.28387E-04, 2.32911E-04, 1.52701E-04, 8.96762E-03
332, 4.76875E-03, 3.17904E-03, 2.61848E-03, 4.13251E-02, 2.30843E-04, 2.33151E-04, 1.52733E-04, 9.05453E-03
333, 4.79428E-03, 3.13135E-03, 2.62143E-03, 4.16842E-02, 2.33491E-04, 2.33037E-04, 1.52733E-04, 9.10937E-03
334, 4.81368E-03, 3.06482E-03, 2.62267E-03, 4.19025E-02, 2.36217E-04, 2.32551E-04, 1.52706E-04, 9.13341E-03
335, 4.82686E-03, 3.04880E-03, 2.62222E-03, 4.19877E-02, 2.38949E-04, 2.31741E-04, 1.52645E-04, 9.12860E-03
336, 4.83373E-03, 3.02937E-03, 2.62010E-03, 4.19497E-02, 2.41599E-04, 2.30590E-04, 1.52533E-04, 9.09737E-03
337, 4.83426E-03, 2.98480E-03, 2.61633E-03, 4.18001E-02, 2.44099E-04, 2.29151E-04, 1.52364E-04, 9.04241E-03
338, 4.82846E-03, 2.91753E-03, 2.61093E-03, 4.15508E-02, 2.46422E-04, 2.27509E-04, 1.52129E-04, 8.96653E-03
339, 4.81639E-03, 2.92443E-03, 2.60393E-03, 4.12140E-02, 2.48503E-04, 2.25686E-04, 1.51843E-04, 8.87253E-03
340, 4.79816E-03, 2.91734E-03, 2.59533E-03, 4.08018E-02, 2.50278E-04, 2.23669E-04, 1.51490E-04, 8.76316E-03
341, 4.77392E-03, 2.88667E-03, 2.58516E-03, 4.03260E-02, 2.51797E-04, 2.21579E-04, 1.51099E-04, 8.64107E-03
342, 4.74389E-03, 2.83418E-03, 2.58272E-03, 3.97982E-02, 2.53042E-04, 2.19437E-04, 1.50685E-04, 8.50883E-03
343, 4.70833E-03, 2.76226E-03, 2.58191E-03, 3.92956E-02, 2.54032E-04, 2.17328E-04, 1.50272E-04, 8.38299E-03
344, 4.66754E-03, 2.68720E-03, 2.58004E-03, 4.00882E-02, 2.54803E-04, 2.15323E-04, 1.49871E-04, 8.53389E-03
345, 4.62187E-03, 2.71137E-03, 2.57705E-03, 4.08037E-02, 2.55399E-04, 2.13523E-04, 1.49500E-04, 8.66830E-03
346, 4.57169E-03, 2.72433E-03, 2.57285E-03, 4.14141E-02, 2.55767E-04, 2.12020E-04, 1.49207E-04, 8.78040E-03
347, 4.51742E-03, 2.76599E-03, 2.56735E-03, 4.19219E-02, 2.55870E-04, 2.10743E-04, 1.49003E-04, 8.87089E-03
348, 4.45949E-03, 2.84415E-03, 2.56045E-03, 4.22949E-02, 2.55738E-04, 2.09585E-04, 1.48902E-04, 8.93319E-03
349, 4.42036E-03, 2.91054E-03, 2.55202E-03, 4.25336E-02, 2.55422E-04, 2.08548E-04, 1.48901E-04, 8.96758E-03
350, 4.39708E-03, 2.96444E-03, 2.54195E-03, 4.26410E-02, 2.54955E-04, 2.07582E-04, 1.48987E-04, 8.97483E-03
351, 4.37078E-03, 3.04097E-03, 2.53011E-03, 4.26220E-02, 2.54327E-04, 2.06726E-04, 1.49172E-04, 8.95620E-03
352, 4.34179E-03, 3.12057E-03, 2.51638E-03, 4.24843E-02, 2.53574E-04, 2.05962E-04, 1.49370E-04, 8.91337E-03
353, 4.31039E-03, 3.18660E-03, 2.50063E-03, 4.22371E-02, 2.52675E-04, 2.05222E-04, 1.49596E-04, 8.84846E-03
354, 4.27687E-03, 3.23815E-03, 2.48276E-03, 4.18916E-02, 2.51684E-04, 2.04418E-04, 1.49855E-04, 8.76390E-03
355, 4.24145E-03, 3.27441E-03, 2.46266E-03, 4.14606E-02, 2.50599E-04, 2.03574E-04, 1.50076E-04, 8.66243E-03
356, 4.20434E-03, 3.32583E-03, 2.44025E-03, 4.09581E-02, 2.49415E-04, 2.02631E-04, 1.50235E-04, 8.54702E-03
357, 4.16569E-03, 3.39553E-03, 2.42578E-03, 4.05490E-02, 2.48218E-04, 2.01631E-04, 1.50312E-04, 8.45210E-03
358, 4.12561E-03, 3.44871E-03, 2.50402E-03, 4.07093E-02, 2.47013E-04, 2.00565E-04, 1.50289E-04, 8.47671E-03
359, 4.08417E-03, 3.48442E-03, 2.57858E-03, 4.08208E-02, 2.45856E-04, 1.99463E-04, 1.50147E-04, 8.49190E-03
360, 4.04140E-03, 3.50184E-03, 2.64856E-03, 4.08857E-02, 2.44810E-04, 1.98295E-04, 1.49882E-04, 8.49816E-03
361, 3.99727E-03, 3.52880E-03, 2.71340E-03, 4.09066E-02, 2.43898E-04, 1.97071E-04, 1.49512E-04, 8.49610E-03
362, 3.95174E-03, 3.58795E-03, 2.77252E-03, 4.08874E-02, 2.43160E-04, 1.95831E-04, 1.49042E-04, 8.48653E-03
363, 3.90470E-03, 3.62783E-03, 2.84355E-03, 4.14080E-02, 2.42666E-04, 1.94544E-04, 1.48466E-04, 8.58980E-03
364, 3.85603E-03, 3.67053E-03, 2.92992E-03, 4.19400E-02, 2.42387E-04, 1.93291E-04, 1.47818E-04, 8.69619E-03
365, 3.80559E-03, 3.77202E-03, 3.01103E-03, 4.23998E-02, 2.42303E-04, 1.92098E-04, 1.47137E-04, 8.78843E-03
366, 3.75321E-03, 3.85029E-03, 3.08601E-03, 4.27801E-02, 2.42406E-04, 1.90933E-04, 1.46441E-04, 8.86502E-03
367, 3.69871E-03, 3.90427E-03, 3.15394E-03, 4.30752E-02, 2.42762E-04, 1.89796E-04, 1.45786E-04, 8.92486E-03
368, 3.64192E-03, 3.95644E-03, 3.21391E-03, 4.32812E-02, 2.43382E-04, 1.88737E-04, 1.45213E-04, 8.96716E-03
369, 3.58266E-03, 4.05502E-03, 3.27800E-03, 4.33963E-02, 2.44242E-04, 1.87749E-04, 1.44728E-04, 8.99156E-03
370, 3.52077E-03, 4.12756E-03, 3.37447E-03, 4.34203E-02, 2.45361E-04, 1.86860E-04, 1.44394E-04, 8.99805E-03
371, 3.45612E-03, 4.17300E-03, 3.46300E-03, 4.33552E-02, 2.46686E-04, 1.86023E-04, 1.44254E-04, 8.98698E-03
372, 3.38857E-03, 4.19065E-03, 3.54228E-03, 4.32045E-02, 2.48168E-04, 1.85242E-04, 1.44305E-04, 8.95909E-03
373, 3.31804E-03, 4.22126E-03, 3.61830E-03, 4.29736E-02, 2.49792E-04, 1.84534E-04, 1.44506E-04, 8.91542E-03
374, 3.24448E-03, 4.29549E-03, 3.72401E-03, 4.31994E-02, 2.51531E-04, 1.83889E-04, 1.44838E-04, 8.96741E-03
375, 3.16788E-03, 4.34078E-03, 3.82155E-03, 4.34507E-02, 2.53361E-04, 1.83278E-04, 1.45279E-04, 9.02562E-03
376, 3.08825E-03, 4.35638E-03, 3.90926E-03, 4.36305E-02, 2.55250E-04, 1.82674E-04, 1.45807E-04, 9.06988E-03
377, 3.00645E-03, 4.34195E-03, 3.98550E-03, 4.37326E-02, 2.57189E-04, 1.82106E-04, 1.46367E-04, 9.09887E-03
378, 2.94342E-03, 4.35449E-03, 4.04863E-03, 4.37523E-02, 2.59190E-04, 1.81560E-04, 1.46926E-04, 9.11155E-03
379, 2.87662E-03, 4.40964E-03, 4.15728E-03, 4.36867E-02, 2.61194E-04, 1.80997E-04, 1.47467E-04, 9.10720E-03
380, 2.80624E-03, 4.43414E-03, 4.26596E-03, 4.35345E-02, 2.63180E-04, 1.80442E-04, 1.47954E-04, 9.08546E-03
381, 2.73252E-03, 4.42747E-03, 4.36155E-03, 4.32961E-02, 2.65142E-04, 1.79873E-04, 1.48342E-04, 9.04634E-03
382, 2.65573E-03, 4.38958E-03, 4.44218E-03, 4.29739E-02, 2.67088E-04, 1.79254E-04, 1.48611E-04, 8.99020E-03
383, 2.57618E-03, 4.37686E-03, 4.50606E-03, 4.25720E-02, 2.68962E-04, 1.78550E-04, 1.48712E-04, 8.91780E-03
384, 2.49420E-03, 4.42087E-03, 4.55154E-03, 4.21194E-02, 2.70707E-04, 1.77784E-04, 1.48656E-04, 8.83507E-03
385, 2.46124E-03, 4.43358E-03, 4.63964E-03, 4.16535E-02, 2.72336E-04, 1.76965E-04, 1.48411E-04, 8.74978E-03
386, 2.53329E-03, 4.41460E-03, 4.74064E-03, 4.12373E-02, 2.73787E-04, 1.76060E-04, 1.47981E-04, 8.67514E-03
387, 2.63118E-03, 4.36404E-03, 4.82419E-03, 4.12916E-02, 2.75035E-04, 1.75071E-04, 1.47380E-04, 8.69977E-03
388, 2.71354E-03, 4.30761E-03, 4.88845E-03, 4.15127E-02, 2.76108E-04, 1.74037E-04, 1.46629E-04, 8.76002E-03
389, 2.77985E-03, 4.34936E-03, 4.93174E-03, 4.17171E-02, 2.76963E-04, 1.72988E-04, 1.45760E-04, 8.81722E-03
390, 2.82984E-03, 4.36016E-03, 4.95259E-03, 4.18819E-02, 2.77614E-04, 1.71926E-04, 1.44784E-04, 8.86649E-03
391, 2.91714E-03, 4.33963E-03, 5.00198E-03, 4.20255E-02, 2.78024E-04, 1.70840E-04, 1.43718E-04, 8.91166E-03
392, 2.98890E-03, 4.33221E-03, 5.09146E-03, 4.21307E-02, 2.78201E-04, 1.69795E-04, 1.42601E-04, 8.94902E-03
393, 3.04168E-03, 4.29406E-03, 5.16081E-03, 4.21939E-02, 2.78111E-04, 1.68785E-04, 1.41428E-04, 8.97773E-03
394, 3.07539E-03, 4.26426E-03, 5.20827E-03, 4.21996E-02, 2.77825E-04, 1.67841E-04, 1.40267E-04, 8.99443E-03
395, 3.14306E-03, 4.31122E-03, 5.23229E-03, 4.21491E-02, 2.77378E-04, 1.66944E-04, 1.39163E-04, 8.99929E-03
396, 3.20652E-03, 4.32620E-03, 5.23159E-03, 4.20510E-02, 2.76781E-04, 1.66130E-04, 1.38120E-04, 8.99407E-03
397, 3.24810E-03, 4.30945E-03, 5.22121E-03, 4.19174E-02, 2.76065E-04, 1.65389E-04, 1.37155E-04, 8.98130E-03
398, 3.26785E-03, 4.26170E-03, 5.30395E-03, 4.17372E-02, 2.75290E-04, 1.64700E-04, 1.36313E-04, 8.95853E-03
399, 3.30255E-03, 4.18415E-03, 5.36547E-03, 4.15141E-02, 2.74547E-04, 1.64054E-04, 1.35597E-04, 8.92645E-03
400, 3.36350E-03, 4.22820E-03, 5.40403E-03, 4.12518E-02, 2.73848E-04, 1.63458E-04, 1.34982E-04, 8.88584E-03
401, 3.40001E-03, 4.24266E-03, 5.41811E-03, 4.09610E-02, 2.73237E-04, 1.62861E-04, 1.34475E-04, 8.83890E-03
402, 3.41203E-03, 4.22601E-03, 5.40648E-03, 4.09046E-02, 2.72711E-04, 1.62246E-04, 1.34104E-04, 8.84244E-03
403, 3.40002E-03, 4.17896E-03, 5.36824E-03, 4.08602E-02, 2.72294E-04, 1.61629E-04, 1.33821E-04, 8.84856E-03
404, 3.45158E-03, 4.10268E-03, 5.39448E-03, 4.07825E-02, 2.72028E-04, 1.60990E-04, 1.33578E-04, 8.84742E-03
405, 3.49313E-03, 4.08182E-03, 5.45836E-03, 4.06726E-02, 2.71871E-04, 1.60297E-04, 1.33373E-04, 8.83922E-03
406, 3.50809E-03, 4.10318E-03, 5.49910E-03, 4.05399E-02, 2.71766E-04, 1.59537E-04, 1.33222E-04, 8.82596E-03
407, 3.49662E-03, 4.09446E-03, 5.51506E-03, 4.03891E-02, 2.71753E-04, 1.58687E-04, 1.33103E-04, 8.80861E-03
408, 3.45946E-03, 4.05624E-03, 5.50493E-03, 4.02199E-02, 2.71870E-04, 1.57770E-04, 1.32957E-04, 8.78709E-03
409, 3.51388E-03, 3.98954E-03, 5.46778E-03, 4.00439E-02, 2.72028E-04, 1.56769E-04, 1.32791E-04, 8.76393E-03
410, 3.54552E-03, 3.89580E-03, 5.40306E-03, 3.98531E-02, 2.72282E-04, 1.55682E-04, 1.32635E-04, 8.73733E-03
411, 3.54924E-03, 3.91667E-03, 5.45930E-03, 3.96570E-02, 2.72590E-04, 1.54522E-04, 1.32468E-04, 8.70938E-03
412, 3.52518E-03, 3.92078E-03, 5.51124E-03, 3.94430E-02, 2.72829E-04, 1.53329E-04, 1.32235E-04, 8.67728E-03
413, 3.47410E-03, 3.89663E-03, 5.53851E-03, 3.92166E-02, 2.72965E-04, 1.52119E-04, 1.31965E-04, 8.64222E-03
414, 3.50119E-03, 3.84505E-03, 5.53966E-03, 3.89879E-02, 2.73004E-04, 1.50921E-04, 1.31674E-04, 8.60644E-03
415, 3.53516E-03, 3.76727E-03, 5.51362E-03, 3.87426E-02, 2.72968E-04, 1.49727E-04, 1.31400E-04, 8.56676E-03
416, 3.54075E-03, 3.68865E-03, 5.45974E-03, 3.84931E-02, 2.72843E-04, 1.48552E-04, 1.31133E-04, 8.52587E-03
417, 3.51782E-03, 3.70762E-03, 5.37788E-03, 3.82453E-02, 2.72634E-04, 1.47426E-04, 1.30864E-04, 8.48514E-03
418, 3.46683E-03, 3.69995E-03, 5.44053E-03, 3.79869E-02, 2.72377E-04, 1.46423E-04, 1.30595E-04, 8.44179E-03
419, 3.42452E-03, 3.66627E-03, 5.48414E-03, 3.78815E-02, 2.72046E-04, 1.45555E-04, 1.30339E-04, 8.43225E-03
420, 3.48046E-03, 3.60757E-03, 5.50211E-03, 3.80362E-02, 2.71624E-04, 1.44835E-04, 1.30125E-04, 8.48055E-03
421, 3.55524E-03, 3.52517E-03, 5.49326E-03, 3.81313E-02, 2.71157E-04, 1.44265E-04, 1.29966E-04, 8.51558E-03
422, 3.63316E-03, 3.45938E-03, 5.45683E-03, 3.81633E-02, 2.70631E-04, 1.43843E-04, 1.29846E-04, 8.53652E-03
423, 3.70467E-03, 3.46850E-03, 5.39250E-03, 3.81305E-02, 2.70077E-04, 1.43556E-04, 1.29753E-04, 8.54288E-03
424, 3.76948E-03, 3.45339E-03, 5.30048E-03, 3.80322E-02, 2.69515E-04, 1.43410E-04, 1.29698E-04, 8.53445E-03
425, 3.82731E-03, 3.41481E-03, 5.33775E-03, 3.78691E-02, 2.68921E-04, 1.43408E-04, 1.29671E-04, 8.51135E-03
426, 3.87797E-03, 3.35384E-03, 5.37468E-03, 3.76434E-02, 2.68331E-04, 1.43496E-04, 1.29683E-04, 8.47398E-03
427, 3.92129E-03, 3.27183E-03, 5.38605E-03, 3.73585E-02, 2.67743E-04, 1.43629E-04, 1.29712E-04, 8.42303E-03
428, 3.95716E-03, 3.20631E-03, 5.37097E-03, 3.70189E-02, 2.67164E-04, 1.43748E-04, 1.29760E-04, 8.35946E-03
429, 3.98943E-03, 3.20925E-03, 5.32894E-03, 3.66300E-02, 2.66618E-04, 1.43828E-04, 1.29806E-04, 8.28448E-03
430, 4.01421E-03, 3.19056E-03, 5.25996E-03, 3.61985E-02, 2.66084E-04, 1.43849E-04, 1.29844E-04, 8.19950E-03
431, 4.03084E-03, 3.15104E-03, 5.16447E-03, 3.60790E-02, 2.65550E-04, 1.43788E-04, 1.29885E-04, 8.18497E-03
432, 4.03940E-03, 3.09178E-03, 5.14561E-03, 3.61211E-02, 2.64966E-04, 1.43630E-04, 1.29921E-04, 8.20700E-03
433, 4.04006E-03, 3.01410E-03, 5.17814E-03, 3.61521E-02, 2.64346E-04, 1.43351E-04, 1.29918E-04, 8.22651E-03
434, 4.03301E-03, 2.94193E-03, 5.18631E-03, 3.61703E-02, 2.63664E-04, 1.42934E-04, 1.29867E-04, 8.24306E-03
435, 4.01850E-03, 2.94237E-03, 5.16944E-03, 3.61740E-02, 2.62921E-04, 1.42377E-04, 1.29763E-04, 8.25626E-03
436, 3.99685E-03, 2.92371E-03, 5.12722E-03, 3.61618E-02, 2.62109E-04, 1.41691E-04, 1.29606E-04, 8.26578E-03
437, 3.96840E-03, 2.88670E-03, 5.05977E-03, 3.61327E-02, 2.61231E-04, 1.40869E-04, 1.29417E-04, 8.27137E-03
438, 3.93354E-03, 2.83234E-03, 4.96763E-03, 3.60859E-02, 2.60343E-04, 1.39925E-04, 1.29229E-04, 8.27282E-03
439, 3.89267E-03, 2.76187E-03, 4.87253E-03, 3.60210E-02, 2.59422E-04, 1.38879E-04, 1.29018E-04, 8.27003E-03
440, 3.84624E-03, 2.67710E-03, 4.90357E-03, 3.59379E-02, 2.58432E-04, 1.37751E-04, 1.28772E-04, 8.26297E-03
441, 3.79966E-03, 2.67827E-03, 4.91216E-03, 3.58370E-02, 2.57393E-04, 1.36566E-04, 1.28499E-04, 8.25168E-03
442, 3.75126E-03, 2.66254E-03, 4.89773E-03, 3.57187E-02, 2.56356E-04, 1.35355E-04, 1.28194E-04, 8.23627E-03
443, 3.69788E-03, 2.63053E-03, 4.86005E-03, 3.55840E-02, 2.55410E-04, 1.34151E-04, 1.27859E-04, 8.21691E-03
444, 3.63999E-03, 2.58311E-03, 4.79927E-03, 3.54339E-02, 2.54505E-04, 1.32971E-04, 1.27542E-04, 8.19382E-03
445, 3.57805E-03, 2.52135E-03, 4.71588E-03, 3.52808E-02, 2.53670E-04, 1.31839E-04, 1.27269E-04, 8.16987E-03
446, 3.51248E-03, 2.45197E-03, 4.61074E-03, 3.51138E-02, 2.52939E-04, 1.30746E-04, 1.27012E-04, 8.14253E-03
447, 3.44370E-03, 2.44955E-03, 4.56714E-03, 3.49340E-02, 2.52281E-04, 1.29693E-04, 1.26783E-04, 8.11202E-03
448, 3.37207E-03, 2.44640E-03, 4.57854E-03, 3.47429E-02, 2.51797E-04, 1.28707E-04, 1.26579E-04, 8.07869E-03
449, 3.29927E-03, 2.50121E-03, 4.56924E-03, 3.45423E-02, 2.51435E-04, 1.27803E-04, 1.26398E-04, 8.04292E-03
450, 3.26094E-03, 2.55650E-03, 4.53904E-03, 3.43338E-02, 2.51186E-04, 1.26959E-04, 1.26240E-04, 8.00511E-03
451, 3.23369E-03, 2.60748E-03, 4.48803E-03, 3.41589E-02, 2.51060E-04, 1.26185E-04, 1.26146E-04, 7.97490E-03
452, 3.19948E-03, 2.65369E-03, 4.41664E-03, 3.40713E-02, 2.51039E-04, 1.25475E-04, 1.26089E-04, 7.96488E-03
453, 3.20642E-03, 2.69471E-03, 4.32560E-03, 3.39575E-02, 2.51116E-04, 1.24817E-04, 1.26067E-04, 7.94858E-03
454, 3.21506E-03, 2.73016E-03, 4.21595E-03, 3.38181E-02, 2.51327E-04, 1.24192E-04, 1.26063E-04, 7.92609E-03
455, 3.21540E-03, 2.75973E-03, 4.20132E-03, 3.36540E-02, 2.51582E-04, 1.23591E-04, 1.26065E-04, 7.89759E-03
456, 3.20746E-03, 2.78317E-03, 4.19827E-03, 3.34663E-02, 2.51800E-04, 1.23011E-04, 1.26091E-04, 7.86335E-03
457, 3.19135E-03, 2.80030E-03, 4.17681E-03, 3.32567E-02, 2.51976E-04, 1.22444E-04, 1.26106E-04, 7.82371E-03
458, 3.16725E-03, 2.81102E-03, 4.13697E-03, 3.30271E-02, 2.52106E-04, 1.21897E-04, 1.26110E-04, 7.77911E-03
459, 3.13544E-03, 2.81527E-03, 4.07907E-03, 3.27802E-02, 2.52157E-04, 1.21340E-04, 1.26111E-04, 7.73013E-03
460, 3.10705E-03, 2.82235E-03, 4.00368E-03, 3.26154E-02, 2.52121E-04, 1.20788E-04, 1.26086E-04, 7.70028E-03
461, 3.13780E-03, 2.82689E-03, 3.91162E-03, 3.24694E-02, 2.51933E-04, 1.20240E-04, 1.26056E-04, 7.67465E-03
462, 3.15879E-03, 2.82558E-03, 3.80395E-03, 3.26243E-02, 2.51599E-04, 1.19696E-04, 1.26029E-04, 7.71999E-03
463, 3.16994E-03, 2.81848E-03, 3.80289E-03, 3.28065E-02, 2.51132E-04, 1.19159E-04, 1.25964E-04, 7.77171E-03
464, 3.17126E-03, 2.80572E-03, 3.79033E-03, 3.29555E-02, 2.50498E-04, 1.18667E-04, 1.25860E-04, 7.81552E-03
465, 3.16288E-03, 2.78746E-03, 3.76177E-03, 3.30643E-02, 2.49717E-04, 1.18213E-04, 1.25730E-04, 7.84967E-03
466, 3.14503E-03, 2.76393E-03, 3.71739E-03, 3.31306E-02, 2.48757E-04, 1.17814E-04, 1.25604E-04, 7.87361E-03
467, 3.11802E-03, 2.73541E-03, 3.65758E-03, 3.31530E-02, 2.47645E-04, 1.17465E-04, 1.25491E-04, 7.88698E-03
468, 3.08223E-03, 2.70220E-03, 3.58295E-03, 3.31311E-02, 2.46386E-04, 1.17175E-04, 1.25365E-04, 7.88963E-03
469, 3.03814E-03, 2.66467E-03, 3.49430E-03, 3.30652E-02, 2.45009E-04, 1.16937E-04, 1.25212E-04, 7.88160E-03
470, 2.98628E-03, 2.62318E-03, 3.39261E-03, 3.29563E-02, 2.43543E-04, 1.16765E-04, 1.25059E-04, 7.86308E-03
471, 2.99949E-03, 2.57814E-03, 3.38032E-03, 3.28060E-02, 2.42015E-04, 1.16667E-04, 1.24903E-04, 7.83447E-03
472, 3.10676E-03, 2.52997E-03, 3.36175E-03, 3.26168E-02, 2.40468E-04, 1.16612E-04, 1.24754E-04, 7.79629E-03
473, 3.21324E-03, 2.47909E-03, 3.32948E-03, 3.23915E-02, 2.38906E-04, 1.16577E-04, 1.24614E-04, 7.74920E-03
474, 3.31864E-03, 2.42594E-03, 3.30403E-03, 3.21333E-02, 2.37333E-04, 1.16563E-04, 1.24475E-04, 7.69397E-03
475, 3.42270E-03, 2.37095E-03, 3.29897E-03, 3.18461E-02, 2.35760E-04, 1.16557E-04, 1.24360E-04, 7.63147E-03
476, 3.52516E-03, 2.31529E-03, 3.28658E-03, 3.15336E-02, 2.34213E-04, 1.16542E-04, 1.24271E-04, 7.56262E-03
477, 3.62574E-03, 2.27002E-03, 3.26710E-03, 3.12303E-02, 2.32695E-04, 1.16511E-04, 1.24193E-04, 7.49568E-03
478, 3.72419E-03, 2.22354E-03, 3.26862E-03, 3.10117E-02, 2.31232E-04, 1.16437E-04, 1.24134E-04, 7.44877E-03
479, 3.82026E-03, 2.17616E-03, 3.29055E-03, 3.07780E-02, 2.29838E-04, 1.16310E-04, 1.24079E-04, 7.39797E-03
480, 3.91370E-03, 2.12815E-03, 3.30435E-03, 3.05830E-02, 2.28464E-04, 1.16114E-04, 1.24022E-04, 7.35622E-03
481, 4.00426E-03, 2.07977E-03, 3.31015E-03, 3.05587E-02, 2.27150E-04, 1.15852E-04, 1.23978E-04, 7.35530E-03
482, 4.09170E-03, 2.03130E-03, 3.30812E-03, 3.05155E-02, 2.25858E-04, 1.15522E-04, 1.23928E-04, 7.34966E-03
483, 4.17577E-03, 1.99308E-03, 3.29851E-03, 3.04541E-02, 2.24595E-04, 1.15120E-04, 1.23876E-04, 7.33942E-03
484, 4.25625E-03, 2.00182E-03, 3.28159E-03, 3.03760E-02, 2.23336E-04, 1.14632E-04, 1.23842E-04, 7.32496E-03
485, 4.33289E-03, 2.01041E-03, 3.25766E-03, 3.02836E-02, 2.22062E-04, 1.14074E-04, 1.23810E-04, 7.30686E-03
486, 4.40545E-03, 2.01888E-03, 3.22707E-03, 3.01797E-02, 2.20784E-04, 1.13462E-04, 1.23777E-04, 7.28578E-03
487, 4.47370E-03, 2.02723E-03, 3.21322E-03, 3.00673E-02, 2.19504E-04, 1.12790E-04, 1.23736E-04, 7.26246E-03
488, 4.53739E-03, 2.03544E-03, 3.22801E-03, 2.99494E-02, 2.18187E-04, 1.12075E-04, 1.23688E-04, 7.23761E-03
489, 4.59629E-03, 2.04344E-03, 3.23505E-03, 2.98285E-02, 2.16843E-04, 1.11343E-04, 1.23641E-04, 7.21185E-03
490, 4.67123E-03, 2.05112E-03, 3.23453E-03, 2.97067E-02, 2.15496E-04, 1.10597E-04, 1.23606E-04, 7.18566E-03
491, 4.75543E-03, 2.05832E-03, 3.22662E-03, 2.95850E-02, 2.14105E-04, 1.09858E-04, 1.23577E-04, 7.15935E-03
492, 4.83562E-03, 2.06484E-03, 3.21157E-03, 2.94642E-02, 2.12676E-04, 1.09122E-04, 1.23552E-04, 7.13305E-03
493, 4.91156E-03, 2.07044E-03, 3.18964E-03, 2.93438E-02, 2.11253E-04, 1.08414E-04, 1.23554E-04, 7.10671E-03
494, 4.98300E-03, 2.07480E-03, 3.16115E-03, 2.92232E-02, 2.09878E-04, 1.07741E-04, 1.23553E-04, 7.08014E-03
495, 5.04969E-03, 2.07758E-03, 3.15024E-03, 2.91010E-02, 2.08509E-04, 1.07116E-04, 1.23547E-04, 7.05303E-03
496, 5.11135E-03, 2.08018E-03, 3.14527E-03, 2.89756E-02, 2.07157E-04, 1.06519E-04, 1.23559E-04, 7.02499E-03
497, 5.16772E-03, 2.08185E-03, 3.13517E-03, 2.88452E-02, 2.05893E-04, 1.05972E-04, 1.23590E-04, 6.99561E-03
498, 5.21850E-03, 2.07898E-03, 3.12017E-03, 2.87083E-02, 2.04683E-04, 1.05469E-04, 1.23629E-04, 6.96450E-03
499, 5.26343E-03, 2.08257E-03, 3.10055E-03, 2.85634E-02, 2.03514E-04, 1.05024E-04, 1.23683E-04, 6.93130E-03
500, 5.30221E-03, 2.09013E-03, 3.07956E-03, 2.84092E-02, 2.02416E-04, 1.04653E-04, 1.23783E-04, 6.89573E-03
