time_step, rel_err_u, rel_err_v, rel_err_w, rel_err_p, rel_err_u_m, rel_err_v_m, rel_err_w_m, rel_err_p_m
0, 0.00000E+00, 0.00000E+00, 0.00000E+00, 0.00000E+00, 0.00000E+00, 0.00000E+00, 0.00000E+00, 0.00000E+00
1, 4.73991E-03, 1.34378E-03, 1.35337E-03, 8.95053E-02, 9.88380E-05, 6.82099E-05, 4.09468E-05, 2.08449E-02
2, 1.59795E-02, 3.08717E-03, 4.16948E-03, 1.62509E-01, 2.87294E-04, 1.99307E-04, 1.22400E-04, 3.83618E-02
3, 1.18132E-02, 2.89596E-03, 4.67845E-03, 5.27470E-02, 2.56131E-04, 1.78571E-04, 1.10259E-04, 1.25842E-02
4, 1.04691E-02, 2.18438E-03, 2.97201E-03, 3.00006E-02, 2.09526E-04, 1.50092E-04, 9.22032E-05, 7.24207E-03
5, 8.63460E-03, 1.93743E-03, 3.66808E-03, 1.69858E-02, 2.07746E-04, 1.58691E-04, 9.59027E-05, 4.15362E-03
6, 9.46996E-03, 1.88848E-03, 3.43454E-03, 2.41652E-02, 2.13241E-04, 1.62407E-04, 1.00300E-04, 5.99261E-03
7, 8.44109E-03, 1.82165E-03, 3.71863E-03, 1.54907E-02, 2.12458E-04, 1.66780E-04, 1.03269E-04, 3.89966E-03
8, 8.45579E-03, 1.85891E-03, 3.56263E-03, 2.06285E-02, 2.16910E-04, 1.70088E-04, 1.07270E-04, 5.27663E-03
9, 7.66223E-03, 1.73321E-03, 3.85711E-03, 1.27966E-02, 2.17586E-04, 1.72862E-04, 1.10576E-04, 3.32866E-03
10, 7.28251E-03, 2.04259E-03, 4.01406E-03, 1.85463E-02, 2.20834E-04, 1.75067E-04, 1.14468E-04, 4.90923E-03
11, 6.55574E-03, 1.96997E-03, 4.13192E-03, 1.06929E-02, 2.21813E-04, 1.76513E-04, 1.17837E-04, 2.88188E-03
12, 6.32787E-03, 2.15361E-03, 4.11412E-03, 1.61783E-02, 2.23807E-04, 1.77411E-04, 1.21661E-04, 4.44135E-03
13, 6.39028E-03, 2.11756E-03, 3.99332E-03, 9.17297E-03, 2.24694E-04, 1.77618E-04, 1.25293E-04, 2.56575E-03
14, 6.37829E-03, 2.13303E-03, 4.17688E-03, 1.39270E-02, 2.25870E-04, 1.77384E-04, 1.29090E-04, 3.96964E-03
15, 7.10103E-03, 2.20800E-03, 4.35298E-03, 9.68690E-03, 2.26811E-04, 1.76596E-04, 1.32677E-04, 2.81369E-03
16, 6.16401E-03, 2.35217E-03, 4.42575E-03, 1.18864E-02, 2.27607E-04, 1.75576E-04, 1.36526E-04, 3.51807E-03
17, 8.45420E-03, 2.51842E-03, 4.37832E-03, 1.01960E-02, 2.28778E-04, 1.74198E-04, 1.40366E-04, 3.07442E-03
18, 5.72060E-03, 2.55351E-03, 4.18826E-03, 1.02580E-02, 2.29743E-04, 1.72797E-04, 1.44264E-04, 3.15035E-03
19, 9.75356E-03, 2.60325E-03, 4.37073E-03, 9.51879E-03, 2.31153E-04, 1.71246E-04, 1.48109E-04, 2.97641E-03
20, 5.92013E-03, 2.53163E-03, 4.54059E-03, 9.05892E-03, 2.32444E-04, 1.69860E-04, 1.52025E-04, 2.88289E-03
21, 1.10178E-02, 2.47128E-03, 4.59463E-03, 1.09752E-02, 2.34255E-04, 1.68495E-04, 1.55985E-04, 3.55313E-03
22, 6.85726E-03, 2.47100E-03, 4.50613E-03, 1.09255E-02, 2.35825E-04, 1.67443E-04, 1.59990E-04, 3.59644E-03
23, 1.22784E-02, 2.49481E-03, 4.26198E-03, 1.27575E-02, 2.37797E-04, 1.66515E-04, 1.63885E-04, 4.26792E-03
24, 8.51994E-03, 2.58831E-03, 4.49935E-03, 1.33389E-02, 2.39477E-04, 1.65945E-04, 1.67861E-04, 4.53277E-03
25, 1.35641E-02, 2.66325E-03, 4.65354E-03, 1.42893E-02, 2.41370E-04, 1.65420E-04, 1.71783E-04, 4.92975E-03
26, 1.03092E-02, 2.68601E-03, 4.67204E-03, 1.56004E-02, 2.43027E-04, 1.65222E-04, 1.75758E-04, 5.46121E-03
27, 1.48872E-02, 2.74721E-03, 4.52829E-03, 1.55906E-02, 2.44798E-04, 1.65019E-04, 1.79573E-04, 5.53524E-03
28, 1.21606E-02, 2.75498E-03, 4.47821E-03, 1.76929E-02, 2.46368E-04, 1.65083E-04, 1.83421E-04, 6.36763E-03
29, 1.62366E-02, 2.80117E-03, 4.72160E-03, 1.66374E-02, 2.48018E-04, 1.65025E-04, 1.87225E-04, 6.06678E-03
30, 1.40151E-02, 2.79674E-03, 4.84981E-03, 1.95409E-02, 2.49342E-04, 1.65170E-04, 1.91158E-04, 7.21622E-03
31, 1.75762E-02, 3.18364E-03, 4.83368E-03, 1.73925E-02, 2.50737E-04, 1.65166E-04, 1.94987E-04, 6.50170E-03
32, 1.58099E-02, 3.08096E-03, 4.77372E-03, 2.10591E-02, 2.51851E-04, 1.65287E-04, 1.98910E-04, 7.96565E-03
33, 1.88489E-02, 3.58109E-03, 4.68477E-03, 1.78346E-02, 2.53121E-04, 1.65139E-04, 2.02773E-04, 6.82320E-03
34, 1.74717E-02, 3.53795E-03, 5.37412E-03, 2.21852E-02, 2.54108E-04, 1.65054E-04, 2.06711E-04, 8.58147E-03
35, 1.99819E-02, 3.95567E-03, 4.99514E-03, 1.79673E-02, 2.55199E-04, 1.64763E-04, 2.10579E-04, 7.02424E-03
36, 1.89154E-02, 3.96085E-03, 5.89692E-03, 2.28857E-02, 2.56117E-04, 1.64526E-04, 2.14404E-04, 9.03953E-03
37, 2.08938E-02, 4.27412E-03, 5.30116E-03, 1.78071E-02, 2.57524E-04, 1.64112E-04, 2.18084E-04, 7.10385E-03
38, 2.00503E-02, 4.33256E-03, 6.31117E-03, 2.31453E-02, 2.58567E-04, 1.63751E-04, 2.21804E-04, 9.32272E-03
39, 2.15029E-02, 4.51051E-03, 5.68450E-03, 1.73660E-02, 2.59819E-04, 1.63213E-04, 2.25359E-04, 7.06032E-03
40, 2.07957E-02, 4.63110E-03, 6.58881E-03, 2.29551E-02, 2.60590E-04, 1.62711E-04, 2.28864E-04, 9.41702E-03
41, 2.17604E-02, 4.64699E-03, 5.95667E-03, 1.66449E-02, 2.61525E-04, 1.62075E-04, 2.32201E-04, 6.88803E-03
42, 2.11086E-02, 4.83537E-03, 6.70990E-03, 2.23136E-02, 2.62130E-04, 1.61575E-04, 2.35456E-04, 9.31179E-03
43, 2.16033E-02, 4.67378E-03, 6.09757E-03, 1.65089E-02, 2.62932E-04, 1.61013E-04, 2.38423E-04, 6.94541E-03
44, 2.09193E-02, 4.93040E-03, 6.66634E-03, 2.12378E-02, 2.63475E-04, 1.60536E-04, 2.41258E-04, 9.00485E-03
45, 2.09995E-02, 4.58916E-03, 6.09628E-03, 1.65854E-02, 2.64224E-04, 1.60039E-04, 2.43944E-04, 7.08504E-03
46, 2.02322E-02, 4.91068E-03, 6.46367E-03, 1.97767E-02, 2.64759E-04, 1.59680E-04, 2.46525E-04, 8.50903E-03
47, 1.99689E-02, 4.39928E-03, 5.95266E-03, 1.62555E-02, 2.65598E-04, 1.59359E-04, 2.48908E-04, 7.04203E-03
48, 1.90941E-02, 4.78107E-03, 6.12038E-03, 1.80161E-02, 2.66390E-04, 1.59119E-04, 2.51111E-04, 7.85563E-03
49, 1.85687E-02, 4.42273E-03, 5.67738E-03, 1.55622E-02, 2.67373E-04, 1.58970E-04, 2.53240E-04, 6.82756E-03
50, 1.75888E-02, 4.55551E-03, 5.66527E-03, 1.60718E-02, 2.68230E-04, 1.58860E-04, 2.55244E-04, 7.09221E-03
51, 1.68866E-02, 4.51391E-03, 5.64153E-03, 1.45576E-02, 2.69131E-04, 1.58851E-04, 2.57170E-04, 6.45906E-03
52, 1.58247E-02, 4.65997E-03, 5.67992E-03, 1.40723E-02, 2.69905E-04, 1.58763E-04, 2.59047E-04, 6.27549E-03
53, 1.50283E-02, 4.78775E-03, 5.69325E-03, 1.33005E-02, 2.70800E-04, 1.58774E-04, 2.60925E-04, 5.95922E-03
54, 1.39202E-02, 4.89593E-03, 5.72014E-03, 1.21382E-02, 2.71667E-04, 1.58725E-04, 2.62868E-04, 5.46197E-03
55, 1.31031E-02, 4.98341E-03, 5.75211E-03, 1.18552E-02, 2.72502E-04, 1.58839E-04, 2.64839E-04, 5.35567E-03
56, 1.19879E-02, 5.04930E-03, 5.79427E-03, 1.03654E-02, 2.73324E-04, 1.58892E-04, 2.66703E-04, 4.69933E-03
57, 1.12100E-02, 5.09293E-03, 5.84030E-03, 1.02903E-02, 2.74247E-04, 1.59036E-04, 2.68617E-04, 4.68017E-03
58, 1.01233E-02, 5.11390E-03, 5.86175E-03, 8.81518E-03, 2.75121E-04, 1.59088E-04, 2.70512E-04, 4.02058E-03
59, 9.42816E-03, 5.11203E-03, 5.85888E-03, 8.67684E-03, 2.76094E-04, 1.59348E-04, 2.72542E-04, 3.96725E-03
60, 8.51406E-03, 5.08738E-03, 5.83602E-03, 7.51156E-03, 2.77070E-04, 1.59564E-04, 2.74487E-04, 3.44176E-03
61, 7.81196E-03, 5.18088E-03, 6.04123E-03, 7.08545E-03, 2.78019E-04, 1.60005E-04, 2.76365E-04, 3.25238E-03
62, 7.23749E-03, 5.28265E-03, 6.32708E-03, 6.44460E-03, 2.78953E-04, 1.60332E-04, 2.78168E-04, 2.96266E-03
63, 6.50655E-03, 5.36213E-03, 6.59844E-03, 5.58329E-03, 2.79917E-04, 1.60861E-04, 2.79896E-04, 2.56984E-03
64, 6.70400E-03, 5.41775E-03, 6.85278E-03, 5.57813E-03, 2.80870E-04, 1.61409E-04, 2.81593E-04, 2.56996E-03
65, 6.89570E-03, 5.44809E-03, 7.08776E-03, 5.37431E-03, 2.81771E-04, 1.62188E-04, 2.83314E-04, 2.47790E-03
66, 7.07637E-03, 5.45196E-03, 7.30125E-03, 5.49398E-03, 2.82627E-04, 1.62988E-04, 2.84853E-04, 2.53446E-03
67, 7.24048E-03, 5.42841E-03, 7.49138E-03, 5.54025E-03, 2.83426E-04, 1.63968E-04, 2.86190E-04, 2.55677E-03
68, 7.56726E-03, 5.37681E-03, 7.65652E-03, 5.50829E-03, 2.84163E-04, 1.64913E-04, 2.87454E-04, 2.54264E-03
69, 7.89652E-03, 5.38449E-03, 7.79539E-03, 5.56937E-03, 2.85056E-04, 1.65976E-04, 2.88619E-04, 2.57117E-03
70, 8.21308E-03, 5.45559E-03, 7.90699E-03, 5.59192E-03, 2.86061E-04, 1.67086E-04, 2.89677E-04, 2.58170E-03
71, 8.51098E-03, 5.53588E-03, 7.99070E-03, 5.54938E-03, 2.87145E-04, 1.68294E-04, 2.90517E-04, 2.56204E-03
72, 8.78440E-03, 5.58583E-03, 8.04622E-03, 5.44392E-03, 2.88316E-04, 1.69472E-04, 2.91186E-04, 2.51325E-03
73, 9.02770E-03, 5.60264E-03, 8.07365E-03, 5.27992E-03, 2.89519E-04, 1.70761E-04, 2.91797E-04, 2.43740E-03
74, 9.23553E-03, 5.58399E-03, 8.07346E-03, 5.09871E-03, 2.90826E-04, 1.72069E-04, 2.92213E-04, 2.35364E-03
75, 9.49896E-03, 5.52811E-03, 8.04648E-03, 4.89335E-03, 2.92187E-04, 1.73521E-04, 2.92402E-04, 2.25879E-03
76, 9.90086E-03, 5.43394E-03, 7.99392E-03, 4.65052E-03, 2.93701E-04, 1.74948E-04, 2.92350E-04, 2.14671E-03
77, 1.02783E-02, 5.42895E-03, 7.91733E-03, 4.37836E-03, 2.95272E-04, 1.76394E-04, 2.92197E-04, 2.02118E-03
78, 1.06268E-02, 5.45790E-03, 7.81855E-03, 4.08527E-03, 2.96962E-04, 1.77786E-04, 2.91971E-04, 1.88606E-03
79, 1.09419E-02, 5.51944E-03, 7.70095E-03, 3.82424E-03, 2.98818E-04, 1.79239E-04, 2.91667E-04, 1.76580E-03
80, 1.12188E-02, 5.54722E-03, 7.56898E-03, 3.61007E-03, 3.00628E-04, 1.80664E-04, 2.91219E-04, 1.66723E-03
81, 1.14524E-02, 5.53221E-03, 7.67703E-03, 3.40172E-03, 3.02527E-04, 1.82109E-04, 2.90691E-04, 1.57137E-03
82, 1.16372E-02, 5.47204E-03, 7.80987E-03, 3.20348E-03, 3.04348E-04, 1.83635E-04, 2.89996E-04, 1.48019E-03
83, 1.19690E-02, 5.36531E-03, 7.85689E-03, 3.01807E-03, 3.06005E-04, 1.85069E-04, 2.89352E-04, 1.39494E-03
84, 1.24210E-02, 5.21178E-03, 7.81949E-03, 2.84660E-03, 3.07743E-04, 1.86484E-04, 2.88597E-04, 1.31610E-03
85, 1.28469E-02, 5.18797E-03, 8.19138E-03, 3.11282E-03, 3.09582E-04, 1.87790E-04, 2.87819E-04, 1.43965E-03
86, 1.32407E-02, 5.24494E-03, 8.53994E-03, 3.38468E-03, 3.11425E-04, 1.89087E-04, 2.87004E-04, 1.56587E-03
87, 1.35952E-02, 5.28434E-03, 8.80902E-03, 3.59620E-03, 3.13244E-04, 1.90398E-04, 2.86102E-04, 1.66423E-03
88, 1.39023E-02, 5.27711E-03, 8.99510E-03, 3.79039E-03, 3.15095E-04, 1.91676E-04, 2.85215E-04, 1.75456E-03
89, 1.41532E-02, 5.22057E-03, 9.09603E-03, 3.96136E-03, 3.16973E-04, 1.92932E-04, 2.84382E-04, 1.83412E-03
90, 1.43384E-02, 5.11330E-03, 9.11099E-03, 4.07771E-03, 3.18788E-04, 1.94214E-04, 2.83628E-04, 1.88832E-03
91, 1.47381E-02, 4.95527E-03, 9.04050E-03, 4.14445E-03, 3.20533E-04, 1.95436E-04, 2.82885E-04, 1.91945E-03
92, 1.52942E-02, 4.81939E-03, 9.15345E-03, 4.16746E-03, 3.22287E-04, 1.96668E-04, 2.82184E-04, 1.93018E-03
93, 1.58153E-02, 4.81269E-03, 9.51771E-03, 4.15993E-03, 3.24092E-04, 1.97952E-04, 2.81524E-04, 1.92662E-03
94, 1.62914E-02, 4.85032E-03, 9.80771E-03, 4.17310E-03, 3.25869E-04, 1.99330E-04, 2.80872E-04, 1.93247E-03
95, 1.67116E-02, 4.85491E-03, 1.00183E-02, 4.18442E-03, 3.27661E-04, 2.00752E-04, 2.80308E-04, 1.93729E-03
96, 1.70650E-02, 4.90611E-03, 1.01452E-02, 4.16233E-03, 3.29425E-04, 2.02208E-04, 2.79849E-04, 1.92645E-03
97, 1.73403E-02, 5.02085E-03, 1.01852E-02, 4.11224E-03, 3.31124E-04, 2.03774E-04, 2.79555E-04, 1.90248E-03
98, 1.75269E-02, 5.10408E-03, 1.01364E-02, 4.03954E-03, 3.32637E-04, 2.05409E-04, 2.79244E-04, 1.86788E-03
99, 1.76589E-02, 5.14739E-03, 9.99829E-03, 3.95350E-03, 3.34096E-04, 2.07192E-04, 2.79017E-04, 1.82697E-03
100, 1.83002E-02, 5.14249E-03, 1.00890E-02, 3.86161E-03, 3.35394E-04, 2.09093E-04, 2.78898E-04, 1.78323E-03
101, 1.88915E-02, 5.08207E-03, 1.04360E-02, 3.84371E-03, 3.36646E-04, 2.11034E-04, 2.78815E-04, 1.77352E-03
102, 1.94223E-02, 5.04932E-03, 1.07073E-02, 3.80637E-03, 3.37866E-04, 2.13134E-04, 2.78807E-04, 1.75469E-03
103, 1.98825E-02, 5.18115E-03, 1.08966E-02, 3.75324E-03, 3.38898E-04, 2.15304E-04, 2.78936E-04, 1.72846E-03
104, 2.02617E-02, 5.29628E-03, 1.09987E-02, 3.72598E-03, 3.39677E-04, 2.17584E-04, 2.79083E-04, 1.71404E-03
105, 2.05499E-02, 5.38632E-03, 1.10098E-02, 3.84285E-03, 3.40302E-04, 2.19918E-04, 2.79236E-04, 1.76573E-03
106, 2.07372E-02, 5.44137E-03, 1.09279E-02, 3.93245E-03, 3.40757E-04, 2.22375E-04, 2.79481E-04, 1.80465E-03
107, 2.08143E-02, 5.45101E-03, 1.07525E-02, 3.99300E-03, 3.41127E-04, 2.24883E-04, 2.79742E-04, 1.83003E-03
108, 2.13547E-02, 5.40552E-03, 1.05870E-02, 4.07165E-03, 3.41387E-04, 2.27378E-04, 2.79981E-04, 1.86351E-03
109, 2.19800E-02, 5.30626E-03, 1.09862E-02, 4.15757E-03, 3.41513E-04, 2.29875E-04, 2.80348E-04, 1.90012E-03
110, 2.25379E-02, 5.50349E-03, 1.12979E-02, 4.24312E-03, 3.41371E-04, 2.32438E-04, 2.80824E-04, 1.93636E-03
111, 2.30190E-02, 5.67104E-03, 1.15148E-02, 4.29639E-03, 3.41143E-04, 2.35058E-04, 2.81370E-04, 1.95771E-03
112, 2.34139E-02, 5.79592E-03, 1.16307E-02, 4.34674E-03, 3.40729E-04, 2.37675E-04, 2.81979E-04, 1.97760E-03
113, 2.37131E-02, 5.86536E-03, 1.16419E-02, 4.35673E-03, 3.40205E-04, 2.40312E-04, 2.82493E-04, 1.97906E-03
114, 2.39073E-02, 5.86802E-03, 1.15465E-02, 4.36278E-03, 3.39583E-04, 2.42845E-04, 2.82948E-04, 1.97869E-03
115, 2.39875E-02, 5.79499E-03, 1.13445E-02, 4.40965E-03, 3.38886E-04, 2.45352E-04, 2.83486E-04, 1.99680E-03
116, 2.39452E-02, 5.64074E-03, 1.10383E-02, 4.43920E-03, 3.38134E-04, 2.47839E-04, 2.83982E-04, 2.00702E-03
117, 2.37729E-02, 5.68223E-03, 1.09779E-02, 4.43442E-03, 3.37273E-04, 2.50337E-04, 2.84423E-04, 2.00173E-03
118, 2.43024E-02, 5.87381E-03, 1.13411E-02, 4.39603E-03, 3.36376E-04, 2.52730E-04, 2.84981E-04, 1.98134E-03
119, 2.47982E-02, 6.03128E-03, 1.16204E-02, 4.32526E-03, 3.35578E-04, 2.55066E-04, 2.85534E-04, 1.94648E-03
120, 2.52055E-02, 6.14056E-03, 1.18102E-02, 4.34824E-03, 3.34790E-04, 2.57215E-04, 2.85947E-04, 1.95390E-03
121, 2.55154E-02, 6.18830E-03, 1.19064E-02, 4.45332E-03, 3.34064E-04, 2.59230E-04, 2.86191E-04, 1.99820E-03
122, 2.57191E-02, 6.16306E-03, 1.19065E-02, 4.52426E-03, 3.33426E-04, 2.61082E-04, 2.86349E-04, 2.02713E-03
123, 2.58085E-02, 6.05650E-03, 1.18095E-02, 4.55982E-03, 3.32926E-04, 2.62850E-04, 2.86449E-04, 2.04021E-03
124, 2.57764E-02, 5.86408E-03, 1.16164E-02, 4.55943E-03, 3.32525E-04, 2.64551E-04, 2.86435E-04, 2.03727E-03
125, 2.56163E-02, 5.92545E-03, 1.13295E-02, 4.52312E-03, 3.32255E-04, 2.66075E-04, 2.86306E-04, 2.01838E-03
126, 2.53231E-02, 6.13231E-03, 1.12480E-02, 4.45154E-03, 3.32152E-04, 2.67407E-04, 2.86065E-04, 1.98388E-03
127, 2.56944E-02, 6.27690E-03, 1.12430E-02, 4.46103E-03, 3.32075E-04, 2.68527E-04, 2.85694E-04, 1.98562E-03
128, 2.60561E-02, 6.34652E-03, 1.11968E-02, 4.64540E-03, 3.32027E-04, 2.69526E-04, 2.85294E-04, 2.06514E-03
129, 2.63207E-02, 6.33144E-03, 1.13954E-02, 4.80850E-03, 3.32078E-04, 2.70375E-04, 2.84800E-04, 2.13508E-03
130, 2.64811E-02, 6.30393E-03, 1.15148E-02, 4.94639E-03, 3.32240E-04, 2.71145E-04, 2.84192E-04, 2.19370E-03
131, 2.65307E-02, 6.20832E-03, 1.15528E-02, 5.05537E-03, 3.32639E-04, 2.71838E-04, 2.83286E-04, 2.23941E-03
132, 2.64644E-02, 6.02738E-03, 1.15524E-02, 5.13218E-03, 3.33083E-04, 2.72362E-04, 2.82325E-04, 2.27079E-03
133, 2.62775E-02, 6.00126E-03, 1.16472E-02, 5.17412E-03, 3.33541E-04, 2.72658E-04, 2.81208E-04, 2.28669E-03
134, 2.59673E-02, 6.22451E-03, 1.16908E-02, 5.17921E-03, 3.33976E-04, 2.72762E-04, 2.80050E-04, 2.28627E-03
135, 2.55319E-02, 6.38840E-03, 1.16821E-02, 5.19019E-03, 3.34412E-04, 2.72808E-04, 2.78844E-04, 2.28841E-03
136, 2.49714E-02, 6.47974E-03, 1.16209E-02, 5.39991E-03, 3.34932E-04, 2.72872E-04, 2.77560E-04, 2.37802E-03
137, 2.51527E-02, 6.48826E-03, 1.15078E-02, 5.58531E-03, 3.35410E-04, 2.72752E-04, 2.76257E-04, 2.45665E-03
138, 2.52536E-02, 6.40733E-03, 1.13441E-02, 5.74302E-03, 3.36019E-04, 2.72523E-04, 2.74897E-04, 2.52283E-03
139, 2.52505E-02, 6.23676E-03, 1.11318E-02, 5.87010E-03, 3.36730E-04, 2.72119E-04, 2.73522E-04, 2.57530E-03
140, 2.51400E-02, 6.12184E-03, 1.11177E-02, 5.96415E-03, 3.37272E-04, 2.71597E-04, 2.72096E-04, 2.61303E-03
141, 2.49194E-02, 5.92626E-03, 1.12010E-02, 6.02349E-03, 3.37756E-04, 2.71007E-04, 2.70709E-04, 2.63533E-03
142, 2.45877E-02, 5.95001E-03, 1.12274E-02, 6.04726E-03, 3.38099E-04, 2.70458E-04, 2.69374E-04, 2.64186E-03
143, 2.41448E-02, 6.14679E-03, 1.11962E-02, 6.03551E-03, 3.38351E-04, 2.69804E-04, 2.68203E-04, 2.63270E-03
144, 2.35925E-02, 6.27654E-03, 1.11074E-02, 6.08998E-03, 3.38343E-04, 2.69073E-04, 2.67152E-04, 2.65222E-03
145, 2.29693E-02, 6.32767E-03, 1.09625E-02, 6.31395E-03, 3.38295E-04, 2.68327E-04, 2.66102E-04, 2.74517E-03
146, 2.29736E-02, 6.29199E-03, 1.07634E-02, 6.51443E-03, 3.38225E-04, 2.67578E-04, 2.65076E-04, 2.82738E-03
147, 2.28814E-02, 6.16521E-03, 1.05129E-02, 6.68891E-03, 3.38102E-04, 2.66919E-04, 2.64314E-04, 2.89780E-03
148, 2.26910E-02, 5.94712E-03, 1.02148E-02, 6.83524E-03, 3.37739E-04, 2.66360E-04, 2.63720E-04, 2.95552E-03
149, 2.24014E-02, 6.04234E-03, 9.95031E-03, 6.95164E-03, 3.37228E-04, 2.65807E-04, 2.63291E-04, 2.99983E-03
150, 2.20130E-02, 6.31611E-03, 9.92907E-03, 7.03673E-03, 3.36401E-04, 2.65405E-04, 2.62917E-04, 3.03019E-03
151, 2.15277E-02, 6.50524E-03, 9.85119E-03, 7.08946E-03, 3.35431E-04, 2.65137E-04, 2.62677E-04, 3.04622E-03
152, 2.09483E-02, 6.59895E-03, 9.71785E-03, 7.21523E-03, 3.34375E-04, 2.65078E-04, 2.62654E-04, 3.09318E-03
153, 2.02791E-02, 6.62319E-03, 9.53117E-03, 7.37684E-03, 3.33245E-04, 2.65180E-04, 2.62799E-04, 3.15493E-03
154, 1.95256E-02, 6.70051E-03, 9.29412E-03, 7.50439E-03, 3.31862E-04, 2.65383E-04, 2.63012E-04, 3.20153E-03
155, 1.92411E-02, 6.67886E-03, 9.09313E-03, 7.72339E-03, 3.30328E-04, 2.65663E-04, 2.63390E-04, 3.28647E-03
156, 1.89715E-02, 6.55333E-03, 8.90549E-03, 7.90114E-03, 3.28612E-04, 2.65985E-04, 2.63946E-04, 3.35310E-03
157, 1.86139E-02, 6.32294E-03, 8.67608E-03, 8.03145E-03, 3.26905E-04, 2.66385E-04, 2.64655E-04, 3.39894E-03
158, 1.81703E-02, 5.99045E-03, 8.40810E-03, 8.10833E-03, 3.25049E-04, 2.66767E-04, 2.65389E-04, 3.42159E-03
159, 1.76436E-02, 6.00252E-03, 8.12851E-03, 8.12614E-03, 3.23187E-04, 2.67221E-04, 2.66055E-04, 3.41889E-03
160, 1.70380E-02, 6.53047E-03, 8.20136E-03, 8.23381E-03, 3.21148E-04, 2.67596E-04, 2.66791E-04, 3.45352E-03
161, 1.63587E-02, 7.04004E-03, 8.23227E-03, 8.27347E-03, 3.19106E-04, 2.67941E-04, 2.67474E-04, 3.45911E-03
162, 1.60628E-02, 7.51725E-03, 8.22248E-03, 8.23780E-03, 3.16982E-04, 2.68223E-04, 2.68109E-04, 3.43290E-03
163, 1.58000E-02, 7.94893E-03, 8.17374E-03, 8.12228E-03, 3.14857E-04, 2.68378E-04, 2.68728E-04, 3.37331E-03
164, 1.54586E-02, 8.32308E-03, 8.08823E-03, 7.93514E-03, 3.12553E-04, 2.68415E-04, 2.69283E-04, 3.28412E-03
165, 1.50404E-02, 8.62925E-03, 7.96849E-03, 7.79110E-03, 3.10229E-04, 2.68324E-04, 2.69819E-04, 3.21297E-03
166, 1.45483E-02, 8.85879E-03, 7.81737E-03, 7.56362E-03, 3.07953E-04, 2.68165E-04, 2.70224E-04, 3.10770E-03
167, 1.39860E-02, 9.19915E-03, 7.63792E-03, 7.25452E-03, 3.05776E-04, 2.67827E-04, 2.70445E-04, 2.96946E-03
168, 1.33585E-02, 9.53295E-03, 7.43334E-03, 6.96556E-03, 3.03602E-04, 2.67244E-04, 2.70527E-04, 2.84017E-03
169, 1.26716E-02, 9.80313E-03, 7.20690E-03, 6.63230E-03, 3.01508E-04, 2.66476E-04, 2.70546E-04, 2.69359E-03
170, 1.22287E-02, 1.00020E-02, 6.96187E-03, 6.23543E-03, 2.99445E-04, 2.65457E-04, 2.70574E-04, 2.52216E-03
171, 1.19629E-02, 1.01235E-02, 6.73629E-03, 5.78518E-03, 2.97448E-04, 2.64220E-04, 2.70596E-04, 2.33036E-03
172, 1.17658E-02, 1.01637E-02, 6.72205E-03, 5.29364E-03, 2.95516E-04, 2.62760E-04, 2.70668E-04, 2.12336E-03
173, 1.18995E-02, 1.01202E-02, 6.68319E-03, 4.77422E-03, 2.93745E-04, 2.61140E-04, 2.70729E-04, 1.90677E-03
174, 1.19443E-02, 1.00874E-02, 6.62158E-03, 4.34806E-03, 2.92100E-04, 2.59453E-04, 2.70749E-04, 1.72895E-03
175, 1.19066E-02, 1.02045E-02, 6.60253E-03, 3.93308E-03, 2.90763E-04, 2.57744E-04, 2.70730E-04, 1.55696E-03
176, 1.17935E-02, 1.02541E-02, 6.67654E-03, 4.06444E-03, 2.89537E-04, 2.56076E-04, 2.70622E-04, 1.60165E-03
177, 1.16124E-02, 1.02337E-02, 6.66362E-03, 4.27170E-03, 2.88344E-04, 2.54432E-04, 2.70510E-04, 1.67556E-03
178, 1.13707E-02, 1.01421E-02, 6.56140E-03, 4.39612E-03, 2.87106E-04, 2.53054E-04, 2.70471E-04, 1.71628E-03
179, 1.10762E-02, 9.97957E-03, 6.54467E-03, 4.44357E-03, 2.86003E-04, 2.51751E-04, 2.70445E-04, 1.72657E-03
180, 1.07364E-02, 9.74798E-03, 6.50092E-03, 4.39913E-03, 2.84908E-04, 2.50601E-04, 2.70415E-04, 1.70107E-03
181, 1.06297E-02, 9.47838E-03, 6.44678E-03, 4.26511E-03, 2.84012E-04, 2.49630E-04, 2.70365E-04, 1.64120E-03
182, 1.06347E-02, 9.17434E-03, 6.60259E-03, 4.04644E-03, 2.83078E-04, 2.48838E-04, 2.70289E-04, 1.54938E-03
183, 1.05729E-02, 9.00145E-03, 6.68352E-03, 3.75033E-03, 2.82169E-04, 2.48208E-04, 2.70201E-04, 1.42883E-03
184, 1.04500E-02, 8.83034E-03, 6.68647E-03, 3.49753E-03, 2.81198E-04, 2.47659E-04, 2.70168E-04, 1.32581E-03
185, 1.02720E-02, 8.60574E-03, 6.61021E-03, 3.43147E-03, 2.80154E-04, 2.47134E-04, 2.70093E-04, 1.29415E-03
186, 1.00449E-02, 8.36720E-03, 6.71525E-03, 3.44841E-03, 2.79032E-04, 2.46730E-04, 2.70011E-04, 1.29388E-03
187, 9.77512E-03, 8.10239E-03, 6.82287E-03, 3.45260E-03, 2.77924E-04, 2.46432E-04, 2.69888E-04, 1.28876E-03
188, 9.46872E-03, 7.79390E-03, 6.90260E-03, 3.39551E-03, 2.76719E-04, 2.46188E-04, 2.69647E-04, 1.26085E-03
189, 9.13177E-03, 7.44545E-03, 6.97721E-03, 3.28292E-03, 2.75510E-04, 2.45903E-04, 2.69335E-04, 1.21267E-03
190, 9.01738E-03, 7.06138E-03, 7.12771E-03, 3.12078E-03, 2.74313E-04, 2.45656E-04, 2.68982E-04, 1.14671E-03
191, 8.97375E-03, 7.14330E-03, 7.24880E-03, 2.98804E-03, 2.73132E-04, 2.45471E-04, 2.68616E-04, 1.09214E-03
192, 8.88327E-03, 7.32202E-03, 7.34386E-03, 2.94609E-03, 2.71945E-04, 2.45209E-04, 2.68276E-04, 1.07109E-03
193, 8.75034E-03, 7.46627E-03, 7.41618E-03, 2.87795E-03, 2.70666E-04, 2.44936E-04, 2.67915E-04, 1.04075E-03
194, 8.57947E-03, 7.57568E-03, 7.46863E-03, 3.10982E-03, 2.69337E-04, 2.44748E-04, 2.67498E-04, 1.11861E-03
195, 8.45702E-03, 7.65030E-03, 7.50350E-03, 3.31193E-03, 2.68069E-04, 2.44527E-04, 2.67003E-04, 1.18495E-03
196, 8.69303E-03, 7.69062E-03, 7.52235E-03, 3.47000E-03, 2.66760E-04, 2.44234E-04, 2.66422E-04, 1.23487E-03
197, 8.92221E-03, 7.69750E-03, 7.52602E-03, 3.63521E-03, 2.65428E-04, 2.43904E-04, 2.65752E-04, 1.28676E-03
198, 9.24276E-03, 7.67224E-03, 7.51467E-03, 3.81953E-03, 2.64117E-04, 2.43617E-04, 2.64952E-04, 1.34479E-03
199, 9.53465E-03, 7.61649E-03, 7.48787E-03, 3.97360E-03, 2.62780E-04, 2.43336E-04, 2.64052E-04, 1.39158E-03
200, 9.79637E-03, 7.57825E-03, 7.46786E-03, 4.15837E-03, 2.61535E-04, 2.43050E-04, 2.63080E-04, 1.44855E-03
201, 1.00267E-02, 7.57631E-03, 7.47902E-03, 4.30567E-03, 2.60390E-04, 2.42801E-04, 2.62038E-04, 1.49192E-03
202, 1.02245E-02, 7.53930E-03, 7.47072E-03, 4.41718E-03, 2.59290E-04, 2.42512E-04, 2.60917E-04, 1.52248E-03
203, 1.03892E-02, 7.46952E-03, 7.44238E-03, 4.49523E-03, 2.58228E-04, 2.42208E-04, 2.59728E-04, 1.54124E-03
204, 1.05204E-02, 7.36962E-03, 7.39327E-03, 4.54351E-03, 2.57304E-04, 2.41880E-04, 2.58451E-04, 1.54965E-03
205, 1.06178E-02, 7.24253E-03, 7.32249E-03, 4.59270E-03, 2.56498E-04, 2.41552E-04, 2.57083E-04, 1.55828E-03
206, 1.06814E-02, 7.09137E-03, 7.22907E-03, 4.61475E-03, 2.55738E-04, 2.41171E-04, 2.55634E-04, 1.55767E-03
207, 1.07117E-02, 6.91940E-03, 7.11202E-03, 4.61187E-03, 2.54996E-04, 2.40798E-04, 2.54095E-04, 1.54871E-03
208, 1.07091E-02, 6.72990E-03, 6.97039E-03, 4.58603E-03, 2.54295E-04, 2.40471E-04, 2.52423E-04, 1.53218E-03
209, 1.06744E-02, 6.52612E-03, 6.80326E-03, 4.53890E-03, 2.53755E-04, 2.40144E-04, 2.50717E-04, 1.50876E-03
210, 1.06084E-02, 6.31124E-03, 6.60990E-03, 4.47171E-03, 2.53337E-04, 2.39803E-04, 2.48985E-04, 1.47896E-03
211, 1.05122E-02, 6.09518E-03, 6.41679E-03, 4.38527E-03, 2.53064E-04, 2.39505E-04, 2.47193E-04, 1.44315E-03
212, 1.03870E-02, 5.91268E-03, 6.26623E-03, 4.27999E-03, 2.52966E-04, 2.39226E-04, 2.45347E-04, 1.40155E-03
213, 1.02343E-02, 5.71926E-03, 6.09008E-03, 4.16677E-03, 2.52923E-04, 2.38935E-04, 2.43482E-04, 1.35778E-03
214, 1.00553E-02, 5.51796E-03, 5.88791E-03, 4.05017E-03, 2.52976E-04, 2.38610E-04, 2.41617E-04, 1.31338E-03
215, 9.85165E-03, 5.31159E-03, 5.65953E-03, 3.91931E-03, 2.53099E-04, 2.38300E-04, 2.39758E-04, 1.26481E-03
216, 9.62486E-03, 5.10267E-03, 5.40499E-03, 3.77376E-03, 2.53315E-04, 2.38038E-04, 2.37923E-04, 1.21202E-03
217, 9.37652E-03, 4.89340E-03, 5.35732E-03, 3.61318E-03, 2.53483E-04, 2.37713E-04, 2.36039E-04, 1.15494E-03
218, 9.10826E-03, 4.68564E-03, 5.32770E-03, 3.43865E-03, 2.53693E-04, 2.37400E-04, 2.34194E-04, 1.09397E-03
219, 8.82171E-03, 4.48089E-03, 5.31613E-03, 3.27109E-03, 2.53918E-04, 2.37118E-04, 2.32409E-04, 1.03580E-03
220, 8.55781E-03, 4.32786E-03, 5.28803E-03, 3.08972E-03, 2.54154E-04, 2.36891E-04, 2.30729E-04, 9.73822E-04
221, 8.35810E-03, 4.18755E-03, 5.24409E-03, 2.89441E-03, 2.54327E-04, 2.36690E-04, 2.29098E-04, 9.08053E-04
222, 8.14040E-03, 4.05074E-03, 5.18500E-03, 2.87239E-03, 2.54457E-04, 2.36444E-04, 2.27477E-04, 8.97006E-04
223, 7.90636E-03, 4.07287E-03, 5.11151E-03, 2.97243E-03, 2.54470E-04, 2.36260E-04, 2.25886E-04, 9.24005E-04
224, 7.65760E-03, 4.09066E-03, 5.06351E-03, 3.07904E-03, 2.54382E-04, 2.36099E-04, 2.24328E-04, 9.52794E-04
225, 7.39571E-03, 4.11494E-03, 5.06083E-03, 3.19125E-03, 2.54270E-04, 2.35931E-04, 2.22784E-04, 9.83044E-04
226, 7.12224E-03, 4.12381E-03, 5.04396E-03, 3.30763E-03, 2.54044E-04, 2.35793E-04, 2.21273E-04, 1.01429E-03
227, 6.83869E-03, 4.11611E-03, 5.01322E-03, 3.42623E-03, 2.53691E-04, 2.35611E-04, 2.19799E-04, 1.04593E-03
228, 6.54649E-03, 4.09099E-03, 5.01750E-03, 3.54457E-03, 2.53262E-04, 2.35398E-04, 2.18355E-04, 1.07720E-03
229, 6.25891E-03, 4.04791E-03, 5.00796E-03, 3.65967E-03, 2.52796E-04, 2.35138E-04, 2.16938E-04, 1.10720E-03
230, 5.96630E-03, 3.99891E-03, 4.98374E-03, 3.76819E-03, 2.52240E-04, 2.34875E-04, 2.15552E-04, 1.13492E-03
231, 5.66885E-03, 4.05461E-03, 4.94542E-03, 3.86655E-03, 2.51554E-04, 2.34584E-04, 2.14280E-04, 1.15935E-03
232, 5.36779E-03, 4.13997E-03, 4.89362E-03, 3.95120E-03, 2.50810E-04, 2.34380E-04, 2.13026E-04, 1.17944E-03
233, 5.06430E-03, 4.22265E-03, 4.82900E-03, 4.01882E-03, 2.49997E-04, 2.34235E-04, 2.11878E-04, 1.19428E-03
234, 5.02407E-03, 4.27143E-03, 4.75222E-03, 4.06661E-03, 2.49080E-04, 2.34080E-04, 2.10793E-04, 1.20309E-03
235, 5.24937E-03, 4.28588E-03, 4.81163E-03, 4.09249E-03, 2.48028E-04, 2.33971E-04, 2.09800E-04, 1.20536E-03
236, 5.46859E-03, 4.30814E-03, 4.92025E-03, 4.09529E-03, 2.46956E-04, 2.33885E-04, 2.08856E-04, 1.20083E-03
237, 5.68061E-03, 4.40674E-03, 4.96976E-03, 4.07488E-03, 2.45890E-04, 2.33803E-04, 2.08022E-04, 1.18955E-03
238, 5.88715E-03, 4.47071E-03, 4.99972E-03, 4.03222E-03, 2.44860E-04, 2.33760E-04, 2.07258E-04, 1.17188E-03
239, 6.08594E-03, 4.49927E-03, 5.06075E-03, 3.96927E-03, 2.43827E-04, 2.33754E-04, 2.06551E-04, 1.14850E-03
240, 6.32269E-03, 4.49215E-03, 5.06131E-03, 3.88897E-03, 2.42805E-04, 2.33730E-04, 2.05911E-04, 1.12031E-03
241, 6.58184E-03, 4.44963E-03, 5.02631E-03, 3.99793E-03, 2.41801E-04, 2.33747E-04, 2.05288E-04, 1.14665E-03
242, 6.83050E-03, 4.47165E-03, 5.16674E-03, 4.22147E-03, 2.40840E-04, 2.33803E-04, 2.04695E-04, 1.20549E-03
243, 7.06685E-03, 4.47554E-03, 5.24706E-03, 4.44511E-03, 2.39950E-04, 2.33933E-04, 2.04180E-04, 1.26384E-03
244, 7.28915E-03, 4.44273E-03, 5.26816E-03, 4.66297E-03, 2.39139E-04, 2.34110E-04, 2.03662E-04, 1.32007E-03
245, 7.49577E-03, 4.50176E-03, 5.23351E-03, 4.86914E-03, 2.38390E-04, 2.34303E-04, 2.03192E-04, 1.37254E-03
246, 7.68524E-03, 4.56525E-03, 5.14874E-03, 5.05781E-03, 2.37712E-04, 2.34506E-04, 2.02748E-04, 1.41967E-03
247, 7.85625E-03, 4.59268E-03, 5.21057E-03, 5.22345E-03, 2.37177E-04, 2.34748E-04, 2.02339E-04, 1.46000E-03
248, 8.00771E-03, 4.58355E-03, 5.25930E-03, 5.36086E-03, 2.36734E-04, 2.35073E-04, 2.01954E-04, 1.49216E-03
249, 8.19334E-03, 4.53793E-03, 5.25487E-03, 5.46523E-03, 2.36307E-04, 2.35382E-04, 2.01571E-04, 1.51495E-03
250, 8.38935E-03, 4.45653E-03, 5.20084E-03, 5.53215E-03, 2.35882E-04, 2.35732E-04, 2.01172E-04, 1.52727E-03
251, 8.56221E-03, 4.34073E-03, 5.10243E-03, 5.55763E-03, 2.35542E-04, 2.36099E-04, 2.00761E-04, 1.52815E-03
252, 8.71099E-03, 4.20716E-03, 5.21701E-03, 5.53804E-03, 2.35275E-04, 2.36445E-04, 2.00313E-04, 1.51673E-03
253, 8.83508E-03, 4.29843E-03, 5.45890E-03, 5.47015E-03, 2.35111E-04, 2.36798E-04, 1.99836E-04, 1.49230E-03
254, 8.93420E-03, 4.36108E-03, 5.68987E-03, 5.35111E-03, 2.34943E-04, 2.37130E-04, 1.99308E-04, 1.45422E-03
255, 9.00834E-03, 4.39069E-03, 5.90896E-03, 5.17854E-03, 2.34803E-04, 2.37395E-04, 1.98754E-04, 1.40201E-03
256, 9.05778E-03, 4.38669E-03, 6.11533E-03, 4.95060E-03, 2.34653E-04, 2.37584E-04, 1.98193E-04, 1.33531E-03
257, 9.08297E-03, 4.34896E-03, 6.30825E-03, 4.66606E-03, 2.34462E-04, 2.37707E-04, 1.97609E-04, 1.25397E-03
258, 9.08458E-03, 4.27794E-03, 6.48712E-03, 4.32455E-03, 2.34296E-04, 2.37758E-04, 1.96998E-04, 1.15803E-03
259, 9.06341E-03, 4.17461E-03, 6.65144E-03, 4.30160E-03, 2.34168E-04, 2.37695E-04, 1.96390E-04, 1.14783E-03
260, 9.02033E-03, 4.04059E-03, 6.80082E-03, 4.51620E-03, 2.34001E-04, 2.37497E-04, 1.95760E-04, 1.20093E-03
261, 8.95629E-03, 3.93881E-03, 6.93496E-03, 4.73159E-03, 2.33843E-04, 2.37202E-04, 1.95087E-04, 1.25393E-03
262, 8.87230E-03, 4.14784E-03, 7.05364E-03, 4.93327E-03, 2.33650E-04, 2.36786E-04, 1.94388E-04, 1.30303E-03
263, 8.78344E-03, 4.33640E-03, 7.15671E-03, 5.11490E-03, 2.33378E-04, 2.36264E-04, 1.93643E-04, 1.34658E-03
264, 8.68294E-03, 4.50310E-03, 7.24410E-03, 5.26995E-03, 2.33058E-04, 2.35632E-04, 1.92853E-04, 1.38295E-03
265, 8.56340E-03, 4.65934E-03, 7.31577E-03, 5.39202E-03, 2.32703E-04, 2.34910E-04, 1.92037E-04, 1.41051E-03
266, 8.42515E-03, 4.81243E-03, 7.37176E-03, 5.47503E-03, 2.32256E-04, 2.34094E-04, 1.91212E-04, 1.42779E-03
267, 8.26870E-03, 4.94296E-03, 7.41212E-03, 5.53578E-03, 2.31766E-04, 2.33177E-04, 1.90354E-04, 1.43923E-03
268, 8.09478E-03, 5.05024E-03, 7.43694E-03, 5.63426E-03, 2.31274E-04, 2.32187E-04, 1.89477E-04, 1.46043E-03
269, 7.90436E-03, 5.13393E-03, 7.44634E-03, 5.89102E-03, 2.30736E-04, 2.31129E-04, 1.88574E-04, 1.52248E-03
270, 7.71219E-03, 5.19396E-03, 7.44045E-03, 6.14100E-03, 2.30173E-04, 2.30026E-04, 1.87636E-04, 1.58246E-03
271, 7.57677E-03, 5.23055E-03, 7.41944E-03, 6.28887E-03, 2.29584E-04, 2.28893E-04, 1.86684E-04, 1.61591E-03
272, 7.42896E-03, 5.24422E-03, 7.38347E-03, 6.43864E-03, 2.29023E-04, 2.27793E-04, 1.85723E-04, 1.64971E-03
273, 7.26933E-03, 5.23570E-03, 7.33274E-03, 6.47213E-03, 2.28475E-04, 2.26708E-04, 1.84748E-04, 1.65365E-03
274, 7.09868E-03, 5.22495E-03, 7.26743E-03, 6.47818E-03, 2.27921E-04, 2.25685E-04, 1.83772E-04, 1.65062E-03
275, 6.93830E-03, 5.20050E-03, 7.18777E-03, 6.37735E-03, 2.27370E-04, 2.24760E-04, 1.82816E-04, 1.62047E-03
276, 6.86387E-03, 5.15452E-03, 7.12417E-03, 6.21752E-03, 2.26797E-04, 2.23969E-04, 1.81874E-04, 1.57558E-03
277, 6.79634E-03, 5.08823E-03, 7.04977E-03, 5.99980E-03, 2.26230E-04, 2.23307E-04, 1.80937E-04, 1.51632E-03
278, 6.71672E-03, 5.00297E-03, 6.96453E-03, 5.71936E-03, 2.25671E-04, 2.22854E-04, 1.79996E-04, 1.44159E-03
279, 6.88299E-03, 4.90024E-03, 6.86867E-03, 5.35657E-03, 2.25144E-04, 2.22585E-04, 1.79062E-04, 1.34657E-03
280, 7.13572E-03, 5.04446E-03, 6.76236E-03, 4.90508E-03, 2.24635E-04, 2.22444E-04, 1.78155E-04, 1.22983E-03
281, 7.31312E-03, 5.25281E-03, 6.64582E-03, 4.34922E-03, 2.24157E-04, 2.22414E-04, 1.77244E-04, 1.08761E-03
282, 7.66800E-03, 5.43998E-03, 6.51928E-03, 3.65598E-03, 2.23762E-04, 2.22459E-04, 1.76329E-04, 9.11874E-04
283, 7.97088E-03, 5.60121E-03, 6.38297E-03, 4.07346E-03, 2.23429E-04, 2.22468E-04, 1.75431E-04, 1.01337E-03
284, 8.23458E-03, 5.73308E-03, 6.26444E-03, 4.48928E-03, 2.23118E-04, 2.22413E-04, 1.74536E-04, 1.11394E-03
285, 8.44968E-03, 5.83262E-03, 6.15091E-03, 4.85573E-03, 2.22800E-04, 2.22323E-04, 1.73640E-04, 1.20177E-03
286, 8.59353E-03, 5.89746E-03, 6.03049E-03, 5.22372E-03, 2.22484E-04, 2.22150E-04, 1.72763E-04, 1.28953E-03
287, 8.66098E-03, 5.92595E-03, 5.90331E-03, 5.55820E-03, 2.22179E-04, 2.21879E-04, 1.71883E-04, 1.36860E-03
288, 8.64902E-03, 5.91720E-03, 5.76954E-03, 5.84897E-03, 2.21912E-04, 2.21525E-04, 1.71006E-04, 1.43652E-03
289, 8.55690E-03, 5.87119E-03, 5.62935E-03, 6.12590E-03, 2.21711E-04, 2.21079E-04, 1.70130E-04, 1.50071E-03
290, 8.38608E-03, 5.78874E-03, 5.48294E-03, 6.39810E-03, 2.21588E-04, 2.20520E-04, 1.69252E-04, 1.56342E-03
291, 8.14004E-03, 5.67149E-03, 5.34816E-03, 6.65721E-03, 2.21524E-04, 2.19960E-04, 1.68389E-04, 1.62261E-03
292, 7.82399E-03, 5.52185E-03, 5.23137E-03, 6.90513E-03, 2.21533E-04, 2.19360E-04, 1.67567E-04, 1.67878E-03
293, 7.44454E-03, 5.34290E-03, 5.11052E-03, 7.13292E-03, 2.21606E-04, 2.18778E-04, 1.66748E-04, 1.72978E-03
294, 7.00941E-03, 5.13825E-03, 4.98568E-03, 7.31825E-03, 2.21756E-04, 2.18243E-04, 1.65939E-04, 1.77025E-03
295, 6.77517E-03, 4.91192E-03, 4.85693E-03, 7.42760E-03, 2.22003E-04, 2.17739E-04, 1.65152E-04, 1.79217E-03
296, 6.83871E-03, 4.66816E-03, 4.72435E-03, 7.44430E-03, 2.22368E-04, 2.17329E-04, 1.64381E-04, 1.79167E-03
297, 6.83350E-03, 4.41135E-03, 4.58806E-03, 7.35969E-03, 2.22837E-04, 2.16996E-04, 1.63608E-04, 1.76685E-03
298, 6.76153E-03, 4.14582E-03, 4.44926E-03, 7.11860E-03, 2.23330E-04, 2.16724E-04, 1.62856E-04, 1.70467E-03
299, 6.62603E-03, 3.87575E-03, 4.34214E-03, 6.73788E-03, 2.23822E-04, 2.16597E-04, 1.62124E-04, 1.60944E-03
300, 6.43131E-03, 3.60511E-03, 4.23364E-03, 6.20187E-03, 2.24295E-04, 2.16637E-04, 1.61407E-04, 1.47768E-03
301, 6.18262E-03, 3.33989E-03, 4.12303E-03, 5.52824E-03, 2.24744E-04, 2.16731E-04, 1.60687E-04, 1.31387E-03
302, 5.88597E-03, 3.33554E-03, 4.01085E-03, 4.73832E-03, 2.25092E-04, 2.16759E-04, 1.59930E-04, 1.12330E-03
303, 5.54798E-03, 3.35601E-03, 3.89695E-03, 3.85608E-03, 2.25311E-04, 2.16726E-04, 1.59173E-04, 9.11843E-04
304, 5.17569E-03, 3.37643E-03, 3.78112E-03, 3.51299E-03, 2.25365E-04, 2.16614E-04, 1.58403E-04, 8.28617E-04
305, 4.77642E-03, 3.39186E-03, 3.66339E-03, 3.78223E-03, 2.25274E-04, 2.16411E-04, 1.57629E-04, 8.89869E-04
306, 4.35759E-03, 3.40232E-03, 3.54386E-03, 4.00435E-03, 2.25003E-04, 2.16125E-04, 1.56862E-04, 9.39743E-04
307, 3.92657E-03, 3.40788E-03, 3.43059E-03, 4.17423E-03, 2.24595E-04, 2.15765E-04, 1.56096E-04, 9.77124E-04
308, 3.69820E-03, 3.40860E-03, 3.33960E-03, 4.36699E-03, 2.24151E-04, 2.15332E-04, 1.55333E-04, 1.01964E-03
309, 3.61566E-03, 3.40459E-03, 3.24795E-03, 4.61639E-03, 2.23657E-04, 2.14856E-04, 1.54572E-04, 1.07512E-03
310, 3.52974E-03, 3.39595E-03, 3.15558E-03, 4.79676E-03, 2.23101E-04, 2.14355E-04, 1.53831E-04, 1.11427E-03
311, 3.53209E-03, 3.38285E-03, 3.06242E-03, 4.95416E-03, 2.22519E-04, 2.13869E-04, 1.53097E-04, 1.14787E-03
312, 3.55713E-03, 3.37627E-03, 2.96847E-03, 5.15814E-03, 2.21905E-04, 2.13411E-04, 1.52406E-04, 1.19205E-03
313, 3.61470E-03, 3.36627E-03, 2.87373E-03, 5.35055E-03, 2.21294E-04, 2.12959E-04, 1.51745E-04, 1.23331E-03
314, 3.66809E-03, 3.35208E-03, 2.77823E-03, 5.50243E-03, 2.20741E-04, 2.12537E-04, 1.51129E-04, 1.26502E-03
315, 3.71722E-03, 3.33384E-03, 2.68203E-03, 5.85831E-03, 2.20256E-04, 2.12212E-04, 1.50547E-04, 1.34331E-03
316, 3.76204E-03, 3.31581E-03, 2.61207E-03, 6.11807E-03, 2.19876E-04, 2.11967E-04, 1.50004E-04, 1.39919E-03
317, 3.80252E-03, 3.31060E-03, 2.56570E-03, 6.27240E-03, 2.19576E-04, 2.11827E-04, 1.49497E-04, 1.43070E-03
318, 3.83863E-03, 3.30165E-03, 2.52632E-03, 6.32444E-03, 2.19352E-04, 2.11738E-04, 1.49013E-04, 1.43875E-03
319, 3.87034E-03, 3.28906E-03, 2.51618E-03, 6.27911E-03, 2.19216E-04, 2.11661E-04, 1.48595E-04, 1.42463E-03
320, 3.89765E-03, 3.27296E-03, 2.48898E-03, 6.14291E-03, 2.19160E-04, 2.11605E-04, 1.48204E-04, 1.39001E-03
321, 3.92058E-03, 3.25347E-03, 2.44648E-03, 5.92376E-03, 2.19204E-04, 2.11617E-04, 1.47853E-04, 1.33683E-03
322, 3.93913E-03, 3.23073E-03, 2.47789E-03, 5.95802E-03, 2.19334E-04, 2.11644E-04, 1.47560E-04, 1.34094E-03
323, 3.95332E-03, 3.20490E-03, 2.49078E-03, 6.03104E-03, 2.19585E-04, 2.11707E-04, 1.47291E-04, 1.35372E-03
324, 3.96321E-03, 3.17613E-03, 2.48433E-03, 6.03251E-03, 2.19887E-04, 2.11777E-04, 1.47055E-04, 1.35040E-03
325, 3.96882E-03, 3.14457E-03, 2.45813E-03, 6.21241E-03, 2.20265E-04, 2.11840E-04, 1.46846E-04, 1.38692E-03
326, 4.00031E-03, 3.11040E-03, 2.41230E-03, 6.32936E-03, 2.20718E-04, 2.11811E-04, 1.46659E-04, 1.40921E-03
327, 4.03852E-03, 3.07379E-03, 2.39295E-03, 6.35801E-03, 2.21247E-04, 2.11679E-04, 1.46509E-04, 1.41178E-03
328, 4.07219E-03, 3.09689E-03, 2.42076E-03, 6.35965E-03, 2.21858E-04, 2.11465E-04, 1.46400E-04, 1.40834E-03
329, 4.10132E-03, 3.12451E-03, 2.43077E-03, 6.42180E-03, 2.22561E-04, 2.11209E-04, 1.46318E-04, 1.41830E-03
330, 4.12590E-03, 3.12897E-03, 2.42259E-03, 6.39083E-03, 2.23330E-04, 2.10870E-04, 1.46256E-04, 1.40769E-03
331, 4.14594E-03, 3.11113E-03, 2.39624E-03, 6.27605E-03, 2.24110E-04, 2.10441E-04, 1.46198E-04, 1.37874E-03
332, 4.16146E-03, 3.07243E-03, 2.36160E-03, 6.13992E-03, 2.24910E-04, 2.09949E-04, 1.46138E-04, 1.34529E-03
333, 4.17247E-03, 3.01486E-03, 2.36366E-03, 5.95812E-03, 2.25755E-04, 2.09388E-04, 1.46064E-04, 1.30205E-03
334, 4.17903E-03, 2.94092E-03, 2.36320E-03, 5.71535E-03, 2.26653E-04, 2.08757E-04, 1.45997E-04, 1.24576E-03
335, 4.18116E-03, 2.91208E-03, 2.36010E-03, 5.42316E-03, 2.27564E-04, 2.08097E-04, 1.45920E-04, 1.17906E-03
336, 4.17892E-03, 2.88775E-03, 2.35425E-03, 5.09151E-03, 2.28463E-04, 2.07372E-04, 1.45832E-04, 1.10416E-03
337, 4.17237E-03, 2.84109E-03, 2.34556E-03, 4.72840E-03, 2.29326E-04, 2.06626E-04, 1.45760E-04, 1.02287E-03
338, 4.16158E-03, 2.77464E-03, 2.34876E-03, 4.33984E-03, 2.30191E-04, 2.05879E-04, 1.45673E-04, 9.36525E-04
339, 4.14663E-03, 2.78889E-03, 2.35266E-03, 3.93007E-03, 2.31044E-04, 2.05099E-04, 1.45567E-04, 8.46063E-04
340, 4.12760E-03, 2.78234E-03, 2.35417E-03, 3.50203E-03, 2.31930E-04, 2.04301E-04, 1.45449E-04, 7.52143E-04
341, 4.10457E-03, 2.78871E-03, 2.35318E-03, 3.67305E-03, 2.32830E-04, 2.03478E-04, 1.45317E-04, 7.87062E-04
342, 4.07766E-03, 2.81327E-03, 2.34958E-03, 3.85036E-03, 2.33744E-04, 2.02643E-04, 1.45157E-04, 8.23205E-04
343, 4.04695E-03, 2.86747E-03, 2.34325E-03, 4.02148E-03, 2.34676E-04, 2.01811E-04, 1.44974E-04, 8.57908E-04
344, 4.01257E-03, 2.91088E-03, 2.33411E-03, 4.18472E-03, 2.35638E-04, 2.00989E-04, 1.44784E-04, 8.90835E-04
345, 3.97462E-03, 2.94288E-03, 2.32208E-03, 4.33848E-03, 2.36582E-04, 2.00164E-04, 1.44582E-04, 9.21662E-04
346, 3.93323E-03, 2.96293E-03, 2.30709E-03, 4.48123E-03, 2.37502E-04, 1.99351E-04, 1.44355E-04, 9.50085E-04
347, 3.88852E-03, 3.05064E-03, 2.28910E-03, 4.61264E-03, 2.38381E-04, 1.98517E-04, 1.44114E-04, 9.76059E-04
348, 3.84062E-03, 3.13663E-03, 2.26807E-03, 4.73748E-03, 2.39248E-04, 1.97664E-04, 1.43859E-04, 1.00061E-03
349, 3.81973E-03, 3.20933E-03, 2.24768E-03, 4.84839E-03, 2.40101E-04, 1.96830E-04, 1.43580E-04, 1.02221E-03
350, 3.79560E-03, 3.27531E-03, 2.23866E-03, 4.94429E-03, 2.40932E-04, 1.96014E-04, 1.43281E-04, 1.04065E-03
351, 3.76783E-03, 3.37163E-03, 2.22706E-03, 5.02427E-03, 2.41763E-04, 1.95225E-04, 1.42981E-04, 1.05575E-03
352, 3.73648E-03, 3.45339E-03, 2.21280E-03, 5.08757E-03, 2.42581E-04, 1.94460E-04, 1.42664E-04, 1.06739E-03
353, 3.70164E-03, 3.51954E-03, 2.19584E-03, 5.13361E-03, 2.43432E-04, 1.93717E-04, 1.42341E-04, 1.07547E-03
354, 3.66338E-03, 3.56911E-03, 2.17613E-03, 5.16198E-03, 2.44307E-04, 1.92983E-04, 1.42028E-04, 1.07991E-03
355, 3.62181E-03, 3.60130E-03, 2.17004E-03, 5.17241E-03, 2.45189E-04, 1.92241E-04, 1.41711E-04, 1.08068E-03
356, 3.57700E-03, 3.67606E-03, 2.25165E-03, 5.17773E-03, 2.46042E-04, 1.91519E-04, 1.41383E-04, 1.08047E-03
357, 3.52906E-03, 3.74000E-03, 2.33037E-03, 5.19639E-03, 2.46910E-04, 1.90824E-04, 1.41050E-04, 1.08314E-03
358, 3.47810E-03, 3.78546E-03, 2.40553E-03, 5.19649E-03, 2.47805E-04, 1.90139E-04, 1.40715E-04, 1.08204E-03
359, 3.42421E-03, 3.81157E-03, 2.47644E-03, 5.20485E-03, 2.48725E-04, 1.89441E-04, 1.40380E-04, 1.08276E-03
360, 3.36752E-03, 3.81768E-03, 2.54238E-03, 5.20330E-03, 2.49667E-04, 1.88737E-04, 1.40047E-04, 1.08151E-03
361, 3.30813E-03, 3.86865E-03, 2.60263E-03, 5.18349E-03, 2.50640E-04, 1.88063E-04, 1.39741E-04, 1.07658E-03
362, 3.24616E-03, 3.91665E-03, 2.68732E-03, 5.14606E-03, 2.51624E-04, 1.87434E-04, 1.39431E-04, 1.06811E-03
363, 3.18173E-03, 3.94395E-03, 2.77167E-03, 5.13186E-03, 2.52608E-04, 1.86822E-04, 1.39111E-04, 1.06457E-03
364, 3.11497E-03, 3.99996E-03, 2.85040E-03, 5.10312E-03, 2.53573E-04, 1.86218E-04, 1.38795E-04, 1.05812E-03
365, 3.04600E-03, 4.08956E-03, 2.92261E-03, 5.12216E-03, 2.54527E-04, 1.85650E-04, 1.38482E-04, 1.06170E-03
366, 2.97494E-03, 4.15517E-03, 2.98736E-03, 5.12322E-03, 2.55442E-04, 1.85079E-04, 1.38160E-04, 1.06165E-03
367, 2.90193E-03, 4.19586E-03, 3.04375E-03, 5.10550E-03, 2.56340E-04, 1.84526E-04, 1.37836E-04, 1.05782E-03
368, 2.82710E-03, 4.27182E-03, 3.11011E-03, 5.08394E-03, 2.57204E-04, 1.83957E-04, 1.37520E-04, 1.05331E-03
369, 2.75057E-03, 4.35830E-03, 3.19832E-03, 5.09517E-03, 2.58030E-04, 1.83362E-04, 1.37189E-04, 1.05570E-03
370, 2.67247E-03, 4.41822E-03, 3.27849E-03, 5.08752E-03, 2.58827E-04, 1.82745E-04, 1.36853E-04, 1.05429E-03
371, 2.59294E-03, 4.45066E-03, 3.34948E-03, 5.05993E-03, 2.59576E-04, 1.82108E-04, 1.36507E-04, 1.04886E-03
372, 2.51210E-03, 4.45503E-03, 3.41535E-03, 5.01156E-03, 2.60300E-04, 1.81464E-04, 1.36160E-04, 1.03922E-03
373, 2.43008E-03, 4.51388E-03, 3.50411E-03, 5.02077E-03, 2.60972E-04, 1.80826E-04, 1.35826E-04, 1.04162E-03
374, 2.34878E-03, 4.57665E-03, 3.58489E-03, 5.01010E-03, 2.61593E-04, 1.80159E-04, 1.35494E-04, 1.04001E-03
375, 2.28481E-03, 4.61010E-03, 3.65637E-03, 4.97800E-03, 2.62168E-04, 1.79449E-04, 1.35147E-04, 1.03404E-03
376, 2.21952E-03, 4.61358E-03, 3.71723E-03, 4.92343E-03, 2.62699E-04, 1.78733E-04, 1.34784E-04, 1.02348E-03
377, 2.16447E-03, 4.58682E-03, 3.76619E-03, 4.90203E-03, 2.63186E-04, 1.77969E-04, 1.34403E-04, 1.01990E-03
378, 2.18619E-03, 4.62992E-03, 3.85438E-03, 4.89398E-03, 2.63642E-04, 1.77166E-04, 1.34004E-04, 1.01918E-03
379, 2.21777E-03, 4.67492E-03, 3.94554E-03, 4.86291E-03, 2.64033E-04, 1.76332E-04, 1.33606E-04, 1.01375E-03
380, 2.25377E-03, 4.68885E-03, 4.02585E-03, 4.80770E-03, 2.64334E-04, 1.75494E-04, 1.33209E-04, 1.00335E-03
381, 2.33922E-03, 4.67127E-03, 4.09376E-03, 4.73805E-03, 2.64614E-04, 1.74658E-04, 1.32817E-04, 9.89974E-04
382, 2.42253E-03, 4.62217E-03, 4.14774E-03, 4.73877E-03, 2.64896E-04, 1.73788E-04, 1.32418E-04, 9.91358E-04
383, 2.52145E-03, 4.64042E-03, 4.18637E-03, 4.71520E-03, 2.65136E-04, 1.72872E-04, 1.32016E-04, 9.87719E-04
384, 2.60757E-03, 4.67581E-03, 4.24148E-03, 4.66607E-03, 2.65340E-04, 1.71949E-04, 1.31615E-04, 9.78766E-04
385, 2.68039E-03, 4.67934E-03, 4.33389E-03, 4.59049E-03, 2.65513E-04, 1.71021E-04, 1.31239E-04, 9.64284E-04
386, 2.73960E-03, 4.65069E-03, 4.41260E-03, 4.54077E-03, 2.65673E-04, 1.70060E-04, 1.30884E-04, 9.55246E-04
387, 2.82654E-03, 4.58997E-03, 4.47585E-03, 4.53209E-03, 2.65841E-04, 1.69069E-04, 1.30521E-04, 9.54870E-04
388, 2.90153E-03, 4.56432E-03, 4.52201E-03, 4.49694E-03, 2.65987E-04, 1.68072E-04, 1.30159E-04, 9.48945E-04
389, 2.96067E-03, 4.59882E-03, 4.54954E-03, 4.43432E-03, 2.66075E-04, 1.67093E-04, 1.29826E-04, 9.37226E-04
390, 3.00388E-03, 4.60158E-03, 4.55713E-03, 4.34366E-03, 2.66151E-04, 1.66106E-04, 1.29495E-04, 9.19561E-04
391, 3.07200E-03, 4.57224E-03, 4.64927E-03, 4.30582E-03, 2.66217E-04, 1.65114E-04, 1.29186E-04, 9.13063E-04
392, 3.13682E-03, 4.55437E-03, 4.72654E-03, 4.29315E-03, 2.66221E-04, 1.64120E-04, 1.28920E-04, 9.11910E-04
393, 3.18328E-03, 4.51035E-03, 4.78573E-03, 4.25256E-03, 2.66194E-04, 1.63104E-04, 1.28669E-04, 9.04831E-04
394, 3.21144E-03, 4.49756E-03, 4.82511E-03, 4.18330E-03, 2.66151E-04, 1.62091E-04, 1.28431E-04, 8.91629E-04
395, 3.25930E-03, 4.53989E-03, 4.84311E-03, 4.08511E-03, 2.66115E-04, 1.61058E-04, 1.28201E-04, 8.72215E-04
396, 3.31754E-03, 4.54919E-03, 4.83846E-03, 4.04047E-03, 2.66068E-04, 1.60038E-04, 1.28004E-04, 8.64196E-04
397, 3.35487E-03, 4.52570E-03, 4.87438E-03, 4.03059E-03, 2.65984E-04, 1.59040E-04, 1.27804E-04, 8.63602E-04
398, 3.37141E-03, 4.47017E-03, 4.95201E-03, 3.99204E-03, 2.65859E-04, 1.58080E-04, 1.27594E-04, 8.56855E-04
399, 3.38772E-03, 4.41041E-03, 5.00966E-03, 3.92419E-03, 2.65678E-04, 1.57123E-04, 1.27410E-04, 8.43788E-04
400, 3.44594E-03, 4.44962E-03, 5.04554E-03, 3.82700E-03, 2.65498E-04, 1.56163E-04, 1.27253E-04, 8.24354E-04
401, 3.48080E-03, 4.45631E-03, 5.05811E-03, 3.74630E-03, 2.65305E-04, 1.55211E-04, 1.27109E-04, 8.08408E-04
402, 3.49231E-03, 4.43077E-03, 5.04612E-03, 3.74602E-03, 2.65090E-04, 1.54263E-04, 1.26966E-04, 8.09786E-04
403, 3.48095E-03, 4.37377E-03, 5.00869E-03, 3.71690E-03, 2.64851E-04, 1.53323E-04, 1.26827E-04, 8.04921E-04
404, 3.51666E-03, 4.28655E-03, 5.07751E-03, 3.65837E-03, 2.64563E-04, 1.52394E-04, 1.26720E-04, 7.93653E-04
405, 3.55871E-03, 4.28994E-03, 5.13773E-03, 3.57044E-03, 2.64245E-04, 1.51471E-04, 1.26626E-04, 7.75951E-04
406, 3.57513E-03, 4.30159E-03, 5.17520E-03, 3.45374E-03, 2.63896E-04, 1.50548E-04, 1.26528E-04, 7.51914E-04
407, 3.56610E-03, 4.28218E-03, 5.18839E-03, 3.43277E-03, 2.63545E-04, 1.49623E-04, 1.26435E-04, 7.48666E-04
408, 3.53233E-03, 4.23240E-03, 5.17605E-03, 3.41981E-03, 2.63188E-04, 1.48691E-04, 1.26365E-04, 7.47147E-04
409, 3.57359E-03, 4.15339E-03, 5.13737E-03, 3.37798E-03, 2.62883E-04, 1.47776E-04, 1.26304E-04, 7.39298E-04
410, 3.60711E-03, 4.07304E-03, 5.09636E-03, 3.30726E-03, 2.62597E-04, 1.46871E-04, 1.26231E-04, 7.25077E-04
411, 3.61332E-03, 4.09518E-03, 5.16387E-03, 3.20823E-03, 2.62293E-04, 1.45938E-04, 1.26147E-04, 7.04583E-04
412, 3.59236E-03, 4.08796E-03, 5.20870E-03, 3.08284E-03, 2.61970E-04, 1.45031E-04, 1.26056E-04, 6.78211E-04
413, 3.54498E-03, 4.05190E-03, 5.22927E-03, 3.09253E-03, 2.61626E-04, 1.44162E-04, 1.25974E-04, 6.81507E-04
414, 3.56092E-03, 3.98794E-03, 5.22433E-03, 3.07489E-03, 2.61269E-04, 1.43324E-04, 1.25911E-04, 6.78771E-04
415, 3.59557E-03, 3.89742E-03, 5.19302E-03, 3.02967E-03, 2.60890E-04, 1.42485E-04, 1.25840E-04, 6.69919E-04
416, 3.60205E-03, 3.84522E-03, 5.13493E-03, 2.95724E-03, 2.60515E-04, 1.41626E-04, 1.25763E-04, 6.55003E-04
417, 3.58030E-03, 3.85376E-03, 5.08528E-03, 2.88084E-03, 2.60150E-04, 1.40776E-04, 1.25684E-04, 6.39146E-04
418, 3.53082E-03, 3.83536E-03, 5.14244E-03, 2.87050E-03, 2.59779E-04, 1.39963E-04, 1.25612E-04, 6.37909E-04
419, 3.51290E-03, 3.79074E-03, 5.17634E-03, 2.86031E-03, 2.59433E-04, 1.39175E-04, 1.25548E-04, 6.36693E-04
420, 3.59561E-03, 3.72095E-03, 5.18564E-03, 2.84304E-03, 2.59112E-04, 1.38408E-04, 1.25484E-04, 6.33883E-04
421, 3.67255E-03, 3.62740E-03, 5.16939E-03, 2.81938E-03, 2.58768E-04, 1.37664E-04, 1.25416E-04, 6.29631E-04
422, 3.74741E-03, 3.58655E-03, 5.12705E-03, 2.79165E-03, 2.58415E-04, 1.36932E-04, 1.25329E-04, 6.24447E-04
423, 3.82924E-03, 3.58737E-03, 5.05853E-03, 2.76822E-03, 2.58043E-04, 1.36215E-04, 1.25250E-04, 6.20200E-04
424, 3.90349E-03, 3.56388E-03, 4.97614E-03, 2.73808E-03, 2.57670E-04, 1.35555E-04, 1.25207E-04, 6.14427E-04
425, 3.96981E-03, 3.51685E-03, 5.02713E-03, 2.70188E-03, 2.57279E-04, 1.34918E-04, 1.25151E-04, 6.07267E-04
426, 4.02789E-03, 3.44738E-03, 5.05527E-03, 2.66466E-03, 2.56865E-04, 1.34290E-04, 1.25099E-04, 5.99847E-04
427, 4.07752E-03, 3.35685E-03, 5.05945E-03, 2.69230E-03, 2.56448E-04, 1.33674E-04, 1.25057E-04, 6.07019E-04
428, 4.11857E-03, 3.31321E-03, 5.03896E-03, 2.76525E-03, 2.56112E-04, 1.33065E-04, 1.25000E-04, 6.24438E-04
429, 4.15487E-03, 3.31066E-03, 4.99347E-03, 2.82776E-03, 2.55771E-04, 1.32465E-04, 1.24940E-04, 6.39545E-04
430, 4.18256E-03, 3.28636E-03, 4.92309E-03, 2.87951E-03, 2.55434E-04, 1.31899E-04, 1.24911E-04, 6.52253E-04
431, 4.20101E-03, 3.24108E-03, 4.82837E-03, 2.92640E-03, 2.55117E-04, 1.31358E-04, 1.24891E-04, 6.63890E-04
432, 4.21037E-03, 3.17589E-03, 4.83183E-03, 2.97092E-03, 2.54799E-04, 1.30832E-04, 1.24856E-04, 6.75017E-04
433, 4.21082E-03, 3.09210E-03, 4.85872E-03, 3.00293E-03, 2.54458E-04, 1.30323E-04, 1.24823E-04, 6.83323E-04
434, 4.20262E-03, 3.03769E-03, 4.86299E-03, 3.02222E-03, 2.54115E-04, 1.29817E-04, 1.24779E-04, 6.88750E-04
435, 4.18609E-03, 3.03478E-03, 4.84406E-03, 3.02870E-03, 2.53783E-04, 1.29320E-04, 1.24740E-04, 6.91261E-04
436, 4.16158E-03, 3.01248E-03, 4.80173E-03, 3.02238E-03, 2.53419E-04, 1.28835E-04, 1.24726E-04, 6.90847E-04
437, 4.12947E-03, 2.97150E-03, 4.73618E-03, 3.00339E-03, 2.53074E-04, 1.28357E-04, 1.24717E-04, 6.87524E-04
438, 4.09018E-03, 2.91284E-03, 4.64799E-03, 2.97198E-03, 2.52752E-04, 1.27882E-04, 1.24705E-04, 6.81338E-04
439, 4.04414E-03, 2.83768E-03, 4.57093E-03, 2.92855E-03, 2.52406E-04, 1.27407E-04, 1.24694E-04, 6.72365E-04
440, 3.99182E-03, 2.76684E-03, 4.59947E-03, 2.87361E-03, 2.51992E-04, 1.26931E-04, 1.24674E-04, 6.60710E-04
441, 3.93369E-03, 2.76567E-03, 4.60715E-03, 2.82476E-03, 2.51543E-04, 1.26458E-04, 1.24652E-04, 6.50418E-04
442, 3.87021E-03, 2.74721E-03, 4.59347E-03, 2.76494E-03, 2.51072E-04, 1.26002E-04, 1.24649E-04, 6.37559E-04
443, 3.80186E-03, 2.71207E-03, 4.55825E-03, 2.69407E-03, 2.50635E-04, 1.25557E-04, 1.24652E-04, 6.22102E-04
444, 3.73567E-03, 2.66112E-03, 4.50165E-03, 2.61307E-03, 2.50184E-04, 1.25114E-04, 1.24649E-04, 6.04252E-04
445, 3.66581E-03, 2.59542E-03, 4.42421E-03, 2.52297E-03, 2.49708E-04, 1.24672E-04, 1.24661E-04, 5.84238E-04
446, 3.59181E-03, 2.51622E-03, 4.32677E-03, 2.57626E-03, 2.49182E-04, 1.24231E-04, 1.24657E-04, 5.97410E-04
447, 3.51415E-03, 2.50695E-03, 4.28908E-03, 2.63456E-03, 2.48630E-04, 1.23799E-04, 1.24630E-04, 6.11772E-04
448, 3.43329E-03, 2.49364E-03, 4.30152E-03, 2.67520E-03, 2.48095E-04, 1.23360E-04, 1.24592E-04, 6.22058E-04
449, 3.38221E-03, 2.46537E-03, 4.29461E-03, 2.69861E-03, 2.47535E-04, 1.22924E-04, 1.24572E-04, 6.28352E-04
450, 3.36406E-03, 2.42286E-03, 4.26818E-03, 2.73622E-03, 2.46957E-04, 1.22492E-04, 1.24569E-04, 6.37964E-04
451, 3.33886E-03, 2.36701E-03, 4.22234E-03, 2.85371E-03, 2.46349E-04, 1.22066E-04, 1.24556E-04, 6.66241E-04
452, 3.30688E-03, 2.29889E-03, 4.15749E-03, 2.95187E-03, 2.45752E-04, 1.21640E-04, 1.24527E-04, 6.90062E-04
453, 3.32143E-03, 2.25819E-03, 4.07435E-03, 3.02996E-03, 2.45154E-04, 1.21210E-04, 1.24479E-04, 7.09237E-04
454, 3.33283E-03, 2.25105E-03, 3.97390E-03, 3.08764E-03, 2.44541E-04, 1.20767E-04, 1.24414E-04, 7.23662E-04
455, 3.33589E-03, 2.23051E-03, 3.95547E-03, 3.12491E-03, 2.43923E-04, 1.20312E-04, 1.24347E-04, 7.33324E-04
456, 3.33060E-03, 2.19709E-03, 3.95514E-03, 3.14216E-03, 2.43272E-04, 1.19852E-04, 1.24301E-04, 7.38291E-04
457, 3.31703E-03, 2.15152E-03, 3.93737E-03, 3.24349E-03, 2.42586E-04, 1.19396E-04, 1.24252E-04, 7.63038E-04
458, 3.29535E-03, 2.09466E-03, 3.90222E-03, 3.33886E-03, 2.41906E-04, 1.18938E-04, 1.24201E-04, 7.86424E-04
459, 3.26579E-03, 2.02756E-03, 3.84996E-03, 3.41198E-03, 2.41199E-04, 1.18475E-04, 1.24133E-04, 8.04603E-04
460, 3.22866E-03, 2.01670E-03, 3.78115E-03, 3.46237E-03, 2.40463E-04, 1.18018E-04, 1.24057E-04, 8.17444E-04
461, 3.22740E-03, 2.00456E-03, 3.69657E-03, 3.48997E-03, 2.39709E-04, 1.17561E-04, 1.23971E-04, 8.24909E-04
462, 3.23260E-03, 1.98086E-03, 3.59724E-03, 3.49507E-03, 2.38927E-04, 1.17087E-04, 1.23868E-04, 8.27050E-04
463, 3.22993E-03, 1.96803E-03, 3.58648E-03, 3.54244E-03, 2.38134E-04, 1.16607E-04, 1.23767E-04, 8.39189E-04
464, 3.22760E-03, 1.95585E-03, 3.57630E-03, 3.61336E-03, 2.37290E-04, 1.16136E-04, 1.23660E-04, 8.56921E-04
465, 3.25286E-03, 1.94055E-03, 3.55080E-03, 3.66170E-03, 2.36424E-04, 1.15648E-04, 1.23550E-04, 8.69310E-04
466, 3.27602E-03, 1.92236E-03, 3.51016E-03, 3.68717E-03, 2.35533E-04, 1.15143E-04, 1.23441E-04, 8.76270E-04
467, 3.29692E-03, 1.90153E-03, 3.45477E-03, 3.68983E-03, 2.34579E-04, 1.14631E-04, 1.23332E-04, 8.77797E-04
468, 3.31537E-03, 1.87828E-03, 3.38522E-03, 3.67010E-03, 2.33594E-04, 1.14121E-04, 1.23228E-04, 8.73973E-04
469, 3.33120E-03, 1.85856E-03, 3.33303E-03, 3.67244E-03, 2.32581E-04, 1.13602E-04, 1.23111E-04, 8.75383E-04
470, 3.34421E-03, 1.83932E-03, 3.36292E-03, 3.70873E-03, 2.31550E-04, 1.13072E-04, 1.22997E-04, 8.84872E-04
471, 3.35421E-03, 1.81779E-03, 3.38519E-03, 3.72469E-03, 2.30475E-04, 1.12554E-04, 1.22880E-04, 8.89501E-04
472, 3.36101E-03, 1.79418E-03, 3.39991E-03, 3.72023E-03, 2.29385E-04, 1.12052E-04, 1.22770E-04, 8.89236E-04
473, 3.36439E-03, 1.76871E-03, 3.40716E-03, 3.69555E-03, 2.28267E-04, 1.11557E-04, 1.22665E-04, 8.84109E-04
474, 3.36415E-03, 1.77579E-03, 3.40707E-03, 3.65111E-03, 2.27116E-04, 1.11052E-04, 1.22571E-04, 8.74217E-04
475, 3.39338E-03, 1.78996E-03, 3.39985E-03, 3.63437E-03, 2.25944E-04, 1.10557E-04, 1.22477E-04, 8.70928E-04
476, 3.48348E-03, 1.80633E-03, 3.38569E-03, 3.63752E-03, 2.24745E-04, 1.10076E-04, 1.22385E-04, 8.72377E-04
477, 3.57195E-03, 1.82222E-03, 3.37252E-03, 3.62418E-03, 2.23550E-04, 1.09594E-04, 1.22290E-04, 8.69850E-04
478, 3.65858E-03, 1.83750E-03, 3.40013E-03, 3.59433E-03, 2.22330E-04, 1.09127E-04, 1.22193E-04, 8.63331E-04
479, 3.74318E-03, 1.85220E-03, 3.41971E-03, 3.54810E-03, 2.21086E-04, 1.08668E-04, 1.22091E-04, 8.52841E-04
480, 3.82553E-03, 1.86637E-03, 3.43133E-03, 3.55784E-03, 2.19821E-04, 1.08220E-04, 1.21993E-04, 8.55778E-04
481, 3.90540E-03, 1.88003E-03, 3.43510E-03, 3.56286E-03, 2.18560E-04, 1.07792E-04, 1.21910E-04, 8.57561E-04
482, 3.98257E-03, 1.89323E-03, 3.43120E-03, 3.56011E-03, 2.17282E-04, 1.07380E-04, 1.21839E-04, 8.57452E-04
483, 4.05678E-03, 1.90600E-03, 3.41984E-03, 3.55872E-03, 2.16002E-04, 1.06974E-04, 1.21770E-04, 8.57650E-04
484, 4.12780E-03, 1.91835E-03, 3.40127E-03, 3.55958E-03, 2.14708E-04, 1.06573E-04, 1.21708E-04, 8.58368E-04
485, 4.19535E-03, 1.93029E-03, 3.37578E-03, 3.55261E-03, 2.13396E-04, 1.06187E-04, 1.21641E-04, 8.57179E-04
486, 4.25918E-03, 1.94182E-03, 3.34368E-03, 3.53726E-03, 2.12096E-04, 1.05819E-04, 1.21581E-04, 8.53942E-04
487, 4.32109E-03, 1.95289E-03, 3.35924E-03, 3.51289E-03, 2.10813E-04, 1.05473E-04, 1.21531E-04, 8.48504E-04
488, 4.40963E-03, 1.96347E-03, 3.37068E-03, 3.47885E-03, 2.09541E-04, 1.05148E-04, 1.21481E-04, 8.40702E-04
489, 4.49506E-03, 1.97346E-03, 3.37426E-03, 3.43446E-03, 2.08258E-04, 1.04846E-04, 1.21435E-04, 8.30373E-04
490, 4.57715E-03, 1.98275E-03, 3.37014E-03, 3.37909E-03, 2.06936E-04, 1.04556E-04, 1.21398E-04, 8.17359E-04
491, 4.65564E-03, 1.99117E-03, 3.35854E-03, 3.31213E-03, 2.05623E-04, 1.04285E-04, 1.21381E-04, 8.01510E-04
492, 4.73028E-03, 2.00390E-03, 3.33969E-03, 3.23305E-03, 2.04348E-04, 1.04030E-04, 1.21362E-04, 7.82697E-04
493, 4.80080E-03, 2.01822E-03, 3.31387E-03, 3.14142E-03, 2.03103E-04, 1.03798E-04, 1.21342E-04, 7.60814E-04
494, 4.86694E-03, 2.02985E-03, 3.28139E-03, 3.03695E-03, 2.01896E-04, 1.03576E-04, 1.21333E-04, 7.35786E-04
495, 4.92843E-03, 2.03827E-03, 3.25024E-03, 2.91946E-03, 2.00716E-04, 1.03363E-04, 1.21324E-04, 7.07572E-04
496, 4.98499E-03, 2.04292E-03, 3.24161E-03, 2.78898E-03, 1.99582E-04, 1.03154E-04, 1.21325E-04, 6.76174E-04
497, 5.04464E-03, 2.04326E-03, 3.22781E-03, 2.85925E-03, 1.98473E-04, 1.02958E-04, 1.21338E-04, 6.93432E-04
498, 5.09932E-03, 2.04703E-03, 3.21877E-03, 2.99827E-03, 1.97396E-04, 1.02758E-04, 1.21358E-04, 7.27366E-04
499, 5.14870E-03, 2.05592E-03, 3.21031E-03, 3.11703E-03, 1.96324E-04, 1.02565E-04, 1.21372E-04, 7.56390E-04
500, 5.19248E-03, 2.06143E-03, 3.19479E-03, 3.21371E-03, 1.95286E-04, 1.02391E-04, 1.21391E-04, 7.80059E-04
