time_step, rms_u, rms_v, rms_w, rms_p
0, 3.56018E-01, 9.07009E-01, 7.11459E-01, 2.31962E-01
1, 3.57691E-01, 9.06759E-01, 7.09402E-01, 2.32890E-01
2, 3.59310E-01, 9.06418E-01, 7.07322E-01, 2.36059E-01
3, 3.60952E-01, 9.06053E-01, 7.05272E-01, 2.38576E-01
4, 3.62615E-01, 9.05664E-01, 7.03254E-01, 2.41397E-01
5, 3.64300E-01, 9.05250E-01, 7.01269E-01, 2.44534E-01
6, 3.66004E-01, 9.04811E-01, 6.99318E-01, 2.47985E-01
7, 3.67727E-01, 9.04345E-01, 6.97402E-01, 2.51742E-01
8, 3.69468E-01, 9.03852E-01, 6.95523E-01, 2.55793E-01
9, 3.71224E-01, 9.03330E-01, 6.93681E-01, 2.60120E-01
10, 3.72996E-01, 9.02781E-01, 6.91877E-01, 2.64702E-01
11, 3.74781E-01, 9.02201E-01, 6.90112E-01, 2.69513E-01
12, 3.76579E-01, 9.01592E-01, 6.88387E-01, 2.74525E-01
13, 3.78387E-01, 9.00951E-01, 6.86702E-01, 2.79708E-01
14, 3.80204E-01, 9.00280E-01, 6.85058E-01, 2.85031E-01
15, 3.82029E-01, 8.99576E-01, 6.83455E-01, 2.90463E-01
16, 3.83861E-01, 8.98839E-01, 6.81894E-01, 2.95974E-01
17, 3.85698E-01, 8.98070E-01, 6.80375E-01, 3.01532E-01
18, 3.87538E-01, 8.97266E-01, 6.78898E-01, 3.07112E-01
19, 3.89381E-01, 8.96429E-01, 6.77464E-01, 3.12688E-01
20, 3.91224E-01, 8.95557E-01, 6.76073E-01, 3.18237E-01
21, 3.93067E-01, 8.94651E-01, 6.74725E-01, 3.23740E-01
22, 3.94909E-01, 8.93709E-01, 6.73420E-01, 3.29180E-01
23, 3.96747E-01, 8.92733E-01, 6.72159E-01, 3.34542E-01
24, 3.98580E-01, 8.91720E-01, 6.70941E-01, 3.39817E-01
25, 4.00408E-01, 8.90673E-01, 6.69768E-01, 3.44994E-01
26, 4.02228E-01, 8.89589E-01, 6.68638E-01, 3.50069E-01
27, 4.04040E-01, 8.88470E-01, 6.67553E-01, 3.55038E-01
28, 4.05843E-01, 8.87316E-01, 6.66512E-01, 3.59897E-01
29, 4.07634E-01, 8.86126E-01, 6.65516E-01, 3.64647E-01
30, 4.09413E-01, 8.84900E-01, 6.64565E-01, 3.69288E-01
31, 4.11180E-01, 8.83639E-01, 6.63660E-01, 3.73823E-01
32, 4.12932E-01, 8.82343E-01, 6.62799E-01, 3.78253E-01
33, 4.14668E-01, 8.81011E-01, 6.61984E-01, 3.82582E-01
34, 4.16388E-01, 8.79645E-01, 6.61215E-01, 3.86811E-01
35, 4.18091E-01, 8.78244E-01, 6.60492E-01, 3.90945E-01
36, 4.19775E-01, 8.76809E-01, 6.59814E-01, 3.94985E-01
37, 4.21440E-01, 8.75339E-01, 6.59183E-01, 3.98934E-01
38, 4.23084E-01, 8.73836E-01, 6.58598E-01, 4.02792E-01
39, 4.24707E-01, 8.72299E-01, 6.58058E-01, 4.06560E-01
40, 4.26308E-01, 8.70729E-01, 6.57564E-01, 4.10237E-01
41, 4.27886E-01, 8.69126E-01, 6.57116E-01, 4.13823E-01
42, 4.29440E-01, 8.67491E-01, 6.56713E-01, 4.17315E-01
43, 4.30969E-01, 8.65823E-01, 6.56355E-01, 4.20708E-01
44, 4.32473E-01, 8.64124E-01, 6.56041E-01, 4.24000E-01
45, 4.33950E-01, 8.62394E-01, 6.55770E-01, 4.27185E-01
46, 4.35400E-01, 8.60633E-01, 6.55542E-01, 4.30256E-01
47, 4.36822E-01, 8.58841E-01, 6.55355E-01, 4.33208E-01
48, 4.38215E-01, 8.57020E-01, 6.55210E-01, 4.36035E-01
49, 4.39579E-01, 8.55169E-01, 6.55103E-01, 4.38728E-01
50, 4.40912E-01, 8.53291E-01, 6.55035E-01, 4.41282E-01
51, 4.42215E-01, 8.51384E-01, 6.55003E-01, 4.43689E-01
52, 4.43486E-01, 8.49450E-01, 6.55007E-01, 4.45945E-01
53, 4.44726E-01, 8.47490E-01, 6.55043E-01, 4.48044E-01
54, 4.45933E-01, 8.45504E-01, 6.55111E-01, 4.49983E-01
55, 4.47107E-01, 8.43493E-01, 6.55208E-01, 4.51758E-01
56, 4.48248E-01, 8.41459E-01, 6.55333E-01, 4.53368E-01
57, 4.49356E-01, 8.39401E-01, 6.55484E-01, 4.54814E-01
58, 4.50430E-01, 8.37321E-01, 6.55658E-01, 4.56098E-01
59, 4.51471E-01, 8.35220E-01, 6.55854E-01, 4.57223E-01
60, 4.52478E-01, 8.33099E-01, 6.56068E-01, 4.58196E-01
61, 4.53451E-01, 8.30959E-01, 6.56301E-01, 4.59022E-01
62, 4.54392E-01, 8.28800E-01, 6.56549E-01, 4.59712E-01
63, 4.55299E-01, 8.26624E-01, 6.56810E-01, 4.60274E-01
64, 4.56173E-01, 8.24431E-01, 6.57083E-01, 4.60721E-01
65, 4.57015E-01, 8.22222E-01, 6.57367E-01, 4.61064E-01
66, 4.57825E-01, 8.19998E-01, 6.57659E-01, 4.61316E-01
67, 4.58603E-01, 8.17760E-01, 6.57958E-01, 4.61491E-01
68, 4.59350E-01, 8.15508E-01, 6.58263E-01, 4.61602E-01
69, 4.60065E-01, 8.13243E-01, 6.58573E-01, 4.61662E-01
70, 4.60749E-01, 8.10966E-01, 6.58886E-01, 4.61684E-01
71, 4.61403E-01, 8.08676E-01, 6.59202E-01, 4.61680E-01
72, 4.62027E-01, 8.06374E-01, 6.59520E-01, 4.61661E-01
73, 4.62620E-01, 8.04062E-01, 6.59839E-01, 4.61636E-01
74, 4.63184E-01, 8.01738E-01, 6.60159E-01, 4.61615E-01
75, 4.63718E-01, 7.99403E-01, 6.60479E-01, 4.61603E-01
76, 4.64223E-01, 7.97058E-01, 6.60800E-01, 4.61607E-01
77, 4.64699E-01, 7.94704E-01, 6.61120E-01, 4.61629E-01
78, 4.65147E-01, 7.92339E-01, 6.61439E-01, 4.61673E-01
79, 4.65568E-01, 7.89965E-01, 6.61759E-01, 4.61739E-01
80, 4.65961E-01, 7.87582E-01, 6.62078E-01, 4.61827E-01
81, 4.66329E-01, 7.85190E-01, 6.62397E-01, 4.61935E-01
82, 4.66672E-01, 7.82790E-01, 6.62716E-01, 4.62059E-01
83, 4.66990E-01, 7.80382E-01, 6.63035E-01, 4.62196E-01
84, 4.67286E-01, 7.77967E-01, 6.63353E-01, 4.62341E-01
85, 4.67561E-01, 7.75546E-01, 6.63672E-01, 4.62489E-01
86, 4.67815E-01, 7.73119E-01, 6.63991E-01, 4.62635E-01
87, 4.68052E-01, 7.70686E-01, 6.64311E-01, 4.62773E-01
88, 4.68271E-01, 7.68250E-01, 6.64630E-01, 4.62898E-01
89, 4.68474E-01, 7.65809E-01, 6.64948E-01, 4.63003E-01
90, 4.68664E-01, 7.63367E-01, 6.65266E-01, 4.63084E-01
91, 4.68841E-01, 7.60922E-01, 6.65583E-01, 4.63136E-01
92, 4.69007E-01, 7.58477E-01, 6.65899E-01, 4.63155E-01
93, 4.69162E-01, 7.56032E-01, 6.66212E-01, 4.63137E-01
94, 4.69309E-01, 7.53588E-01, 6.66522E-01, 4.63078E-01
95, 4.69449E-01, 7.51146E-01, 6.66828E-01, 4.62977E-01
96, 4.69582E-01, 7.48707E-01, 6.67130E-01, 4.62831E-01
97, 4.69708E-01, 7.46272E-01, 6.67426E-01, 4.62639E-01
98, 4.69831E-01, 7.43841E-01, 6.67715E-01, 4.62400E-01
99, 4.69948E-01, 7.41417E-01, 6.67996E-01, 4.62115E-01
100, 4.70063E-01, 7.38998E-01, 6.68268E-01, 4.61784E-01
101, 4.70174E-01, 7.36586E-01, 6.68530E-01, 4.61407E-01
102, 4.70284E-01, 7.34182E-01, 6.68781E-01, 4.60987E-01
103, 4.70391E-01, 7.31786E-01, 6.69019E-01, 4.60525E-01
104, 4.70497E-01, 7.29398E-01, 6.69244E-01, 4.60024E-01
105, 4.70603E-01, 7.27018E-01, 6.69454E-01, 4.59485E-01
106, 4.70708E-01, 7.24648E-01, 6.69649E-01, 4.58913E-01
107, 4.70814E-01, 7.22286E-01, 6.69827E-01, 4.58310E-01
108, 4.70920E-01, 7.19933E-01, 6.69988E-01, 4.57680E-01
109, 4.71027E-01, 7.17589E-01, 6.70131E-01, 4.57026E-01
110, 4.71135E-01, 7.15254E-01, 6.70256E-01, 4.56353E-01
111, 4.71246E-01, 7.12927E-01, 6.70360E-01, 4.55663E-01
112, 4.71359E-01, 7.10609E-01, 6.70445E-01, 4.54962E-01
113, 4.71476E-01, 7.08299E-01, 6.70508E-01, 4.54253E-01
114, 4.71596E-01, 7.05997E-01, 6.70550E-01, 4.53539E-01
115, 4.71720E-01, 7.03702E-01, 6.70571E-01, 4.52825E-01
116, 4.71849E-01, 7.01415E-01, 6.70569E-01, 4.52114E-01
117, 4.71983E-01, 6.99134E-01, 6.70544E-01, 4.51408E-01
118, 4.72122E-01, 6.96861E-01, 6.70496E-01, 4.50712E-01
119, 4.72267E-01, 6.94594E-01, 6.70424E-01, 4.50027E-01
120, 4.72419E-01, 6.92333E-01, 6.70329E-01, 4.49355E-01
121, 4.72577E-01, 6.90079E-01, 6.70210E-01, 4.48698E-01
122, 4.72742E-01, 6.87831E-01, 6.70067E-01, 4.48057E-01
123, 4.72914E-01, 6.85589E-01, 6.69900E-01, 4.47433E-01
124, 4.73093E-01, 6.83354E-01, 6.69709E-01, 4.46826E-01
125, 4.73279E-01, 6.81124E-01, 6.69493E-01, 4.46236E-01
126, 4.73473E-01, 6.78901E-01, 6.69254E-01, 4.45662E-01
127, 4.73673E-01, 6.76685E-01, 6.68991E-01, 4.45102E-01
128, 4.73880E-01, 6.74475E-01, 6.68704E-01, 4.44556E-01
129, 4.74094E-01, 6.72272E-01, 6.68393E-01, 4.44021E-01
130, 4.74314E-01, 6.70077E-01, 6.68058E-01, 4.43496E-01
131, 4.74540E-01, 6.67890E-01, 6.67700E-01, 4.42977E-01
132, 4.74772E-01, 6.65711E-01, 6.67319E-01, 4.42462E-01
133, 4.75009E-01, 6.63541E-01, 6.66915E-01, 4.41948E-01
134, 4.75250E-01, 6.61380E-01, 6.66487E-01, 4.41432E-01
135, 4.75495E-01, 6.59229E-01, 6.66037E-01, 4.40911E-01
136, 4.75744E-01, 6.57088E-01, 6.65564E-01, 4.40382E-01
137, 4.75997E-01, 6.54959E-01, 6.65069E-01, 4.39841E-01
138, 4.76252E-01, 6.52842E-01, 6.64551E-01, 4.39286E-01
139, 4.76509E-01, 6.50736E-01, 6.64011E-01, 4.38714E-01
140, 4.76768E-01, 6.48644E-01, 6.63449E-01, 4.38122E-01
141, 4.77029E-01, 6.46566E-01, 6.62865E-01, 4.37508E-01
142, 4.77290E-01, 6.44503E-01, 6.62260E-01, 4.36869E-01
143, 4.77552E-01, 6.42454E-01, 6.61633E-01, 4.36202E-01
144, 4.77814E-01, 6.40422E-01, 6.60985E-01, 4.35506E-01
145, 4.78076E-01, 6.38406E-01, 6.60316E-01, 4.34779E-01
146, 4.78337E-01, 6.36408E-01, 6.59626E-01, 4.34019E-01
147, 4.78596E-01, 6.34427E-01, 6.58916E-01, 4.33225E-01
148, 4.78855E-01, 6.32465E-01, 6.58185E-01, 4.32395E-01
149, 4.79111E-01, 6.30522E-01, 6.57436E-01, 4.31528E-01
150, 4.79364E-01, 6.28598E-01, 6.56667E-01, 4.30624E-01
151, 4.79614E-01, 6.26694E-01, 6.55879E-01, 4.29682E-01
152, 4.79861E-01, 6.24811E-01, 6.55074E-01, 4.28701E-01
153, 4.80104E-01, 6.22949E-01, 6.54252E-01, 4.27681E-01
154, 4.80342E-01, 6.21108E-01, 6.53413E-01, 4.26621E-01
155, 4.80574E-01, 6.19288E-01, 6.52558E-01, 4.25521E-01
156, 4.80801E-01, 6.17489E-01, 6.51689E-01, 4.24382E-01
157, 4.81022E-01, 6.15712E-01, 6.50806E-01, 4.23203E-01
158, 4.81235E-01, 6.13957E-01, 6.49910E-01, 4.21985E-01
159, 4.81441E-01, 6.12223E-01, 6.49004E-01, 4.20727E-01
160, 4.81638E-01, 6.10510E-01, 6.48088E-01, 4.19431E-01
161, 4.81827E-01, 6.08818E-01, 6.47163E-01, 4.18097E-01
162, 4.82006E-01, 6.07147E-01, 6.46232E-01, 4.16725E-01
163, 4.82176E-01, 6.05497E-01, 6.45296E-01, 4.15316E-01
164, 4.82335E-01, 6.03866E-01, 6.44356E-01, 4.13871E-01
165, 4.82483E-01, 6.02255E-01, 6.43415E-01, 4.12390E-01
166, 4.82621E-01, 6.00663E-01, 6.42475E-01, 4.10875E-01
167, 4.82747E-01, 5.99088E-01, 6.41538E-01, 4.09326E-01
168, 4.82861E-01, 5.97531E-01, 6.40605E-01, 4.07745E-01
169, 4.82964E-01, 5.95991E-01, 6.39680E-01, 4.06132E-01
170, 4.83054E-01, 5.94466E-01, 6.38763E-01, 4.04488E-01
171, 4.83134E-01, 5.92956E-01, 6.37858E-01, 4.02816E-01
172, 4.83202E-01, 5.91459E-01, 6.36966E-01, 4.01116E-01
173, 4.83258E-01, 5.89976E-01, 6.36090E-01, 3.99389E-01
174, 4.83304E-01, 5.88505E-01, 6.35231E-01, 3.97637E-01
175, 4.83339E-01, 5.87044E-01, 6.34392E-01, 3.95862E-01
176, 4.83364E-01, 5.85594E-01, 6.33574E-01, 3.94064E-01
177, 4.83380E-01, 5.84152E-01, 6.32779E-01, 3.92246E-01
178, 4.83386E-01, 5.82719E-01, 6.32008E-01, 3.90409E-01
179, 4.83385E-01, 5.81292E-01, 6.31263E-01, 3.88554E-01
180, 4.83376E-01, 5.79872E-01, 6.30545E-01, 3.86683E-01
181, 4.83359E-01, 5.78457E-01, 6.29854E-01, 3.84797E-01
182, 4.83336E-01, 5.77046E-01, 6.29192E-01, 3.82899E-01
183, 4.83306E-01, 5.75638E-01, 6.28558E-01, 3.80989E-01
184, 4.83271E-01, 5.74234E-01, 6.27952E-01, 3.79070E-01
185, 4.83231E-01, 5.72831E-01, 6.27376E-01, 3.77143E-01
186, 4.83186E-01, 5.71429E-01, 6.26828E-01, 3.75209E-01
187, 4.83135E-01, 5.70029E-01, 6.26309E-01, 3.73271E-01
188, 4.83080E-01, 5.68628E-01, 6.25817E-01, 3.71330E-01
189, 4.83020E-01, 5.67227E-01, 6.25352E-01, 3.69387E-01
190, 4.82956E-01, 5.65825E-01, 6.24913E-01, 3.67444E-01
191, 4.82886E-01, 5.64423E-01, 6.24499E-01, 3.65502E-01
192, 4.82811E-01, 5.63018E-01, 6.24110E-01, 3.63564E-01
193, 4.82730E-01, 5.61612E-01, 6.23744E-01, 3.61630E-01
194, 4.82644E-01, 5.60204E-01, 6.23401E-01, 3.59702E-01
195, 4.82551E-01, 5.58793E-01, 6.23079E-01, 3.57782E-01
196, 4.82450E-01, 5.57380E-01, 6.22777E-01, 3.55872E-01
197, 4.82343E-01, 5.55964E-01, 6.22495E-01, 3.53971E-01
198, 4.82227E-01, 5.54546E-01, 6.22231E-01, 3.52083E-01
199, 4.82103E-01, 5.53124E-01, 6.21984E-01, 3.50207E-01
200, 4.81969E-01, 5.51700E-01, 6.21755E-01, 3.48346E-01
201, 4.81825E-01, 5.50273E-01, 6.21541E-01, 3.46501E-01
202, 4.81671E-01, 5.48843E-01, 6.21342E-01, 3.44672E-01
203, 4.81506E-01, 5.47410E-01, 6.21157E-01, 3.42861E-01
204, 4.81329E-01, 5.45974E-01, 6.20987E-01, 3.41068E-01
205, 4.81139E-01, 5.44535E-01, 6.20829E-01, 3.39295E-01
206, 4.80937E-01, 5.43093E-01, 6.20684E-01, 3.37542E-01
207, 4.80721E-01, 5.41648E-01, 6.20551E-01, 3.35809E-01
208, 4.80491E-01, 5.40201E-01, 6.20430E-01, 3.34097E-01
209, 4.80247E-01, 5.38751E-01, 6.20320E-01, 3.32407E-01
210, 4.79987E-01, 5.37298E-01, 6.20220E-01, 3.30738E-01
211, 4.79711E-01, 5.35843E-01, 6.20131E-01, 3.29091E-01
212, 4.79420E-01, 5.34386E-01, 6.20052E-01, 3.27465E-01
213, 4.79112E-01, 5.32927E-01, 6.19983E-01, 3.25860E-01
214, 4.78787E-01, 5.31466E-01, 6.19923E-01, 3.24277E-01
215, 4.78444E-01, 5.30004E-01, 6.19873E-01, 3.22714E-01
216, 4.78083E-01, 5.28541E-01, 6.19831E-01, 3.21170E-01
217, 4.77705E-01, 5.27077E-01, 6.19799E-01, 3.19646E-01
218, 4.77307E-01, 5.25612E-01, 6.19774E-01, 3.18141E-01
219, 4.76891E-01, 5.24147E-01, 6.19758E-01, 3.16653E-01
220, 4.76455E-01, 5.22683E-01, 6.19750E-01, 3.15182E-01
221, 4.75999E-01, 5.21219E-01, 6.19749E-01, 3.13726E-01
222, 4.75524E-01, 5.19757E-01, 6.19756E-01, 3.12286E-01
223, 4.75029E-01, 5.18297E-01, 6.19770E-01, 3.10859E-01
224, 4.74513E-01, 5.16839E-01, 6.19792E-01, 3.09445E-01
225, 4.73976E-01, 5.15384E-01, 6.19820E-01, 3.08043E-01
226, 4.73418E-01, 5.13933E-01, 6.19854E-01, 3.06653E-01
227, 4.72840E-01, 5.12486E-01, 6.19895E-01, 3.05272E-01
228, 4.72240E-01, 5.11044E-01, 6.19942E-01, 3.03901E-01
229, 4.71619E-01, 5.09609E-01, 6.19995E-01, 3.02539E-01
230, 4.70977E-01, 5.08179E-01, 6.20053E-01, 3.01186E-01
231, 4.70313E-01, 5.06757E-01, 6.20117E-01, 2.99840E-01
232, 4.69628E-01, 5.05343E-01, 6.20185E-01, 2.98501E-01
233, 4.68921E-01, 5.03939E-01, 6.20259E-01, 2.97171E-01
234, 4.68193E-01, 5.02543E-01, 6.20337E-01, 2.95847E-01
235, 4.67445E-01, 5.01159E-01, 6.20419E-01, 2.94531E-01
236, 4.66675E-01, 4.99785E-01, 6.20505E-01, 2.93222E-01
237, 4.65884E-01, 4.98424E-01, 6.20595E-01, 2.91922E-01
238, 4.65073E-01, 4.97076E-01, 6.20688E-01, 2.90630E-01
239, 4.64242E-01, 4.95742E-01, 6.20784E-01, 2.89347E-01
240, 4.63392E-01, 4.94422E-01, 6.20883E-01, 2.88074E-01
241, 4.62522E-01, 4.93117E-01, 6.20984E-01, 2.86812E-01
242, 4.61634E-01, 4.91828E-01, 6.21088E-01, 2.85561E-01
243, 4.60727E-01, 4.90556E-01, 6.21193E-01, 2.84322E-01
244, 4.59803E-01, 4.89301E-01, 6.21300E-01, 2.83096E-01
245, 4.58862E-01, 4.88064E-01, 6.21408E-01, 2.81885E-01
246, 4.57905E-01, 4.86846E-01, 6.21518E-01, 2.80688E-01
247, 4.56932E-01, 4.85646E-01, 6.21628E-01, 2.79508E-01
248, 4.55945E-01, 4.84466E-01, 6.21738E-01, 2.78344E-01
249, 4.54944E-01, 4.83306E-01, 6.21849E-01, 2.77199E-01
250, 4.53931E-01, 4.82166E-01, 6.21959E-01, 2.76072E-01
251, 4.52904E-01, 4.81046E-01, 6.22069E-01, 2.74964E-01
252, 4.51867E-01, 4.79947E-01, 6.22178E-01, 2.73875E-01
253, 4.50819E-01, 4.78869E-01, 6.22287E-01, 2.72807E-01
254, 4.49762E-01, 4.77812E-01, 6.22394E-01, 2.71760E-01
255, 4.48696E-01, 4.76777E-01, 6.22499E-01, 2.70733E-01
256, 4.47622E-01, 4.75763E-01, 6.22603E-01, 2.69728E-01
257, 4.46542E-01, 4.74770E-01, 6.22706E-01, 2.68744E-01
258, 4.45455E-01, 4.73798E-01, 6.22806E-01, 2.67780E-01
259, 4.44362E-01, 4.72848E-01, 6.22904E-01, 2.66837E-01
260, 4.43265E-01, 4.71920E-01, 6.23000E-01, 2.65915E-01
261, 4.42164E-01, 4.71013E-01, 6.23093E-01, 2.65013E-01
262, 4.41060E-01, 4.70127E-01, 6.23183E-01, 2.64130E-01
263, 4.39954E-01, 4.69262E-01, 6.23271E-01, 2.63266E-01
264, 4.38845E-01, 4.68418E-01, 6.23355E-01, 2.62421E-01
265, 4.37734E-01, 4.67595E-01, 6.23437E-01, 2.61593E-01
266, 4.36623E-01, 4.66793E-01, 6.23515E-01, 2.60782E-01
267, 4.35511E-01, 4.66012E-01, 6.23590E-01, 2.59986E-01
268, 4.34399E-01, 4.65252E-01, 6.23662E-01, 2.59206E-01
269, 4.33287E-01, 4.64512E-01, 6.23730E-01, 2.58440E-01
270, 4.32175E-01, 4.63793E-01, 6.23795E-01, 2.57688E-01
271, 4.31065E-01, 4.63094E-01, 6.23855E-01, 2.56948E-01
272, 4.29955E-01, 4.62416E-01, 6.23912E-01, 2.56220E-01
273, 4.28845E-01, 4.61758E-01, 6.23965E-01, 2.55503E-01
274, 4.27737E-01, 4.61121E-01, 6.24014E-01, 2.54796E-01
275, 4.26630E-01, 4.60505E-01, 6.24059E-01, 2.54098E-01
276, 4.25524E-01, 4.59909E-01, 6.24099E-01, 2.53409E-01
277, 4.24419E-01, 4.59333E-01, 6.24135E-01, 2.52728E-01
278, 4.23315E-01, 4.58779E-01, 6.24166E-01, 2.52054E-01
279, 4.22211E-01, 4.58245E-01, 6.24193E-01, 2.51387E-01
280, 4.21108E-01, 4.57733E-01, 6.24215E-01, 2.50726E-01
281, 4.20005E-01, 4.57241E-01, 6.24232E-01, 2.50070E-01
282, 4.18902E-01, 4.56771E-01, 6.24244E-01, 2.49420E-01
283, 4.17799E-01, 4.56322E-01, 6.24252E-01, 2.48774E-01
284, 4.16696E-01, 4.55895E-01, 6.24254E-01, 2.48132E-01
285, 4.15592E-01, 4.55489E-01, 6.24251E-01, 2.47495E-01
286, 4.14487E-01, 4.55105E-01, 6.24244E-01, 2.46861E-01
287, 4.13381E-01, 4.54743E-01, 6.24231E-01, 2.46230E-01
288, 4.12274E-01, 4.54403E-01, 6.24214E-01, 2.45603E-01
289, 4.11166E-01, 4.54086E-01, 6.24192E-01, 2.44978E-01
290, 4.10055E-01, 4.53790E-01, 6.24165E-01, 2.44356E-01
291, 4.08943E-01, 4.53517E-01, 6.24133E-01, 2.43737E-01
292, 4.07829E-01, 4.53265E-01, 6.24096E-01, 2.43121E-01
293, 4.06713E-01, 4.53036E-01, 6.24055E-01, 2.42507E-01
294, 4.05595E-01, 4.52829E-01, 6.24010E-01, 2.41895E-01
295, 4.04475E-01, 4.52645E-01, 6.23960E-01, 2.41285E-01
296, 4.03352E-01, 4.52482E-01, 6.23907E-01, 2.40677E-01
297, 4.02227E-01, 4.52341E-01, 6.23849E-01, 2.40071E-01
298, 4.01100E-01, 4.52222E-01, 6.23787E-01, 2.39467E-01
299, 3.99971E-01, 4.52125E-01, 6.23721E-01, 2.38865E-01
300, 3.98840E-01, 4.52049E-01, 6.23652E-01, 2.38264E-01
301, 3.97706E-01, 4.51994E-01, 6.23578E-01, 2.37665E-01
302, 3.96571E-01, 4.51960E-01, 6.23502E-01, 2.37066E-01
303, 3.95433E-01, 4.51947E-01, 6.23422E-01, 2.36469E-01
304, 3.94293E-01, 4.51954E-01, 6.23338E-01, 2.35872E-01
305, 3.93152E-01, 4.51982E-01, 6.23251E-01, 2.35276E-01
306, 3.92009E-01, 4.52030E-01, 6.23161E-01, 2.34680E-01
307, 3.90864E-01, 4.52098E-01, 6.23067E-01, 2.34085E-01
308, 3.89718E-01, 4.52185E-01, 6.22971E-01, 2.33489E-01
309, 3.88570E-01, 4.52291E-01, 6.22871E-01, 2.32893E-01
310, 3.87420E-01, 4.52416E-01, 6.22768E-01, 2.32296E-01
311, 3.86270E-01, 4.52560E-01, 6.22662E-01, 2.31699E-01
312, 3.85118E-01, 4.52722E-01, 6.22553E-01, 2.31101E-01
313, 3.83966E-01, 4.52903E-01, 6.22440E-01, 2.30502E-01
314, 3.82812E-01, 4.53101E-01, 6.22325E-01, 2.29902E-01
315, 3.81657E-01, 4.53317E-01, 6.22207E-01, 2.29300E-01
316, 3.80502E-01, 4.53550E-01, 6.22085E-01, 2.28698E-01
317, 3.79346E-01, 4.53801E-01, 6.21960E-01, 2.28094E-01
318, 3.78190E-01, 4.54069E-01, 6.21833E-01, 2.27490E-01
319, 3.77033E-01, 4.54354E-01, 6.21702E-01, 2.26884E-01
320, 3.75876E-01, 4.54656E-01, 6.21567E-01, 2.26278E-01
321, 3.74719E-01, 4.54974E-01, 6.21430E-01, 2.25672E-01
322, 3.73561E-01, 4.55309E-01, 6.21289E-01, 2.25065E-01
323, 3.72404E-01, 4.55660E-01, 6.21144E-01, 2.24459E-01
324, 3.71247E-01, 4.56027E-01, 6.20996E-01, 2.23854E-01
325, 3.70090E-01, 4.56411E-01, 6.20844E-01, 2.23250E-01
326, 3.68933E-01, 4.56811E-01, 6.20689E-01, 2.22647E-01
327, 3.67777E-01, 4.57227E-01, 6.20530E-01, 2.22047E-01
328, 3.66622E-01, 4.57659E-01, 6.20366E-01, 2.21450E-01
329, 3.65467E-01, 4.58107E-01, 6.20198E-01, 2.20856E-01
330, 3.64313E-01, 4.58572E-01, 6.20026E-01, 2.20267E-01
331, 3.63161E-01, 4.59052E-01, 6.19850E-01, 2.19683E-01
332, 3.62009E-01, 4.59548E-01, 6.19668E-01, 2.19105E-01
333, 3.60858E-01, 4.60060E-01, 6.19482E-01, 2.18533E-01
334, 3.59709E-01, 4.60588E-01, 6.19291E-01, 2.17968E-01
335, 3.58562E-01, 4.61132E-01, 6.19094E-01, 2.17412E-01
336, 3.57416E-01, 4.61691E-01, 6.18892E-01, 2.16864E-01
337, 3.56271E-01, 4.62267E-01, 6.18684E-01, 2.16325E-01
338, 3.55129E-01, 4.62858E-01, 6.18471E-01, 2.15797E-01
339, 3.53988E-01, 4.63465E-01, 6.18251E-01, 2.15280E-01
340, 3.52850E-01, 4.64087E-01, 6.18025E-01, 2.14774E-01
341, 3.51713E-01, 4.64725E-01, 6.17792E-01, 2.14280E-01
342, 3.50579E-01, 4.65379E-01, 6.17553E-01, 2.13799E-01
343, 3.49448E-01, 4.66047E-01, 6.17307E-01, 2.13332E-01
344, 3.48318E-01, 4.66731E-01, 6.17055E-01, 2.12878E-01
345, 3.47192E-01, 4.67430E-01, 6.16795E-01, 2.12439E-01
346, 3.46068E-01, 4.68144E-01, 6.16527E-01, 2.12014E-01
347, 3.44948E-01, 4.68872E-01, 6.16252E-01, 2.11605E-01
348, 3.43830E-01, 4.69615E-01, 6.15969E-01, 2.11212E-01
349, 3.42716E-01, 4.70372E-01, 6.15679E-01, 2.10835E-01
350, 3.41606E-01, 4.71144E-01, 6.15380E-01, 2.10474E-01
351, 3.40498E-01, 4.71929E-01, 6.15074E-01, 2.10131E-01
352, 3.39395E-01, 4.72728E-01, 6.14759E-01, 2.09804E-01
353, 3.38296E-01, 4.73541E-01, 6.14435E-01, 2.09495E-01
354, 3.37201E-01, 4.74366E-01, 6.14103E-01, 2.09204E-01
355, 3.36111E-01, 4.75205E-01, 6.13762E-01, 2.08931E-01
356, 3.35025E-01, 4.76057E-01, 6.13412E-01, 2.08677E-01
357, 3.33944E-01, 4.76921E-01, 6.13053E-01, 2.08442E-01
358, 3.32868E-01, 4.77797E-01, 6.12685E-01, 2.08225E-01
359, 3.31798E-01, 4.78684E-01, 6.12307E-01, 2.08029E-01
360, 3.30734E-01, 4.79584E-01, 6.11920E-01, 2.07852E-01
361, 3.29675E-01, 4.80495E-01, 6.11524E-01, 2.07695E-01
362, 3.28623E-01, 4.81416E-01, 6.11117E-01, 2.07559E-01
363, 3.27578E-01, 4.82348E-01, 6.10702E-01, 2.07443E-01
364, 3.26539E-01, 4.83291E-01, 6.10276E-01, 2.07348E-01
365, 3.25507E-01, 4.84243E-01, 6.09841E-01, 2.07275E-01
366, 3.24483E-01, 4.85205E-01, 6.09395E-01, 2.07223E-01
367, 3.23467E-01, 4.86176E-01, 6.08940E-01, 2.07193E-01
368, 3.22459E-01, 4.87156E-01, 6.08475E-01, 2.07184E-01
369, 3.21459E-01, 4.88144E-01, 6.08000E-01, 2.07197E-01
370, 3.20468E-01, 4.89140E-01, 6.07515E-01, 2.07231E-01
371, 3.19486E-01, 4.90144E-01, 6.07020E-01, 2.07287E-01
372, 3.18514E-01, 4.91155E-01, 6.06516E-01, 2.07365E-01
373, 3.17551E-01, 4.92172E-01, 6.06001E-01, 2.07463E-01
374, 3.16599E-01, 4.93197E-01, 6.05477E-01, 2.07582E-01
375, 3.15656E-01, 4.94227E-01, 6.04943E-01, 2.07721E-01
376, 3.14725E-01, 4.95263E-01, 6.04400E-01, 2.07880E-01
377, 3.13804E-01, 4.96304E-01, 6.03848E-01, 2.08057E-01
378, 3.12894E-01, 4.97350E-01, 6.03286E-01, 2.08253E-01
379, 3.11996E-01, 4.98401E-01, 6.02716E-01, 2.08466E-01
380, 3.11110E-01, 4.99455E-01, 6.02137E-01, 2.08696E-01
381, 3.10235E-01, 5.00513E-01, 6.01549E-01, 2.08941E-01
382, 3.09372E-01, 5.01574E-01, 6.00953E-01, 2.09201E-01
383, 3.08522E-01, 5.02637E-01, 6.00349E-01, 2.09476E-01
384, 3.07685E-01, 5.03703E-01, 5.99737E-01, 2.09762E-01
385, 3.06860E-01, 5.04771E-01, 5.99118E-01, 2.10061E-01
386, 3.06048E-01, 5.05841E-01, 5.98492E-01, 2.10371E-01
387, 3.05249E-01, 5.06911E-01, 5.97858E-01, 2.10691E-01
388, 3.04463E-01, 5.07982E-01, 5.97219E-01, 2.11020E-01
389, 3.03690E-01, 5.09053E-01, 5.96573E-01, 2.11357E-01
390, 3.02931E-01, 5.10124E-01, 5.95922E-01, 2.11702E-01
391, 3.02185E-01, 5.11194E-01, 5.95265E-01, 2.12053E-01
392, 3.01453E-01, 5.12263E-01, 5.94603E-01, 2.12411E-01
393, 3.00734E-01, 5.13330E-01, 5.93937E-01, 2.12773E-01
394, 3.00029E-01, 5.14396E-01, 5.93266E-01, 2.13140E-01
395, 2.99338E-01, 5.15459E-01, 5.92592E-01, 2.13511E-01
396, 2.98661E-01, 5.16520E-01, 5.91914E-01, 2.13885E-01
397, 2.97997E-01, 5.17577E-01, 5.91233E-01, 2.14262E-01
398, 2.97347E-01, 5.18631E-01, 5.90550E-01, 2.14641E-01
399, 2.96712E-01, 5.19681E-01, 5.89864E-01, 2.15022E-01
400, 2.96090E-01, 5.20727E-01, 5.89177E-01, 2.15405E-01
401, 2.95482E-01, 5.21767E-01, 5.88488E-01, 2.15788E-01
402, 2.94888E-01, 5.22803E-01, 5.87799E-01, 2.16172E-01
403, 2.94308E-01, 5.23834E-01, 5.87109E-01, 2.16557E-01
404, 2.93742E-01, 5.24858E-01, 5.86419E-01, 2.16942E-01
405, 2.93190E-01, 5.25877E-01, 5.85729E-01, 2.17326E-01
406, 2.92652E-01, 5.26889E-01, 5.85040E-01, 2.17710E-01
407, 2.92128E-01, 5.27894E-01, 5.84352E-01, 2.18094E-01
408, 2.91618E-01, 5.28892E-01, 5.83666E-01, 2.18476E-01
409, 2.91122E-01, 5.29882E-01, 5.82982E-01, 2.18858E-01
410, 2.90640E-01, 5.30864E-01, 5.82300E-01, 2.19238E-01
411, 2.90172E-01, 5.31839E-01, 5.81621E-01, 2.19618E-01
412, 2.89718E-01, 5.32804E-01, 5.80946E-01, 2.19995E-01
413, 2.89277E-01, 5.33762E-01, 5.80274E-01, 2.20372E-01
414, 2.88851E-01, 5.34710E-01, 5.79605E-01, 2.20747E-01
415, 2.88438E-01, 5.35648E-01, 5.78942E-01, 2.21120E-01
416, 2.88040E-01, 5.36577E-01, 5.78283E-01, 2.21491E-01
417, 2.87655E-01, 5.37497E-01, 5.77629E-01, 2.21861E-01
418, 2.87284E-01, 5.38406E-01, 5.76980E-01, 2.22229E-01
419, 2.86926E-01, 5.39304E-01, 5.76338E-01, 2.22595E-01
420, 2.86583E-01, 5.40193E-01, 5.75701E-01, 2.22960E-01
421, 2.86253E-01, 5.41070E-01, 5.75071E-01, 2.23323E-01
422, 2.85938E-01, 5.41937E-01, 5.74447E-01, 2.23684E-01
423, 2.85636E-01, 5.42792E-01, 5.73831E-01, 2.24043E-01
424, 2.85348E-01, 5.43636E-01, 5.73222E-01, 2.24401E-01
425, 2.85074E-01, 5.44468E-01, 5.72621E-01, 2.24757E-01
426, 2.84813E-01, 5.45289E-01, 5.72027E-01, 2.25112E-01
427, 2.84567E-01, 5.46097E-01, 5.71442E-01, 2.25465E-01
428, 2.84335E-01, 5.46894E-01, 5.70865E-01, 2.25816E-01
429, 2.84117E-01, 5.47678E-01, 5.70297E-01, 2.26166E-01
430, 2.83913E-01, 5.48451E-01, 5.69737E-01, 2.26515E-01
431, 2.83723E-01, 5.49210E-01, 5.69187E-01, 2.26862E-01
432, 2.83548E-01, 5.49958E-01, 5.68647E-01, 2.27208E-01
433, 2.83387E-01, 5.50692E-01, 5.68115E-01, 2.27552E-01
434, 2.83240E-01, 5.51414E-01, 5.67594E-01, 2.27896E-01
435, 2.83107E-01, 5.52123E-01, 5.67083E-01, 2.28237E-01
436, 2.82989E-01, 5.52819E-01, 5.66581E-01, 2.28577E-01
437, 2.82886E-01, 5.53502E-01, 5.66091E-01, 2.28916E-01
438, 2.82797E-01, 5.54172E-01, 5.65611E-01, 2.29254E-01
439, 2.82722E-01, 5.54829E-01, 5.65141E-01, 2.29589E-01
440, 2.82662E-01, 5.55472E-01, 5.64683E-01, 2.29924E-01
441, 2.82617E-01, 5.56102E-01, 5.64235E-01, 2.30256E-01
442, 2.82586E-01, 5.56719E-01, 5.63799E-01, 2.30587E-01
443, 2.82569E-01, 5.57322E-01, 5.63374E-01, 2.30916E-01
444, 2.82567E-01, 5.57912E-01, 5.62961E-01, 2.31243E-01
445, 2.82579E-01, 5.58488E-01, 5.62560E-01, 2.31567E-01
446, 2.82606E-01, 5.59051E-01, 5.62170E-01, 2.31890E-01
447, 2.82646E-01, 5.59599E-01, 5.61792E-01, 2.32210E-01
448, 2.82701E-01, 5.60134E-01, 5.61426E-01, 2.32528E-01
449, 2.82770E-01, 5.60655E-01, 5.61072E-01, 2.32843E-01
450, 2.82852E-01, 5.61162E-01, 5.60730E-01, 2.33155E-01
451, 2.82949E-01, 5.61655E-01, 5.60401E-01, 2.33465E-01
452, 2.83059E-01, 5.62134E-01, 5.60083E-01, 2.33771E-01
453, 2.83183E-01, 5.62599E-01, 5.59778E-01, 2.34074E-01
454, 2.83320E-01, 5.63049E-01, 5.59486E-01, 2.34374E-01
455, 2.83471E-01, 5.63485E-01, 5.59205E-01, 2.34671E-01
456, 2.83635E-01, 5.63907E-01, 5.58937E-01, 2.34963E-01
457, 2.83811E-01, 5.64314E-01, 5.58682E-01, 2.35252E-01
458, 2.84001E-01, 5.64707E-01, 5.58438E-01, 2.35537E-01
459, 2.84203E-01, 5.65085E-01, 5.58207E-01, 2.35817E-01
460, 2.84417E-01, 5.65449E-01, 5.57988E-01, 2.36094E-01
461, 2.84644E-01, 5.65798E-01, 5.57782E-01, 2.36366E-01
462, 2.84883E-01, 5.66133E-01, 5.57587E-01, 2.36633E-01
463, 2.85133E-01, 5.66452E-01, 5.57405E-01, 2.36896E-01
464, 2.85395E-01, 5.66757E-01, 5.57234E-01, 2.37153E-01
465, 2.85668E-01, 5.67047E-01, 5.57076E-01, 2.37406E-01
466, 2.85952E-01, 5.67323E-01, 5.56930E-01, 2.37654E-01
467, 2.86247E-01, 5.67583E-01, 5.56795E-01, 2.37896E-01
468, 2.86553E-01, 5.67829E-01, 5.56672E-01, 2.38134E-01
469, 2.86869E-01, 5.68060E-01, 5.56561E-01, 2.38365E-01
470, 2.87195E-01, 5.68276E-01, 5.56461E-01, 2.38591E-01
471, 2.87531E-01, 5.68477E-01, 5.56373E-01, 2.38812E-01
472, 2.87877E-01, 5.68663E-01, 5.56296E-01, 2.39027E-01
473, 2.88232E-01, 5.68835E-01, 5.56230E-01, 2.39236E-01
474, 2.88596E-01, 5.68992E-01, 5.56175E-01, 2.39439E-01
475, 2.88970E-01, 5.69134E-01, 5.56132E-01, 2.39636E-01
476, 2.89352E-01, 5.69262E-01, 5.56099E-01, 2.39828E-01
477, 2.89743E-01, 5.69375E-01, 5.56077E-01, 2.40013E-01
478, 2.90143E-01, 5.69474E-01, 5.56066E-01, 2.40192E-01
479, 2.90551E-01, 5.69558E-01, 5.56065E-01, 2.40366E-01
480, 2.90968E-01, 5.69627E-01, 5.56075E-01, 2.40533E-01
481, 2.91394E-01, 5.69682E-01, 5.56095E-01, 2.40695E-01
482, 2.91827E-01, 5.69723E-01, 5.56125E-01, 2.40850E-01
483, 2.92269E-01, 5.69749E-01, 5.56165E-01, 2.41000E-01
484, 2.92719E-01, 5.69762E-01, 5.56215E-01, 2.41143E-01
485, 2.93176E-01, 5.69760E-01, 5.56275E-01, 2.41281E-01
486, 2.93642E-01, 5.69743E-01, 5.56344E-01, 2.41413E-01
487, 2.94116E-01, 5.69713E-01, 5.56423E-01, 2.41540E-01
488, 2.94598E-01, 5.69669E-01, 5.56511E-01, 2.41661E-01
489, 2.95088E-01, 5.69611E-01, 5.56608E-01, 2.41777E-01
490, 2.95586E-01, 5.69538E-01, 5.56715E-01, 2.41887E-01
491, 2.96092E-01, 5.69452E-01, 5.56830E-01, 2.41992E-01
492, 2.96606E-01, 5.69353E-01, 5.56954E-01, 2.42092E-01
493, 2.97127E-01, 5.69239E-01, 5.57086E-01, 2.42188E-01
494, 2.97657E-01, 5.69112E-01, 5.57227E-01, 2.42278E-01
495, 2.98193E-01, 5.68971E-01, 5.57376E-01, 2.42364E-01
496, 2.98738E-01, 5.68817E-01, 5.57533E-01, 2.42445E-01
497, 2.99290E-01, 5.68650E-01, 5.57697E-01, 2.42522E-01
498, 2.99850E-01, 5.68469E-01, 5.57869E-01, 2.42595E-01
499, 3.00417E-01, 5.68275E-01, 5.58049E-01, 2.42664E-01
500, 3.00991E-01, 5.68067E-01, 5.58236E-01, 2.42729E-01
