time_step, rel_err_u, rel_err_v, rel_err_w, rel_err_p
0, 0.00000E+00, 0.00000E+00, 0.00000E+00, 0.00000E+00
1, 1.77102E-04, 1.37429E-04, 1.40011E-04, 9.03651E-03
2, 1.59910E-04, 1.33456E-04, 1.27717E-04, 1.98497E-02
3, 9.69934E-05, 8.01490E-05, 7.80299E-05, 1.57526E-02
4, 1.01117E-05, 4.10514E-06, 4.15240E-06, 2.42219E-04
5, 7.38440E-06, 4.28664E-06, 3.45607E-06, 2.04041E-04
6, 7.54410E-06, 4.25053E-06, 3.42386E-06, 4.98385E-05
7, 7.81108E-06, 4.30891E-06, 3.42460E-06, 7.19557E-06
8, 7.97159E-06, 4.36468E-06, 3.43064E-06, 2.88458E-06
9, 8.16316E-06, 4.41555E-06, 3.42910E-06, 9.30283E-07
10, 8.34042E-06, 4.46278E-06, 3.42009E-06, 2.93947E-07
11, 8.50231E-06, 4.50588E-06, 3.40363E-06, 1.27904E-07
12, 8.64801E-06, 4.54478E-06, 3.37978E-06, 5.40973E-08
13, 8.77674E-06, 4.57943E-06, 3.34863E-06, 5.21073E-08
14, 8.88779E-06, 4.60977E-06, 3.31027E-06, 5.20435E-08
15, 8.98048E-06, 4.63575E-06, 3.28049E-06, 5.21338E-08
16, 9.05422E-06, 4.65735E-06, 3.28281E-06, 5.19495E-08
17, 9.10846E-06, 4.67452E-06, 3.27760E-06, 5.16285E-08
18, 9.14272E-06, 4.68724E-06, 3.26491E-06, 5.11821E-08
19, 9.15659E-06, 4.69549E-06, 3.24479E-06, 5.05984E-08
20, 9.14974E-06, 4.69926E-06, 3.21731E-06, 5.12122E-08
21, 9.23432E-06, 4.69856E-06, 3.18257E-06, 5.19769E-08
22, 9.40338E-06, 4.69339E-06, 3.14070E-06, 5.26515E-08
23, 9.55515E-06, 4.68375E-06, 3.09184E-06, 5.32314E-08
24, 9.68877E-06, 4.66969E-06, 3.03616E-06, 5.37120E-08
25, 9.80344E-06, 4.65122E-06, 3.02039E-06, 5.40895E-08
26, 9.89839E-06, 4.62839E-06, 3.02440E-06, 5.43597E-08
27, 9.97295E-06, 4.61235E-06, 3.02136E-06, 5.45194E-08
28, 1.00265E-05, 4.68429E-06, 3.03427E-06, 5.45653E-08
29, 1.00584E-05, 4.75239E-06, 3.09335E-06, 5.44947E-08
30, 1.00683E-05, 4.81655E-06, 3.15040E-06, 5.43051E-08
31, 1.02369E-05, 4.87666E-06, 3.20522E-06, 5.39946E-08
32, 1.04050E-05, 4.93261E-06, 3.25767E-06, 5.35617E-08
33, 1.05557E-05, 4.98433E-06, 3.30758E-06, 5.30051E-08
34, 1.06883E-05, 5.03172E-06, 3.35479E-06, 5.23243E-08
35, 1.08022E-05, 5.07470E-06, 3.39914E-06, 5.15191E-08
36, 1.08969E-05, 5.11320E-06, 3.44048E-06, 5.05896E-08
37, 1.09719E-05, 5.14717E-06, 3.47866E-06, 4.95368E-08
38, 1.10267E-05, 5.17654E-06, 3.57820E-06, 4.96697E-08
39, 1.10609E-05, 5.20127E-06, 3.68663E-06, 4.99682E-08
40, 1.10743E-05, 5.22131E-06, 3.79419E-06, 5.01579E-08
41, 1.11607E-05, 5.23664E-06, 3.90063E-06, 5.02354E-08
42, 1.13663E-05, 5.24723E-06, 4.00571E-06, 5.01980E-08
43, 1.15535E-05, 5.25307E-06, 4.10919E-06, 5.00430E-08
44, 1.17214E-05, 5.25414E-06, 4.21079E-06, 4.97684E-08
45, 1.18692E-05, 5.25047E-06, 4.31025E-06, 4.93727E-08
46, 1.19961E-05, 5.24206E-06, 4.40732E-06, 4.88548E-08
47, 1.21015E-05, 5.22893E-06, 4.50175E-06, 4.82142E-08
48, 1.21848E-05, 5.21112E-06, 4.59329E-06, 4.74508E-08
49, 1.22454E-05, 5.18867E-06, 4.68169E-06, 4.65653E-08
50, 1.22828E-05, 5.16163E-06, 4.76671E-06, 4.55588E-08
51, 1.22966E-05, 5.13006E-06, 4.84811E-06, 4.44330E-08
52, 1.22864E-05, 5.09403E-06, 4.92566E-06, 4.31902E-08
53, 1.22521E-05, 5.05361E-06, 4.99914E-06, 4.18331E-08
54, 1.21933E-05, 5.00890E-06, 5.06832E-06, 4.27070E-08
55, 1.21101E-05, 4.98591E-06, 5.13301E-06, 4.35402E-08
56, 1.20024E-05, 4.95989E-06, 5.19299E-06, 4.42720E-08
57, 1.21160E-05, 4.92977E-06, 5.24809E-06, 4.49014E-08
58, 1.22579E-05, 4.90941E-06, 5.29812E-06, 4.54281E-08
59, 1.23804E-05, 4.96094E-06, 5.34291E-06, 4.58519E-08
60, 1.24829E-05, 5.00802E-06, 5.38231E-06, 4.61729E-08
61, 1.25651E-05, 5.05056E-06, 5.41617E-06, 4.63917E-08
62, 1.26439E-05, 5.08851E-06, 5.44435E-06, 4.65091E-08
63, 1.29396E-05, 5.12181E-06, 5.46675E-06, 4.65262E-08
64, 1.32177E-05, 5.15041E-06, 5.48326E-06, 4.68466E-08
65, 1.34773E-05, 5.17428E-06, 5.49377E-06, 4.71064E-08
66, 1.37175E-05, 5.19337E-06, 5.49822E-06, 4.73038E-08
67, 1.39373E-05, 5.20767E-06, 5.49654E-06, 4.74397E-08
68, 1.41359E-05, 5.21717E-06, 5.48867E-06, 4.75150E-08
69, 1.43126E-05, 5.22187E-06, 5.51596E-06, 4.75302E-08
70, 1.44666E-05, 5.22176E-06, 5.63795E-06, 4.74857E-08
71, 1.45972E-05, 5.21688E-06, 5.75551E-06, 4.87294E-08
72, 1.47039E-05, 5.20725E-06, 5.86833E-06, 4.99593E-08
73, 1.47860E-05, 5.19290E-06, 5.97614E-06, 5.11057E-08
74, 1.48431E-05, 5.18126E-06, 6.07866E-06, 5.21675E-08
75, 1.48748E-05, 5.23535E-06, 6.17562E-06, 5.31439E-08
76, 1.48807E-05, 5.28698E-06, 6.26676E-06, 5.40340E-08
77, 1.48605E-05, 5.33608E-06, 6.35183E-06, 5.48372E-08
78, 1.48141E-05, 5.38258E-06, 6.43063E-06, 5.55527E-08
79, 1.47412E-05, 5.42641E-06, 6.50292E-06, 5.61799E-08
80, 1.48022E-05, 5.46751E-06, 6.56850E-06, 5.67183E-08
81, 1.49818E-05, 5.50580E-06, 6.62720E-06, 5.71674E-08
82, 1.51382E-05, 5.54124E-06, 6.67885E-06, 5.75267E-08
83, 1.52708E-05, 5.57374E-06, 6.72328E-06, 5.77957E-08
84, 1.53788E-05, 5.60327E-06, 6.76037E-06, 5.79740E-08
85, 1.54616E-05, 5.62976E-06, 6.78999E-06, 5.80612E-08
86, 1.55186E-05, 5.65315E-06, 6.81205E-06, 5.80571E-08
87, 1.55493E-05, 5.67340E-06, 6.82646E-06, 5.79611E-08
88, 1.55533E-05, 5.69045E-06, 6.83315E-06, 5.77732E-08
89, 1.55302E-05, 5.70505E-06, 6.83208E-06, 5.74929E-08
90, 1.54798E-05, 5.73936E-06, 6.82320E-06, 5.71204E-08
91, 1.54018E-05, 5.77081E-06, 6.80652E-06, 5.66554E-08
92, 1.52961E-05, 5.79933E-06, 6.78202E-06, 5.60981E-08
93, 1.51627E-05, 5.82486E-06, 6.74974E-06, 5.54487E-08
94, 1.50015E-05, 5.84735E-06, 6.70971E-06, 5.47075E-08
95, 1.48127E-05, 5.86673E-06, 6.66198E-06, 5.38752E-08
96, 1.45963E-05, 5.88294E-06, 6.60663E-06, 5.34702E-08
97, 1.43528E-05, 5.89592E-06, 6.54375E-06, 5.33970E-08
98, 1.40823E-05, 5.90564E-06, 6.47344E-06, 5.32616E-08
99, 1.39741E-05, 5.91203E-06, 6.57646E-06, 5.30671E-08
100, 1.40522E-05, 5.91504E-06, 6.67686E-06, 5.28162E-08
101, 1.41677E-05, 5.91464E-06, 6.76949E-06, 5.25119E-08
102, 1.42658E-05, 5.91078E-06, 6.85413E-06, 5.21567E-08
103, 1.43597E-05, 5.90343E-06, 6.93057E-06, 5.17531E-08
104, 1.46790E-05, 5.89255E-06, 6.99864E-06, 5.13038E-08
105, 1.49810E-05, 5.87811E-06, 7.05816E-06, 5.08108E-08
106, 1.52651E-05, 5.86008E-06, 7.10898E-06, 5.02764E-08
107, 1.55309E-05, 5.83843E-06, 7.15099E-06, 4.97025E-08
108, 1.57777E-05, 5.81317E-06, 7.18407E-06, 4.90911E-08
109, 1.60052E-05, 5.78425E-06, 7.20813E-06, 4.84440E-08
110, 1.62129E-05, 5.77685E-06, 7.22312E-06, 4.77628E-08
111, 1.64004E-05, 5.77290E-06, 7.22898E-06, 4.70490E-08
112, 1.65675E-05, 5.76563E-06, 7.22570E-06, 4.63043E-08
113, 1.67138E-05, 5.84394E-06, 7.21327E-06, 4.55304E-08
114, 1.68392E-05, 5.96055E-06, 7.19171E-06, 4.52097E-08
115, 1.69435E-05, 6.07605E-06, 7.16105E-06, 4.47533E-08
116, 1.70264E-05, 6.19031E-06, 7.12135E-06, 4.41581E-08
117, 1.70880E-05, 6.30321E-06, 7.07269E-06, 4.34217E-08
118, 1.71282E-05, 6.41460E-06, 7.01517E-06, 4.48439E-08
119, 1.71471E-05, 6.52434E-06, 6.94889E-06, 4.64595E-08
120, 1.71447E-05, 6.63230E-06, 6.87399E-06, 4.79519E-08
121, 1.71210E-05, 6.73833E-06, 6.97975E-06, 4.93120E-08
122, 1.73280E-05, 6.84229E-06, 7.13124E-06, 5.05320E-08
123, 1.75526E-05, 6.94404E-06, 7.27423E-06, 5.16043E-08
124, 1.77564E-05, 7.04341E-06, 7.40843E-06, 5.25222E-08
125, 1.79389E-05, 7.14027E-06, 7.53354E-06, 5.32801E-08
126, 1.80999E-05, 7.23447E-06, 7.64931E-06, 5.38730E-08
127, 1.82390E-05, 7.32585E-06, 7.75548E-06, 5.42969E-08
128, 1.83561E-05, 7.41427E-06, 7.85185E-06, 5.45487E-08
129, 1.84509E-05, 7.49956E-06, 7.93821E-06, 5.46263E-08
130, 1.85233E-05, 7.58158E-06, 8.01437E-06, 5.45287E-08
131, 1.85733E-05, 7.66018E-06, 8.08018E-06, 5.42559E-08
132, 1.86008E-05, 7.73521E-06, 8.13551E-06, 5.38087E-08
133, 1.86060E-05, 7.80651E-06, 8.18024E-06, 5.31890E-08
134, 1.85887E-05, 7.87394E-06, 8.21428E-06, 5.23998E-08
135, 1.85493E-05, 7.93734E-06, 8.23756E-06, 5.14449E-08
136, 1.84878E-05, 7.99658E-06, 8.25003E-06, 5.03290E-08
137, 1.84046E-05, 8.05151E-06, 8.25167E-06, 4.90579E-08
138, 1.82998E-05, 8.10200E-06, 8.24248E-06, 4.76380E-08
139, 1.81738E-05, 8.14789E-06, 8.22248E-06, 4.79098E-08
140, 1.80270E-05, 8.18907E-06, 8.19170E-06, 4.82423E-08
141, 1.78598E-05, 8.22540E-06, 8.15021E-06, 4.84885E-08
142, 1.76979E-05, 8.25675E-06, 8.09810E-06, 4.86420E-08
143, 1.77336E-05, 8.28302E-06, 8.03546E-06, 4.90252E-08
144, 1.77470E-05, 8.30408E-06, 7.96243E-06, 5.04484E-08
145, 1.77379E-05, 8.31989E-06, 7.87914E-06, 5.18081E-08
146, 1.77065E-05, 8.33029E-06, 7.78576E-06, 5.30980E-08
147, 1.76526E-05, 8.33519E-06, 7.68247E-06, 5.43116E-08
148, 1.75763E-05, 8.33448E-06, 7.56946E-06, 5.54427E-08
149, 1.74779E-05, 8.32811E-06, 7.44697E-06, 5.64855E-08
150, 1.73575E-05, 8.31597E-06, 7.31521E-06, 5.74342E-08
151, 1.72766E-05, 8.29803E-06, 7.17443E-06, 5.82835E-08
152, 1.75173E-05, 8.27421E-06, 7.02491E-06, 5.90284E-08
153, 1.77419E-05, 8.24447E-06, 6.86692E-06, 5.96642E-08
154, 1.79500E-05, 8.20878E-06, 6.70075E-06, 6.01870E-08
155, 1.81412E-05, 8.16710E-06, 6.52672E-06, 6.05928E-08
156, 1.83152E-05, 8.11941E-06, 6.34512E-06, 6.08786E-08
157, 1.84714E-05, 8.06571E-06, 6.30106E-06, 6.10417E-08
158, 1.86097E-05, 8.00599E-06, 6.42842E-06, 6.10800E-08
159, 1.87298E-05, 7.94026E-06, 6.54800E-06, 6.09919E-08
160, 1.88314E-05, 7.86856E-06, 6.65970E-06, 6.07876E-08
161, 1.89143E-05, 7.79089E-06, 6.76333E-06, 6.19179E-08
162, 1.89783E-05, 7.70731E-06, 6.85877E-06, 6.29052E-08
163, 1.90233E-05, 7.61787E-06, 6.94589E-06, 6.37484E-08
164, 1.90492E-05, 7.52263E-06, 7.02463E-06, 6.44470E-08
165, 1.90560E-05, 7.42165E-06, 7.09490E-06, 6.50011E-08
166, 1.90435E-05, 7.31502E-06, 7.15666E-06, 6.54411E-08
167, 1.90119E-05, 7.20283E-06, 7.20986E-06, 6.58367E-08
168, 1.89610E-05, 7.08518E-06, 7.25449E-06, 6.60812E-08
169, 1.88911E-05, 6.96217E-06, 7.29054E-06, 6.61776E-08
170, 1.88023E-05, 6.83393E-06, 7.31802E-06, 6.61295E-08
171, 1.86946E-05, 6.70058E-06, 7.33695E-06, 6.59410E-08
172, 1.85682E-05, 6.56226E-06, 7.34739E-06, 6.56168E-08
173, 1.84235E-05, 6.41910E-06, 7.34938E-06, 6.51619E-08
174, 1.82605E-05, 6.27127E-06, 7.34300E-06, 6.45817E-08
175, 1.80796E-05, 6.11892E-06, 7.32833E-06, 6.38820E-08
176, 1.78810E-05, 5.96221E-06, 7.30549E-06, 6.30689E-08
177, 1.76652E-05, 5.80131E-06, 7.27457E-06, 6.21487E-08
178, 1.74427E-05, 5.63641E-06, 7.23571E-06, 6.11279E-08
179, 1.73556E-05, 5.46768E-06, 7.18905E-06, 6.00133E-08
180, 1.72467E-05, 5.45067E-06, 7.13473E-06, 5.88116E-08
181, 1.71166E-05, 5.50553E-06, 7.07293E-06, 5.75298E-08
182, 1.69657E-05, 5.55596E-06, 7.00382E-06, 5.61746E-08
183, 1.70587E-05, 5.60189E-06, 6.92758E-06, 5.47530E-08
184, 1.73579E-05, 5.64328E-06, 6.84441E-06, 5.32718E-08
185, 1.76367E-05, 5.68006E-06, 6.75451E-06, 5.17377E-08
186, 1.78949E-05, 5.71221E-06, 6.65810E-06, 5.01573E-08
187, 1.81322E-05, 5.73969E-06, 6.55539E-06, 4.85371E-08
188, 1.83484E-05, 5.76247E-06, 6.44662E-06, 4.68833E-08
189, 1.85434E-05, 5.78053E-06, 6.33202E-06, 4.52020E-08
190, 1.87171E-05, 5.79386E-06, 6.21184E-06, 4.34991E-08
191, 1.88694E-05, 5.80245E-06, 6.08632E-06, 4.17801E-08
192, 1.90002E-05, 5.80631E-06, 5.95572E-06, 4.00503E-08
193, 1.91096E-05, 5.80545E-06, 5.82030E-06, 3.83147E-08
194, 1.91976E-05, 5.79987E-06, 5.68031E-06, 3.65781E-08
195, 1.92642E-05, 5.78961E-06, 5.53603E-06, 3.48450E-08
196, 1.93095E-05, 5.77468E-06, 5.38772E-06, 3.31195E-08
197, 1.93336E-05, 5.75513E-06, 5.23566E-06, 3.14054E-08
198, 1.93367E-05, 5.73100E-06, 5.08012E-06, 3.09850E-08
199, 1.93191E-05, 5.70232E-06, 4.92137E-06, 3.10779E-08
200, 1.92808E-05, 5.66918E-06, 4.75968E-06, 3.10727E-08
201, 1.92221E-05, 5.63166E-06, 4.59534E-06, 3.09725E-08
202, 1.91434E-05, 5.58978E-06, 4.43446E-06, 3.07805E-08
203, 1.90448E-05, 5.54361E-06, 4.39809E-06, 3.09466E-08
204, 1.89268E-05, 5.49322E-06, 4.35531E-06, 3.15636E-08
205, 1.87897E-05, 5.43870E-06, 4.30627E-06, 3.20513E-08
206, 1.86338E-05, 5.38013E-06, 4.25112E-06, 3.24122E-08
207, 1.84596E-05, 5.31761E-06, 4.33477E-06, 3.26496E-08
208, 1.82675E-05, 5.25122E-06, 4.42786E-06, 3.27668E-08
209, 1.80579E-05, 5.18107E-06, 4.51323E-06, 3.27679E-08
210, 1.78313E-05, 5.10726E-06, 4.59086E-06, 3.26570E-08
211, 1.75882E-05, 5.02990E-06, 4.66075E-06, 3.24387E-08
212, 1.73291E-05, 4.94910E-06, 4.72293E-06, 3.21181E-08
213, 1.70546E-05, 4.86498E-06, 4.77742E-06, 3.16999E-08
214, 1.67650E-05, 4.77764E-06, 4.82425E-06, 3.11898E-08
215, 1.64612E-05, 4.68722E-06, 4.86350E-06, 3.05930E-08
216, 1.61435E-05, 4.59384E-06, 4.89521E-06, 2.99153E-08
217, 1.58126E-05, 4.49762E-06, 4.91947E-06, 2.91623E-08
218, 1.54690E-05, 4.39869E-06, 4.93637E-06, 2.92816E-08
219, 1.51135E-05, 4.29719E-06, 4.94600E-06, 2.97352E-08
220, 1.47466E-05, 4.19324E-06, 4.94848E-06, 3.01037E-08
221, 1.43689E-05, 4.08699E-06, 4.94393E-06, 3.03891E-08
222, 1.39810E-05, 3.97856E-06, 4.93248E-06, 3.05940E-08
223, 1.35837E-05, 3.86809E-06, 4.91427E-06, 3.07210E-08
224, 1.31776E-05, 3.75573E-06, 4.88945E-06, 3.07728E-08
225, 1.27633E-05, 3.64161E-06, 4.85819E-06, 3.07524E-08
226, 1.23414E-05, 3.65390E-06, 4.82064E-06, 3.06629E-08
227, 1.19127E-05, 3.69836E-06, 4.77699E-06, 3.05073E-08
228, 1.14778E-05, 3.74050E-06, 4.72741E-06, 3.02889E-08
229, 1.11282E-05, 3.78033E-06, 4.67210E-06, 3.00111E-08
230, 1.11093E-05, 3.81786E-06, 4.61125E-06, 2.96771E-08
231, 1.10780E-05, 3.85311E-06, 4.54507E-06, 2.92904E-08
232, 1.10347E-05, 3.88610E-06, 4.47376E-06, 2.88543E-08
233, 1.09794E-05, 3.96258E-06, 4.39755E-06, 2.83721E-08
234, 1.09125E-05, 4.06539E-06, 4.31663E-06, 2.78473E-08
235, 1.08342E-05, 4.16407E-06, 4.23125E-06, 2.72832E-08
236, 1.07448E-05, 4.25862E-06, 4.14161E-06, 2.66831E-08
237, 1.06444E-05, 4.34904E-06, 4.16055E-06, 2.60502E-08
238, 1.05335E-05, 4.43534E-06, 4.19658E-06, 2.53877E-08
239, 1.04122E-05, 4.51751E-06, 4.22631E-06, 2.46985E-08
240, 1.02810E-05, 4.59558E-06, 4.24979E-06, 2.39859E-08
241, 1.01401E-05, 4.66955E-06, 4.26709E-06, 2.32526E-08
242, 9.98986E-06, 4.73946E-06, 4.27828E-06, 2.25014E-08
243, 9.83063E-06, 4.80532E-06, 4.28343E-06, 2.17352E-08
244, 9.66277E-06, 4.86716E-06, 4.28264E-06, 2.09564E-08
245, 9.48664E-06, 4.92502E-06, 4.27600E-06, 2.01675E-08
246, 9.30261E-06, 4.97892E-06, 4.26363E-06, 1.93710E-08
247, 9.11107E-06, 5.02891E-06, 4.24564E-06, 1.85690E-08
248, 9.04927E-06, 5.07503E-06, 4.22216E-06, 1.77638E-08
249, 9.19328E-06, 5.11732E-06, 4.19332E-06, 1.77149E-08
250, 9.32591E-06, 5.15583E-06, 4.15926E-06, 1.79851E-08
251, 9.44726E-06, 5.19060E-06, 4.12013E-06, 1.82342E-08
252, 9.55743E-06, 5.22170E-06, 4.07608E-06, 1.84620E-08
253, 9.65654E-06, 5.24917E-06, 4.02726E-06, 1.86686E-08
254, 9.74473E-06, 5.27307E-06, 3.97386E-06, 1.88537E-08
255, 9.82215E-06, 5.29346E-06, 3.91602E-06, 1.90173E-08
256, 9.88894E-06, 5.31041E-06, 3.85394E-06, 1.91595E-08
257, 9.94528E-06, 5.32397E-06, 3.78779E-06, 1.92800E-08
258, 9.99135E-06, 5.33421E-06, 3.71776E-06, 1.93788E-08
259, 1.00273E-05, 5.34120E-06, 3.64402E-06, 1.94559E-08
260, 1.00534E-05, 5.34500E-06, 3.56678E-06, 1.95113E-08
261, 1.00698E-05, 5.34570E-06, 3.48623E-06, 1.95450E-08
262, 1.00768E-05, 5.34336E-06, 3.40256E-06, 1.95569E-08
263, 1.00745E-05, 5.33805E-06, 3.31597E-06, 1.95471E-08
264, 1.00632E-05, 5.32984E-06, 3.22665E-06, 1.95158E-08
265, 1.00431E-05, 5.31880E-06, 3.13482E-06, 1.94628E-08
266, 1.00145E-05, 5.30502E-06, 3.04066E-06, 1.93885E-08
267, 9.97770E-06, 5.28857E-06, 2.94438E-06, 1.92928E-08
268, 9.93284E-06, 5.26952E-06, 2.84619E-06, 1.91761E-08
269, 9.88023E-06, 5.24795E-06, 2.74628E-06, 1.90385E-08
270, 9.82015E-06, 5.22394E-06, 2.75363E-06, 1.88803E-08
271, 9.75287E-06, 5.19758E-06, 2.79468E-06, 1.87018E-08
272, 9.67865E-06, 5.16892E-06, 2.83175E-06, 1.85031E-08
273, 9.59779E-06, 5.13807E-06, 2.86483E-06, 1.82848E-08
274, 9.51056E-06, 5.10508E-06, 2.89398E-06, 1.80472E-08
275, 9.41726E-06, 5.07005E-06, 2.91922E-06, 1.77906E-08
276, 9.31817E-06, 5.03305E-06, 2.94058E-06, 1.75156E-08
277, 9.21356E-06, 4.99416E-06, 2.95814E-06, 1.72226E-08
278, 9.10373E-06, 4.95346E-06, 2.97192E-06, 1.69122E-08
279, 8.98897E-06, 4.91103E-06, 2.98200E-06, 1.65848E-08
280, 8.86955E-06, 4.86693E-06, 2.98842E-06, 1.62411E-08
281, 8.74577E-06, 4.82126E-06, 2.99125E-06, 1.58816E-08
282, 8.61792E-06, 4.77408E-06, 2.99057E-06, 1.55070E-08
283, 8.48627E-06, 4.72548E-06, 2.98645E-06, 1.51180E-08
284, 8.35111E-06, 4.67552E-06, 2.97897E-06, 1.47152E-08
285, 8.21272E-06, 4.62428E-06, 2.96821E-06, 1.42993E-08
286, 8.07138E-06, 4.57183E-06, 2.95426E-06, 1.38712E-08
287, 7.92736E-06, 4.51825E-06, 2.93721E-06, 1.34315E-08
288, 7.78093E-06, 4.46361E-06, 2.91715E-06, 1.29810E-08
289, 7.63236E-06, 4.40798E-06, 2.89419E-06, 1.25222E-08
290, 7.48191E-06, 4.35142E-06, 2.86842E-06, 1.21432E-08
291, 7.32984E-06, 4.29400E-06, 2.83994E-06, 1.17583E-08
292, 7.17640E-06, 4.23580E-06, 2.80886E-06, 1.13682E-08
293, 7.02184E-06, 4.17687E-06, 2.77529E-06, 1.09738E-08
294, 6.86640E-06, 4.11728E-06, 2.73933E-06, 1.05758E-08
295, 6.71032E-06, 4.05710E-06, 2.70110E-06, 1.01748E-08
296, 6.55383E-06, 3.99638E-06, 2.66071E-06, 1.01265E-08
297, 6.45433E-06, 3.93518E-06, 2.61826E-06, 1.02209E-08
298, 6.39073E-06, 3.87357E-06, 2.57388E-06, 1.02960E-08
299, 6.32056E-06, 3.81160E-06, 2.52768E-06, 1.03520E-08
300, 6.24411E-06, 3.74932E-06, 2.47977E-06, 1.03896E-08
301, 6.16170E-06, 3.68680E-06, 2.43028E-06, 1.04093E-08
302, 6.07366E-06, 3.62408E-06, 2.37931E-06, 1.04117E-08
303, 5.98029E-06, 3.56120E-06, 2.32698E-06, 1.03972E-08
304, 5.88191E-06, 3.49824E-06, 2.27341E-06, 1.03665E-08
305, 5.77885E-06, 3.43522E-06, 2.21871E-06, 1.03201E-08
306, 5.67141E-06, 3.37220E-06, 2.16300E-06, 1.02587E-08
307, 5.55992E-06, 3.30921E-06, 2.10639E-06, 1.01828E-08
308, 5.44469E-06, 3.24631E-06, 2.04899E-06, 1.00931E-08
309, 5.32603E-06, 3.18354E-06, 1.99091E-06, 9.99012E-09
310, 5.20426E-06, 3.12093E-06, 1.93226E-06, 9.87447E-09
311, 5.07968E-06, 3.05852E-06, 1.87315E-06, 9.74681E-09
312, 4.95260E-06, 2.99635E-06, 1.81369E-06, 9.60770E-09
313, 4.82331E-06, 2.93445E-06, 1.75398E-06, 9.45777E-09
314, 4.69212E-06, 2.87286E-06, 1.69411E-06, 9.29759E-09
315, 4.55932E-06, 2.81161E-06, 1.63420E-06, 9.12772E-09
316, 4.42518E-06, 2.75072E-06, 1.57434E-06, 8.94881E-09
317, 4.29000E-06, 2.69023E-06, 1.51462E-06, 8.76136E-09
318, 4.15405E-06, 2.63016E-06, 1.45513E-06, 8.56595E-09
319, 4.04771E-06, 2.57054E-06, 1.39597E-06, 8.36318E-09
320, 4.03339E-06, 2.51140E-06, 1.33722E-06, 8.15352E-09
321, 4.01306E-06, 2.45274E-06, 1.27896E-06, 7.98857E-09
322, 3.98688E-06, 2.39460E-06, 1.22128E-06, 7.94880E-09
323, 3.95501E-06, 2.33700E-06, 1.16425E-06, 7.90640E-09
324, 3.91764E-06, 2.27995E-06, 1.10796E-06, 7.86143E-09
325, 3.87493E-06, 2.22346E-06, 1.05564E-06, 7.81392E-09
326, 3.82708E-06, 2.16757E-06, 1.05296E-06, 7.76388E-09
327, 3.77427E-06, 2.11227E-06, 1.04797E-06, 7.71132E-09
328, 3.71671E-06, 2.05758E-06, 1.04076E-06, 7.65628E-09
329, 3.65458E-06, 2.00352E-06, 1.03138E-06, 7.59874E-09
330, 3.58810E-06, 1.95010E-06, 1.01992E-06, 7.53874E-09
331, 3.51747E-06, 1.89731E-06, 1.00646E-06, 7.47628E-09
332, 3.44290E-06, 1.84519E-06, 9.91069E-07, 7.46627E-09
333, 3.36460E-06, 1.79372E-06, 9.73838E-07, 7.45488E-09
334, 3.28279E-06, 1.74291E-06, 9.54847E-07, 7.44104E-09
335, 3.19769E-06, 1.69278E-06, 9.34181E-07, 7.42479E-09
336, 3.10950E-06, 1.64333E-06, 9.11925E-07, 7.40607E-09
337, 3.01845E-06, 1.59456E-06, 8.88167E-07, 7.38489E-09
338, 2.92475E-06, 1.54647E-06, 8.62992E-07, 7.36118E-09
339, 2.82863E-06, 1.49906E-06, 8.45098E-07, 7.33497E-09
340, 2.73030E-06, 1.45234E-06, 8.37828E-07, 7.30616E-09
341, 2.63539E-06, 1.40631E-06, 8.56152E-07, 7.27484E-09
342, 2.65954E-06, 1.36096E-06, 8.75301E-07, 7.24090E-09
343, 2.68003E-06, 1.31630E-06, 8.93018E-07, 7.20437E-09
344, 2.69687E-06, 1.27232E-06, 9.09289E-07, 7.16520E-09
345, 2.71010E-06, 1.22902E-06, 9.24105E-07, 7.12346E-09
346, 2.71977E-06, 1.18641E-06, 9.37457E-07, 7.07907E-09
347, 2.72591E-06, 1.17687E-06, 9.49341E-07, 7.03208E-09
348, 2.72856E-06, 1.17745E-06, 9.59756E-07, 6.98246E-09
349, 2.72779E-06, 1.17768E-06, 9.68700E-07, 6.93025E-09
350, 2.72366E-06, 1.17758E-06, 9.76179E-07, 6.87543E-09
351, 2.71622E-06, 1.17714E-06, 9.82199E-07, 6.81806E-09
352, 2.70556E-06, 1.17636E-06, 9.86767E-07, 6.75811E-09
353, 2.69174E-06, 1.17524E-06, 9.89896E-07, 6.69563E-09
354, 2.67484E-06, 1.17380E-06, 9.91599E-07, 6.63069E-09
355, 2.65494E-06, 1.17203E-06, 9.91892E-07, 6.56631E-09
356, 2.63214E-06, 1.16993E-06, 9.90793E-07, 6.53979E-09
357, 2.60652E-06, 1.16752E-06, 9.88322E-07, 6.51107E-09
358, 2.57817E-06, 1.16478E-06, 9.84503E-07, 6.52130E-09
359, 2.54720E-06, 1.16173E-06, 9.79360E-07, 6.56715E-09
360, 2.51369E-06, 1.15836E-06, 9.72919E-07, 6.61045E-09
361, 2.47776E-06, 1.15469E-06, 9.65210E-07, 6.65110E-09
362, 2.43951E-06, 1.15070E-06, 9.56261E-07, 6.68918E-09
363, 2.39903E-06, 1.14642E-06, 9.46105E-07, 6.72458E-09
364, 2.35645E-06, 1.14184E-06, 9.34775E-07, 6.75725E-09
365, 2.31188E-06, 1.13696E-06, 9.22306E-07, 6.78725E-09
366, 2.26541E-06, 1.13178E-06, 9.08734E-07, 6.81450E-09
367, 2.21717E-06, 1.12632E-06, 8.94097E-07, 6.83897E-09
368, 2.16727E-06, 1.12058E-06, 8.78434E-07, 6.86068E-09
369, 2.11583E-06, 1.11455E-06, 8.61783E-07, 6.87957E-09
370, 2.09385E-06, 1.10824E-06, 8.44187E-07, 6.89562E-09
371, 2.07404E-06, 1.10166E-06, 8.25685E-07, 6.90887E-09
372, 2.05125E-06, 1.09481E-06, 8.06322E-07, 6.91927E-09
373, 2.02558E-06, 1.09585E-06, 7.86139E-07, 6.92681E-09
374, 1.99714E-06, 1.09708E-06, 7.65181E-07, 6.93150E-09
375, 1.96603E-06, 1.09799E-06, 7.43491E-07, 6.94769E-09
376, 1.93238E-06, 1.09859E-06, 7.21115E-07, 7.02087E-09
377, 1.89629E-06, 1.09887E-06, 6.98096E-07, 7.09099E-09
378, 1.85790E-06, 1.09883E-06, 6.74481E-07, 7.15797E-09
379, 1.81731E-06, 1.09848E-06, 6.50314E-07, 7.22181E-09
380, 1.77465E-06, 1.09782E-06, 6.25640E-07, 7.28244E-09
381, 1.73004E-06, 1.09685E-06, 6.19369E-07, 7.33985E-09
382, 1.68361E-06, 1.09558E-06, 6.18027E-07, 7.39404E-09
383, 1.63548E-06, 1.09400E-06, 6.16227E-07, 7.44496E-09
384, 1.58577E-06, 1.09211E-06, 6.13989E-07, 7.49258E-09
385, 1.53461E-06, 1.08993E-06, 6.11330E-07, 7.53692E-09
386, 1.48212E-06, 1.08746E-06, 6.08271E-07, 7.57801E-09
387, 1.42843E-06, 1.08468E-06, 6.04833E-07, 7.61574E-09
388, 1.39504E-06, 1.08162E-06, 6.01034E-07, 7.65022E-09
389, 1.38549E-06, 1.07826E-06, 5.96895E-07, 7.68140E-09
390, 1.37462E-06, 1.07462E-06, 5.92437E-07, 7.70931E-09
391, 1.36246E-06, 1.07070E-06, 5.87679E-07, 7.73394E-09
392, 1.34907E-06, 1.06650E-06, 5.82642E-07, 7.75536E-09
393, 1.33447E-06, 1.06202E-06, 5.77346E-07, 7.77355E-09
394, 1.31871E-06, 1.05726E-06, 5.71810E-07, 7.78856E-09
395, 1.30183E-06, 1.05224E-06, 5.66056E-07, 7.80039E-09
396, 1.30416E-06, 1.04695E-06, 5.60101E-07, 7.80913E-09
397, 1.30530E-06, 1.04139E-06, 5.53967E-07, 7.81475E-09
398, 1.30400E-06, 1.03558E-06, 5.47671E-07, 7.81733E-09
399, 1.30034E-06, 1.02951E-06, 5.41233E-07, 7.81692E-09
400, 1.29440E-06, 1.02562E-06, 5.46199E-07, 7.81351E-09
401, 1.28624E-06, 1.02676E-06, 5.58833E-07, 7.80722E-09
402, 1.27594E-06, 1.02760E-06, 5.70686E-07, 7.79807E-09
403, 1.26360E-06, 1.02815E-06, 5.81760E-07, 7.78606E-09
404, 1.24927E-06, 1.02840E-06, 5.92066E-07, 7.79528E-09
405, 1.23306E-06, 1.02836E-06, 6.01602E-07, 7.85309E-09
406, 1.21504E-06, 1.02802E-06, 6.10376E-07, 7.90796E-09
407, 1.19531E-06, 1.02739E-06, 6.18394E-07, 7.95983E-09
408, 1.17393E-06, 1.02647E-06, 6.25665E-07, 8.00876E-09
409, 1.15102E-06, 1.02527E-06, 6.32200E-07, 8.05470E-09
410, 1.12664E-06, 1.02378E-06, 6.38008E-07, 8.09771E-09
411, 1.10090E-06, 1.02201E-06, 6.43102E-07, 8.13771E-09
412, 1.07387E-06, 1.01996E-06, 6.47495E-07, 8.17479E-09
413, 1.04565E-06, 1.01764E-06, 6.51199E-07, 8.20890E-09
414, 1.05788E-06, 1.01503E-06, 6.54229E-07, 8.24008E-09
415, 1.06948E-06, 1.01216E-06, 6.56600E-07, 8.26827E-09
416, 1.07972E-06, 1.00901E-06, 6.58329E-07, 8.29359E-09
417, 1.08858E-06, 1.00560E-06, 6.59430E-07, 8.31593E-09
418, 1.09605E-06, 1.00192E-06, 6.59922E-07, 8.33534E-09
419, 1.10211E-06, 9.97986E-07, 6.59821E-07, 8.35186E-09
420, 1.10675E-06, 9.93791E-07, 6.59146E-07, 8.36547E-09
421, 1.12423E-06, 9.89341E-07, 6.57915E-07, 8.37614E-09
422, 1.14299E-06, 9.84640E-07, 6.56148E-07, 8.38395E-09
423, 1.16107E-06, 9.79691E-07, 6.53862E-07, 8.38886E-09
424, 1.17846E-06, 9.74497E-07, 6.51078E-07, 8.39088E-09
425, 1.19513E-06, 9.69063E-07, 6.47815E-07, 8.39002E-09
426, 1.21106E-06, 9.65230E-07, 6.44093E-07, 8.38634E-09
427, 1.22624E-06, 9.65280E-07, 6.39932E-07, 8.37979E-09
428, 1.24063E-06, 9.66012E-07, 6.35353E-07, 8.37038E-09
429, 1.25422E-06, 9.66466E-07, 6.30374E-07, 8.35815E-09
430, 1.26701E-06, 9.66644E-07, 6.25018E-07, 8.34310E-09
431, 1.27897E-06, 9.66549E-07, 6.19302E-07, 8.32525E-09
432, 1.29010E-06, 9.66181E-07, 6.13249E-07, 8.30460E-09
433, 1.30038E-06, 9.65544E-07, 6.06877E-07, 8.28117E-09
434, 1.30981E-06, 9.64638E-07, 6.02217E-07, 8.32096E-09
435, 1.31838E-06, 9.63465E-07, 6.11121E-07, 8.36627E-09
436, 1.32608E-06, 9.62029E-07, 6.19386E-07, 8.40844E-09
437, 1.33292E-06, 9.60331E-07, 6.27011E-07, 8.44747E-09
438, 1.33888E-06, 9.58373E-07, 6.33999E-07, 8.48325E-09
439, 1.34397E-06, 9.56158E-07, 6.40347E-07, 8.51581E-09
440, 1.34819E-06, 9.53689E-07, 6.46059E-07, 8.54506E-09
441, 1.35154E-06, 9.50968E-07, 6.51136E-07, 8.57104E-09
442, 1.35403E-06, 9.47999E-07, 6.55583E-07, 8.59368E-09
443, 1.35566E-06, 9.44783E-07, 6.59404E-07, 8.61296E-09
444, 1.37852E-06, 9.45917E-07, 6.62606E-07, 8.62885E-09
445, 1.40848E-06, 9.47567E-07, 6.65194E-07, 8.64135E-09
446, 1.43784E-06, 9.49385E-07, 6.67176E-07, 8.65044E-09
447, 1.46656E-06, 9.50975E-07, 6.68559E-07, 8.65610E-09
448, 1.49462E-06, 9.52336E-07, 6.69352E-07, 8.65833E-09
449, 1.52202E-06, 9.53466E-07, 6.69565E-07, 8.65711E-09
450, 1.54872E-06, 9.54365E-07, 6.69206E-07, 8.65247E-09
451, 1.57471E-06, 9.55031E-07, 6.68287E-07, 8.64434E-09
452, 1.59997E-06, 9.55463E-07, 6.66818E-07, 8.63280E-09
453, 1.62448E-06, 9.55661E-07, 6.64810E-07, 8.61781E-09
454, 1.64824E-06, 9.55624E-07, 6.62277E-07, 8.59939E-09
455, 1.67122E-06, 9.55352E-07, 6.59229E-07, 8.57758E-09
456, 1.69342E-06, 9.54843E-07, 6.55680E-07, 8.55236E-09
457, 1.71482E-06, 9.54098E-07, 6.51642E-07, 8.52375E-09
458, 1.73541E-06, 9.53116E-07, 6.47130E-07, 8.49183E-09
459, 1.75519E-06, 9.51898E-07, 6.42157E-07, 8.45656E-09
460, 1.77414E-06, 9.50442E-07, 6.36736E-07, 8.41803E-09
461, 1.79225E-06, 9.48750E-07, 6.30883E-07, 8.37622E-09
462, 1.80953E-06, 9.46821E-07, 6.24612E-07, 8.33119E-09
463, 1.82597E-06, 9.44656E-07, 6.17937E-07, 8.29059E-09
464, 1.84155E-06, 9.42255E-07, 6.10873E-07, 8.31072E-09
465, 1.85629E-06, 9.39619E-07, 6.03435E-07, 8.32735E-09
466, 1.87018E-06, 9.36748E-07, 5.95638E-07, 8.34044E-09
467, 1.88321E-06, 9.33643E-07, 5.97762E-07, 8.35005E-09
468, 1.89539E-06, 9.30306E-07, 6.05815E-07, 8.35615E-09
469, 1.90672E-06, 9.30204E-07, 6.13466E-07, 8.35876E-09
470, 1.91721E-06, 9.32511E-07, 6.20711E-07, 8.35795E-09
471, 1.92684E-06, 9.34593E-07, 6.27549E-07, 8.35364E-09
472, 1.93564E-06, 9.36447E-07, 6.33977E-07, 8.34591E-09
473, 1.94360E-06, 9.38071E-07, 6.39994E-07, 8.33480E-09
474, 1.95073E-06, 9.39465E-07, 6.45600E-07, 8.32032E-09
475, 1.95704E-06, 9.40626E-07, 6.50794E-07, 8.30249E-09
476, 1.96253E-06, 9.41554E-07, 6.55577E-07, 8.28138E-09
477, 1.96721E-06, 9.42246E-07, 6.59949E-07, 8.25701E-09
478, 1.97110E-06, 9.42703E-07, 6.63911E-07, 8.22943E-09
479, 1.97420E-06, 9.42922E-07, 6.67465E-07, 8.19867E-09
480, 1.97651E-06, 9.42904E-07, 6.70613E-07, 8.16482E-09
481, 1.97806E-06, 9.42646E-07, 6.73356E-07, 8.12786E-09
482, 1.97886E-06, 9.42149E-07, 6.75698E-07, 8.08794E-09
483, 1.97891E-06, 9.41412E-07, 6.77642E-07, 8.04504E-09
484, 1.97823E-06, 9.40434E-07, 6.79190E-07, 7.99925E-09
485, 1.97684E-06, 9.39216E-07, 6.80347E-07, 7.95063E-09
486, 1.97474E-06, 9.37757E-07, 6.81117E-07, 7.89923E-09
487, 1.97195E-06, 9.36056E-07, 6.81503E-07, 7.84516E-09
488, 1.96849E-06, 9.34115E-07, 6.81511E-07, 7.78845E-09
489, 1.96436E-06, 9.31934E-07, 6.81145E-07, 7.72915E-09
490, 1.95960E-06, 9.29512E-07, 6.80410E-07, 7.66737E-09
491, 1.95421E-06, 9.26850E-07, 6.79312E-07, 7.60319E-09
492, 1.94820E-06, 9.23950E-07, 6.77856E-07, 7.53668E-09
493, 1.94160E-06, 9.26163E-07, 6.76047E-07, 7.46785E-09
494, 1.93442E-06, 9.28845E-07, 6.73893E-07, 7.45264E-09
495, 1.92668E-06, 9.31304E-07, 6.71399E-07, 7.44574E-09
496, 1.91840E-06, 9.33536E-07, 6.68571E-07, 7.43630E-09
497, 1.90958E-06, 9.35540E-07, 6.65416E-07, 7.42427E-09
498, 1.90026E-06, 9.37314E-07, 6.61940E-07, 7.40977E-09
499, 1.89044E-06, 9.38856E-07, 6.58150E-07, 7.39277E-09
500, 1.88015E-06, 9.40165E-07, 6.54053E-07, 7.37333E-09
501, 1.86940E-06, 9.41238E-07, 6.49656E-07, 7.35152E-09
502, 1.85821E-06, 9.42075E-07, 6.44965E-07, 7.32735E-09
503, 1.84659E-06, 9.42674E-07, 6.39989E-07, 7.30089E-09
504, 1.83457E-06, 9.43033E-07, 6.34733E-07, 7.27213E-09
505, 1.82216E-06, 9.43152E-07, 6.29206E-07, 7.24117E-09
506, 1.80937E-06, 9.43030E-07, 6.23414E-07, 7.20806E-09
507, 1.79623E-06, 9.42665E-07, 6.17364E-07, 7.17280E-09
508, 1.78276E-06, 9.42058E-07, 6.11065E-07, 7.13546E-09
509, 1.76896E-06, 9.41207E-07, 6.04523E-07, 7.09609E-09
510, 1.75485E-06, 9.40112E-07, 5.97745E-07, 7.05476E-09
511, 1.74046E-06, 9.38773E-07, 5.92938E-07, 7.01150E-09
512, 1.72579E-06, 9.37189E-07, 5.95916E-07, 6.96634E-09
513, 1.71087E-06, 9.35361E-07, 5.98595E-07, 6.91935E-09
514, 1.69570E-06, 9.33289E-07, 6.00980E-07, 6.87061E-09
515, 1.68031E-06, 9.30973E-07, 6.03074E-07, 6.82011E-09
516, 1.66471E-06, 9.28414E-07, 6.04882E-07, 6.76795E-09
517, 1.64891E-06, 9.25612E-07, 6.06409E-07, 6.71419E-09
518, 1.63292E-06, 9.22568E-07, 6.07658E-07, 6.65884E-09
519, 1.61677E-06, 9.25702E-07, 6.08635E-07, 6.60198E-09
520, 1.60047E-06, 9.28619E-07, 6.09345E-07, 6.54365E-09
521, 1.58402E-06, 9.31301E-07, 6.09792E-07, 6.48394E-09
522, 1.56745E-06, 9.33746E-07, 6.09982E-07, 6.42284E-09
523, 1.55076E-06, 9.35952E-07, 6.09921E-07, 6.36048E-09
524, 1.53397E-06, 9.37916E-07, 6.09613E-07, 6.29683E-09
525, 1.51709E-06, 9.39637E-07, 6.09065E-07, 6.27501E-09
526, 1.50013E-06, 9.41112E-07, 6.08281E-07, 6.26850E-09
527, 1.48311E-06, 9.42340E-07, 6.07269E-07, 6.26028E-09
528, 1.46602E-06, 9.43320E-07, 6.06032E-07, 6.25039E-09
529, 1.44889E-06, 9.44049E-07, 6.04578E-07, 6.23882E-09
530, 1.43173E-06, 9.47328E-07, 6.02912E-07, 6.22567E-09
531, 1.41453E-06, 9.56171E-07, 6.01041E-07, 6.21084E-09
532, 1.39733E-06, 9.64986E-07, 5.98969E-07, 6.19445E-09
533, 1.38011E-06, 9.73770E-07, 5.96703E-07, 6.17647E-09
534, 1.36289E-06, 9.82522E-07, 5.94249E-07, 6.15694E-09
535, 1.34569E-06, 9.91240E-07, 5.91613E-07, 6.13588E-09
536, 1.32850E-06, 9.99920E-07, 5.88801E-07, 6.11331E-09
537, 1.31133E-06, 1.00856E-06, 5.85819E-07, 6.08926E-09
538, 1.29420E-06, 1.01716E-06, 5.82673E-07, 6.06374E-09
539, 1.27710E-06, 1.02572E-06, 5.82382E-07, 6.03681E-09
540, 1.26005E-06, 1.03424E-06, 5.84253E-07, 6.00848E-09
541, 1.24305E-06, 1.04270E-06, 5.86105E-07, 5.97875E-09
542, 1.22611E-06, 1.05111E-06, 5.87937E-07, 5.94768E-09
543, 1.20922E-06, 1.05948E-06, 5.89750E-07, 5.91529E-09
544, 1.19241E-06, 1.06778E-06, 5.91543E-07, 5.88159E-09
545, 1.17566E-06, 1.07603E-06, 5.93317E-07, 5.84665E-09
546, 1.15900E-06, 1.08422E-06, 5.95070E-07, 5.81047E-09
547, 1.14241E-06, 1.09235E-06, 5.96804E-07, 5.77308E-09
548, 1.12590E-06, 1.10041E-06, 5.98517E-07, 5.73453E-09
549, 1.10948E-06, 1.10840E-06, 6.00210E-07, 5.69484E-09
550, 1.09316E-06, 1.11633E-06, 6.01883E-07, 5.65405E-09
551, 1.07692E-06, 1.12417E-06, 6.03535E-07, 5.61218E-09
552, 1.06078E-06, 1.13195E-06, 6.05166E-07, 5.56927E-09
553, 1.04474E-06, 1.13964E-06, 6.06776E-07, 5.52534E-09
554, 1.02880E-06, 1.14725E-06, 6.08366E-07, 5.48046E-09
555, 1.01296E-06, 1.15478E-06, 6.09934E-07, 5.43463E-09
556, 1.01190E-06, 1.16222E-06, 6.11481E-07, 5.40658E-09
557, 1.01348E-06, 1.16957E-06, 6.13007E-07, 5.41134E-09
558, 1.01501E-06, 1.17683E-06, 6.14511E-07, 5.41470E-09
559, 1.01647E-06, 1.18399E-06, 6.17072E-07, 5.41659E-09
560, 1.01787E-06, 1.19105E-06, 6.19997E-07, 5.41709E-09
561, 1.01921E-06, 1.19801E-06, 6.22899E-07, 5.41612E-09
562, 1.02050E-06, 1.20487E-06, 6.25779E-07, 5.41379E-09
563, 1.02173E-06, 1.21162E-06, 6.28637E-07, 5.41000E-09
564, 1.02290E-06, 1.21826E-06, 6.31473E-07, 5.40487E-09
565, 1.02402E-06, 1.22478E-06, 6.34286E-07, 5.39836E-09
566, 1.02509E-06, 1.23119E-06, 6.37077E-07, 5.39047E-09
567, 1.02610E-06, 1.23748E-06, 6.39846E-07, 5.38121E-09
568, 1.02706E-06, 1.24364E-06, 6.42592E-07, 5.37066E-09
569, 1.02797E-06, 1.24969E-06, 6.45317E-07, 5.35877E-09
570, 1.02883E-06, 1.25560E-06, 6.48019E-07, 5.34558E-09
571, 1.02965E-06, 1.26138E-06, 6.50698E-07, 5.33111E-09
572, 1.03041E-06, 1.26703E-06, 6.53356E-07, 5.31536E-09
573, 1.03113E-06, 1.27254E-06, 6.55991E-07, 5.29837E-09
574, 1.03180E-06, 1.27792E-06, 6.58604E-07, 5.28016E-09
575, 1.03242E-06, 1.28315E-06, 6.61194E-07, 5.26075E-09
576, 1.03300E-06, 1.28823E-06, 6.63763E-07, 5.24014E-09
577, 1.03353E-06, 1.29317E-06, 6.66309E-07, 5.21837E-09
578, 1.03402E-06, 1.29796E-06, 6.68833E-07, 5.19545E-09
579, 1.03447E-06, 1.30259E-06, 6.71335E-07, 5.17142E-09
580, 1.03488E-06, 1.30707E-06, 6.73814E-07, 5.14630E-09
581, 1.03524E-06, 1.31139E-06, 6.76271E-07, 5.12008E-09
582, 1.03556E-06, 1.31555E-06, 6.78706E-07, 5.09284E-09
583, 1.03584E-06, 1.31955E-06, 6.81118E-07, 5.06455E-09
584, 1.04523E-06, 1.32338E-06, 6.83509E-07, 5.03527E-09
585, 1.05955E-06, 1.32704E-06, 6.85877E-07, 5.00500E-09
586, 1.07388E-06, 1.33053E-06, 6.88222E-07, 4.97378E-09
587, 1.08820E-06, 1.33384E-06, 6.90546E-07, 4.94164E-09
588, 1.10252E-06, 1.33815E-06, 6.92847E-07, 4.90859E-09
589, 1.11683E-06, 1.34263E-06, 6.95125E-07, 4.91521E-09
590, 1.13113E-06, 1.34694E-06, 6.97381E-07, 4.92289E-09
591, 1.14542E-06, 1.35109E-06, 6.99615E-07, 4.92924E-09
592, 1.15968E-06, 1.35508E-06, 7.01827E-07, 4.93427E-09
593, 1.17393E-06, 1.35889E-06, 7.04015E-07, 4.93800E-09
594, 1.18815E-06, 1.36253E-06, 7.07197E-07, 4.94042E-09
595, 1.20235E-06, 1.36600E-06, 7.10729E-07, 4.94294E-09
596, 1.21652E-06, 1.36930E-06, 7.14239E-07, 4.94555E-09
597, 1.23065E-06, 1.37241E-06, 7.17727E-07, 4.94714E-09
598, 1.24475E-06, 1.37535E-06, 7.21192E-07, 4.94770E-09
599, 1.25882E-06, 1.37811E-06, 7.24636E-07, 4.94716E-09
600, 1.27284E-06, 1.38068E-06, 7.28057E-07, 4.94565E-09
601, 1.28682E-06, 1.38307E-06, 7.31455E-07, 4.94307E-09
602, 1.30075E-06, 1.38527E-06, 7.34831E-07, 4.93944E-09
603, 1.31463E-06, 1.38729E-06, 7.38184E-07, 4.93478E-09
604, 1.32847E-06, 1.38911E-06, 7.41701E-07, 4.92907E-09
605, 1.34225E-06, 1.39075E-06, 7.46913E-07, 4.92231E-09
606, 1.35597E-06, 1.39220E-06, 7.52099E-07, 4.91456E-09
607, 1.36963E-06, 1.39345E-06, 7.57259E-07, 4.90572E-09
608, 1.38323E-06, 1.39451E-06, 7.62394E-07, 4.89586E-09
609, 1.39677E-06, 1.39537E-06, 7.67502E-07, 4.88498E-09
610, 1.41024E-06, 1.39604E-06, 7.72584E-07, 4.87309E-09
611, 1.42364E-06, 1.39651E-06, 7.77639E-07, 4.86012E-09
612, 1.43696E-06, 1.39679E-06, 7.82666E-07, 4.84618E-09
613, 1.45022E-06, 1.39686E-06, 7.87665E-07, 4.83121E-09
614, 1.46339E-06, 1.39674E-06, 7.92636E-07, 4.81523E-09
615, 1.47649E-06, 1.39642E-06, 7.97579E-07, 4.79825E-09
616, 1.48950E-06, 1.39589E-06, 8.02492E-07, 4.78028E-09
617, 1.50243E-06, 1.39517E-06, 8.07376E-07, 4.76130E-09
618, 1.51528E-06, 1.39425E-06, 8.12231E-07, 4.74134E-09
619, 1.52803E-06, 1.39312E-06, 8.17055E-07, 4.72041E-09
620, 1.54070E-06, 1.39180E-06, 8.21848E-07, 4.69853E-09
621, 1.55327E-06, 1.39027E-06, 8.26611E-07, 4.67564E-09
622, 1.56574E-06, 1.38855E-06, 8.31343E-07, 4.65183E-09
623, 1.57812E-06, 1.38662E-06, 8.36042E-07, 4.65239E-09
624, 1.59040E-06, 1.38449E-06, 8.40710E-07, 4.65588E-09
625, 1.60257E-06, 1.38216E-06, 8.45346E-07, 4.65791E-09
626, 1.61464E-06, 1.37963E-06, 8.49949E-07, 4.65850E-09
627, 1.62660E-06, 1.37690E-06, 8.54519E-07, 4.65768E-09
628, 1.63846E-06, 1.37397E-06, 8.59055E-07, 4.65547E-09
629, 1.65020E-06, 1.37084E-06, 8.63558E-07, 4.65179E-09
630, 1.66184E-06, 1.36752E-06, 8.68026E-07, 4.64675E-09
631, 1.67335E-06, 1.36399E-06, 8.72460E-07, 4.64030E-09
632, 1.68475E-06, 1.36027E-06, 8.76860E-07, 4.63247E-09
633, 1.69604E-06, 1.35635E-06, 8.81224E-07, 4.62326E-09
634, 1.70720E-06, 1.35224E-06, 8.85552E-07, 4.61272E-09
635, 1.71824E-06, 1.34793E-06, 8.89845E-07, 4.60081E-09
636, 1.72915E-06, 1.34343E-06, 8.94101E-07, 4.58755E-09
637, 1.73994E-06, 1.33873E-06, 8.98321E-07, 4.57300E-09
638, 1.75060E-06, 1.33463E-06, 9.02504E-07, 4.55712E-09
639, 1.76113E-06, 1.33153E-06, 9.06650E-07, 4.53997E-09
640, 1.77153E-06, 1.32826E-06, 9.10758E-07, 4.52151E-09
641, 1.78180E-06, 1.32481E-06, 9.14828E-07, 4.50181E-09
642, 1.79193E-06, 1.32118E-06, 9.18860E-07, 4.48086E-09
643, 1.80453E-06, 1.31737E-06, 9.22854E-07, 4.45868E-09
644, 1.81739E-06, 1.31339E-06, 9.26808E-07, 4.43531E-09
645, 1.83011E-06, 1.30923E-06, 9.30723E-07, 4.41072E-09
646, 1.84268E-06, 1.30490E-06, 9.34598E-07, 4.38497E-09
647, 1.85510E-06, 1.30039E-06, 9.38434E-07, 4.35807E-09
648, 1.86737E-06, 1.29572E-06, 9.42229E-07, 4.33002E-09
649, 1.87948E-06, 1.29087E-06, 9.45983E-07, 4.30089E-09
650, 1.89143E-06, 1.28585E-06, 9.49697E-07, 4.27064E-09
651, 1.90322E-06, 1.28066E-06, 9.53369E-07, 4.23933E-09
652, 1.91485E-06, 1.27530E-06, 9.56999E-07, 4.20698E-09
653, 1.92631E-06, 1.26978E-06, 9.60588E-07, 4.19570E-09
654, 1.93760E-06, 1.26409E-06, 9.64134E-07, 4.19592E-09
655, 1.94872E-06, 1.25823E-06, 9.67637E-07, 4.19479E-09
656, 1.95967E-06, 1.25221E-06, 9.71098E-07, 4.19234E-09
657, 1.97044E-06, 1.24603E-06, 9.74514E-07, 4.18853E-09
658, 1.98103E-06, 1.23969E-06, 9.77888E-07, 4.18343E-09
659, 1.99145E-06, 1.23318E-06, 9.81217E-07, 4.17704E-09
660, 2.00168E-06, 1.22652E-06, 9.84502E-07, 4.16935E-09
661, 2.01172E-06, 1.21970E-06, 9.87742E-07, 4.16041E-09
662, 2.02158E-06, 1.21272E-06, 9.90937E-07, 4.15022E-09
663, 2.03125E-06, 1.20559E-06, 9.94086E-07, 4.13882E-09
664, 2.04073E-06, 1.19831E-06, 9.97190E-07, 4.12619E-09
665, 2.05001E-06, 1.19087E-06, 1.00025E-06, 4.11239E-09
666, 2.05910E-06, 1.18328E-06, 1.00326E-06, 4.09740E-09
667, 2.06842E-06, 1.17555E-06, 1.00622E-06, 4.08128E-09
668, 2.07864E-06, 1.16766E-06, 1.00914E-06, 4.06403E-09
669, 2.08871E-06, 1.15963E-06, 1.01201E-06, 4.04568E-09
670, 2.09864E-06, 1.15145E-06, 1.01483E-06, 4.02625E-09
671, 2.10842E-06, 1.14313E-06, 1.01761E-06, 4.00575E-09
672, 2.11805E-06, 1.13466E-06, 1.02033E-06, 3.98424E-09
673, 2.12753E-06, 1.12606E-06, 1.02301E-06, 3.96172E-09
674, 2.13686E-06, 1.11777E-06, 1.02564E-06, 3.93820E-09
675, 2.14603E-06, 1.11819E-06, 1.02822E-06, 3.91374E-09
676, 2.15505E-06, 1.11850E-06, 1.03074E-06, 3.88833E-09
677, 2.16391E-06, 1.11871E-06, 1.03322E-06, 3.86200E-09
678, 2.17261E-06, 1.11880E-06, 1.03565E-06, 3.83486E-09
679, 2.18115E-06, 1.11879E-06, 1.03803E-06, 3.80680E-09
680, 2.18953E-06, 1.11868E-06, 1.04035E-06, 3.77795E-09
681, 2.19774E-06, 1.11846E-06, 1.04263E-06, 3.74830E-09
682, 2.20579E-06, 1.11813E-06, 1.04485E-06, 3.71787E-09
683, 2.21367E-06, 1.11770E-06, 1.04702E-06, 3.68672E-09
684, 2.22138E-06, 1.11717E-06, 1.04914E-06, 3.65483E-09
685, 2.22893E-06, 1.11654E-06, 1.05120E-06, 3.62230E-09
686, 2.23630E-06, 1.11581E-06, 1.05321E-06, 3.58909E-09
687, 2.24350E-06, 1.11498E-06, 1.05517E-06, 3.55525E-09
688, 2.25053E-06, 1.11406E-06, 1.05707E-06, 3.52084E-09
689, 2.25738E-06, 1.11303E-06, 1.05892E-06, 3.48585E-09
690, 2.26405E-06, 1.11191E-06, 1.06072E-06, 3.45033E-09
691, 2.27055E-06, 1.11374E-06, 1.06246E-06, 3.42003E-09
692, 2.27686E-06, 1.12537E-06, 1.06414E-06, 3.41107E-09
693, 2.28300E-06, 1.13696E-06, 1.06577E-06, 3.40143E-09
694, 2.28895E-06, 1.14851E-06, 1.06735E-06, 3.39106E-09
695, 2.29472E-06, 1.16002E-06, 1.06887E-06, 3.38002E-09
696, 2.30031E-06, 1.17149E-06, 1.07033E-06, 3.36832E-09
697, 2.30571E-06, 1.18291E-06, 1.07173E-06, 3.35600E-09
698, 2.31093E-06, 1.19429E-06, 1.07308E-06, 3.34309E-09
699, 2.31596E-06, 1.20562E-06, 1.07437E-06, 3.32958E-09
700, 2.32080E-06, 1.21903E-06, 1.07560E-06, 3.31552E-09
701, 2.32545E-06, 1.23269E-06, 1.07678E-06, 3.30094E-09
702, 2.32991E-06, 1.24628E-06, 1.07789E-06, 3.28584E-09
703, 2.33418E-06, 1.25981E-06, 1.07895E-06, 3.27029E-09
704, 2.33826E-06, 1.27327E-06, 1.07995E-06, 3.25426E-09
705, 2.34214E-06, 1.28666E-06, 1.08088E-06, 3.23780E-09
706, 2.34583E-06, 1.29998E-06, 1.08176E-06, 3.22095E-09
707, 2.34933E-06, 1.31323E-06, 1.08258E-06, 3.20373E-09
708, 2.35371E-06, 1.32639E-06, 1.08334E-06, 3.18612E-09
709, 2.35861E-06, 1.33948E-06, 1.08404E-06, 3.16821E-09
710, 2.36329E-06, 1.35249E-06, 1.08468E-06, 3.15001E-09
711, 2.36775E-06, 1.36541E-06, 1.08525E-06, 3.13150E-09
712, 2.37200E-06, 1.37825E-06, 1.08646E-06, 3.11275E-09
713, 2.37603E-06, 1.39101E-06, 1.09072E-06, 3.10291E-09
714, 2.37984E-06, 1.40367E-06, 1.09492E-06, 3.11044E-09
715, 2.38343E-06, 1.41625E-06, 1.09905E-06, 3.11758E-09
716, 2.38680E-06, 1.42873E-06, 1.10312E-06, 3.12433E-09
717, 2.38995E-06, 1.44111E-06, 1.10713E-06, 3.13358E-09
718, 2.39288E-06, 1.45341E-06, 1.11106E-06, 3.14885E-09
719, 2.39558E-06, 1.46560E-06, 1.11494E-06, 3.16377E-09
720, 2.39806E-06, 1.47769E-06, 1.11874E-06, 3.17837E-09
721, 2.40031E-06, 1.48968E-06, 1.12248E-06, 3.19266E-09
722, 2.40234E-06, 1.50157E-06, 1.12615E-06, 3.20663E-09
723, 2.40414E-06, 1.51335E-06, 1.12975E-06, 3.22037E-09
724, 2.40571E-06, 1.52503E-06, 1.13328E-06, 3.23383E-09
725, 2.40706E-06, 1.53659E-06, 1.13674E-06, 3.24707E-09
726, 2.40818E-06, 1.54805E-06, 1.14012E-06, 3.26008E-09
727, 2.40907E-06, 1.55939E-06, 1.14344E-06, 3.27291E-09
728, 2.40974E-06, 1.57062E-06, 1.14668E-06, 3.28557E-09
729, 2.41017E-06, 1.58173E-06, 1.14985E-06, 3.29806E-09
730, 2.41037E-06, 1.59273E-06, 1.15295E-06, 3.31040E-09
731, 2.41035E-06, 1.60360E-06, 1.15597E-06, 3.32264E-09
732, 2.41010E-06, 1.61436E-06, 1.15892E-06, 3.33476E-09
733, 2.40961E-06, 1.62499E-06, 1.16179E-06, 3.34681E-09
734, 2.40890E-06, 1.63550E-06, 1.16459E-06, 3.35877E-09
735, 2.40795E-06, 1.64589E-06, 1.16731E-06, 3.37068E-09
736, 2.40678E-06, 1.65615E-06, 1.16995E-06, 3.38257E-09
737, 2.40537E-06, 1.66628E-06, 1.17252E-06, 3.39441E-09
738, 2.40374E-06, 1.67628E-06, 1.17501E-06, 3.40626E-09
739, 2.40187E-06, 1.68615E-06, 1.17741E-06, 3.41812E-09
740, 2.39978E-06, 1.69588E-06, 1.17974E-06, 3.42998E-09
741, 2.39746E-06, 1.70549E-06, 1.18199E-06, 3.44190E-09
742, 2.39491E-06, 1.71496E-06, 1.18416E-06, 3.45386E-09
743, 2.39213E-06, 1.72429E-06, 1.18625E-06, 3.46588E-09
744, 2.38912E-06, 1.73349E-06, 1.18826E-06, 3.47797E-09
745, 2.39084E-06, 1.74254E-06, 1.19018E-06, 3.49013E-09
746, 2.39490E-06, 1.75146E-06, 1.19202E-06, 3.50241E-09
747, 2.39879E-06, 1.76024E-06, 1.19378E-06, 3.51478E-09
748, 2.40249E-06, 1.76887E-06, 1.19546E-06, 3.52727E-09
749, 2.40600E-06, 1.77736E-06, 1.19705E-06, 3.53988E-09
750, 2.40933E-06, 1.78571E-06, 1.19856E-06, 3.55263E-09
751, 2.41246E-06, 1.79391E-06, 1.19999E-06, 3.56550E-09
752, 2.41541E-06, 1.80197E-06, 1.20133E-06, 3.57853E-09
753, 2.41817E-06, 1.80988E-06, 1.20258E-06, 3.59170E-09
754, 2.42074E-06, 1.81764E-06, 1.20375E-06, 3.60502E-09
755, 2.42312E-06, 1.82525E-06, 1.20483E-06, 3.61854E-09
756, 2.42530E-06, 1.83271E-06, 1.20583E-06, 3.63216E-09
757, 2.42730E-06, 1.84002E-06, 1.20674E-06, 3.64601E-09
758, 2.42909E-06, 1.84718E-06, 1.20756E-06, 3.65999E-09
759, 2.43070E-06, 1.85419E-06, 1.20829E-06, 3.67417E-09
760, 2.43211E-06, 1.86105E-06, 1.20894E-06, 3.68850E-09
761, 2.43332E-06, 1.86775E-06, 1.20950E-06, 3.70766E-09
762, 2.43433E-06, 1.87429E-06, 1.20996E-06, 3.74267E-09
763, 2.43515E-06, 1.88068E-06, 1.21034E-06, 3.77750E-09
764, 2.43577E-06, 1.88692E-06, 1.21063E-06, 3.84458E-09
765, 2.43619E-06, 1.89300E-06, 1.21083E-06, 3.91291E-09
766, 2.43641E-06, 1.89892E-06, 1.21094E-06, 3.98084E-09
767, 2.43643E-06, 1.90468E-06, 1.21096E-06, 4.04837E-09
768, 2.43626E-06, 1.91029E-06, 1.21089E-06, 4.11547E-09
769, 2.43588E-06, 1.91574E-06, 1.21073E-06, 4.18215E-09
770, 2.43530E-06, 1.92103E-06, 1.21048E-06, 4.24837E-09
771, 2.43452E-06, 1.92616E-06, 1.21014E-06, 4.31408E-09
772, 2.43354E-06, 1.93114E-06, 1.20970E-06, 4.37933E-09
773, 2.43235E-06, 1.93595E-06, 1.20917E-06, 4.44403E-09
774, 2.43097E-06, 1.94060E-06, 1.20855E-06, 4.50821E-09
775, 2.42938E-06, 1.94510E-06, 1.20784E-06, 4.57182E-09
776, 2.42759E-06, 1.94943E-06, 1.20704E-06, 4.63484E-09
777, 2.42560E-06, 1.95360E-06, 1.20614E-06, 4.69726E-09
778, 2.42340E-06, 1.95761E-06, 1.20515E-06, 4.75906E-09
779, 2.42101E-06, 1.96146E-06, 1.20407E-06, 4.82021E-09
780, 2.41841E-06, 1.96516E-06, 1.20290E-06, 4.88069E-09
781, 2.41560E-06, 1.96869E-06, 1.20163E-06, 4.94048E-09
782, 2.41260E-06, 1.97206E-06, 1.20027E-06, 4.99955E-09
783, 2.40939E-06, 1.97526E-06, 1.19882E-06, 5.05790E-09
784, 2.40598E-06, 1.97831E-06, 1.19727E-06, 5.11547E-09
785, 2.40237E-06, 1.98120E-06, 1.19563E-06, 5.17230E-09
786, 2.39856E-06, 1.98393E-06, 1.19390E-06, 5.22830E-09
787, 2.39454E-06, 1.98650E-06, 1.19208E-06, 5.28348E-09
788, 2.39033E-06, 1.98891E-06, 1.19016E-06, 5.33781E-09
789, 2.38591E-06, 1.99116E-06, 1.18814E-06, 5.39129E-09
790, 2.38129E-06, 1.99325E-06, 1.18603E-06, 5.44387E-09
791, 2.37648E-06, 1.99518E-06, 1.18383E-06, 5.49552E-09
792, 2.37146E-06, 1.99695E-06, 1.18154E-06, 5.54794E-09
793, 2.36624E-06, 1.99856E-06, 1.17915E-06, 5.60519E-09
794, 2.36083E-06, 2.00002E-06, 1.17667E-06, 5.66159E-09
795, 2.35522E-06, 2.00132E-06, 1.17409E-06, 5.71710E-09
796, 2.34941E-06, 2.00246E-06, 1.17143E-06, 5.77176E-09
797, 2.34340E-06, 2.00344E-06, 1.16866E-06, 5.82551E-09
798, 2.33720E-06, 2.00427E-06, 1.16581E-06, 5.87829E-09
799, 2.33080E-06, 2.00495E-06, 1.16286E-06, 5.93015E-09
800, 2.32421E-06, 2.00547E-06, 1.15982E-06, 5.98099E-09
801, 2.31743E-06, 2.00583E-06, 1.15669E-06, 6.03086E-09
802, 2.31045E-06, 2.00604E-06, 1.15346E-06, 6.07970E-09
803, 2.30328E-06, 2.00610E-06, 1.15015E-06, 6.12748E-09
804, 2.29592E-06, 2.00601E-06, 1.14674E-06, 6.17419E-09
805, 2.29206E-06, 2.00577E-06, 1.14324E-06, 6.21982E-09
806, 2.28904E-06, 2.00537E-06, 1.13964E-06, 6.26434E-09
807, 2.28585E-06, 2.00483E-06, 1.13596E-06, 6.30771E-09
808, 2.28248E-06, 2.00413E-06, 1.13218E-06, 6.34993E-09
809, 2.27894E-06, 2.00329E-06, 1.12832E-06, 6.39101E-09
810, 2.27522E-06, 2.00230E-06, 1.12436E-06, 6.43085E-09
811, 2.27134E-06, 2.00117E-06, 1.12032E-06, 6.46951E-09
812, 2.26728E-06, 1.99989E-06, 1.11618E-06, 6.50691E-09
813, 2.26305E-06, 1.99846E-06, 1.11195E-06, 6.54309E-09
814, 2.25866E-06, 1.99689E-06, 1.10764E-06, 6.57801E-09
815, 2.25410E-06, 1.99518E-06, 1.10324E-06, 6.61162E-09
816, 2.24937E-06, 1.99333E-06, 1.09875E-06, 6.64396E-09
817, 2.24447E-06, 1.99133E-06, 1.09417E-06, 6.67496E-09
818, 2.23941E-06, 1.98920E-06, 1.08950E-06, 6.70465E-09
819, 2.23419E-06, 1.98693E-06, 1.08475E-06, 6.73298E-09
820, 2.22880E-06, 1.98452E-06, 1.07992E-06, 6.75997E-09
821, 2.22326E-06, 1.98198E-06, 1.07499E-06, 6.78558E-09
822, 2.21755E-06, 1.97930E-06, 1.06998E-06, 6.80981E-09
823, 2.21169E-06, 1.97649E-06, 1.06489E-06, 6.83265E-09
824, 2.20692E-06, 1.97354E-06, 1.06073E-06, 6.85406E-09
825, 2.20548E-06, 1.97046E-06, 1.05752E-06, 6.87408E-09
826, 2.20390E-06, 1.96726E-06, 1.05423E-06, 6.89267E-09
827, 2.20218E-06, 1.96392E-06, 1.05088E-06, 6.90982E-09
828, 2.20031E-06, 1.96046E-06, 1.04746E-06, 6.92555E-09
829, 2.19831E-06, 1.95687E-06, 1.04569E-06, 6.93979E-09
830, 2.19616E-06, 1.95315E-06, 1.04386E-06, 6.95261E-09
831, 2.19387E-06, 1.94931E-06, 1.04196E-06, 6.96395E-09
832, 2.19143E-06, 1.94535E-06, 1.03999E-06, 6.97382E-09
833, 2.18886E-06, 1.94127E-06, 1.03795E-06, 6.98224E-09
834, 2.18614E-06, 1.93707E-06, 1.03585E-06, 6.98919E-09
835, 2.18329E-06, 1.93275E-06, 1.03367E-06, 6.99464E-09
836, 2.18029E-06, 1.92831E-06, 1.03142E-06, 6.99863E-09
837, 2.17716E-06, 1.92376E-06, 1.02910E-06, 7.00113E-09
838, 2.17388E-06, 1.91909E-06, 1.02672E-06, 7.00215E-09
839, 2.17047E-06, 1.91431E-06, 1.02426E-06, 7.00172E-09
840, 2.16692E-06, 1.90942E-06, 1.02173E-06, 6.99979E-09
841, 2.16323E-06, 1.90441E-06, 1.01913E-06, 6.99640E-09
842, 2.15940E-06, 1.89930E-06, 1.01646E-06, 6.99154E-09
843, 2.15543E-06, 1.89409E-06, 1.01372E-06, 6.98521E-09
844, 2.15133E-06, 1.88876E-06, 1.01091E-06, 6.97742E-09
845, 2.14709E-06, 1.88334E-06, 1.00803E-06, 6.96818E-09
846, 2.14272E-06, 1.87781E-06, 1.00508E-06, 6.95751E-09
847, 2.13821E-06, 1.87218E-06, 1.00205E-06, 6.94538E-09
848, 2.13356E-06, 1.86645E-06, 9.98960E-07, 6.93181E-09
849, 2.12878E-06, 1.86062E-06, 9.95796E-07, 6.91683E-09
850, 2.12387E-06, 1.85469E-06, 9.92562E-07, 6.90045E-09
851, 2.11883E-06, 1.84867E-06, 9.89257E-07, 6.88264E-09
852, 2.11366E-06, 1.84256E-06, 9.85881E-07, 6.86346E-09
853, 2.10835E-06, 1.83635E-06, 9.82436E-07, 6.84290E-09
854, 2.10291E-06, 1.83005E-06, 9.78920E-07, 6.82097E-09
855, 2.09735E-06, 1.82367E-06, 9.75334E-07, 6.79768E-09
856, 2.09165E-06, 1.81719E-06, 9.71678E-07, 6.77307E-09
857, 2.08583E-06, 1.81063E-06, 9.67952E-07, 6.74712E-09
858, 2.07988E-06, 1.80399E-06, 9.64157E-07, 6.71987E-09
859, 2.07380E-06, 1.79726E-06, 9.60293E-07, 6.69132E-09
860, 2.06759E-06, 1.79045E-06, 9.56359E-07, 6.66151E-09
861, 2.06127E-06, 1.78356E-06, 9.52356E-07, 6.63042E-09
862, 2.05481E-06, 1.77659E-06, 9.48285E-07, 6.59811E-09
863, 2.04824E-06, 1.76955E-06, 9.44145E-07, 6.56457E-09
864, 2.04154E-06, 1.76243E-06, 9.39937E-07, 6.52983E-09
865, 2.03472E-06, 1.75523E-06, 9.35661E-07, 6.49390E-09
866, 2.02778E-06, 1.74797E-06, 9.31317E-07, 6.45680E-09
867, 2.02072E-06, 1.74063E-06, 9.26906E-07, 6.41857E-09
868, 2.01354E-06, 1.73322E-06, 9.22428E-07, 6.37922E-09
869, 2.00625E-06, 1.72575E-06, 9.17884E-07, 6.33875E-09
870, 1.99883E-06, 1.71821E-06, 9.13273E-07, 6.29722E-09
871, 1.99130E-06, 1.71060E-06, 9.08597E-07, 6.25463E-09
872, 1.98366E-06, 1.70293E-06, 9.03855E-07, 6.21101E-09
873, 1.97590E-06, 1.69540E-06, 8.99048E-07, 6.16636E-09
874, 1.96803E-06, 1.68862E-06, 8.94177E-07, 6.12072E-09
875, 1.96005E-06, 1.68177E-06, 8.89242E-07, 6.07413E-09
876, 1.95196E-06, 1.67484E-06, 8.84243E-07, 6.02661E-09
877, 1.94376E-06, 1.66783E-06, 8.79181E-07, 5.97814E-09
878, 1.93545E-06, 1.66074E-06, 8.74056E-07, 5.92880E-09
879, 1.92703E-06, 1.65359E-06, 8.68870E-07, 5.87857E-09
880, 1.91851E-06, 1.64635E-06, 8.63622E-07, 5.82751E-09
881, 1.90988E-06, 1.63905E-06, 8.58313E-07, 5.77564E-09
882, 1.90115E-06, 1.63167E-06, 8.52944E-07, 5.72296E-09
883, 1.89232E-06, 1.62423E-06, 8.47515E-07, 5.66952E-09
884, 1.88338E-06, 1.61671E-06, 8.42028E-07, 5.61533E-09
885, 1.87435E-06, 1.60913E-06, 8.36482E-07, 5.56042E-09
886, 1.86521E-06, 1.60148E-06, 8.30878E-07, 5.50482E-09
887, 1.85598E-06, 1.59377E-06, 8.25217E-07, 5.44855E-09
888, 1.84665E-06, 1.58599E-06, 8.19500E-07, 5.39164E-09
889, 1.83722E-06, 1.57815E-06, 8.13727E-07, 5.33411E-09
890, 1.82770E-06, 1.57025E-06, 8.07899E-07, 5.27597E-09
891, 1.81809E-06, 1.56229E-06, 8.02017E-07, 5.21729E-09
892, 1.80839E-06, 1.55427E-06, 7.96082E-07, 5.15806E-09
893, 1.79859E-06, 1.54619E-06, 7.90094E-07, 5.09831E-09
894, 1.78871E-06, 1.53806E-06, 7.84055E-07, 5.03807E-09
895, 1.77874E-06, 1.52987E-06, 7.77964E-07, 4.97736E-09
896, 1.76868E-06, 1.52162E-06, 7.71824E-07, 4.91621E-09
897, 1.75853E-06, 1.51333E-06, 7.65634E-07, 4.85463E-09
898, 1.74831E-06, 1.50498E-06, 7.59396E-07, 4.79268E-09
899, 1.73800E-06, 1.49658E-06, 7.53111E-07, 4.73035E-09
900, 1.72760E-06, 1.48813E-06, 7.46779E-07, 4.66767E-09
901, 1.71713E-06, 1.47963E-06, 7.40401E-07, 4.60469E-09
902, 1.70658E-06, 1.47109E-06, 7.33979E-07, 4.54139E-09
903, 1.69595E-06, 1.46250E-06, 7.27513E-07, 4.47783E-09
904, 1.68525E-06, 1.45387E-06, 7.21004E-07, 4.41401E-09
905, 1.67447E-06, 1.44519E-06, 7.14454E-07, 4.34998E-09
906, 1.66362E-06, 1.43648E-06, 7.07863E-07, 4.28574E-09
907, 1.65269E-06, 1.42772E-06, 7.01232E-07, 4.22131E-09
908, 1.64170E-06, 1.41892E-06, 6.94562E-07, 4.15675E-09
909, 1.63064E-06, 1.41008E-06, 6.87855E-07, 4.09200E-09
910, 1.61951E-06, 1.40121E-06, 6.81111E-07, 4.02718E-09
911, 1.60831E-06, 1.39230E-06, 6.74331E-07, 3.96225E-09
912, 1.59705E-06, 1.38336E-06, 6.67517E-07, 3.89726E-09
913, 1.58572E-06, 1.37438E-06, 6.60670E-07, 3.83220E-09
914, 1.57433E-06, 1.36537E-06, 6.53791E-07, 3.76711E-09
915, 1.56288E-06, 1.35633E-06, 6.46880E-07, 3.70202E-09
916, 1.55137E-06, 1.34727E-06, 6.39940E-07, 3.64380E-09
917, 1.53981E-06, 1.33817E-06, 6.32971E-07, 3.59491E-09
918, 1.52819E-06, 1.32904E-06, 6.25974E-07, 3.54590E-09
919, 1.51651E-06, 1.31989E-06, 6.18951E-07, 3.49677E-09
920, 1.50478E-06, 1.31071E-06, 6.11902E-07, 3.44752E-09
921, 1.49300E-06, 1.30151E-06, 6.04829E-07, 3.39821E-09
922, 1.48116E-06, 1.29229E-06, 5.97734E-07, 3.34878E-09
923, 1.46928E-06, 1.28305E-06, 5.90616E-07, 3.29933E-09
924, 1.45735E-06, 1.27378E-06, 5.83479E-07, 3.24980E-09
925, 1.44537E-06, 1.26450E-06, 5.76321E-07, 3.20024E-09
926, 1.43335E-06, 1.25520E-06, 5.69146E-07, 3.15069E-09
927, 1.42129E-06, 1.24588E-06, 5.61955E-07, 3.10111E-09
928, 1.40918E-06, 1.23654E-06, 5.55618E-07, 3.05152E-09
929, 1.39703E-06, 1.22719E-06, 5.51205E-07, 3.00197E-09
930, 1.38485E-06, 1.21783E-06, 5.46758E-07, 2.95243E-09
931, 1.37263E-06, 1.20845E-06, 5.42276E-07, 2.90296E-09
932, 1.36037E-06, 1.19906E-06, 5.37761E-07, 2.85352E-09
933, 1.34807E-06, 1.18967E-06, 5.33212E-07, 2.80414E-09
934, 1.33575E-06, 1.18150E-06, 5.28631E-07, 2.75487E-09
935, 1.32339E-06, 1.17475E-06, 5.24018E-07, 2.70565E-09
936, 1.31222E-06, 1.16795E-06, 5.19373E-07, 2.65654E-09
937, 1.31324E-06, 1.16109E-06, 5.14698E-07, 2.60755E-09
938, 1.31418E-06, 1.15419E-06, 5.09993E-07, 2.55867E-09
939, 1.31505E-06, 1.14723E-06, 5.05257E-07, 2.50993E-09
940, 1.31648E-06, 1.14022E-06, 5.00494E-07, 2.46132E-09
941, 1.31865E-06, 1.13316E-06, 4.95702E-07, 2.41285E-09
942, 1.32074E-06, 1.12606E-06, 4.90882E-07, 2.40765E-09
943, 1.32275E-06, 1.11891E-06, 4.86036E-07, 2.42937E-09
944, 1.32470E-06, 1.11172E-06, 4.81163E-07, 2.45047E-09
945, 1.32656E-06, 1.10448E-06, 4.76265E-07, 2.47097E-09
946, 1.32835E-06, 1.09720E-06, 4.71342E-07, 2.49089E-09
947, 1.33006E-06, 1.08987E-06, 4.67485E-07, 2.51016E-09
948, 1.33169E-06, 1.08251E-06, 4.66643E-07, 2.52881E-09
949, 1.33325E-06, 1.07511E-06, 4.65773E-07, 2.54684E-09
950, 1.33473E-06, 1.06767E-06, 4.64876E-07, 2.56424E-09
951, 1.33612E-06, 1.06019E-06, 4.63951E-07, 2.58100E-09
952, 1.33744E-06, 1.05267E-06, 4.62998E-07, 2.59710E-09
953, 1.33869E-06, 1.04512E-06, 4.62019E-07, 2.61254E-09
954, 1.33985E-06, 1.03754E-06, 4.61012E-07, 2.62735E-09
955, 1.34093E-06, 1.02993E-06, 4.59977E-07, 2.64150E-09
956, 1.34193E-06, 1.02228E-06, 4.58916E-07, 2.65496E-09
957, 1.34285E-06, 1.01461E-06, 4.57827E-07, 2.66777E-09
958, 1.34368E-06, 1.00690E-06, 4.56712E-07, 2.67989E-09
959, 1.34444E-06, 9.99170E-07, 4.55569E-07, 2.69137E-09
960, 1.34511E-06, 9.91412E-07, 4.54400E-07, 2.70214E-09
961, 1.34570E-06, 9.83630E-07, 4.53204E-07, 2.71224E-09
962, 1.34621E-06, 9.75824E-07, 4.51982E-07, 2.72167E-09
963, 1.34664E-06, 9.67995E-07, 4.50733E-07, 2.73041E-09
964, 1.34698E-06, 9.60146E-07, 4.49492E-07, 2.73847E-09
965, 1.34724E-06, 9.52277E-07, 4.49481E-07, 2.74582E-09
966, 1.34741E-06, 9.44389E-07, 4.49454E-07, 2.75251E-09
967, 1.34750E-06, 9.36484E-07, 4.49409E-07, 2.75850E-09
968, 1.34750E-06, 9.28563E-07, 4.49346E-07, 2.76379E-09
969, 1.34742E-06, 9.20627E-07, 4.49267E-07, 2.76840E-09
970, 1.34725E-06, 9.12678E-07, 4.49170E-07, 2.77232E-09
971, 1.34699E-06, 9.04716E-07, 4.49055E-07, 2.77557E-09
972, 1.34665E-06, 8.96744E-07, 4.48923E-07, 2.77811E-09
973, 1.34622E-06, 8.88762E-07, 4.48772E-07, 2.77996E-09
974, 1.34571E-06, 8.80772E-07, 4.48604E-07, 2.78115E-09
975, 1.34510E-06, 8.72775E-07, 4.48418E-07, 2.78436E-09
976, 1.34441E-06, 8.64771E-07, 4.48214E-07, 2.79163E-09
977, 1.34363E-06, 8.56764E-07, 4.47992E-07, 2.79832E-09
978, 1.34276E-06, 8.48753E-07, 4.47752E-07, 2.80440E-09
979, 1.34180E-06, 8.40739E-07, 4.47493E-07, 2.80990E-09
980, 1.34076E-06, 8.32725E-07, 4.47216E-07, 2.81480E-09
981, 1.33962E-06, 8.24712E-07, 4.46921E-07, 2.81909E-09
982, 1.33839E-06, 8.16700E-07, 4.46607E-07, 2.82280E-09
983, 1.33707E-06, 8.08690E-07, 4.46275E-07, 2.82589E-09
984, 1.33566E-06, 8.00685E-07, 4.45925E-07, 2.82839E-09
985, 1.33416E-06, 7.92685E-07, 4.45556E-07, 2.83026E-09
986, 1.33256E-06, 7.84691E-07, 4.45168E-07, 2.83156E-09
987, 1.33155E-06, 7.76705E-07, 4.44762E-07, 2.83226E-09
988, 1.33088E-06, 7.68728E-07, 4.44337E-07, 2.83235E-09
989, 1.33013E-06, 7.60761E-07, 4.43893E-07, 2.83183E-09
990, 1.32929E-06, 7.52804E-07, 4.43431E-07, 2.83070E-09
991, 1.32835E-06, 7.44860E-07, 4.42951E-07, 2.82898E-09
992, 1.32733E-06, 7.36929E-07, 4.42452E-07, 2.82667E-09
993, 1.32623E-06, 7.29012E-07, 4.41934E-07, 2.82374E-09
994, 1.32503E-06, 7.21111E-07, 4.41397E-07, 2.82021E-09
995, 1.32374E-06, 7.13226E-07, 4.40842E-07, 2.81610E-09
996, 1.32236E-06, 7.05359E-07, 4.40268E-07, 2.81138E-09
997, 1.32090E-06, 6.97511E-07, 4.39676E-07, 2.80606E-09
998, 1.31934E-06, 6.89682E-07, 4.39066E-07, 2.80018E-09
999, 1.31770E-06, 6.81874E-07, 4.38436E-07, 2.79368E-09
1000, 1.31596E-06, 6.74087E-07, 4.37789E-07, 2.78660E-09
