time_step, rel_err_u, rel_err_v, rel_err_w, rel_err_p
0, 0.00000E+00, 0.00000E+00, 0.00000E+00, 0.00000E+00
1, 1.70211E-04, 1.39730E-04, 9.30820E-05, 1.87712E-02
2, 8.94724E-05, 8.52810E-05, 5.83710E-05, 1.04852E-02
3, 6.09378E-05, 4.37659E-05, 5.07567E-05, 8.31189E-03
4, 6.07070E-05, 4.14969E-05, 2.32107E-05, 1.31878E-04
5, 6.09507E-05, 4.14163E-05, 2.29475E-05, 1.05472E-04
6, 6.15689E-05, 4.16605E-05, 2.26373E-05, 2.52899E-05
7, 6.21549E-05, 4.19303E-05, 2.22873E-05, 4.09501E-06
8, 6.26442E-05, 4.21808E-05, 2.18979E-05, 1.80884E-06
9, 6.35353E-05, 4.24031E-05, 2.17860E-05, 4.74260E-07
10, 6.48341E-05, 4.25936E-05, 2.19082E-05, 4.66236E-07
11, 6.60406E-05, 4.27515E-05, 2.19939E-05, 4.61797E-07
12, 6.71518E-05, 4.28765E-05, 2.20425E-05, 4.55481E-07
13, 6.81650E-05, 4.29683E-05, 2.20539E-05, 4.52498E-07
14, 6.90778E-05, 4.30266E-05, 2.20275E-05, 4.50074E-07
15, 6.98883E-05, 4.30512E-05, 2.19634E-05, 4.54244E-07
16, 7.05948E-05, 4.30421E-05, 2.18615E-05, 4.57443E-07
17, 7.11960E-05, 4.29989E-05, 2.17218E-05, 4.59608E-07
18, 7.16909E-05, 4.34606E-05, 2.15445E-05, 4.60730E-07
19, 7.20790E-05, 4.40250E-05, 2.13298E-05, 4.60825E-07
20, 7.23598E-05, 4.45610E-05, 2.10782E-05, 4.59906E-07
21, 7.25335E-05, 4.50680E-05, 2.07901E-05, 4.57992E-07
22, 7.33116E-05, 4.55453E-05, 2.04661E-05, 4.55104E-07
23, 7.41996E-05, 4.59921E-05, 2.01069E-05, 4.51270E-07
24, 7.49878E-05, 4.64078E-05, 1.97302E-05, 4.46519E-07
25, 7.56753E-05, 4.67918E-05, 1.97402E-05, 4.50173E-07
26, 7.74585E-05, 4.71434E-05, 2.03231E-05, 4.55146E-07
27, 7.91539E-05, 4.74622E-05, 2.10092E-05, 4.59212E-07
28, 8.07421E-05, 4.77476E-05, 2.16971E-05, 4.62361E-07
29, 8.22195E-05, 4.79991E-05, 2.23854E-05, 4.64587E-07
30, 8.35831E-05, 4.82163E-05, 2.30729E-05, 4.65888E-07
31, 8.48301E-05, 4.83988E-05, 2.37580E-05, 4.66266E-07
32, 8.59582E-05, 4.85462E-05, 2.44392E-05, 4.65725E-07
33, 8.69655E-05, 4.87007E-05, 2.51150E-05, 4.64273E-07
34, 8.81857E-05, 4.88596E-05, 2.57838E-05, 4.61923E-07
35, 9.02252E-05, 4.89846E-05, 2.64441E-05, 4.58689E-07
36, 9.22252E-05, 4.90753E-05, 2.70942E-05, 4.54943E-07
37, 9.41820E-05, 4.91314E-05, 2.77324E-05, 4.62426E-07
38, 9.60919E-05, 4.91524E-05, 2.83571E-05, 4.68951E-07
39, 9.79513E-05, 4.91383E-05, 2.89665E-05, 4.74499E-07
40, 9.97565E-05, 4.90887E-05, 2.95590E-05, 4.79052E-07
41, 1.01504E-04, 4.90035E-05, 3.01327E-05, 4.82599E-07
42, 1.03190E-04, 4.88826E-05, 3.06861E-05, 4.85130E-07
43, 1.04811E-04, 4.87260E-05, 3.12174E-05, 4.86642E-07
44, 1.06365E-04, 4.85336E-05, 3.17250E-05, 4.87133E-07
45, 1.07846E-04, 4.83055E-05, 3.22070E-05, 4.86608E-07
46, 1.09253E-04, 4.86575E-05, 3.26619E-05, 4.85073E-07
47, 1.11276E-04, 4.90898E-05, 3.30880E-05, 4.82540E-07
48, 1.13827E-04, 4.94923E-05, 3.34838E-05, 4.79025E-07
49, 1.16325E-04, 4.98642E-05, 3.38477E-05, 4.74544E-07
50, 1.18765E-04, 5.02051E-05, 3.41783E-05, 4.69120E-07
51, 1.21144E-04, 5.05143E-05, 3.44740E-05, 4.62778E-07
52, 1.23456E-04, 5.07913E-05, 3.47335E-05, 4.55545E-07
53, 1.25697E-04, 5.10356E-05, 3.49555E-05, 4.47452E-07
54, 1.27861E-04, 5.12468E-05, 3.51388E-05, 4.38531E-07
55, 1.29945E-04, 5.14244E-05, 3.52822E-05, 4.30908E-07
56, 1.31944E-04, 5.15681E-05, 3.53846E-05, 4.32554E-07
57, 1.33853E-04, 5.16775E-05, 3.57807E-05, 4.33188E-07
58, 1.35667E-04, 5.17523E-05, 3.67122E-05, 4.32811E-07
59, 1.37383E-04, 5.17924E-05, 3.76251E-05, 4.31427E-07
60, 1.38997E-04, 5.17976E-05, 3.85172E-05, 4.29049E-07
61, 1.40504E-04, 5.17677E-05, 3.93862E-05, 4.25688E-07
62, 1.41901E-04, 5.17026E-05, 4.02300E-05, 4.21364E-07
63, 1.43184E-04, 5.16247E-05, 4.10462E-05, 4.16099E-07
64, 1.44349E-04, 5.16457E-05, 4.18326E-05, 4.09918E-07
65, 1.45393E-04, 5.16321E-05, 4.25872E-05, 4.03823E-07
66, 1.46313E-04, 5.15835E-05, 4.33077E-05, 4.02329E-07
67, 1.47107E-04, 5.15001E-05, 4.39920E-05, 4.00063E-07
68, 1.47770E-04, 5.13815E-05, 4.46381E-05, 3.97001E-07
69, 1.48301E-04, 5.12279E-05, 4.52441E-05, 3.93117E-07
70, 1.48697E-04, 5.10392E-05, 4.58079E-05, 3.88394E-07
71, 1.50208E-04, 5.08156E-05, 4.63277E-05, 3.82815E-07
72, 1.52111E-04, 5.05572E-05, 4.68018E-05, 3.77997E-07
73, 1.53897E-04, 5.02643E-05, 4.72285E-05, 3.75162E-07
74, 1.55561E-04, 4.99372E-05, 4.76062E-05, 3.71591E-07
75, 1.57097E-04, 4.95761E-05, 4.79335E-05, 3.67293E-07
76, 1.58503E-04, 4.92075E-05, 4.82088E-05, 3.62279E-07
77, 1.59773E-04, 4.90599E-05, 4.84311E-05, 3.56565E-07
78, 1.60903E-04, 4.88792E-05, 4.85990E-05, 3.50167E-07
79, 1.61890E-04, 4.86654E-05, 4.87117E-05, 3.43107E-07
80, 1.62731E-04, 4.84187E-05, 4.87681E-05, 3.35406E-07
81, 1.63421E-04, 4.81391E-05, 4.87675E-05, 3.30649E-07
82, 1.63957E-04, 4.82000E-05, 4.87093E-05, 3.31118E-07
83, 1.64338E-04, 4.82628E-05, 4.85930E-05, 3.39464E-07
84, 1.64560E-04, 4.82959E-05, 4.84182E-05, 3.53170E-07
85, 1.64620E-04, 4.82992E-05, 4.81847E-05, 3.66155E-07
86, 1.64518E-04, 4.82727E-05, 4.85839E-05, 3.78404E-07
87, 1.64251E-04, 4.82165E-05, 4.96199E-05, 3.89900E-07
88, 1.63817E-04, 4.81305E-05, 5.06123E-05, 4.00632E-07
89, 1.63217E-04, 4.80150E-05, 5.15586E-05, 4.10588E-07
90, 1.62449E-04, 4.78701E-05, 5.24561E-05, 4.19761E-07
91, 1.61512E-04, 4.78689E-05, 5.33022E-05, 4.28143E-07
92, 1.60407E-04, 4.81197E-05, 5.40945E-05, 4.35732E-07
93, 1.59844E-04, 4.83406E-05, 5.48305E-05, 4.42525E-07
94, 1.60539E-04, 4.85442E-05, 5.55081E-05, 4.48521E-07
95, 1.61081E-04, 4.88539E-05, 5.61249E-05, 4.53721E-07
96, 1.61467E-04, 4.91334E-05, 5.66790E-05, 4.58129E-07
97, 1.61692E-04, 4.93820E-05, 5.71683E-05, 4.61749E-07
98, 1.61756E-04, 4.95992E-05, 5.75911E-05, 4.64587E-07
99, 1.61655E-04, 4.97844E-05, 5.79456E-05, 4.66650E-07
100, 1.61388E-04, 4.99373E-05, 5.82302E-05, 4.67948E-07
101, 1.60952E-04, 5.00575E-05, 5.84435E-05, 4.68489E-07
102, 1.60347E-04, 5.01444E-05, 5.85842E-05, 4.68284E-07
103, 1.59572E-04, 5.01977E-05, 5.86512E-05, 4.67346E-07
104, 1.58625E-04, 5.02172E-05, 5.86434E-05, 4.65688E-07
105, 1.57507E-04, 5.02025E-05, 5.85601E-05, 4.63322E-07
106, 1.56217E-04, 5.01534E-05, 5.84007E-05, 4.60264E-07
107, 1.54756E-04, 5.00698E-05, 5.81645E-05, 4.56530E-07
108, 1.53125E-04, 5.09442E-05, 5.78513E-05, 4.52136E-07
109, 1.51324E-04, 5.22031E-05, 5.74609E-05, 4.47099E-07
110, 1.49356E-04, 5.34503E-05, 5.69933E-05, 4.41438E-07
111, 1.47761E-04, 5.46846E-05, 5.64486E-05, 4.37598E-07
112, 1.49136E-04, 5.59052E-05, 5.58273E-05, 4.34780E-07
113, 1.50324E-04, 5.71113E-05, 5.51298E-05, 4.31063E-07
114, 1.51326E-04, 5.83018E-05, 5.43568E-05, 4.26490E-07
115, 1.52142E-04, 5.94760E-05, 5.52311E-05, 4.21105E-07
116, 1.54866E-04, 6.06329E-05, 5.66606E-05, 4.14957E-07
117, 1.57757E-04, 6.17718E-05, 5.80541E-05, 4.08095E-07
118, 1.60461E-04, 6.28917E-05, 5.94090E-05, 4.00573E-07
119, 1.62975E-04, 6.39919E-05, 6.07231E-05, 3.93436E-07
120, 1.65295E-04, 6.50717E-05, 6.19939E-05, 3.89513E-07
121, 1.67419E-04, 6.61302E-05, 6.32193E-05, 3.89953E-07
122, 1.69343E-04, 6.71667E-05, 6.43970E-05, 3.89523E-07
123, 1.71067E-04, 6.81805E-05, 6.55249E-05, 3.88236E-07
124, 1.72589E-04, 6.91709E-05, 6.66010E-05, 3.86107E-07
125, 1.73907E-04, 7.01372E-05, 6.76233E-05, 3.83157E-07
126, 1.75021E-04, 7.10789E-05, 6.85899E-05, 3.79412E-07
127, 1.75932E-04, 7.19954E-05, 6.94990E-05, 3.78461E-07
128, 1.76638E-04, 7.28860E-05, 7.03491E-05, 3.96003E-07
129, 1.77142E-04, 7.37502E-05, 7.11384E-05, 4.12978E-07
130, 1.77444E-04, 7.45875E-05, 7.18655E-05, 4.29311E-07
131, 1.77545E-04, 7.53975E-05, 7.25294E-05, 4.44933E-07
132, 1.77449E-04, 7.61796E-05, 7.31289E-05, 4.59773E-07
133, 1.77156E-04, 7.69335E-05, 7.36625E-05, 4.73766E-07
134, 1.76670E-04, 7.76588E-05, 7.41291E-05, 4.86847E-07
135, 1.75994E-04, 7.83552E-05, 7.45278E-05, 4.98957E-07
136, 1.75131E-04, 7.90222E-05, 7.48579E-05, 5.10038E-07
137, 1.74941E-04, 7.97048E-05, 7.51188E-05, 5.20039E-07
138, 1.75741E-04, 8.05033E-05, 7.53099E-05, 5.28912E-07
139, 1.76328E-04, 8.12696E-05, 7.54308E-05, 5.36613E-07
140, 1.76701E-04, 8.20032E-05, 7.54814E-05, 5.43105E-07
141, 1.76863E-04, 8.27037E-05, 7.54615E-05, 5.48355E-07
142, 1.76812E-04, 8.33709E-05, 7.53711E-05, 5.52337E-07
143, 1.76550E-04, 8.40044E-05, 7.52103E-05, 5.55030E-07
144, 1.76079E-04, 8.46040E-05, 7.49795E-05, 5.56418E-07
145, 1.75402E-04, 8.51694E-05, 7.46790E-05, 5.56493E-07
146, 1.74519E-04, 8.57004E-05, 7.43094E-05, 5.55253E-07
147, 1.73434E-04, 8.61969E-05, 7.38714E-05, 5.52701E-07
148, 1.72150E-04, 8.66588E-05, 7.33658E-05, 5.48846E-07
149, 1.74154E-04, 8.70860E-05, 7.27933E-05, 5.43705E-07
150, 1.76328E-04, 8.74785E-05, 7.21552E-05, 5.37299E-07
151, 1.78329E-04, 8.78362E-05, 7.14525E-05, 5.29656E-07
152, 1.80154E-04, 8.81593E-05, 7.06864E-05, 5.20809E-07
153, 1.81800E-04, 8.84478E-05, 6.98584E-05, 5.10795E-07
154, 1.83265E-04, 8.87017E-05, 6.89699E-05, 4.99660E-07
155, 1.84546E-04, 8.89213E-05, 6.80225E-05, 4.87450E-07
156, 1.85642E-04, 8.91068E-05, 6.70178E-05, 4.74218E-07
157, 1.86552E-04, 8.92582E-05, 6.59576E-05, 4.60021E-07
158, 1.87274E-04, 8.93760E-05, 6.48436E-05, 4.44919E-07
159, 1.87807E-04, 8.94603E-05, 6.36779E-05, 4.32765E-07
160, 1.88152E-04, 8.95114E-05, 6.24625E-05, 4.32343E-07
161, 1.88309E-04, 8.95297E-05, 6.11993E-05, 4.30877E-07
162, 1.88276E-04, 8.95155E-05, 5.98905E-05, 4.28415E-07
163, 1.88056E-04, 8.94693E-05, 5.85383E-05, 4.25006E-07
164, 1.87648E-04, 8.93914E-05, 5.71449E-05, 4.20702E-07
165, 1.87054E-04, 8.92823E-05, 5.57126E-05, 4.15560E-07
166, 1.86275E-04, 8.91423E-05, 5.42437E-05, 4.09637E-07
167, 1.85313E-04, 8.89721E-05, 5.27406E-05, 4.02993E-07
168, 1.84170E-04, 8.88957E-05, 5.12057E-05, 3.95689E-07
169, 1.82848E-04, 8.88682E-05, 4.96414E-05, 3.87787E-07
170, 1.81351E-04, 8.88076E-05, 4.80501E-05, 3.79349E-07
171, 1.79679E-04, 8.87141E-05, 4.64344E-05, 3.70437E-07
172, 1.77837E-04, 8.85883E-05, 4.66835E-05, 3.61113E-07
173, 1.75828E-04, 8.84307E-05, 4.71569E-05, 3.59810E-07
174, 1.73655E-04, 8.82419E-05, 4.75909E-05, 3.62093E-07
175, 1.71322E-04, 8.80224E-05, 4.79852E-05, 3.63505E-07
176, 1.68832E-04, 8.77728E-05, 4.83398E-05, 3.64043E-07
177, 1.66191E-04, 8.74938E-05, 4.86548E-05, 3.63709E-07
178, 1.63402E-04, 8.71859E-05, 4.89301E-05, 3.62508E-07
179, 1.60469E-04, 8.68498E-05, 4.91660E-05, 3.60451E-07
180, 1.57398E-04, 8.64861E-05, 4.93627E-05, 3.57552E-07
181, 1.54192E-04, 8.63689E-05, 4.95204E-05, 3.53829E-07
182, 1.50858E-04, 8.79650E-05, 4.96394E-05, 3.49304E-07
183, 1.47400E-04, 8.95162E-05, 4.97201E-05, 3.49334E-07
184, 1.43823E-04, 9.10211E-05, 4.98597E-05, 3.52550E-07
185, 1.40132E-04, 9.24786E-05, 5.00650E-05, 3.54584E-07
186, 1.36334E-04, 9.38876E-05, 5.02062E-05, 3.55447E-07
187, 1.32433E-04, 9.52471E-05, 5.02840E-05, 3.55156E-07
188, 1.28435E-04, 9.65561E-05, 5.02990E-05, 3.53734E-07
189, 1.24346E-04, 9.78137E-05, 5.02520E-05, 3.51208E-07
190, 1.20171E-04, 9.90191E-05, 5.01440E-05, 3.47612E-07
191, 1.16807E-04, 1.00172E-04, 4.99758E-05, 3.42983E-07
192, 1.17526E-04, 1.01271E-04, 4.97486E-05, 3.37363E-07
193, 1.18111E-04, 1.02316E-04, 4.94635E-05, 3.30796E-07
194, 1.18565E-04, 1.03306E-04, 4.91217E-05, 3.34652E-07
195, 1.18888E-04, 1.04241E-04, 4.87244E-05, 3.38093E-07
196, 1.19083E-04, 1.05121E-04, 4.82731E-05, 3.40635E-07
197, 1.19152E-04, 1.05945E-04, 4.77691E-05, 3.42289E-07
198, 1.19097E-04, 1.06713E-04, 4.72139E-05, 3.43066E-07
199, 1.20515E-04, 1.07425E-04, 4.66091E-05, 3.42983E-07
200, 1.23458E-04, 1.08081E-04, 4.59562E-05, 3.42059E-07
201, 1.26286E-04, 1.08681E-04, 4.53528E-05, 3.40318E-07
202, 1.28999E-04, 1.09225E-04, 4.57312E-05, 3.37786E-07
203, 1.31595E-04, 1.09712E-04, 4.61634E-05, 3.34489E-07
204, 1.34072E-04, 1.10144E-04, 4.65426E-05, 3.30461E-07
205, 1.36429E-04, 1.10521E-04, 4.68687E-05, 3.25732E-07
206, 1.38666E-04, 1.10843E-04, 4.71418E-05, 3.20339E-07
207, 1.40780E-04, 1.11109E-04, 4.73619E-05, 3.14317E-07
208, 1.42773E-04, 1.11322E-04, 4.75292E-05, 3.07704E-07
209, 1.44642E-04, 1.11480E-04, 4.76440E-05, 3.00538E-07
210, 1.46388E-04, 1.11585E-04, 4.77067E-05, 2.92860E-07
211, 1.48010E-04, 1.11637E-04, 4.77177E-05, 2.84709E-07
212, 1.49508E-04, 1.11637E-04, 4.76775E-05, 2.76126E-07
213, 1.50884E-04, 1.11585E-04, 4.75869E-05, 2.67152E-07
214, 1.52136E-04, 1.11483E-04, 4.74464E-05, 2.57825E-07
215, 1.53265E-04, 1.11331E-04, 4.72568E-05, 2.48188E-07
216, 1.54272E-04, 1.11129E-04, 4.70190E-05, 2.38280E-07
217, 1.55157E-04, 1.10879E-04, 4.67340E-05, 2.37647E-07
218, 1.55922E-04, 1.10581E-04, 4.64026E-05, 2.37058E-07
219, 1.56568E-04, 1.10237E-04, 4.60259E-05, 2.36311E-07
220, 1.57094E-04, 1.09847E-04, 4.56050E-05, 2.35420E-07
221, 1.57504E-04, 1.09412E-04, 4.51412E-05, 2.34396E-07
222, 1.57798E-04, 1.08933E-04, 4.46356E-05, 2.33251E-07
223, 1.57978E-04, 1.08411E-04, 4.40894E-05, 2.31995E-07
224, 1.58045E-04, 1.07848E-04, 4.35041E-05, 2.30639E-07
225, 1.58001E-04, 1.07244E-04, 4.28810E-05, 2.29189E-07
226, 1.57847E-04, 1.06600E-04, 4.22216E-05, 2.27655E-07
227, 1.57587E-04, 1.05918E-04, 4.15271E-05, 2.26043E-07
228, 1.57222E-04, 1.05198E-04, 4.07993E-05, 2.24360E-07
229, 1.56753E-04, 1.04441E-04, 4.00395E-05, 2.22609E-07
230, 1.56183E-04, 1.03650E-04, 3.92494E-05, 2.20797E-07
231, 1.55515E-04, 1.02824E-04, 3.84305E-05, 2.18926E-07
232, 1.54751E-04, 1.01965E-04, 3.75845E-05, 2.17000E-07
233, 1.53892E-04, 1.01074E-04, 3.67129E-05, 2.15022E-07
234, 1.52943E-04, 1.00153E-04, 3.58175E-05, 2.12993E-07
235, 1.51904E-04, 9.92014E-05, 3.55829E-05, 2.10915E-07
236, 1.50779E-04, 9.82216E-05, 3.60123E-05, 2.08789E-07
237, 1.49571E-04, 9.72146E-05, 3.64058E-05, 2.06616E-07
238, 1.48282E-04, 9.61813E-05, 3.67633E-05, 2.04395E-07
239, 1.46914E-04, 9.51229E-05, 3.70848E-05, 2.02128E-07
240, 1.45471E-04, 9.40406E-05, 3.73705E-05, 1.99814E-07
241, 1.43956E-04, 9.29355E-05, 3.76204E-05, 1.97452E-07
242, 1.42371E-04, 9.18087E-05, 3.78346E-05, 1.95041E-07
243, 1.40719E-04, 9.06613E-05, 3.80132E-05, 1.92581E-07
244, 1.39003E-04, 8.94943E-05, 3.81567E-05, 1.90072E-07
245, 1.37225E-04, 8.83091E-05, 3.82652E-05, 1.87512E-07
246, 1.35390E-04, 8.71064E-05, 3.83392E-05, 1.84900E-07
247, 1.33499E-04, 8.58876E-05, 3.83789E-05, 1.82236E-07
248, 1.31555E-04, 8.46536E-05, 3.83849E-05, 1.79519E-07
249, 1.29562E-04, 8.34054E-05, 3.83577E-05, 1.76749E-07
250, 1.27522E-04, 8.21442E-05, 3.82977E-05, 1.73925E-07
251, 1.25438E-04, 8.08708E-05, 3.82055E-05, 1.71046E-07
252, 1.23313E-04, 7.95864E-05, 3.80818E-05, 1.68113E-07
253, 1.21151E-04, 7.82919E-05, 3.79271E-05, 1.65125E-07
254, 1.18952E-04, 7.69883E-05, 3.77422E-05, 1.62084E-07
255, 1.16722E-04, 7.56765E-05, 3.75278E-05, 1.58988E-07
256, 1.14461E-04, 7.43574E-05, 3.72845E-05, 1.55840E-07
257, 1.12174E-04, 7.30321E-05, 3.70131E-05, 1.52640E-07
258, 1.09862E-04, 7.17014E-05, 3.67146E-05, 1.49390E-07
259, 1.07529E-04, 7.03661E-05, 3.63896E-05, 1.46090E-07
260, 1.05177E-04, 6.90271E-05, 3.60390E-05, 1.42743E-07
261, 1.02809E-04, 6.76854E-05, 3.56637E-05, 1.39351E-07
262, 1.00427E-04, 6.63416E-05, 3.52646E-05, 1.35915E-07
263, 9.80334E-05, 6.49966E-05, 3.48426E-05, 1.32439E-07
264, 9.61197E-05, 6.36513E-05, 3.43986E-05, 1.28924E-07
265, 9.56169E-05, 6.23063E-05, 3.39335E-05, 1.25872E-07
266, 9.50351E-05, 6.09624E-05, 3.34484E-05, 1.26801E-07
267, 9.43770E-05, 5.96203E-05, 3.29442E-05, 1.27626E-07
268, 9.36453E-05, 5.82808E-05, 3.24218E-05, 1.28347E-07
269, 9.28429E-05, 5.69444E-05, 3.18822E-05, 1.28963E-07
270, 9.19726E-05, 5.56120E-05, 3.13265E-05, 1.29473E-07
271, 9.10373E-05, 5.42840E-05, 3.07557E-05, 1.29877E-07
272, 9.00399E-05, 5.29612E-05, 3.01706E-05, 1.30175E-07
273, 8.89833E-05, 5.16442E-05, 2.95725E-05, 1.30368E-07
274, 8.78704E-05, 5.03334E-05, 2.89621E-05, 1.30457E-07
275, 8.67042E-05, 4.90296E-05, 2.83406E-05, 1.30442E-07
276, 8.54878E-05, 4.77331E-05, 2.77090E-05, 1.30325E-07
277, 8.42239E-05, 4.64446E-05, 2.70682E-05, 1.30108E-07
278, 8.29157E-05, 4.51645E-05, 2.64192E-05, 1.29793E-07
279, 8.15660E-05, 4.38934E-05, 2.57630E-05, 1.29384E-07
280, 8.01779E-05, 4.26316E-05, 2.51006E-05, 1.28881E-07
281, 7.87541E-05, 4.13796E-05, 2.44329E-05, 1.28288E-07
282, 7.72977E-05, 4.01378E-05, 2.37610E-05, 1.27609E-07
283, 7.58116E-05, 3.89066E-05, 2.30856E-05, 1.26847E-07
284, 7.42985E-05, 3.76865E-05, 2.24077E-05, 1.26005E-07
285, 7.27613E-05, 3.66813E-05, 2.17283E-05, 1.25086E-07
286, 7.12027E-05, 3.61981E-05, 2.10481E-05, 1.24096E-07
287, 6.96256E-05, 3.57070E-05, 2.03682E-05, 1.23036E-07
288, 6.80326E-05, 3.52086E-05, 1.96893E-05, 1.21913E-07
289, 6.64263E-05, 3.47035E-05, 1.90122E-05, 1.20729E-07
290, 6.48093E-05, 3.41925E-05, 1.83378E-05, 1.19634E-07
291, 6.31843E-05, 3.36761E-05, 1.76668E-05, 1.19600E-07
292, 6.15535E-05, 3.31550E-05, 1.70000E-05, 1.19524E-07
293, 5.99196E-05, 3.26297E-05, 1.63382E-05, 1.19406E-07
294, 5.82848E-05, 3.21008E-05, 1.56819E-05, 1.19250E-07
295, 5.66513E-05, 3.15689E-05, 1.50320E-05, 1.19057E-07
296, 5.50216E-05, 3.10346E-05, 1.43891E-05, 1.18830E-07
297, 5.33976E-05, 3.04984E-05, 1.37538E-05, 1.18571E-07
298, 5.17814E-05, 2.99609E-05, 1.31267E-05, 1.18281E-07
299, 5.01751E-05, 2.94225E-05, 1.25084E-05, 1.17963E-07
300, 4.85806E-05, 2.88838E-05, 1.18994E-05, 1.17618E-07
301, 4.69998E-05, 2.83453E-05, 1.15947E-05, 1.17249E-07
302, 4.54344E-05, 2.78074E-05, 1.15340E-05, 1.16857E-07
303, 4.38860E-05, 2.72706E-05, 1.14628E-05, 1.16444E-07
304, 4.23564E-05, 2.67353E-05, 1.13816E-05, 1.16012E-07
305, 4.08471E-05, 2.62021E-05, 1.12906E-05, 1.15562E-07
306, 3.93594E-05, 2.58504E-05, 1.11904E-05, 1.15095E-07
307, 3.78948E-05, 2.57784E-05, 1.10814E-05, 1.14614E-07
308, 3.72396E-05, 2.56972E-05, 1.10386E-05, 1.14118E-07
309, 3.74276E-05, 2.56070E-05, 1.10090E-05, 1.13610E-07
310, 3.75832E-05, 2.55079E-05, 1.09762E-05, 1.14327E-07
311, 3.77063E-05, 2.54000E-05, 1.09403E-05, 1.15188E-07
312, 3.77969E-05, 2.52835E-05, 1.09057E-05, 1.15996E-07
313, 3.78552E-05, 2.51584E-05, 1.08992E-05, 1.16749E-07
314, 3.78812E-05, 2.50250E-05, 1.08907E-05, 1.17448E-07
315, 3.78751E-05, 2.48922E-05, 1.08913E-05, 1.18090E-07
316, 3.78373E-05, 2.47777E-05, 1.09345E-05, 1.18674E-07
317, 3.77678E-05, 2.46551E-05, 1.09759E-05, 1.19201E-07
318, 3.76671E-05, 2.45243E-05, 1.10153E-05, 1.19668E-07
319, 3.75355E-05, 2.43856E-05, 1.10529E-05, 1.20075E-07
320, 3.73734E-05, 2.42390E-05, 1.10885E-05, 1.20422E-07
321, 3.71813E-05, 2.40847E-05, 1.11222E-05, 1.20708E-07
322, 3.69596E-05, 2.39229E-05, 1.11539E-05, 1.20932E-07
323, 3.67089E-05, 2.37536E-05, 1.11837E-05, 1.21095E-07
324, 3.64298E-05, 2.35771E-05, 1.12116E-05, 1.21195E-07
325, 3.61229E-05, 2.33934E-05, 1.12374E-05, 1.21233E-07
326, 3.57889E-05, 2.32028E-05, 1.12613E-05, 1.21208E-07
327, 3.54284E-05, 2.31388E-05, 1.12831E-05, 1.21121E-07
328, 3.50421E-05, 2.31065E-05, 1.13030E-05, 1.20970E-07
329, 3.46308E-05, 2.30661E-05, 1.13209E-05, 1.20758E-07
330, 3.41953E-05, 2.30178E-05, 1.13368E-05, 1.20483E-07
331, 3.37364E-05, 2.29614E-05, 1.13506E-05, 1.20145E-07
332, 3.32549E-05, 2.28972E-05, 1.13625E-05, 1.19924E-07
333, 3.27517E-05, 2.28253E-05, 1.13724E-05, 1.20050E-07
334, 3.22276E-05, 2.27456E-05, 1.13803E-05, 1.20379E-07
335, 3.16836E-05, 2.26583E-05, 1.13863E-05, 1.21153E-07
336, 3.11205E-05, 2.25635E-05, 1.13902E-05, 1.21873E-07
337, 3.05393E-05, 2.24613E-05, 1.13922E-05, 1.22541E-07
338, 2.99410E-05, 2.23518E-05, 1.13923E-05, 1.23155E-07
339, 2.93264E-05, 2.22351E-05, 1.13904E-05, 1.23715E-07
340, 2.86966E-05, 2.21112E-05, 1.13866E-05, 1.24221E-07
341, 2.80525E-05, 2.19804E-05, 1.13808E-05, 1.24673E-07
342, 2.73951E-05, 2.18427E-05, 1.13732E-05, 1.25070E-07
343, 2.67873E-05, 2.16982E-05, 1.13637E-05, 1.25412E-07
344, 2.67094E-05, 2.15471E-05, 1.13523E-05, 1.25700E-07
345, 2.66375E-05, 2.13894E-05, 1.13391E-05, 1.25932E-07
346, 2.65716E-05, 2.12254E-05, 1.13241E-05, 1.26108E-07
347, 2.65116E-05, 2.10630E-05, 1.13073E-05, 1.26229E-07
348, 2.64574E-05, 2.09118E-05, 1.13333E-05, 1.26294E-07
349, 2.64091E-05, 2.07542E-05, 1.13692E-05, 1.26303E-07
350, 2.63665E-05, 2.05902E-05, 1.14031E-05, 1.26256E-07
351, 2.63295E-05, 2.04887E-05, 1.14351E-05, 1.26153E-07
352, 2.62980E-05, 2.04771E-05, 1.14652E-05, 1.25993E-07
353, 2.62717E-05, 2.04585E-05, 1.14934E-05, 1.25777E-07
354, 2.62505E-05, 2.04329E-05, 1.15196E-05, 1.25505E-07
355, 2.62343E-05, 2.04004E-05, 1.15438E-05, 1.25176E-07
356, 2.62227E-05, 2.03610E-05, 1.15662E-05, 1.24791E-07
357, 2.62156E-05, 2.03147E-05, 1.15865E-05, 1.24349E-07
358, 2.62127E-05, 2.02617E-05, 1.16049E-05, 1.23851E-07
359, 2.64038E-05, 2.02018E-05, 1.16214E-05, 1.23918E-07
360, 2.67168E-05, 2.01352E-05, 1.16359E-05, 1.23973E-07
361, 2.70254E-05, 2.00620E-05, 1.16485E-05, 1.23976E-07
362, 2.73299E-05, 1.99821E-05, 1.16591E-05, 1.23928E-07
363, 2.76305E-05, 1.98957E-05, 1.16679E-05, 1.24172E-07
364, 2.79275E-05, 1.98028E-05, 1.16747E-05, 1.24710E-07
365, 2.82210E-05, 1.97034E-05, 1.16796E-05, 1.25199E-07
366, 2.85112E-05, 1.95977E-05, 1.16826E-05, 1.25640E-07
367, 2.87982E-05, 1.94856E-05, 1.16837E-05, 1.26031E-07
368, 2.90821E-05, 1.93674E-05, 1.16830E-05, 1.26373E-07
369, 2.93631E-05, 1.92430E-05, 1.16804E-05, 1.26664E-07
370, 2.96413E-05, 1.91125E-05, 1.16760E-05, 1.26905E-07
371, 2.99166E-05, 1.89760E-05, 1.16698E-05, 1.27095E-07
372, 3.01892E-05, 1.88337E-05, 1.16617E-05, 1.27234E-07
373, 3.04591E-05, 1.86856E-05, 1.16519E-05, 1.27321E-07
374, 3.07263E-05, 1.85400E-05, 1.16404E-05, 1.27356E-07
375, 3.09907E-05, 1.83976E-05, 1.16271E-05, 1.27339E-07
376, 3.12523E-05, 1.82493E-05, 1.16121E-05, 1.27269E-07
377, 3.15112E-05, 1.83718E-05, 1.15954E-05, 1.27147E-07
378, 3.17672E-05, 1.84887E-05, 1.15771E-05, 1.26971E-07
379, 3.20202E-05, 1.85993E-05, 1.15571E-05, 1.26743E-07
380, 3.22702E-05, 1.87038E-05, 1.15356E-05, 1.26461E-07
381, 3.25171E-05, 1.88023E-05, 1.15125E-05, 1.26126E-07
382, 3.27607E-05, 1.88948E-05, 1.15150E-05, 1.25738E-07
383, 3.30010E-05, 1.89816E-05, 1.15424E-05, 1.25295E-07
384, 3.32377E-05, 1.90626E-05, 1.15680E-05, 1.24799E-07
385, 3.34708E-05, 1.91381E-05, 1.15918E-05, 1.24250E-07
386, 3.37000E-05, 1.92081E-05, 1.16138E-05, 1.24236E-07
387, 3.39252E-05, 1.92728E-05, 1.16340E-05, 1.24297E-07
388, 3.41463E-05, 1.93321E-05, 1.16523E-05, 1.24309E-07
389, 3.43630E-05, 1.93864E-05, 1.16688E-05, 1.24271E-07
390, 3.45752E-05, 1.94355E-05, 1.16835E-05, 1.24184E-07
391, 3.47826E-05, 1.94798E-05, 1.16964E-05, 1.24047E-07
392, 3.49851E-05, 1.95191E-05, 1.17075E-05, 1.24162E-07
393, 3.51824E-05, 1.95538E-05, 1.17168E-05, 1.24526E-07
394, 3.53743E-05, 1.95838E-05, 1.17325E-05, 1.24841E-07
395, 3.55606E-05, 1.96092E-05, 1.18148E-05, 1.25108E-07
396, 3.57411E-05, 1.96303E-05, 1.18942E-05, 1.25324E-07
397, 3.59155E-05, 1.96470E-05, 1.19705E-05, 1.25491E-07
398, 3.60837E-05, 1.96594E-05, 1.20439E-05, 1.25607E-07
399, 3.62454E-05, 1.96678E-05, 1.21142E-05, 1.25671E-07
400, 3.64004E-05, 1.96721E-05, 1.21815E-05, 1.25684E-07
401, 3.65485E-05, 1.96724E-05, 1.22457E-05, 1.25644E-07
402, 3.66894E-05, 1.96690E-05, 1.23069E-05, 1.25551E-07
403, 3.68229E-05, 1.96618E-05, 1.23650E-05, 1.25405E-07
404, 3.69488E-05, 1.96509E-05, 1.24200E-05, 1.25204E-07
405, 3.70669E-05, 1.96366E-05, 1.24720E-05, 1.24950E-07
406, 3.71770E-05, 1.96188E-05, 1.25209E-05, 1.24640E-07
407, 3.72788E-05, 1.95976E-05, 1.25992E-05, 1.24276E-07
408, 3.73722E-05, 1.95733E-05, 1.27254E-05, 1.23855E-07
409, 3.74570E-05, 1.95457E-05, 1.28484E-05, 1.23379E-07
410, 3.75329E-05, 1.95152E-05, 1.29683E-05, 1.22846E-07
411, 3.75999E-05, 1.94816E-05, 1.30850E-05, 1.22257E-07
412, 3.76576E-05, 1.94452E-05, 1.31983E-05, 1.21766E-07
413, 3.77059E-05, 1.94061E-05, 1.33084E-05, 1.21808E-07
414, 3.77447E-05, 1.93643E-05, 1.34150E-05, 1.21796E-07
415, 3.77738E-05, 1.93199E-05, 1.35182E-05, 1.21729E-07
416, 3.77931E-05, 1.92730E-05, 1.36179E-05, 1.21609E-07
417, 3.78023E-05, 1.92237E-05, 1.37141E-05, 1.21433E-07
418, 3.78015E-05, 1.91721E-05, 1.38067E-05, 1.21201E-07
419, 3.77903E-05, 1.91183E-05, 1.38958E-05, 1.20913E-07
420, 3.77688E-05, 1.90625E-05, 1.39812E-05, 1.20570E-07
421, 3.77368E-05, 1.90045E-05, 1.40629E-05, 1.20275E-07
422, 3.76942E-05, 1.89447E-05, 1.41410E-05, 1.20321E-07
423, 3.76410E-05, 1.88830E-05, 1.42153E-05, 1.20311E-07
424, 3.75769E-05, 1.88196E-05, 1.42860E-05, 1.20245E-07
425, 3.75021E-05, 1.87545E-05, 1.43528E-05, 1.20122E-07
426, 3.74163E-05, 1.86878E-05, 1.44160E-05, 1.19941E-07
427, 3.73197E-05, 1.86197E-05, 1.44753E-05, 1.19702E-07
428, 3.72120E-05, 1.85501E-05, 1.45309E-05, 1.19405E-07
429, 3.70933E-05, 1.84888E-05, 1.45827E-05, 1.19049E-07
430, 3.69636E-05, 1.84826E-05, 1.46306E-05, 1.18634E-07
431, 3.68229E-05, 1.84731E-05, 1.46749E-05, 1.18160E-07
432, 3.66711E-05, 1.84603E-05, 1.47153E-05, 1.17626E-07
433, 3.65083E-05, 1.84441E-05, 1.47519E-05, 1.17032E-07
434, 3.63345E-05, 1.84246E-05, 1.47848E-05, 1.16379E-07
435, 3.61496E-05, 1.84017E-05, 1.48139E-05, 1.15665E-07
436, 3.59539E-05, 1.83755E-05, 1.48393E-05, 1.14892E-07
437, 3.57472E-05, 1.83459E-05, 1.48974E-05, 1.14059E-07
438, 3.55298E-05, 1.83130E-05, 1.50235E-05, 1.13167E-07
439, 3.53015E-05, 1.82768E-05, 1.51459E-05, 1.12899E-07
440, 3.50626E-05, 1.82373E-05, 1.52646E-05, 1.12659E-07
441, 3.48131E-05, 1.81944E-05, 1.53794E-05, 1.12362E-07
442, 3.45530E-05, 1.81483E-05, 1.54903E-05, 1.12009E-07
443, 3.42826E-05, 1.81763E-05, 1.55973E-05, 1.11599E-07
444, 3.40019E-05, 1.82185E-05, 1.57003E-05, 1.11132E-07
445, 3.37110E-05, 1.82575E-05, 1.57993E-05, 1.10609E-07
446, 3.34102E-05, 1.82934E-05, 1.58942E-05, 1.10029E-07
447, 3.30994E-05, 1.83261E-05, 1.59850E-05, 1.09394E-07
448, 3.27788E-05, 1.83557E-05, 1.60716E-05, 1.08702E-07
449, 3.24487E-05, 1.83821E-05, 1.61541E-05, 1.07956E-07
450, 3.21092E-05, 1.84053E-05, 1.62323E-05, 1.07154E-07
451, 3.17604E-05, 1.84252E-05, 1.63063E-05, 1.06620E-07
452, 3.14025E-05, 1.84419E-05, 1.63761E-05, 1.06710E-07
453, 3.10358E-05, 1.84553E-05, 1.64415E-05, 1.07184E-07
454, 3.06603E-05, 1.84655E-05, 1.65027E-05, 1.07644E-07
455, 3.02763E-05, 1.84723E-05, 1.65595E-05, 1.08089E-07
456, 2.98840E-05, 1.85047E-05, 1.66120E-05, 1.08520E-07
457, 2.94835E-05, 1.85629E-05, 1.66602E-05, 1.08937E-07
458, 2.90752E-05, 1.86190E-05, 1.67041E-05, 1.09339E-07
459, 2.86591E-05, 1.86729E-05, 1.67436E-05, 1.09727E-07
460, 2.82356E-05, 1.87246E-05, 1.67789E-05, 1.10100E-07
461, 2.78048E-05, 1.87742E-05, 1.68098E-05, 1.10458E-07
462, 2.73669E-05, 1.88217E-05, 1.68364E-05, 1.10800E-07
463, 2.69223E-05, 1.88670E-05, 1.68587E-05, 1.11128E-07
464, 2.64711E-05, 1.89101E-05, 1.68767E-05, 1.11440E-07
465, 2.60136E-05, 1.89511E-05, 1.68905E-05, 1.11736E-07
466, 2.55499E-05, 1.89899E-05, 1.69298E-05, 1.12016E-07
467, 2.50804E-05, 1.90267E-05, 1.70309E-05, 1.12281E-07
468, 2.46053E-05, 1.90612E-05, 1.71285E-05, 1.12529E-07
469, 2.41248E-05, 1.90937E-05, 1.72227E-05, 1.12760E-07
470, 2.36391E-05, 1.91240E-05, 1.73133E-05, 1.12975E-07
471, 2.31486E-05, 1.91521E-05, 1.74004E-05, 1.13173E-07
472, 2.26534E-05, 1.91782E-05, 1.74838E-05, 1.13355E-07
473, 2.21538E-05, 1.92021E-05, 1.75635E-05, 1.13518E-07
474, 2.16500E-05, 1.92238E-05, 1.76394E-05, 1.13665E-07
475, 2.11424E-05, 1.92435E-05, 1.77116E-05, 1.13793E-07
476, 2.06310E-05, 1.92610E-05, 1.77799E-05, 1.14413E-07
477, 2.05956E-05, 1.92764E-05, 1.78443E-05, 1.15012E-07
478, 2.05954E-05, 1.92896E-05, 1.79049E-05, 1.15582E-07
479, 2.05858E-05, 1.93008E-05, 1.79615E-05, 1.16124E-07
480, 2.05668E-05, 1.93098E-05, 1.80141E-05, 1.16637E-07
481, 2.05386E-05, 1.93166E-05, 1.80627E-05, 1.17121E-07
482, 2.05011E-05, 1.93214E-05, 1.81073E-05, 1.17576E-07
483, 2.04546E-05, 1.93239E-05, 1.81479E-05, 1.18002E-07
484, 2.03992E-05, 1.93244E-05, 1.81844E-05, 1.18400E-07
485, 2.03351E-05, 1.93227E-05, 1.82168E-05, 1.18768E-07
486, 2.02622E-05, 1.93189E-05, 1.82590E-05, 1.19107E-07
487, 2.01809E-05, 1.93129E-05, 1.83583E-05, 1.19416E-07
488, 2.00912E-05, 1.93048E-05, 1.84550E-05, 1.19697E-07
489, 1.99934E-05, 1.92946E-05, 1.85488E-05, 1.19948E-07
490, 1.98875E-05, 1.92821E-05, 1.86399E-05, 1.20170E-07
491, 1.97738E-05, 1.92675E-05, 1.87282E-05, 1.20362E-07
492, 1.96524E-05, 1.92508E-05, 1.88135E-05, 1.20526E-07
493, 1.95235E-05, 1.92319E-05, 1.88960E-05, 1.20661E-07
494, 1.93873E-05, 1.92108E-05, 1.89754E-05, 1.20766E-07
495, 1.92440E-05, 1.91875E-05, 1.90518E-05, 1.20843E-07
496, 1.90938E-05, 1.91621E-05, 1.91252E-05, 1.20891E-07
497, 1.89368E-05, 1.91344E-05, 1.91954E-05, 1.20911E-07
498, 1.87733E-05, 1.91046E-05, 1.92625E-05, 1.20902E-07
499, 1.86034E-05, 1.90725E-05, 1.93264E-05, 1.20865E-07
500, 1.84274E-05, 1.90382E-05, 1.93871E-05, 1.20800E-07
501, 1.82454E-05, 1.90018E-05, 1.94444E-05, 1.20707E-07
502, 1.80577E-05, 1.89631E-05, 1.94985E-05, 1.20587E-07
503, 1.78645E-05, 1.89221E-05, 1.95493E-05, 1.20439E-07
504, 1.76659E-05, 1.88789E-05, 1.95966E-05, 1.20265E-07
505, 1.74622E-05, 1.88335E-05, 1.96406E-05, 1.20312E-07
506, 1.72536E-05, 1.87858E-05, 1.96811E-05, 1.20591E-07
507, 1.70402E-05, 1.87494E-05, 1.97182E-05, 1.20833E-07
508, 1.68224E-05, 1.87127E-05, 1.97518E-05, 1.21039E-07
509, 1.66002E-05, 1.86742E-05, 1.97819E-05, 1.21210E-07
510, 1.63740E-05, 1.86338E-05, 1.98084E-05, 1.21345E-07
511, 1.61438E-05, 1.85915E-05, 1.98314E-05, 1.21446E-07
512, 1.59100E-05, 1.85472E-05, 1.98508E-05, 1.21513E-07
513, 1.56726E-05, 1.85011E-05, 1.98666E-05, 1.21545E-07
514, 1.54319E-05, 1.84531E-05, 1.98789E-05, 1.21544E-07
515, 1.51882E-05, 1.84031E-05, 1.98875E-05, 1.21510E-07
516, 1.49415E-05, 1.83511E-05, 1.98925E-05, 1.21444E-07
517, 1.46922E-05, 1.82972E-05, 1.98938E-05, 1.21346E-07
518, 1.44402E-05, 1.82413E-05, 1.98916E-05, 1.21217E-07
519, 1.41860E-05, 1.81835E-05, 1.98857E-05, 1.21057E-07
520, 1.39296E-05, 1.81236E-05, 1.98761E-05, 1.20866E-07
521, 1.36712E-05, 1.80618E-05, 1.98629E-05, 1.20646E-07
522, 1.34110E-05, 1.79979E-05, 1.98461E-05, 1.20397E-07
523, 1.31492E-05, 1.79320E-05, 1.98257E-05, 1.20119E-07
524, 1.28860E-05, 1.78641E-05, 1.98016E-05, 1.19813E-07
525, 1.26214E-05, 1.77941E-05, 1.97740E-05, 1.19480E-07
526, 1.24475E-05, 1.77220E-05, 1.97427E-05, 1.19121E-07
527, 1.25708E-05, 1.76479E-05, 1.97079E-05, 1.18735E-07
528, 1.26935E-05, 1.75717E-05, 1.96695E-05, 1.18323E-07
529, 1.28157E-05, 1.74934E-05, 1.96275E-05, 1.17887E-07
530, 1.29373E-05, 1.74130E-05, 1.95820E-05, 1.17426E-07
531, 1.30583E-05, 1.73305E-05, 1.95330E-05, 1.16942E-07
532, 1.31806E-05, 1.72459E-05, 1.94806E-05, 1.16435E-07
533, 1.33755E-05, 1.71591E-05, 1.94246E-05, 1.15905E-07
534, 1.35690E-05, 1.70702E-05, 1.93875E-05, 1.15354E-07
535, 1.37612E-05, 1.69791E-05, 1.94137E-05, 1.14873E-07
536, 1.39521E-05, 1.68859E-05, 1.94374E-05, 1.14765E-07
537, 1.41415E-05, 1.67905E-05, 1.94586E-05, 1.14626E-07
538, 1.43296E-05, 1.66929E-05, 1.94773E-05, 1.14459E-07
539, 1.45162E-05, 1.65932E-05, 1.94935E-05, 1.14264E-07
540, 1.47013E-05, 1.64913E-05, 1.95073E-05, 1.14040E-07
541, 1.48850E-05, 1.63872E-05, 1.95184E-05, 1.13790E-07
542, 1.50671E-05, 1.62809E-05, 1.95271E-05, 1.13513E-07
543, 1.52477E-05, 1.61723E-05, 1.95333E-05, 1.13211E-07
544, 1.54267E-05, 1.60616E-05, 1.95369E-05, 1.12883E-07
545, 1.56042E-05, 1.59487E-05, 1.95380E-05, 1.12532E-07
546, 1.57800E-05, 1.58580E-05, 1.95365E-05, 1.12156E-07
547, 1.59542E-05, 1.57818E-05, 1.95326E-05, 1.11758E-07
548, 1.61268E-05, 1.57039E-05, 1.95260E-05, 1.11337E-07
549, 1.62977E-05, 1.56244E-05, 1.95170E-05, 1.10895E-07
550, 1.64669E-05, 1.55431E-05, 1.95054E-05, 1.10432E-07
551, 1.66345E-05, 1.54601E-05, 1.94913E-05, 1.09948E-07
552, 1.68003E-05, 1.53754E-05, 1.94747E-05, 1.09445E-07
553, 1.69644E-05, 1.53958E-05, 1.94555E-05, 1.08923E-07
554, 1.71267E-05, 1.54428E-05, 1.94338E-05, 1.08383E-07
555, 1.72873E-05, 1.54870E-05, 1.94126E-05, 1.07825E-07
556, 1.74461E-05, 1.55282E-05, 1.95589E-05, 1.07250E-07
557, 1.76032E-05, 1.55666E-05, 1.97021E-05, 1.06658E-07
558, 1.77584E-05, 1.56020E-05, 1.98422E-05, 1.06051E-07
559, 1.79118E-05, 1.56345E-05, 1.99791E-05, 1.05429E-07
560, 1.80634E-05, 1.56640E-05, 2.01129E-05, 1.04792E-07
561, 1.82132E-05, 1.56906E-05, 2.02436E-05, 1.04141E-07
562, 1.83611E-05, 1.57141E-05, 2.03711E-05, 1.03477E-07
563, 1.85071E-05, 1.57345E-05, 2.04955E-05, 1.02800E-07
564, 1.86514E-05, 1.57520E-05, 2.06167E-05, 1.02111E-07
565, 1.87937E-05, 1.57663E-05, 2.07348E-05, 1.01410E-07
566, 1.89995E-05, 1.57776E-05, 2.08498E-05, 1.00776E-07
567, 1.92563E-05, 1.57858E-05, 2.09616E-05, 1.00497E-07
568, 1.95087E-05, 1.57909E-05, 2.10702E-05, 1.00199E-07
569, 1.97568E-05, 1.57929E-05, 2.11758E-05, 9.98832E-08
570, 2.00006E-05, 1.57918E-05, 2.12782E-05, 9.95491E-08
571, 2.02402E-05, 1.57875E-05, 2.13774E-05, 9.91976E-08
572, 2.04756E-05, 1.57802E-05, 2.14736E-05, 9.88295E-08
573, 2.07068E-05, 1.57697E-05, 2.15666E-05, 9.84451E-08
574, 2.09338E-05, 1.57560E-05, 2.16565E-05, 9.80452E-08
575, 2.11567E-05, 1.57392E-05, 2.17434E-05, 9.76302E-08
576, 2.13755E-05, 1.57193E-05, 2.18271E-05, 9.72007E-08
577, 2.15902E-05, 1.56963E-05, 2.19077E-05, 9.67572E-08
578, 2.18009E-05, 1.56701E-05, 2.19853E-05, 9.63003E-08
579, 2.20075E-05, 1.56460E-05, 2.20598E-05, 9.58304E-08
580, 2.22101E-05, 1.56233E-05, 2.21312E-05, 9.53483E-08
581, 2.24087E-05, 1.55979E-05, 2.21996E-05, 9.48542E-08
582, 2.26033E-05, 1.55699E-05, 2.22649E-05, 9.43488E-08
583, 2.27941E-05, 1.55393E-05, 2.23273E-05, 9.38325E-08
584, 2.29809E-05, 1.55060E-05, 2.23866E-05, 9.33058E-08
585, 2.31638E-05, 1.54701E-05, 2.24429E-05, 9.27693E-08
586, 2.33428E-05, 1.54316E-05, 2.24962E-05, 9.22233E-08
587, 2.35181E-05, 1.53905E-05, 2.25466E-05, 9.16684E-08
588, 2.36894E-05, 1.53468E-05, 2.25940E-05, 9.11050E-08
589, 2.38570E-05, 1.53006E-05, 2.26385E-05, 9.05335E-08
590, 2.40208E-05, 1.52517E-05, 2.26800E-05, 8.99545E-08
591, 2.41809E-05, 1.52003E-05, 2.27186E-05, 8.93683E-08
592, 2.43372E-05, 1.51463E-05, 2.27544E-05, 8.87753E-08
593, 2.44898E-05, 1.50897E-05, 2.27872E-05, 8.81760E-08
594, 2.46387E-05, 1.50307E-05, 2.28172E-05, 8.75708E-08
595, 2.47839E-05, 1.49691E-05, 2.28443E-05, 8.69600E-08
596, 2.49255E-05, 1.49546E-05, 2.28686E-05, 8.63441E-08
597, 2.50634E-05, 1.49763E-05, 2.28901E-05, 8.57234E-08
598, 2.51977E-05, 1.49952E-05, 2.29088E-05, 8.50983E-08
599, 2.53284E-05, 1.50113E-05, 2.29247E-05, 8.47237E-08
600, 2.54554E-05, 1.50245E-05, 2.29379E-05, 8.44727E-08
601, 2.55789E-05, 1.50348E-05, 2.29483E-05, 8.42106E-08
602, 2.56988E-05, 1.50421E-05, 2.29560E-05, 8.39377E-08
603, 2.58152E-05, 1.50465E-05, 2.29609E-05, 8.36544E-08
604, 2.59281E-05, 1.50478E-05, 2.29632E-05, 8.33611E-08
605, 2.60374E-05, 1.50462E-05, 2.29629E-05, 8.30582E-08
606, 2.61432E-05, 1.50415E-05, 2.29599E-05, 8.27461E-08
607, 2.62455E-05, 1.50337E-05, 2.29542E-05, 8.24251E-08
608, 2.63443E-05, 1.50228E-05, 2.29460E-05, 8.20956E-08
609, 2.64396E-05, 1.50087E-05, 2.29352E-05, 8.17578E-08
610, 2.65315E-05, 1.49916E-05, 2.29218E-05, 8.14123E-08
611, 2.66199E-05, 1.49712E-05, 2.29059E-05, 8.10592E-08
612, 2.67049E-05, 1.49477E-05, 2.28874E-05, 8.06990E-08
613, 2.67865E-05, 1.49209E-05, 2.28665E-05, 8.03319E-08
614, 2.68646E-05, 1.48910E-05, 2.28430E-05, 7.99583E-08
615, 2.69394E-05, 1.48578E-05, 2.28172E-05, 7.95785E-08
616, 2.70107E-05, 1.48213E-05, 2.27888E-05, 7.91927E-08
617, 2.70786E-05, 1.47816E-05, 2.27581E-05, 7.88013E-08
618, 2.71432E-05, 1.47386E-05, 2.27250E-05, 7.84045E-08
619, 2.72044E-05, 1.46924E-05, 2.26895E-05, 7.80026E-08
620, 2.72623E-05, 1.46514E-05, 2.26517E-05, 7.75959E-08
621, 2.73168E-05, 1.46158E-05, 2.26115E-05, 7.71846E-08
622, 2.73679E-05, 1.45774E-05, 2.25691E-05, 7.67690E-08
623, 2.74158E-05, 1.45362E-05, 2.25243E-05, 7.63493E-08
624, 2.74603E-05, 1.44921E-05, 2.24773E-05, 7.59257E-08
625, 2.75219E-05, 1.44453E-05, 2.24281E-05, 7.54985E-08
626, 2.75969E-05, 1.43956E-05, 2.23767E-05, 7.50680E-08
627, 2.76677E-05, 1.43431E-05, 2.23231E-05, 7.46342E-08
628, 2.77344E-05, 1.42877E-05, 2.22673E-05, 7.41974E-08
629, 2.77968E-05, 1.42295E-05, 2.22094E-05, 7.37578E-08
630, 2.78551E-05, 1.41685E-05, 2.21494E-05, 7.33155E-08
631, 2.79092E-05, 1.41047E-05, 2.20873E-05, 7.28708E-08
632, 2.79591E-05, 1.40380E-05, 2.20231E-05, 7.24340E-08
633, 2.80050E-05, 1.39685E-05, 2.19569E-05, 7.23015E-08
634, 2.80467E-05, 1.38962E-05, 2.18887E-05, 7.21606E-08
635, 2.80843E-05, 1.38211E-05, 2.18185E-05, 7.20116E-08
636, 2.81179E-05, 1.37432E-05, 2.17463E-05, 7.18548E-08
637, 2.81473E-05, 1.36624E-05, 2.16722E-05, 7.16903E-08
638, 2.81728E-05, 1.35789E-05, 2.15961E-05, 7.15182E-08
639, 2.81942E-05, 1.34926E-05, 2.15182E-05, 7.13388E-08
640, 2.82117E-05, 1.34035E-05, 2.14384E-05, 7.11523E-08
641, 2.82252E-05, 1.35112E-05, 2.13568E-05, 7.09588E-08
642, 2.82347E-05, 1.36574E-05, 2.12733E-05, 7.07584E-08
643, 2.82403E-05, 1.38017E-05, 2.11881E-05, 7.05514E-08
644, 2.82421E-05, 1.39442E-05, 2.11011E-05, 7.03378E-08
645, 2.82400E-05, 1.40849E-05, 2.10123E-05, 7.01179E-08
646, 2.82341E-05, 1.42236E-05, 2.09218E-05, 6.98918E-08
647, 2.82244E-05, 1.43604E-05, 2.08297E-05, 6.96596E-08
648, 2.82109E-05, 1.44952E-05, 2.07358E-05, 6.94213E-08
649, 2.81938E-05, 1.46281E-05, 2.06404E-05, 6.91772E-08
650, 2.81729E-05, 1.47589E-05, 2.05433E-05, 6.89274E-08
651, 2.81484E-05, 1.48877E-05, 2.04446E-05, 6.86719E-08
652, 2.81203E-05, 1.50144E-05, 2.03444E-05, 6.84109E-08
653, 2.80886E-05, 1.51390E-05, 2.02426E-05, 6.81444E-08
654, 2.80533E-05, 1.52615E-05, 2.01393E-05, 6.78726E-08
655, 2.80146E-05, 1.53818E-05, 2.00345E-05, 6.75955E-08
656, 2.79724E-05, 1.54999E-05, 1.99283E-05, 6.73131E-08
657, 2.79267E-05, 1.56158E-05, 1.98206E-05, 6.70257E-08
658, 2.78777E-05, 1.57295E-05, 1.97116E-05, 6.67331E-08
659, 2.78254E-05, 1.58409E-05, 1.96011E-05, 6.64355E-08
660, 2.77698E-05, 1.59501E-05, 1.94893E-05, 6.61330E-08
661, 2.77109E-05, 1.60569E-05, 1.93762E-05, 6.58255E-08
662, 2.76488E-05, 1.61614E-05, 1.92617E-05, 6.55492E-08
663, 2.75835E-05, 1.62636E-05, 1.91460E-05, 6.53590E-08
664, 2.75151E-05, 1.63634E-05, 1.90290E-05, 6.51523E-08
665, 2.74437E-05, 1.64809E-05, 1.89108E-05, 6.49294E-08
666, 2.73692E-05, 1.66303E-05, 1.87914E-05, 6.46906E-08
667, 2.72917E-05, 1.67770E-05, 1.86708E-05, 6.44510E-08
668, 2.72113E-05, 1.69209E-05, 1.85491E-05, 6.49942E-08
669, 2.71280E-05, 1.70621E-05, 1.84263E-05, 6.55275E-08
670, 2.70418E-05, 1.72005E-05, 1.83023E-05, 6.60511E-08
671, 2.69528E-05, 1.73360E-05, 1.81773E-05, 6.65649E-08
672, 2.68611E-05, 1.74687E-05, 1.80512E-05, 6.70690E-08
673, 2.67666E-05, 1.75986E-05, 1.79242E-05, 6.75634E-08
674, 2.66695E-05, 1.77255E-05, 1.77961E-05, 6.80481E-08
675, 2.65697E-05, 1.78495E-05, 1.76671E-05, 6.85233E-08
676, 2.64674E-05, 1.79706E-05, 1.75371E-05, 6.89888E-08
677, 2.63626E-05, 1.80887E-05, 1.74062E-05, 6.94449E-08
678, 2.62553E-05, 1.82038E-05, 1.72745E-05, 6.98915E-08
679, 2.61455E-05, 1.83159E-05, 1.71419E-05, 7.03287E-08
680, 2.60334E-05, 1.84250E-05, 1.70084E-05, 7.07565E-08
681, 2.59189E-05, 1.85310E-05, 1.68742E-05, 7.11751E-08
682, 2.58022E-05, 1.86340E-05, 1.67391E-05, 7.15845E-08
683, 2.56832E-05, 1.87339E-05, 1.66033E-05, 7.19849E-08
684, 2.55620E-05, 1.88307E-05, 1.64668E-05, 7.23761E-08
685, 2.54386E-05, 1.89245E-05, 1.63296E-05, 7.27585E-08
686, 2.53131E-05, 1.90151E-05, 1.61917E-05, 7.31320E-08
687, 2.51856E-05, 1.91026E-05, 1.60531E-05, 7.34967E-08
688, 2.50561E-05, 1.91869E-05, 1.59140E-05, 7.38528E-08
689, 2.49246E-05, 1.92681E-05, 1.57742E-05, 7.42004E-08
690, 2.47911E-05, 1.93462E-05, 1.56339E-05, 7.45395E-08
691, 2.46558E-05, 1.94211E-05, 1.54930E-05, 7.48703E-08
692, 2.45187E-05, 1.94928E-05, 1.53516E-05, 7.51928E-08
693, 2.43797E-05, 1.95613E-05, 1.52097E-05, 7.55073E-08
694, 2.42391E-05, 1.96267E-05, 1.50673E-05, 7.58137E-08
695, 2.40967E-05, 1.96889E-05, 1.49245E-05, 7.61123E-08
696, 2.39527E-05, 1.97479E-05, 1.47813E-05, 7.64031E-08
697, 2.38070E-05, 1.98037E-05, 1.46377E-05, 7.66863E-08
698, 2.36598E-05, 1.98564E-05, 1.44937E-05, 7.69620E-08
699, 2.35111E-05, 1.99058E-05, 1.43494E-05, 7.72303E-08
700, 2.33608E-05, 1.99521E-05, 1.42048E-05, 7.74914E-08
701, 2.32456E-05, 1.99952E-05, 1.40599E-05, 7.77453E-08
702, 2.31741E-05, 2.00351E-05, 1.39148E-05, 7.79923E-08
703, 2.31182E-05, 2.00718E-05, 1.37694E-05, 7.82324E-08
704, 2.30607E-05, 2.01054E-05, 1.36238E-05, 7.84659E-08
705, 2.30017E-05, 2.01358E-05, 1.34780E-05, 7.86927E-08
706, 2.29411E-05, 2.01630E-05, 1.33320E-05, 7.89131E-08
707, 2.28790E-05, 2.01871E-05, 1.31860E-05, 7.91272E-08
708, 2.28153E-05, 2.02081E-05, 1.30398E-05, 7.93352E-08
709, 2.27501E-05, 2.02259E-05, 1.28935E-05, 7.95370E-08
710, 2.26834E-05, 2.02406E-05, 1.27472E-05, 7.97331E-08
711, 2.26189E-05, 2.02523E-05, 1.26009E-05, 7.99233E-08
712, 2.25987E-05, 2.02608E-05, 1.24545E-05, 8.01079E-08
713, 2.25767E-05, 2.02662E-05, 1.23082E-05, 8.02870E-08
714, 2.25530E-05, 2.02686E-05, 1.21619E-05, 8.04607E-08
715, 2.25275E-05, 2.02881E-05, 1.20157E-05, 8.06292E-08
716, 2.25002E-05, 2.03088E-05, 1.18696E-05, 8.07927E-08
717, 2.24711E-05, 2.03264E-05, 1.17236E-05, 8.09511E-08
718, 2.24401E-05, 2.03408E-05, 1.15778E-05, 8.11047E-08
719, 2.24073E-05, 2.03521E-05, 1.14321E-05, 8.12535E-08
720, 2.23727E-05, 2.03604E-05, 1.12866E-05, 8.13978E-08
721, 2.23362E-05, 2.03655E-05, 1.11413E-05, 8.15376E-08
722, 2.22978E-05, 2.03677E-05, 1.09963E-05, 8.16730E-08
723, 2.22576E-05, 2.03668E-05, 1.08515E-05, 8.18042E-08
724, 2.22155E-05, 2.03630E-05, 1.07070E-05, 8.19312E-08
725, 2.21715E-05, 2.03562E-05, 1.05629E-05, 8.20542E-08
726, 2.21255E-05, 2.03464E-05, 1.04190E-05, 8.21732E-08
727, 2.20777E-05, 2.03338E-05, 1.02756E-05, 8.22885E-08
728, 2.20279E-05, 2.03183E-05, 1.01325E-05, 8.24000E-08
729, 2.19762E-05, 2.03000E-05, 9.98983E-06, 8.25078E-08
730, 2.19225E-05, 2.02789E-05, 9.84758E-06, 8.26121E-08
731, 2.18669E-05, 2.02550E-05, 9.70578E-06, 8.27130E-08
732, 2.18094E-05, 2.02284E-05, 9.56447E-06, 8.28104E-08
733, 2.17498E-05, 2.01991E-05, 9.42365E-06, 8.29045E-08
734, 2.16883E-05, 2.01672E-05, 9.28334E-06, 8.29954E-08
735, 2.16249E-05, 2.01325E-05, 9.28089E-06, 8.30831E-08
736, 2.15594E-05, 2.00953E-05, 9.29232E-06, 8.31677E-08
737, 2.14920E-05, 2.00556E-05, 9.30279E-06, 8.32491E-08
738, 2.14226E-05, 2.00133E-05, 9.31231E-06, 8.33276E-08
739, 2.13512E-05, 1.99685E-05, 9.32087E-06, 8.34031E-08
740, 2.12778E-05, 1.99213E-05, 9.32849E-06, 8.34756E-08
741, 2.12023E-05, 1.98717E-05, 9.33518E-06, 8.35452E-08
742, 2.11249E-05, 1.98196E-05, 9.34095E-06, 8.36119E-08
743, 2.10455E-05, 1.97653E-05, 9.34582E-06, 8.36758E-08
744, 2.09641E-05, 1.97086E-05, 9.34978E-06, 8.37367E-08
745, 2.08807E-05, 1.96497E-05, 9.35287E-06, 8.37948E-08
746, 2.07953E-05, 1.95885E-05, 9.35507E-06, 8.38500E-08
747, 2.07079E-05, 1.95251E-05, 9.35642E-06, 8.39024E-08
748, 2.06185E-05, 1.94596E-05, 9.35691E-06, 8.39519E-08
749, 2.05271E-05, 1.93920E-05, 9.35657E-06, 8.39984E-08
750, 2.04338E-05, 1.93223E-05, 9.35540E-06, 8.40420E-08
751, 2.03384E-05, 1.92506E-05, 9.35342E-06, 8.40827E-08
752, 2.02410E-05, 1.91768E-05, 9.35063E-06, 8.41203E-08
753, 2.01417E-05, 1.91011E-05, 9.34706E-06, 8.41549E-08
754, 2.00404E-05, 1.90235E-05, 9.34271E-06, 8.41863E-08
755, 1.99372E-05, 1.89440E-05, 9.33760E-06, 8.42145E-08
756, 1.98320E-05, 1.88627E-05, 9.33175E-06, 8.42395E-08
757, 1.97248E-05, 1.87795E-05, 9.32516E-06, 8.42611E-08
758, 1.96157E-05, 1.86946E-05, 9.31785E-06, 8.42793E-08
759, 1.95047E-05, 1.86079E-05, 9.30983E-06, 8.42940E-08
760, 1.93918E-05, 1.85196E-05, 9.30112E-06, 8.43051E-08
761, 1.92769E-05, 1.84296E-05, 9.29173E-06, 8.43124E-08
762, 1.91602E-05, 1.83380E-05, 9.28167E-06, 8.43160E-08
763, 1.90416E-05, 1.82448E-05, 9.27097E-06, 8.43156E-08
764, 1.89211E-05, 1.81501E-05, 9.25963E-06, 8.43111E-08
765, 1.87988E-05, 1.80539E-05, 9.24766E-06, 8.43024E-08
766, 1.86746E-05, 1.79562E-05, 9.23509E-06, 8.42894E-08
767, 1.85486E-05, 1.78571E-05, 9.22193E-06, 8.42719E-08
768, 1.84208E-05, 1.77566E-05, 9.20819E-06, 8.42498E-08
769, 1.82913E-05, 1.76547E-05, 9.19388E-06, 8.42229E-08
770, 1.81599E-05, 1.75515E-05, 9.17902E-06, 8.41911E-08
771, 1.80268E-05, 1.74471E-05, 9.16363E-06, 8.41541E-08
772, 1.78920E-05, 1.73414E-05, 9.14772E-06, 8.41119E-08
773, 1.77555E-05, 1.72345E-05, 9.13131E-06, 8.40642E-08
774, 1.76173E-05, 1.71264E-05, 9.11440E-06, 8.40109E-08
775, 1.74774E-05, 1.70172E-05, 9.09701E-06, 8.39518E-08
776, 1.73359E-05, 1.69069E-05, 9.07917E-06, 8.38867E-08
777, 1.72671E-05, 1.67955E-05, 9.06087E-06, 8.38154E-08
778, 1.73857E-05, 1.66830E-05, 9.04214E-06, 8.37378E-08
779, 1.75033E-05, 1.65696E-05, 9.02299E-06, 8.36535E-08
780, 1.76198E-05, 1.64552E-05, 9.00344E-06, 8.35624E-08
781, 1.77352E-05, 1.63398E-05, 8.98349E-06, 8.34644E-08
782, 1.78494E-05, 1.62236E-05, 8.96317E-06, 8.33592E-08
783, 1.79626E-05, 1.61064E-05, 8.94248E-06, 8.32465E-08
784, 1.80746E-05, 1.59885E-05, 8.92144E-06, 8.31262E-08
785, 1.81854E-05, 1.58697E-05, 8.91226E-06, 8.29982E-08
786, 1.82950E-05, 1.57501E-05, 8.90635E-06, 8.28620E-08
787, 1.84034E-05, 1.56298E-05, 8.90011E-06, 8.27176E-08
788, 1.85106E-05, 1.55088E-05, 8.89355E-06, 8.25648E-08
789, 1.86166E-05, 1.53871E-05, 8.88666E-06, 8.24033E-08
790, 1.87213E-05, 1.52647E-05, 8.87945E-06, 8.22328E-08
791, 1.88247E-05, 1.51417E-05, 8.87194E-06, 8.20532E-08
792, 1.89269E-05, 1.50180E-05, 8.86411E-06, 8.18644E-08
793, 1.90277E-05, 1.48938E-05, 8.85599E-06, 8.16660E-08
794, 1.91272E-05, 1.47691E-05, 8.84756E-06, 8.14578E-08
795, 1.92254E-05, 1.46438E-05, 8.83884E-06, 8.12397E-08
796, 1.93247E-05, 1.45209E-05, 8.82984E-06, 8.10115E-08
797, 1.94670E-05, 1.44398E-05, 8.82054E-06, 8.07728E-08
798, 1.96078E-05, 1.43581E-05, 8.81097E-06, 8.05237E-08
799, 1.97473E-05, 1.42759E-05, 8.80112E-06, 8.02637E-08
800, 1.98854E-05, 1.41931E-05, 8.79099E-06, 7.99929E-08
801, 2.00220E-05, 1.41097E-05, 8.78059E-06, 7.97109E-08
802, 2.01572E-05, 1.40258E-05, 8.76991E-06, 7.94176E-08
803, 2.02909E-05, 1.39414E-05, 8.75897E-06, 7.91128E-08
804, 2.04230E-05, 1.38564E-05, 8.74777E-06, 7.87963E-08
805, 2.05537E-05, 1.37709E-05, 8.73630E-06, 7.84681E-08
806, 2.06828E-05, 1.36848E-05, 8.72457E-06, 7.81278E-08
807, 2.08103E-05, 1.35983E-05, 8.71258E-06, 7.77754E-08
808, 2.09362E-05, 1.35113E-05, 8.73763E-06, 7.74107E-08
809, 2.10606E-05, 1.34708E-05, 8.79003E-06, 7.70337E-08
810, 2.11832E-05, 1.35212E-05, 8.84137E-06, 7.66440E-08
811, 2.13042E-05, 1.35702E-05, 8.89166E-06, 7.62417E-08
812, 2.14236E-05, 1.36178E-05, 8.94088E-06, 7.58265E-08
813, 2.15412E-05, 1.36641E-05, 8.98903E-06, 7.53986E-08
814, 2.16571E-05, 1.37090E-05, 9.03610E-06, 7.49575E-08
815, 2.17713E-05, 1.37526E-05, 9.08209E-06, 7.45034E-08
816, 2.18837E-05, 1.37948E-05, 9.12699E-06, 7.40361E-08
817, 2.19944E-05, 1.38356E-05, 9.17080E-06, 7.35556E-08
818, 2.21032E-05, 1.38750E-05, 9.21351E-06, 7.30618E-08
819, 2.22103E-05, 1.39131E-05, 9.25512E-06, 7.25546E-08
820, 2.23154E-05, 1.39498E-05, 9.29561E-06, 7.20339E-08
821, 2.24188E-05, 1.39851E-05, 9.33500E-06, 7.14999E-08
822, 2.25203E-05, 1.40190E-05, 9.37327E-06, 7.09524E-08
823, 2.26198E-05, 1.40515E-05, 9.41042E-06, 7.03914E-08
824, 2.27175E-05, 1.40826E-05, 9.44645E-06, 6.98169E-08
825, 2.28133E-05, 1.41123E-05, 9.48136E-06, 6.92290E-08
826, 2.29071E-05, 1.41406E-05, 9.53253E-06, 6.86276E-08
827, 2.29990E-05, 1.41675E-05, 9.59838E-06, 6.80127E-08
828, 2.30889E-05, 1.42092E-05, 9.66323E-06, 6.73845E-08
829, 2.31768E-05, 1.42641E-05, 9.72710E-06, 6.67430E-08
830, 2.32627E-05, 1.43177E-05, 9.78996E-06, 6.62490E-08
831, 2.33466E-05, 1.43700E-05, 9.85181E-06, 6.58126E-08
832, 2.34284E-05, 1.44209E-05, 9.91264E-06, 6.53614E-08
833, 2.35083E-05, 1.44705E-05, 9.97246E-06, 6.48954E-08
834, 2.35860E-05, 1.45188E-05, 1.00312E-05, 6.44146E-08
835, 2.36617E-05, 1.45658E-05, 1.00890E-05, 6.39191E-08
836, 2.37354E-05, 1.46114E-05, 1.01457E-05, 6.34090E-08
837, 2.38069E-05, 1.46557E-05, 1.02014E-05, 6.28844E-08
838, 2.38763E-05, 1.46987E-05, 1.02560E-05, 6.23453E-08
839, 2.39436E-05, 1.47404E-05, 1.03096E-05, 6.17919E-08
840, 2.40088E-05, 1.47809E-05, 1.03621E-05, 6.12242E-08
841, 2.40719E-05, 1.48200E-05, 1.04136E-05, 6.06425E-08
842, 2.41328E-05, 1.48578E-05, 1.04639E-05, 6.00468E-08
843, 2.41915E-05, 1.48943E-05, 1.05133E-05, 5.94373E-08
844, 2.42481E-05, 1.49295E-05, 1.05615E-05, 5.88141E-08
845, 2.43025E-05, 1.49635E-05, 1.06086E-05, 5.81775E-08
846, 2.43547E-05, 1.49961E-05, 1.06547E-05, 5.75276E-08
847, 2.44047E-05, 1.50275E-05, 1.06997E-05, 5.68646E-08
848, 2.44526E-05, 1.50576E-05, 1.07436E-05, 5.61886E-08
849, 2.44982E-05, 1.50864E-05, 1.07864E-05, 5.55000E-08
850, 2.45416E-05, 1.51139E-05, 1.08281E-05, 5.47990E-08
851, 2.45828E-05, 1.51401E-05, 1.08688E-05, 5.40856E-08
852, 2.46218E-05, 1.51651E-05, 1.09083E-05, 5.33603E-08
853, 2.46585E-05, 1.51888E-05, 1.09467E-05, 5.26232E-08
854, 2.46930E-05, 1.52113E-05, 1.09840E-05, 5.23278E-08
855, 2.47253E-05, 1.52325E-05, 1.10202E-05, 5.21626E-08
856, 2.47554E-05, 1.52524E-05, 1.10553E-05, 5.19858E-08
857, 2.47832E-05, 1.52710E-05, 1.11240E-05, 5.17976E-08
858, 2.48087E-05, 1.52884E-05, 1.11953E-05, 5.15982E-08
859, 2.48320E-05, 1.53045E-05, 1.12657E-05, 5.13880E-08
860, 2.48531E-05, 1.53194E-05, 1.13352E-05, 5.11671E-08
861, 2.48719E-05, 1.53330E-05, 1.14038E-05, 5.09358E-08
862, 2.48884E-05, 1.53454E-05, 1.14715E-05, 5.06944E-08
863, 2.49210E-05, 1.53565E-05, 1.15383E-05, 5.04431E-08
864, 2.49917E-05, 1.53664E-05, 1.16042E-05, 5.01824E-08
865, 2.50607E-05, 1.53750E-05, 1.16691E-05, 4.99123E-08
866, 2.51278E-05, 1.53824E-05, 1.17330E-05, 4.96332E-08
867, 2.51932E-05, 1.53885E-05, 1.17960E-05, 4.93454E-08
868, 2.52568E-05, 1.53934E-05, 1.18580E-05, 4.90491E-08
869, 2.53186E-05, 1.53971E-05, 1.19191E-05, 4.87448E-08
870, 2.53785E-05, 1.53995E-05, 1.19792E-05, 4.84325E-08
871, 2.54367E-05, 1.54007E-05, 1.20383E-05, 4.81128E-08
872, 2.54930E-05, 1.54006E-05, 1.20963E-05, 4.77857E-08
873, 2.55475E-05, 1.53993E-05, 1.21534E-05, 4.74517E-08
874, 2.56001E-05, 1.53968E-05, 1.22095E-05, 4.71111E-08
875, 2.56509E-05, 1.53931E-05, 1.22646E-05, 4.67640E-08
876, 2.56998E-05, 1.53881E-05, 1.23187E-05, 4.64110E-08
877, 2.57469E-05, 1.53819E-05, 1.23717E-05, 4.60521E-08
878, 2.57920E-05, 1.53745E-05, 1.24237E-05, 4.56878E-08
879, 2.58353E-05, 1.53659E-05, 1.24746E-05, 4.53183E-08
880, 2.58767E-05, 1.53561E-05, 1.25245E-05, 4.49439E-08
881, 2.59162E-05, 1.53450E-05, 1.25734E-05, 4.45649E-08
882, 2.59538E-05, 1.53328E-05, 1.26212E-05, 4.41817E-08
883, 2.59894E-05, 1.53193E-05, 1.26679E-05, 4.37944E-08
884, 2.60232E-05, 1.53047E-05, 1.27136E-05, 4.34267E-08
885, 2.60550E-05, 1.52888E-05, 1.27582E-05, 4.30821E-08
886, 2.60849E-05, 1.52718E-05, 1.28017E-05, 4.27338E-08
887, 2.61129E-05, 1.52535E-05, 1.28442E-05, 4.23820E-08
888, 2.61390E-05, 1.52341E-05, 1.28855E-05, 4.20272E-08
889, 2.61631E-05, 1.52135E-05, 1.29258E-05, 4.16696E-08
890, 2.61853E-05, 1.51917E-05, 1.29650E-05, 4.13094E-08
891, 2.62055E-05, 1.51836E-05, 1.30031E-05, 4.09469E-08
892, 2.62238E-05, 1.51950E-05, 1.30400E-05, 4.05823E-08
893, 2.62401E-05, 1.52051E-05, 1.30759E-05, 4.02160E-08
894, 2.62545E-05, 1.52140E-05, 1.31107E-05, 3.98482E-08
895, 2.62670E-05, 1.52217E-05, 1.31443E-05, 3.94791E-08
896, 2.62775E-05, 1.52281E-05, 1.31769E-05, 3.91090E-08
897, 2.62860E-05, 1.52333E-05, 1.32083E-05, 3.87381E-08
898, 2.62926E-05, 1.52373E-05, 1.32386E-05, 3.83667E-08
899, 2.62973E-05, 1.52400E-05, 1.32678E-05, 3.79949E-08
900, 2.63000E-05, 1.52415E-05, 1.32958E-05, 3.76231E-08
901, 2.63007E-05, 1.52418E-05, 1.33227E-05, 3.72514E-08
902, 2.62995E-05, 1.52408E-05, 1.33485E-05, 3.68801E-08
903, 2.62963E-05, 1.52386E-05, 1.33732E-05, 3.65094E-08
904, 2.62912E-05, 1.52351E-05, 1.33968E-05, 3.61394E-08
905, 2.62842E-05, 1.52304E-05, 1.34192E-05, 3.57704E-08
906, 2.62752E-05, 1.52245E-05, 1.34404E-05, 3.54025E-08
907, 2.62643E-05, 1.52174E-05, 1.34606E-05, 3.50360E-08
908, 2.62514E-05, 1.52090E-05, 1.34796E-05, 3.46710E-08
909, 2.62366E-05, 1.51993E-05, 1.34974E-05, 3.43078E-08
910, 2.62199E-05, 1.51885E-05, 1.35142E-05, 3.39464E-08
911, 2.62012E-05, 1.52165E-05, 1.35298E-05, 3.35871E-08
912, 2.61807E-05, 1.52732E-05, 1.35607E-05, 3.32300E-08
913, 2.61582E-05, 1.53289E-05, 1.36170E-05, 3.28752E-08
914, 2.61338E-05, 1.53836E-05, 1.36725E-05, 3.25229E-08
915, 2.61075E-05, 1.54373E-05, 1.37272E-05, 3.21733E-08
916, 2.60793E-05, 1.54899E-05, 1.37810E-05, 3.18264E-08
917, 2.60492E-05, 1.55414E-05, 1.38341E-05, 3.14825E-08
918, 2.60173E-05, 1.55920E-05, 1.38864E-05, 3.11416E-08
919, 2.59834E-05, 1.56414E-05, 1.39378E-05, 3.08038E-08
920, 2.59477E-05, 1.56898E-05, 1.39884E-05, 3.04693E-08
921, 2.59101E-05, 1.57371E-05, 1.40381E-05, 3.01382E-08
922, 2.58707E-05, 1.57834E-05, 1.40870E-05, 2.98105E-08
923, 2.58294E-05, 1.58285E-05, 1.41351E-05, 2.94864E-08
924, 2.57863E-05, 1.58726E-05, 1.41822E-05, 2.91659E-08
925, 2.57414E-05, 1.59156E-05, 1.42285E-05, 2.88702E-08
926, 2.56946E-05, 1.59576E-05, 1.42739E-05, 2.86093E-08
927, 2.56460E-05, 1.59984E-05, 1.43184E-05, 2.83667E-08
928, 2.55956E-05, 1.60381E-05, 1.43619E-05, 2.82583E-08
929, 2.55435E-05, 1.60767E-05, 1.44046E-05, 2.85186E-08
930, 2.54895E-05, 1.61143E-05, 1.44463E-05, 2.87682E-08
931, 2.54338E-05, 1.61507E-05, 1.44872E-05, 2.90071E-08
932, 2.53763E-05, 1.61864E-05, 1.45270E-05, 2.92353E-08
933, 2.53171E-05, 1.62330E-05, 1.45660E-05, 2.94529E-08
934, 2.52561E-05, 1.62788E-05, 1.46040E-05, 2.96599E-08
935, 2.51934E-05, 1.63238E-05, 1.46410E-05, 2.98562E-08
936, 2.51290E-05, 1.63679E-05, 1.46770E-05, 3.02113E-08
937, 2.50630E-05, 1.64112E-05, 1.47121E-05, 3.05649E-08
938, 2.49952E-05, 1.64537E-05, 1.47462E-05, 3.09393E-08
939, 2.49257E-05, 1.64953E-05, 1.47794E-05, 3.14237E-08
940, 2.48546E-05, 1.65361E-05, 1.48115E-05, 3.18954E-08
941, 2.47819E-05, 1.65760E-05, 1.48426E-05, 3.23545E-08
942, 2.47075E-05, 1.66151E-05, 1.48727E-05, 3.28010E-08
943, 2.46315E-05, 1.66533E-05, 1.49018E-05, 3.32349E-08
944, 2.45539E-05, 1.66906E-05, 1.49299E-05, 3.36562E-08
945, 2.44747E-05, 1.67270E-05, 1.49570E-05, 3.40649E-08
946, 2.43939E-05, 1.67626E-05, 1.49830E-05, 3.45475E-08
947, 2.43116E-05, 1.67973E-05, 1.50080E-05, 3.50423E-08
948, 2.42278E-05, 1.68311E-05, 1.50320E-05, 3.55254E-08
949, 2.41424E-05, 1.68640E-05, 1.50549E-05, 3.59966E-08
950, 2.40555E-05, 1.68960E-05, 1.50767E-05, 3.64561E-08
951, 2.39671E-05, 1.69271E-05, 1.50975E-05, 3.69038E-08
952, 2.38772E-05, 1.69573E-05, 1.51173E-05, 3.73399E-08
953, 2.37859E-05, 1.69866E-05, 1.51360E-05, 3.77642E-08
954, 2.36931E-05, 1.70150E-05, 1.51536E-05, 3.81769E-08
955, 2.35990E-05, 1.70424E-05, 1.51701E-05, 3.85781E-08
956, 2.35034E-05, 1.70689E-05, 1.51856E-05, 3.89676E-08
957, 2.34064E-05, 1.70945E-05, 1.52000E-05, 3.93456E-08
958, 2.33080E-05, 1.71192E-05, 1.52132E-05, 3.97121E-08
959, 2.32083E-05, 1.71429E-05, 1.52255E-05, 4.00672E-08
960, 2.31073E-05, 1.71656E-05, 1.52366E-05, 4.04110E-08
961, 2.30049E-05, 1.71875E-05, 1.52466E-05, 4.07434E-08
962, 2.29013E-05, 1.72084E-05, 1.52555E-05, 4.10646E-08
963, 2.27963E-05, 1.72283E-05, 1.52634E-05, 4.13745E-08
964, 2.26902E-05, 1.72473E-05, 1.52701E-05, 4.16733E-08
965, 2.25827E-05, 1.72653E-05, 1.52757E-05, 4.19611E-08
966, 2.24741E-05, 1.72823E-05, 1.52803E-05, 4.22378E-08
967, 2.23642E-05, 1.72984E-05, 1.52837E-05, 4.25036E-08
968, 2.22532E-05, 1.73135E-05, 1.52860E-05, 4.27586E-08
969, 2.21450E-05, 1.73276E-05, 1.52872E-05, 4.30027E-08
970, 2.20701E-05, 1.73408E-05, 1.52873E-05, 4.32362E-08
971, 2.19935E-05, 1.73530E-05, 1.52863E-05, 4.34590E-08
972, 2.19155E-05, 1.73642E-05, 1.52841E-05, 4.36713E-08
973, 2.18360E-05, 1.73744E-05, 1.52809E-05, 4.38731E-08
974, 2.17551E-05, 1.73836E-05, 1.52765E-05, 4.40645E-08
975, 2.16727E-05, 1.73918E-05, 1.52711E-05, 4.42456E-08
976, 2.15888E-05, 1.74117E-05, 1.52645E-05, 4.44166E-08
977, 2.15035E-05, 1.74487E-05, 1.52568E-05, 4.45773E-08
978, 2.14169E-05, 1.74849E-05, 1.52480E-05, 4.47281E-08
979, 2.13288E-05, 1.75202E-05, 1.52381E-05, 4.48689E-08
980, 2.12394E-05, 1.75547E-05, 1.52270E-05, 4.49999E-08
981, 2.11486E-05, 1.75883E-05, 1.52149E-05, 4.51211E-08
982, 2.10565E-05, 1.76211E-05, 1.52017E-05, 4.52327E-08
983, 2.09630E-05, 1.76530E-05, 1.51873E-05, 4.53347E-08
984, 2.09134E-05, 1.76840E-05, 1.51719E-05, 4.54272E-08
985, 2.08634E-05, 1.77142E-05, 1.51553E-05, 4.55104E-08
986, 2.08121E-05, 1.77435E-05, 1.51377E-05, 4.55843E-08
987, 2.07593E-05, 1.77719E-05, 1.51189E-05, 4.56491E-08
988, 2.07053E-05, 1.77994E-05, 1.50991E-05, 4.57048E-08
989, 2.06499E-05, 1.78260E-05, 1.50781E-05, 4.57515E-08
990, 2.05932E-05, 1.78516E-05, 1.50561E-05, 4.57894E-08
991, 2.05352E-05, 1.78764E-05, 1.50330E-05, 4.58186E-08
992, 2.04759E-05, 1.79003E-05, 1.50088E-05, 4.58392E-08
993, 2.04153E-05, 1.79232E-05, 1.49836E-05, 4.58512E-08
994, 2.03534E-05, 1.79452E-05, 1.49572E-05, 4.58548E-08
995, 2.02903E-05, 1.79662E-05, 1.49298E-05, 4.58501E-08
996, 2.02259E-05, 1.79863E-05, 1.49014E-05, 4.58372E-08
997, 2.01603E-05, 1.80054E-05, 1.48718E-05, 4.58162E-08
998, 2.00934E-05, 1.80236E-05, 1.48413E-05, 4.57872E-08
999, 2.00254E-05, 1.80408E-05, 1.48096E-05, 4.57504E-08
1000, 1.99561E-05, 1.80571E-05, 1.47770E-05, 4.57058E-08
