time_step, rel_err_u, rel_err_v, rel_err_w, rel_err_p
0, 0.00000E+00, 0.00000E+00, 0.00000E+00, 0.00000E+00
1, 1.75285E-04, 1.34872E-04, 1.40084E-04, 8.23910E-03
2, 1.50410E-04, 1.26857E-04, 1.20593E-04, 1.88058E-02
3, 9.18522E-05, 7.59897E-05, 7.43643E-05, 1.49242E-02
4, 1.05007E-05, 4.88839E-06, 3.91252E-06, 2.28929E-04
5, 8.06922E-06, 5.12998E-06, 3.67553E-06, 1.93353E-04
6, 8.00148E-06, 5.08728E-06, 3.66692E-06, 4.72241E-05
7, 8.19783E-06, 5.13342E-06, 3.65280E-06, 6.83681E-06
8, 8.29935E-06, 5.17614E-06, 3.63100E-06, 2.74362E-06
9, 8.42661E-06, 5.21336E-06, 3.60152E-06, 8.82024E-07
10, 8.53661E-06, 5.24621E-06, 3.56455E-06, 2.81947E-07
11, 8.62843E-06, 5.27428E-06, 3.54120E-06, 1.17995E-07
12, 8.70138E-06, 5.29752E-06, 3.54667E-06, 5.24114E-08
13, 8.75485E-06, 5.31590E-06, 3.54446E-06, 5.09939E-08
14, 8.78827E-06, 5.32939E-06, 3.53456E-06, 5.05409E-08
15, 8.80113E-06, 5.33797E-06, 3.51699E-06, 5.02937E-08
16, 8.79806E-06, 5.34163E-06, 3.49181E-06, 4.98507E-08
17, 8.88183E-06, 5.34037E-06, 3.45909E-06, 4.93314E-08
18, 9.02262E-06, 5.33418E-06, 3.41892E-06, 4.87541E-08
19, 9.16821E-06, 5.32309E-06, 3.37143E-06, 4.81126E-08
20, 9.29619E-06, 5.30711E-06, 3.31677E-06, 4.83733E-08
21, 9.40569E-06, 5.28628E-06, 3.25698E-06, 4.87743E-08
22, 9.49588E-06, 5.33396E-06, 3.26373E-06, 4.90770E-08
23, 9.56599E-06, 5.41303E-06, 3.26325E-06, 4.92776E-08
24, 9.67651E-06, 5.48797E-06, 3.25556E-06, 4.93726E-08
25, 9.88468E-06, 5.55867E-06, 3.24071E-06, 4.93589E-08
26, 1.00780E-05, 5.62501E-06, 3.21875E-06, 4.92337E-08
27, 1.02557E-05, 5.68688E-06, 3.18978E-06, 4.89945E-08
28, 1.04169E-05, 5.74419E-06, 3.15390E-06, 4.86394E-08
29, 1.05608E-05, 5.79682E-06, 3.14373E-06, 4.81666E-08
30, 1.06867E-05, 5.84471E-06, 3.21727E-06, 4.75749E-08
31, 1.07940E-05, 5.88775E-06, 3.32403E-06, 4.68637E-08
32, 1.08821E-05, 5.92588E-06, 3.43090E-06, 4.60326E-08
33, 1.09503E-05, 5.95903E-06, 3.53767E-06, 4.60087E-08
34, 1.09982E-05, 5.98714E-06, 3.64410E-06, 4.61961E-08
35, 1.10253E-05, 6.01015E-06, 3.74998E-06, 4.62756E-08
36, 1.10521E-05, 6.02803E-06, 3.85505E-06, 4.62499E-08
37, 1.11265E-05, 6.04074E-06, 3.95909E-06, 4.61223E-08
38, 1.13058E-05, 6.04827E-06, 4.06186E-06, 4.58959E-08
39, 1.14818E-05, 6.05059E-06, 4.16310E-06, 4.56900E-08
40, 1.16389E-05, 6.04769E-06, 4.26254E-06, 4.54928E-08
41, 1.17763E-05, 6.03958E-06, 4.35994E-06, 4.51815E-08
42, 1.18932E-05, 6.02627E-06, 4.45503E-06, 4.47543E-08
43, 1.19888E-05, 6.00778E-06, 4.54758E-06, 4.42102E-08
44, 1.20625E-05, 5.98415E-06, 4.63732E-06, 4.35486E-08
45, 1.21137E-05, 5.95542E-06, 4.72400E-06, 4.27693E-08
46, 1.21418E-05, 5.92164E-06, 4.80739E-06, 4.24497E-08
47, 1.21463E-05, 5.88287E-06, 4.88723E-06, 4.33030E-08
48, 1.21268E-05, 5.83918E-06, 4.96329E-06, 4.43028E-08
49, 1.20831E-05, 5.79066E-06, 5.03533E-06, 4.51977E-08
50, 1.20148E-05, 5.75341E-06, 5.10314E-06, 4.59855E-08
51, 1.19217E-05, 5.72455E-06, 5.16650E-06, 4.66642E-08
52, 1.20216E-05, 5.74115E-06, 5.22519E-06, 4.72325E-08
53, 1.21572E-05, 5.79983E-06, 5.27901E-06, 4.76894E-08
54, 1.22736E-05, 5.85380E-06, 5.32779E-06, 4.80344E-08
55, 1.23701E-05, 5.90296E-06, 5.37133E-06, 4.82671E-08
56, 1.24464E-05, 5.94724E-06, 5.40947E-06, 4.83877E-08
57, 1.25020E-05, 5.98655E-06, 5.44205E-06, 4.84981E-08
58, 1.26153E-05, 6.02083E-06, 5.46894E-06, 4.87402E-08
59, 1.28771E-05, 6.05002E-06, 5.48998E-06, 4.89068E-08
60, 1.31212E-05, 6.07406E-06, 5.50508E-06, 4.90002E-08
61, 1.33466E-05, 6.09291E-06, 5.51413E-06, 4.90226E-08
62, 1.35524E-05, 6.10656E-06, 5.51702E-06, 4.89763E-08
63, 1.37378E-05, 6.11498E-06, 5.59773E-06, 4.88633E-08
64, 1.39018E-05, 6.11815E-06, 5.72668E-06, 4.86856E-08
65, 1.40437E-05, 6.11606E-06, 5.85181E-06, 4.84447E-08
66, 1.41627E-05, 6.10873E-06, 5.97280E-06, 4.92772E-08
67, 1.42582E-05, 6.09618E-06, 6.08934E-06, 5.05015E-08
68, 1.43295E-05, 6.07843E-06, 6.20112E-06, 5.16383E-08
69, 1.43761E-05, 6.05552E-06, 6.30785E-06, 5.26865E-08
70, 1.43974E-05, 6.02750E-06, 6.40922E-06, 5.36453E-08
71, 1.43930E-05, 5.99442E-06, 6.50497E-06, 5.45138E-08
72, 1.43626E-05, 5.95637E-06, 6.59483E-06, 5.52916E-08
73, 1.43058E-05, 5.91340E-06, 6.67854E-06, 5.59781E-08
74, 1.42224E-05, 5.86561E-06, 6.75586E-06, 5.65730E-08
75, 1.41366E-05, 5.81806E-06, 6.82656E-06, 5.70761E-08
76, 1.42962E-05, 5.79682E-06, 6.89043E-06, 5.74871E-08
77, 1.44334E-05, 5.77087E-06, 6.94726E-06, 5.78062E-08
78, 1.45474E-05, 5.74024E-06, 6.99688E-06, 5.80331E-08
79, 1.46374E-05, 5.70500E-06, 7.03912E-06, 5.81680E-08
80, 1.47027E-05, 5.66521E-06, 7.07383E-06, 5.82111E-08
81, 1.47428E-05, 5.69217E-06, 7.10087E-06, 5.81622E-08
82, 1.47570E-05, 5.72398E-06, 7.12014E-06, 5.80218E-08
83, 1.47448E-05, 5.75117E-06, 7.13153E-06, 5.77898E-08
84, 1.47057E-05, 5.77371E-06, 7.13497E-06, 5.74667E-08
85, 1.46395E-05, 5.79163E-06, 7.13039E-06, 5.70525E-08
86, 1.45868E-05, 5.80492E-06, 7.11775E-06, 5.65477E-08
87, 1.48429E-05, 5.81360E-06, 7.09703E-06, 5.59526E-08
88, 1.50832E-05, 5.81771E-06, 7.06823E-06, 5.52676E-08
89, 1.53073E-05, 5.81727E-06, 7.03135E-06, 5.44932E-08
90, 1.55147E-05, 5.81233E-06, 6.98643E-06, 5.36301E-08
91, 1.57051E-05, 5.80294E-06, 6.93352E-06, 5.34839E-08
92, 1.58779E-05, 5.78916E-06, 6.87267E-06, 5.33254E-08
93, 1.60330E-05, 5.78735E-06, 6.95298E-06, 5.30987E-08
94, 1.61699E-05, 5.78564E-06, 7.06662E-06, 5.28075E-08
95, 1.62885E-05, 5.77931E-06, 7.17280E-06, 5.24556E-08
96, 1.63884E-05, 5.76841E-06, 7.27125E-06, 5.20464E-08
97, 1.64697E-05, 5.75299E-06, 7.36170E-06, 5.15836E-08
98, 1.67122E-05, 5.73312E-06, 7.44393E-06, 5.10705E-08
99, 1.70258E-05, 5.70884E-06, 7.51771E-06, 5.05103E-08
100, 1.73213E-05, 5.68025E-06, 7.58285E-06, 4.99062E-08
101, 1.75980E-05, 5.64743E-06, 7.63918E-06, 4.92610E-08
102, 1.78553E-05, 5.66496E-06, 7.68653E-06, 4.85776E-08
103, 1.80927E-05, 5.76945E-06, 7.72477E-06, 4.78585E-08
104, 1.83097E-05, 5.87292E-06, 7.75378E-06, 4.71060E-08
105, 1.85057E-05, 5.97525E-06, 7.77348E-06, 4.63225E-08
106, 1.86804E-05, 6.07634E-06, 7.78377E-06, 4.55099E-08
107, 1.88334E-05, 6.17605E-06, 7.78463E-06, 4.46701E-08
108, 1.89644E-05, 6.27428E-06, 7.77601E-06, 4.38049E-08
109, 1.90730E-05, 6.37091E-06, 7.75790E-06, 4.29158E-08
110, 1.91590E-05, 6.46580E-06, 7.73033E-06, 4.21557E-08
111, 1.92223E-05, 6.55883E-06, 7.69331E-06, 4.17132E-08
112, 1.92627E-05, 6.64988E-06, 7.64692E-06, 4.19186E-08
113, 1.92802E-05, 6.73883E-06, 7.59122E-06, 4.37329E-08
114, 1.92748E-05, 6.82553E-06, 7.52631E-06, 4.54496E-08
115, 1.92464E-05, 6.90987E-06, 7.45230E-06, 4.70584E-08
116, 1.91951E-05, 6.99170E-06, 7.48636E-06, 4.85493E-08
117, 1.93774E-05, 7.07090E-06, 7.63896E-06, 4.99127E-08
118, 1.95905E-05, 7.14733E-06, 7.78291E-06, 5.11399E-08
119, 1.97816E-05, 7.22086E-06, 7.91787E-06, 5.22224E-08
120, 1.99504E-05, 7.29136E-06, 8.04354E-06, 5.31527E-08
121, 2.00965E-05, 7.35867E-06, 8.15963E-06, 5.39240E-08
122, 2.02194E-05, 7.42268E-06, 8.26587E-06, 5.45303E-08
123, 2.03190E-05, 7.48324E-06, 8.36200E-06, 5.49664E-08
124, 2.03950E-05, 7.54022E-06, 8.44781E-06, 5.52281E-08
125, 2.04473E-05, 7.59348E-06, 8.52309E-06, 5.53124E-08
126, 2.04756E-05, 7.64288E-06, 8.58764E-06, 5.52168E-08
127, 2.04800E-05, 7.68830E-06, 8.64132E-06, 5.49403E-08
128, 2.04603E-05, 7.72958E-06, 8.68399E-06, 5.44826E-08
129, 2.04168E-05, 7.76662E-06, 8.71553E-06, 5.38446E-08
130, 2.03494E-05, 7.79926E-06, 8.73585E-06, 5.30281E-08
131, 2.02583E-05, 7.82739E-06, 8.74489E-06, 5.20363E-08
132, 2.01437E-05, 7.85087E-06, 8.74260E-06, 5.08728E-08
133, 2.00058E-05, 7.86959E-06, 8.72897E-06, 4.95426E-08
134, 1.98450E-05, 7.88342E-06, 8.70399E-06, 4.80516E-08
135, 1.96616E-05, 7.89225E-06, 8.66769E-06, 4.64065E-08
136, 1.94560E-05, 7.89597E-06, 8.62013E-06, 4.64188E-08
137, 1.92286E-05, 7.89445E-06, 8.56136E-06, 4.79553E-08
138, 1.89799E-05, 7.88761E-06, 8.49150E-06, 4.94546E-08
139, 1.88879E-05, 7.87537E-06, 8.41065E-06, 5.09105E-08
140, 1.88574E-05, 7.85765E-06, 8.31895E-06, 5.23163E-08
141, 1.88033E-05, 7.83432E-06, 8.21656E-06, 5.36652E-08
142, 1.87258E-05, 7.80531E-06, 8.10365E-06, 5.49508E-08
143, 1.86247E-05, 7.77053E-06, 7.98043E-06, 5.61663E-08
144, 1.85003E-05, 7.72993E-06, 7.84711E-06, 5.73051E-08
145, 1.83526E-05, 7.68343E-06, 7.70393E-06, 5.83610E-08
146, 1.82018E-05, 7.63100E-06, 7.55113E-06, 5.93276E-08
147, 1.84176E-05, 7.57258E-06, 7.38899E-06, 6.01990E-08
148, 1.86166E-05, 7.50814E-06, 7.21779E-06, 6.09695E-08
149, 1.87983E-05, 7.43765E-06, 7.03784E-06, 6.16338E-08
150, 1.89623E-05, 7.36110E-06, 7.18922E-06, 6.21870E-08
151, 1.91081E-05, 7.27847E-06, 7.33856E-06, 6.26246E-08
152, 1.92355E-05, 7.18978E-06, 7.47992E-06, 6.29424E-08
153, 1.93440E-05, 7.09503E-06, 7.61310E-06, 6.31371E-08
154, 1.94334E-05, 6.99424E-06, 7.73793E-06, 6.32055E-08
155, 1.95033E-05, 6.88745E-06, 7.85425E-06, 6.46914E-08
156, 1.95536E-05, 6.77469E-06, 7.96185E-06, 6.60587E-08
157, 1.95841E-05, 6.65602E-06, 8.06059E-06, 6.72773E-08
158, 1.95945E-05, 6.53150E-06, 8.15035E-06, 6.83443E-08
159, 1.95849E-05, 6.40121E-06, 8.23101E-06, 6.93642E-08
160, 1.95550E-05, 6.26522E-06, 8.30250E-06, 7.02889E-08
161, 1.95049E-05, 6.12364E-06, 8.36473E-06, 7.10437E-08
162, 1.94345E-05, 5.97655E-06, 8.41766E-06, 7.16289E-08
163, 1.94192E-05, 5.82409E-06, 8.46125E-06, 7.20458E-08
164, 1.95620E-05, 5.66636E-06, 8.49549E-06, 7.22962E-08
165, 1.96786E-05, 5.50350E-06, 8.52037E-06, 7.23828E-08
166, 1.97691E-05, 5.50868E-06, 8.53591E-06, 7.23090E-08
167, 1.98335E-05, 5.58854E-06, 8.54215E-06, 7.20786E-08
168, 1.98721E-05, 5.66442E-06, 8.53914E-06, 7.16962E-08
169, 1.98850E-05, 5.73617E-06, 8.52694E-06, 7.11668E-08
170, 1.98724E-05, 5.80371E-06, 8.50565E-06, 7.04961E-08
171, 1.98347E-05, 5.86691E-06, 8.47535E-06, 6.96900E-08
172, 1.97721E-05, 5.92568E-06, 8.43618E-06, 6.87550E-08
173, 1.96850E-05, 5.97993E-06, 8.38825E-06, 6.76978E-08
174, 1.95738E-05, 6.02958E-06, 8.33171E-06, 6.65255E-08
175, 1.94390E-05, 6.07455E-06, 8.26671E-06, 6.52455E-08
176, 1.92810E-05, 6.11476E-06, 8.19344E-06, 6.38651E-08
177, 1.93762E-05, 6.15015E-06, 8.11207E-06, 6.23920E-08
178, 1.96920E-05, 6.18068E-06, 8.02280E-06, 6.08340E-08
179, 1.99860E-05, 6.20628E-06, 7.92584E-06, 5.91989E-08
180, 2.02578E-05, 6.22693E-06, 7.82140E-06, 5.74942E-08
181, 2.05071E-05, 6.24258E-06, 7.70971E-06, 5.57278E-08
182, 2.07337E-05, 6.25322E-06, 7.59102E-06, 5.39072E-08
183, 2.09375E-05, 6.25881E-06, 7.46556E-06, 5.20400E-08
184, 2.11182E-05, 6.25936E-06, 7.33360E-06, 5.01334E-08
185, 2.12758E-05, 6.25486E-06, 7.19539E-06, 4.81945E-08
186, 2.14101E-05, 6.24532E-06, 7.05121E-06, 4.62303E-08
187, 2.15211E-05, 6.23073E-06, 6.90133E-06, 4.42472E-08
188, 2.16088E-05, 6.21114E-06, 6.74604E-06, 4.22518E-08
189, 2.16733E-05, 6.18655E-06, 6.58562E-06, 4.02500E-08
190, 2.17146E-05, 6.15700E-06, 6.42037E-06, 3.82474E-08
191, 2.17327E-05, 6.12253E-06, 6.25057E-06, 3.62496E-08
192, 2.17279E-05, 6.08320E-06, 6.07653E-06, 3.54091E-08
193, 2.17003E-05, 6.03904E-06, 5.89855E-06, 3.57701E-08
194, 2.16501E-05, 5.99019E-06, 5.71693E-06, 3.60157E-08
195, 2.15776E-05, 5.93664E-06, 5.53198E-06, 3.61480E-08
196, 2.14829E-05, 5.87847E-06, 5.34399E-06, 3.61695E-08
197, 2.13665E-05, 5.81576E-06, 5.15328E-06, 3.60831E-08
198, 2.12286E-05, 5.74858E-06, 4.96016E-06, 3.58920E-08
199, 2.10696E-05, 5.67703E-06, 4.76491E-06, 3.55998E-08
200, 2.08898E-05, 5.60120E-06, 4.74226E-06, 3.53070E-08
201, 2.06897E-05, 5.52119E-06, 4.86186E-06, 3.59179E-08
202, 2.04698E-05, 5.43710E-06, 4.97310E-06, 3.63861E-08
203, 2.02305E-05, 5.36292E-06, 5.07590E-06, 3.67145E-08
204, 1.99722E-05, 5.37377E-06, 5.17025E-06, 3.69065E-08
205, 1.96955E-05, 5.38200E-06, 5.25611E-06, 3.69659E-08
206, 1.94009E-05, 5.38767E-06, 5.33348E-06, 3.68970E-08
207, 1.90890E-05, 5.39082E-06, 5.40237E-06, 3.67045E-08
208, 1.87603E-05, 5.39151E-06, 5.46279E-06, 3.63936E-08
209, 1.84155E-05, 5.38980E-06, 5.51479E-06, 3.59696E-08
210, 1.80551E-05, 5.38573E-06, 5.55841E-06, 3.54384E-08
211, 1.76798E-05, 5.37937E-06, 5.59372E-06, 3.48058E-08
212, 1.72902E-05, 5.37077E-06, 5.62079E-06, 3.40779E-08
213, 1.68870E-05, 5.35999E-06, 5.63970E-06, 3.32612E-08
214, 1.64707E-05, 5.34707E-06, 5.65057E-06, 3.35119E-08
215, 1.60422E-05, 5.33611E-06, 5.65349E-06, 3.40024E-08
216, 1.56021E-05, 5.38930E-06, 5.64860E-06, 3.43963E-08
217, 1.51511E-05, 5.43962E-06, 5.63603E-06, 3.46959E-08
218, 1.46898E-05, 5.48708E-06, 5.61593E-06, 3.49038E-08
219, 1.42191E-05, 5.53167E-06, 5.58846E-06, 3.50227E-08
220, 1.37395E-05, 5.57343E-06, 5.55377E-06, 3.50558E-08
221, 1.32519E-05, 5.66323E-06, 5.51206E-06, 3.50061E-08
222, 1.27971E-05, 5.79397E-06, 5.46350E-06, 3.48772E-08
223, 1.27906E-05, 5.91985E-06, 5.40828E-06, 3.46724E-08
224, 1.27703E-05, 6.04084E-06, 5.34662E-06, 3.43954E-08
225, 1.27365E-05, 6.15691E-06, 5.27871E-06, 3.40500E-08
226, 1.26892E-05, 6.26804E-06, 5.20478E-06, 3.36399E-08
227, 1.26287E-05, 6.37422E-06, 5.12505E-06, 3.31689E-08
228, 1.25551E-05, 6.47543E-06, 5.03975E-06, 3.26411E-08
229, 1.24688E-05, 6.57167E-06, 4.94912E-06, 3.20602E-08
230, 1.23700E-05, 6.66294E-06, 4.85339E-06, 3.14301E-08
231, 1.22590E-05, 6.74924E-06, 4.84837E-06, 3.07547E-08
232, 1.21360E-05, 6.83058E-06, 4.89450E-06, 3.00379E-08
233, 1.20013E-05, 6.90699E-06, 4.93370E-06, 2.92832E-08
234, 1.18554E-05, 6.97848E-06, 4.96600E-06, 2.84946E-08
235, 1.16984E-05, 7.04507E-06, 4.99146E-06, 2.76755E-08
236, 1.15308E-05, 7.10680E-06, 5.01012E-06, 2.68296E-08
237, 1.13529E-05, 7.16371E-06, 5.02205E-06, 2.59602E-08
238, 1.12571E-05, 7.21582E-06, 5.02734E-06, 2.50706E-08
239, 1.14665E-05, 7.26318E-06, 5.02608E-06, 2.41641E-08
240, 1.16624E-05, 7.30585E-06, 5.01836E-06, 2.32437E-08
241, 1.18450E-05, 7.34387E-06, 5.00429E-06, 2.23124E-08
242, 1.20142E-05, 7.37729E-06, 4.98399E-06, 2.13729E-08
243, 1.21702E-05, 7.40617E-06, 4.95760E-06, 2.05084E-08
244, 1.23130E-05, 7.43057E-06, 4.92524E-06, 2.07993E-08
245, 1.24427E-05, 7.45056E-06, 4.88707E-06, 2.10686E-08
246, 1.25594E-05, 7.46620E-06, 4.84323E-06, 2.13163E-08
247, 1.26633E-05, 7.47756E-06, 4.79389E-06, 2.15425E-08
248, 1.27544E-05, 7.48472E-06, 4.73922E-06, 2.17469E-08
249, 1.28329E-05, 7.48774E-06, 4.67939E-06, 2.19297E-08
250, 1.28990E-05, 7.48672E-06, 4.61459E-06, 2.20907E-08
251, 1.29529E-05, 7.48173E-06, 4.54499E-06, 2.22298E-08
252, 1.29947E-05, 7.47285E-06, 4.47079E-06, 2.23471E-08
253, 1.30247E-05, 7.46015E-06, 4.39219E-06, 2.24423E-08
254, 1.30431E-05, 7.44373E-06, 4.30939E-06, 2.25156E-08
255, 1.30501E-05, 7.42366E-06, 4.22259E-06, 2.25667E-08
256, 1.30459E-05, 7.40005E-06, 4.13201E-06, 2.25957E-08
257, 1.30308E-05, 7.37297E-06, 4.03785E-06, 2.26024E-08
258, 1.30050E-05, 7.34252E-06, 3.94033E-06, 2.25870E-08
259, 1.29688E-05, 7.30879E-06, 3.83966E-06, 2.25493E-08
260, 1.29225E-05, 7.27186E-06, 3.73606E-06, 2.24894E-08
261, 1.28664E-05, 7.23185E-06, 3.62976E-06, 2.24074E-08
262, 1.28007E-05, 7.18882E-06, 3.52096E-06, 2.23034E-08
263, 1.27257E-05, 7.14290E-06, 3.40990E-06, 2.21773E-08
264, 1.26418E-05, 7.09415E-06, 3.38909E-06, 2.20295E-08
265, 1.25492E-05, 7.04269E-06, 3.43788E-06, 2.18600E-08
266, 1.24482E-05, 6.98861E-06, 3.48221E-06, 2.16690E-08
267, 1.23392E-05, 6.93200E-06, 3.52207E-06, 2.14569E-08
268, 1.22225E-05, 6.87296E-06, 3.55750E-06, 2.12238E-08
269, 1.20984E-05, 6.81159E-06, 3.58852E-06, 2.09701E-08
270, 1.19672E-05, 6.74797E-06, 3.61516E-06, 2.06961E-08
271, 1.18293E-05, 6.68221E-06, 3.63749E-06, 2.04022E-08
272, 1.16849E-05, 6.61440E-06, 3.65552E-06, 2.00889E-08
273, 1.15345E-05, 6.54463E-06, 3.66932E-06, 1.97565E-08
274, 1.13783E-05, 6.47300E-06, 3.67894E-06, 1.94057E-08
275, 1.12166E-05, 6.39960E-06, 3.68444E-06, 1.90369E-08
276, 1.10498E-05, 6.32453E-06, 3.68590E-06, 1.86508E-08
277, 1.08783E-05, 6.24786E-06, 3.68338E-06, 1.82724E-08
278, 1.07023E-05, 6.16971E-06, 3.67698E-06, 1.79163E-08
279, 1.05222E-05, 6.09014E-06, 3.66676E-06, 1.75473E-08
280, 1.03382E-05, 6.00926E-06, 3.65283E-06, 1.71661E-08
281, 1.01508E-05, 5.92716E-06, 3.63528E-06, 1.67735E-08
282, 9.96016E-06, 5.84390E-06, 3.61419E-06, 1.63703E-08
283, 9.76669E-06, 5.75960E-06, 3.58968E-06, 1.59570E-08
284, 9.57066E-06, 5.67431E-06, 3.56185E-06, 1.55347E-08
285, 9.37238E-06, 5.58814E-06, 3.53081E-06, 1.51039E-08
286, 9.17214E-06, 5.50115E-06, 3.49666E-06, 1.46656E-08
287, 8.97025E-06, 5.41344E-06, 3.45952E-06, 1.42206E-08
288, 8.76699E-06, 5.32507E-06, 3.41951E-06, 1.37696E-08
289, 8.56264E-06, 5.23612E-06, 3.37674E-06, 1.33134E-08
290, 8.44018E-06, 5.14667E-06, 3.33135E-06, 1.28530E-08
291, 8.38190E-06, 5.05680E-06, 3.28344E-06, 1.23891E-08
292, 8.31511E-06, 4.96657E-06, 3.23315E-06, 1.23809E-08
293, 8.24015E-06, 4.87605E-06, 3.18059E-06, 1.24832E-08
294, 8.15737E-06, 4.78531E-06, 3.12591E-06, 1.25631E-08
295, 8.06711E-06, 4.69442E-06, 3.06921E-06, 1.26213E-08
296, 7.96972E-06, 4.60343E-06, 3.01064E-06, 1.26583E-08
297, 7.86556E-06, 4.51243E-06, 2.95032E-06, 1.26747E-08
298, 7.75498E-06, 4.42146E-06, 2.88838E-06, 1.26712E-08
299, 7.63834E-06, 4.33058E-06, 2.82495E-06, 1.26484E-08
300, 7.51600E-06, 4.23985E-06, 2.76015E-06, 1.26069E-08
301, 7.38832E-06, 4.14933E-06, 2.69412E-06, 1.25476E-08
302, 7.25565E-06, 4.05907E-06, 2.62697E-06, 1.24710E-08
303, 7.11836E-06, 3.96911E-06, 2.55884E-06, 1.23779E-08
304, 6.97680E-06, 3.87952E-06, 2.48985E-06, 1.22690E-08
305, 6.83132E-06, 3.79033E-06, 2.42013E-06, 1.21450E-08
306, 6.68228E-06, 3.70159E-06, 2.34978E-06, 1.20067E-08
307, 6.53002E-06, 3.61335E-06, 2.27895E-06, 1.18548E-08
308, 6.37488E-06, 3.52564E-06, 2.20773E-06, 1.16899E-08
309, 6.21721E-06, 3.43851E-06, 2.13625E-06, 1.15129E-08
310, 6.05734E-06, 3.35199E-06, 2.06463E-06, 1.13245E-08
311, 5.89560E-06, 3.26612E-06, 1.99296E-06, 1.11252E-08
312, 5.73230E-06, 3.18094E-06, 1.92137E-06, 1.09159E-08
313, 5.56778E-06, 3.09647E-06, 1.84995E-06, 1.06973E-08
314, 5.40234E-06, 3.01275E-06, 1.77881E-06, 1.04699E-08
315, 5.23628E-06, 2.92980E-06, 1.70805E-06, 1.02345E-08
316, 5.06989E-06, 2.84766E-06, 1.63777E-06, 9.99170E-09
317, 4.90347E-06, 2.76634E-06, 1.56805E-06, 9.74213E-09
318, 4.73730E-06, 2.68587E-06, 1.49899E-06, 9.48643E-09
319, 4.57165E-06, 2.60627E-06, 1.43068E-06, 9.22520E-09
320, 4.44188E-06, 2.52757E-06, 1.36320E-06, 8.95899E-09
321, 4.38902E-06, 2.44977E-06, 1.29662E-06, 8.68839E-09
322, 4.33049E-06, 2.37290E-06, 1.23103E-06, 8.66869E-09
323, 4.26650E-06, 2.29698E-06, 1.19812E-06, 8.64786E-09
324, 4.19728E-06, 2.22201E-06, 1.19244E-06, 8.62496E-09
325, 4.12304E-06, 2.14801E-06, 1.18435E-06, 8.59991E-09
326, 4.04401E-06, 2.07499E-06, 1.17393E-06, 8.57276E-09
327, 3.96042E-06, 2.01916E-06, 1.16128E-06, 8.54353E-09
328, 3.87251E-06, 1.97744E-06, 1.14647E-06, 8.51214E-09
329, 3.78051E-06, 1.93578E-06, 1.12960E-06, 8.47862E-09
330, 3.68466E-06, 1.89422E-06, 1.11076E-06, 8.44294E-09
331, 3.58520E-06, 1.85280E-06, 1.09005E-06, 8.40508E-09
332, 3.48237E-06, 1.81157E-06, 1.06755E-06, 8.36506E-09
333, 3.37641E-06, 1.77057E-06, 1.04337E-06, 8.32279E-09
334, 3.26757E-06, 1.72984E-06, 1.01760E-06, 8.27826E-09
335, 3.29621E-06, 1.68941E-06, 9.96598E-07, 8.23148E-09
336, 3.32399E-06, 1.64931E-06, 9.79115E-07, 8.18238E-09
337, 3.34764E-06, 1.60959E-06, 9.60858E-07, 8.13097E-09
338, 3.36720E-06, 1.57026E-06, 9.41884E-07, 8.07723E-09
339, 3.38267E-06, 1.53327E-06, 9.22247E-07, 8.02111E-09
340, 3.39410E-06, 1.52695E-06, 9.26968E-07, 7.96258E-09
341, 3.40151E-06, 1.52016E-06, 9.39884E-07, 7.90166E-09
342, 3.40496E-06, 1.51289E-06, 9.51217E-07, 7.88682E-09
343, 3.40449E-06, 1.50515E-06, 9.60960E-07, 7.87870E-09
344, 3.40015E-06, 1.49695E-06, 9.69114E-07, 7.88666E-09
345, 3.39200E-06, 1.49446E-06, 9.75678E-07, 7.91061E-09
346, 3.38012E-06, 1.49516E-06, 9.80658E-07, 7.93142E-09
347, 3.36457E-06, 1.49539E-06, 9.84059E-07, 7.94903E-09
348, 3.34543E-06, 1.49516E-06, 9.85894E-07, 7.96348E-09
349, 3.32278E-06, 1.49446E-06, 9.86173E-07, 7.97478E-09
350, 3.29672E-06, 1.49331E-06, 9.84914E-07, 7.98296E-09
351, 3.26733E-06, 1.49169E-06, 9.82133E-07, 7.98798E-09
352, 3.23472E-06, 1.48963E-06, 9.77852E-07, 7.98989E-09
353, 3.19897E-06, 1.48711E-06, 9.72094E-07, 7.98870E-09
354, 3.16019E-06, 1.48414E-06, 9.64884E-07, 7.98438E-09
355, 3.11850E-06, 1.48074E-06, 9.56249E-07, 8.06768E-09
356, 3.07400E-06, 1.47689E-06, 9.46220E-07, 8.15186E-09
357, 3.02681E-06, 1.47261E-06, 9.34828E-07, 8.23296E-09
358, 2.97704E-06, 1.46790E-06, 9.22108E-07, 8.31091E-09
359, 2.92480E-06, 1.46277E-06, 9.08094E-07, 8.38571E-09
360, 2.87023E-06, 1.45721E-06, 8.92825E-07, 8.45726E-09
361, 2.81345E-06, 1.45124E-06, 8.76338E-07, 8.52549E-09
362, 2.75457E-06, 1.44486E-06, 8.58676E-07, 8.59039E-09
363, 2.69372E-06, 1.43807E-06, 8.39880E-07, 8.65189E-09
364, 2.63104E-06, 1.43089E-06, 8.19992E-07, 8.70991E-09
365, 2.56664E-06, 1.42922E-06, 7.99058E-07, 8.76442E-09
366, 2.50066E-06, 1.43028E-06, 7.77124E-07, 8.81543E-09
367, 2.43322E-06, 1.43092E-06, 7.68854E-07, 8.86277E-09
368, 2.36445E-06, 1.43116E-06, 7.69264E-07, 8.90650E-09
369, 2.29449E-06, 1.43099E-06, 7.69589E-07, 8.94652E-09
370, 2.24497E-06, 1.43042E-06, 7.69831E-07, 8.98284E-09
371, 2.20952E-06, 1.42944E-06, 7.69991E-07, 9.01538E-09
372, 2.17123E-06, 1.42805E-06, 7.70071E-07, 9.04414E-09
373, 2.13024E-06, 1.42627E-06, 7.70071E-07, 9.06908E-09
374, 2.08667E-06, 1.42409E-06, 7.69994E-07, 9.09017E-09
375, 2.04066E-06, 1.42151E-06, 7.69842E-07, 9.10741E-09
376, 1.99234E-06, 1.41854E-06, 7.69615E-07, 9.12079E-09
377, 1.94185E-06, 1.41517E-06, 7.69316E-07, 9.13024E-09
378, 1.88933E-06, 1.41142E-06, 7.68946E-07, 9.13584E-09
379, 1.83491E-06, 1.40728E-06, 7.68507E-07, 9.13752E-09
380, 1.77873E-06, 1.40276E-06, 7.68001E-07, 9.13532E-09
381, 1.72093E-06, 1.39785E-06, 7.67428E-07, 9.12921E-09
382, 1.66165E-06, 1.39258E-06, 7.66792E-07, 9.11928E-09
383, 1.60103E-06, 1.38692E-06, 7.66093E-07, 9.10544E-09
384, 1.53920E-06, 1.38090E-06, 7.65334E-07, 9.16461E-09
385, 1.50837E-06, 1.37452E-06, 7.64516E-07, 9.23938E-09
386, 1.52164E-06, 1.37066E-06, 7.63641E-07, 9.31036E-09
387, 1.54163E-06, 1.37240E-06, 7.62710E-07, 9.37748E-09
388, 1.55844E-06, 1.37377E-06, 7.61725E-07, 9.44077E-09
389, 1.57212E-06, 1.37477E-06, 7.60689E-07, 9.50016E-09
390, 1.58274E-06, 1.37540E-06, 7.59601E-07, 9.55562E-09
391, 1.59036E-06, 1.37566E-06, 7.58465E-07, 9.60716E-09
392, 1.59504E-06, 1.37554E-06, 7.57282E-07, 9.65480E-09
393, 1.59687E-06, 1.37506E-06, 7.56053E-07, 9.69848E-09
394, 1.59591E-06, 1.37421E-06, 7.54781E-07, 9.73822E-09
395, 1.59224E-06, 1.37298E-06, 7.53466E-07, 9.77398E-09
396, 1.58596E-06, 1.37139E-06, 7.52110E-07, 9.80580E-09
397, 1.57713E-06, 1.36943E-06, 7.50714E-07, 9.83368E-09
398, 1.56586E-06, 1.36710E-06, 7.49281E-07, 9.85759E-09
399, 1.55222E-06, 1.36440E-06, 7.49962E-07, 9.87760E-09
400, 1.53631E-06, 1.36134E-06, 7.50596E-07, 9.89364E-09
401, 1.51823E-06, 1.35792E-06, 7.51163E-07, 9.90578E-09
402, 1.49807E-06, 1.35414E-06, 7.51666E-07, 9.91406E-09
403, 1.47592E-06, 1.35000E-06, 7.52106E-07, 9.91841E-09
404, 1.46863E-06, 1.34549E-06, 7.52484E-07, 9.91892E-09
405, 1.48796E-06, 1.34064E-06, 7.52802E-07, 9.91558E-09
406, 1.50701E-06, 1.33543E-06, 7.53061E-07, 9.90844E-09
407, 1.52574E-06, 1.32987E-06, 7.53262E-07, 9.89749E-09
408, 1.54409E-06, 1.32396E-06, 7.53407E-07, 9.88277E-09
409, 1.56204E-06, 1.31771E-06, 7.53497E-07, 9.86431E-09
410, 1.57953E-06, 1.31309E-06, 7.53533E-07, 9.84215E-09
411, 1.59652E-06, 1.31489E-06, 7.53518E-07, 9.81628E-09
412, 1.61298E-06, 1.31635E-06, 7.53453E-07, 9.78675E-09
413, 1.62887E-06, 1.31746E-06, 7.53338E-07, 9.76755E-09
414, 1.64415E-06, 1.31823E-06, 7.53176E-07, 9.82613E-09
415, 1.65878E-06, 1.31864E-06, 7.52967E-07, 9.88107E-09
416, 1.67274E-06, 1.31870E-06, 7.52714E-07, 9.93236E-09
417, 1.68599E-06, 1.31841E-06, 7.52417E-07, 9.97994E-09
418, 1.69851E-06, 1.31777E-06, 7.52079E-07, 1.00238E-08
419, 1.71026E-06, 1.31677E-06, 7.51699E-07, 1.00639E-08
420, 1.72122E-06, 1.31542E-06, 7.51280E-07, 1.01002E-08
421, 1.73137E-06, 1.31371E-06, 7.50823E-07, 1.01327E-08
422, 1.74068E-06, 1.31166E-06, 7.50733E-07, 1.01613E-08
423, 1.77196E-06, 1.30925E-06, 7.51326E-07, 1.01861E-08
424, 1.80496E-06, 1.30648E-06, 7.51850E-07, 1.02070E-08
425, 1.83767E-06, 1.30336E-06, 7.52305E-07, 1.02239E-08
426, 1.87004E-06, 1.29989E-06, 7.52693E-07, 1.02369E-08
427, 1.90205E-06, 1.29607E-06, 7.53013E-07, 1.02459E-08
428, 1.93366E-06, 1.29190E-06, 7.53268E-07, 1.02509E-08
429, 1.96484E-06, 1.28738E-06, 7.53457E-07, 1.02519E-08
430, 1.99555E-06, 1.28251E-06, 7.53582E-07, 1.02489E-08
431, 2.02576E-06, 1.27730E-06, 7.53644E-07, 1.02418E-08
432, 2.05544E-06, 1.27174E-06, 7.53644E-07, 1.02307E-08
433, 2.08455E-06, 1.27201E-06, 7.53582E-07, 1.02154E-08
434, 2.11306E-06, 1.27466E-06, 7.53459E-07, 1.01961E-08
435, 2.14095E-06, 1.27698E-06, 7.53277E-07, 1.01727E-08
436, 2.16819E-06, 1.27897E-06, 7.53037E-07, 1.01452E-08
437, 2.19474E-06, 1.28062E-06, 7.52739E-07, 1.01137E-08
438, 2.22058E-06, 1.28194E-06, 7.52385E-07, 1.00780E-08
439, 2.24568E-06, 1.28291E-06, 7.51976E-07, 1.00382E-08
440, 2.27001E-06, 1.28353E-06, 7.51512E-07, 9.99433E-09
441, 2.29356E-06, 1.28382E-06, 7.50995E-07, 9.94639E-09
442, 2.31630E-06, 1.28375E-06, 7.51904E-07, 9.89442E-09
443, 2.33821E-06, 1.28334E-06, 7.53864E-07, 9.87109E-09
444, 2.35926E-06, 1.28257E-06, 7.55757E-07, 9.90253E-09
445, 2.37943E-06, 1.28146E-06, 7.57582E-07, 9.92979E-09
446, 2.39871E-06, 1.27999E-06, 7.59341E-07, 9.95284E-09
447, 2.41709E-06, 1.27816E-06, 7.61034E-07, 9.97162E-09
448, 2.43453E-06, 1.27599E-06, 7.62661E-07, 9.98612E-09
449, 2.45103E-06, 1.27346E-06, 7.64223E-07, 9.99631E-09
450, 2.46658E-06, 1.27057E-06, 7.65719E-07, 1.00022E-08
451, 2.48116E-06, 1.26733E-06, 7.67152E-07, 1.00037E-08
452, 2.49476E-06, 1.26374E-06, 7.68520E-07, 1.00009E-08
453, 2.50737E-06, 1.25979E-06, 7.69825E-07, 9.99372E-09
454, 2.51898E-06, 1.25549E-06, 7.71068E-07, 9.98220E-09
455, 2.52959E-06, 1.25083E-06, 7.72248E-07, 9.96632E-09
456, 2.53919E-06, 1.24582E-06, 7.73367E-07, 9.94609E-09
457, 2.54776E-06, 1.24047E-06, 7.74425E-07, 9.92156E-09
458, 2.55532E-06, 1.23476E-06, 7.75422E-07, 9.89273E-09
459, 2.56186E-06, 1.22871E-06, 7.76361E-07, 9.85955E-09
460, 2.56737E-06, 1.22585E-06, 7.77240E-07, 9.82216E-09
461, 2.57185E-06, 1.22828E-06, 7.78062E-07, 9.78052E-09
462, 2.57532E-06, 1.23039E-06, 7.78827E-07, 9.73466E-09
463, 2.57776E-06, 1.23216E-06, 7.79535E-07, 9.68467E-09
464, 2.57918E-06, 1.23360E-06, 7.80187E-07, 9.63054E-09
465, 2.57959E-06, 1.23469E-06, 7.80785E-07, 9.57238E-09
466, 2.57899E-06, 1.23544E-06, 7.81328E-07, 9.51017E-09
467, 2.57739E-06, 1.23585E-06, 7.81818E-07, 9.44402E-09
468, 2.57480E-06, 1.23591E-06, 7.82256E-07, 9.37398E-09
469, 2.57122E-06, 1.23562E-06, 7.82643E-07, 9.30008E-09
470, 2.56667E-06, 1.23498E-06, 7.82979E-07, 9.22246E-09
471, 2.56115E-06, 1.23398E-06, 7.83265E-07, 9.14111E-09
472, 2.55468E-06, 1.23263E-06, 7.83502E-07, 9.05616E-09
473, 2.54727E-06, 1.23093E-06, 7.83691E-07, 8.99355E-09
474, 2.53893E-06, 1.22886E-06, 7.83834E-07, 8.98748E-09
475, 2.52967E-06, 1.22644E-06, 7.83930E-07, 8.97771E-09
476, 2.51952E-06, 1.22366E-06, 7.83980E-07, 8.96427E-09
477, 2.50848E-06, 1.22052E-06, 7.83987E-07, 8.94721E-09
478, 2.49657E-06, 1.21702E-06, 7.83950E-07, 8.92654E-09
479, 2.48381E-06, 1.21316E-06, 7.84840E-07, 8.90232E-09
480, 2.47022E-06, 1.20894E-06, 7.87075E-07, 8.87460E-09
481, 2.45581E-06, 1.20658E-06, 7.89252E-07, 8.84338E-09
482, 2.44060E-06, 1.20675E-06, 7.91371E-07, 8.80879E-09
483, 2.42462E-06, 1.20670E-06, 7.93434E-07, 8.77080E-09
484, 2.40788E-06, 1.20647E-06, 7.95439E-07, 8.72950E-09
485, 2.39039E-06, 1.20603E-06, 7.97389E-07, 8.68497E-09
486, 2.37219E-06, 1.20539E-06, 7.99282E-07, 8.63722E-09
487, 2.35329E-06, 1.20456E-06, 8.01120E-07, 8.58632E-09
488, 2.33372E-06, 1.20654E-06, 8.02903E-07, 8.53236E-09
489, 2.31348E-06, 1.20826E-06, 8.04632E-07, 8.47535E-09
490, 2.29262E-06, 1.20963E-06, 8.06306E-07, 8.41546E-09
491, 2.27114E-06, 1.21067E-06, 8.07928E-07, 8.35263E-09
492, 2.24907E-06, 1.21136E-06, 8.09496E-07, 8.28700E-09
493, 2.22643E-06, 1.21171E-06, 8.11011E-07, 8.21864E-09
494, 2.20325E-06, 1.21170E-06, 8.12475E-07, 8.14760E-09
495, 2.17954E-06, 1.21372E-06, 8.13888E-07, 8.07393E-09
496, 2.15532E-06, 1.21742E-06, 8.15250E-07, 7.99780E-09
497, 2.13063E-06, 1.22092E-06, 8.16562E-07, 7.91917E-09
498, 2.10548E-06, 1.22421E-06, 8.17824E-07, 7.83819E-09
499, 2.07989E-06, 1.22729E-06, 8.19038E-07, 7.75489E-09
500, 2.05388E-06, 1.23018E-06, 8.20203E-07, 7.66937E-09
501, 2.02749E-06, 1.23302E-06, 8.21320E-07, 7.58174E-09
502, 2.00072E-06, 1.24065E-06, 8.22391E-07, 7.49198E-09
503, 1.97360E-06, 1.24823E-06, 8.23415E-07, 7.40029E-09
504, 1.94616E-06, 1.25574E-06, 8.24394E-07, 7.33722E-09
505, 1.91841E-06, 1.26319E-06, 8.25327E-07, 7.31943E-09
506, 1.89037E-06, 1.27057E-06, 8.26216E-07, 7.29942E-09
507, 1.86207E-06, 1.27789E-06, 8.27061E-07, 7.27720E-09
508, 1.83352E-06, 1.28514E-06, 8.27864E-07, 7.25284E-09
509, 1.80475E-06, 1.29232E-06, 8.28624E-07, 7.22633E-09
510, 1.77578E-06, 1.29944E-06, 8.29342E-07, 7.19775E-09
511, 1.74661E-06, 1.30648E-06, 8.30019E-07, 7.16707E-09
512, 1.71728E-06, 1.31346E-06, 8.30655E-07, 7.13437E-09
513, 1.68781E-06, 1.32036E-06, 8.31252E-07, 7.09968E-09
514, 1.65820E-06, 1.32720E-06, 8.31810E-07, 7.06299E-09
515, 1.62848E-06, 1.33395E-06, 8.32330E-07, 7.02439E-09
516, 1.59867E-06, 1.34064E-06, 8.32811E-07, 6.98389E-09
517, 1.56878E-06, 1.34724E-06, 8.33256E-07, 6.94154E-09
518, 1.53883E-06, 1.35377E-06, 8.34630E-07, 6.89731E-09
519, 1.50884E-06, 1.36022E-06, 8.37389E-07, 6.85134E-09
520, 1.47882E-06, 1.36659E-06, 8.40102E-07, 6.80357E-09
521, 1.44878E-06, 1.37288E-06, 8.42769E-07, 6.75412E-09
522, 1.41875E-06, 1.37908E-06, 8.45391E-07, 6.70297E-09
523, 1.38873E-06, 1.38520E-06, 8.47967E-07, 6.65017E-09
524, 1.35874E-06, 1.39123E-06, 8.50498E-07, 6.65244E-09
525, 1.32879E-06, 1.39717E-06, 8.52984E-07, 6.66003E-09
526, 1.29890E-06, 1.40302E-06, 8.55426E-07, 6.66606E-09
527, 1.26908E-06, 1.40878E-06, 8.57823E-07, 6.67058E-09
528, 1.25769E-06, 1.41445E-06, 8.60177E-07, 6.67356E-09
529, 1.24625E-06, 1.42002E-06, 8.62487E-07, 6.67505E-09
530, 1.23434E-06, 1.42549E-06, 8.64754E-07, 6.67501E-09
531, 1.22200E-06, 1.43086E-06, 8.66977E-07, 6.67350E-09
532, 1.20924E-06, 1.43612E-06, 8.69158E-07, 6.67051E-09
533, 1.19607E-06, 1.44129E-06, 8.71297E-07, 6.66605E-09
534, 1.18253E-06, 1.44635E-06, 8.73394E-07, 6.66015E-09
535, 1.16861E-06, 1.45130E-06, 8.75449E-07, 6.65283E-09
536, 1.15435E-06, 1.45613E-06, 8.77463E-07, 6.64408E-09
537, 1.14049E-06, 1.46086E-06, 8.79436E-07, 6.63394E-09
538, 1.13933E-06, 1.46547E-06, 8.81369E-07, 6.62241E-09
539, 1.13808E-06, 1.46996E-06, 8.83261E-07, 6.60953E-09
540, 1.13674E-06, 1.47434E-06, 8.85114E-07, 6.59529E-09
541, 1.13531E-06, 1.47859E-06, 8.86927E-07, 6.57974E-09
542, 1.13379E-06, 1.48271E-06, 8.88701E-07, 6.56287E-09
543, 1.13220E-06, 1.48671E-06, 8.90436E-07, 6.54472E-09
544, 1.13289E-06, 1.49058E-06, 8.92132E-07, 6.52533E-09
545, 1.13420E-06, 1.49432E-06, 8.93791E-07, 6.50467E-09
546, 1.13540E-06, 1.49793E-06, 8.95411E-07, 6.48280E-09
547, 1.13650E-06, 1.50140E-06, 8.96995E-07, 6.46401E-09
548, 1.13750E-06, 1.50472E-06, 8.98541E-07, 6.45610E-09
549, 1.13839E-06, 1.50791E-06, 9.00051E-07, 6.44684E-09
550, 1.13918E-06, 1.51096E-06, 9.01524E-07, 6.43621E-09
551, 1.13986E-06, 1.51386E-06, 9.02961E-07, 6.42428E-09
552, 1.14045E-06, 1.51660E-06, 9.04362E-07, 6.41106E-09
553, 1.14093E-06, 1.51920E-06, 9.05728E-07, 6.39656E-09
554, 1.14132E-06, 1.52165E-06, 9.07059E-07, 6.38080E-09
555, 1.14161E-06, 1.52393E-06, 9.08355E-07, 6.36386E-09
556, 1.14180E-06, 1.52606E-06, 9.09617E-07, 6.34568E-09
557, 1.14189E-06, 1.52803E-06, 9.10845E-07, 6.32637E-09
558, 1.14189E-06, 1.53011E-06, 9.12039E-07, 6.30591E-09
559, 1.14180E-06, 1.53363E-06, 9.13199E-07, 6.28432E-09
560, 1.14161E-06, 1.53702E-06, 9.14326E-07, 6.26165E-09
561, 1.14133E-06, 1.54026E-06, 9.15421E-07, 6.23791E-09
562, 1.14096E-06, 1.54335E-06, 9.16482E-07, 6.21313E-09
563, 1.14049E-06, 1.54629E-06, 9.17511E-07, 6.18735E-09
564, 1.13994E-06, 1.54908E-06, 9.18509E-07, 6.16056E-09
565, 1.14183E-06, 1.55172E-06, 9.19474E-07, 6.13281E-09
566, 1.15088E-06, 1.55420E-06, 9.20408E-07, 6.10414E-09
567, 1.15995E-06, 1.55652E-06, 9.21310E-07, 6.07455E-09
568, 1.16904E-06, 1.55867E-06, 9.22284E-07, 6.04406E-09
569, 1.17813E-06, 1.56067E-06, 9.24776E-07, 6.01273E-09
570, 1.18724E-06, 1.56250E-06, 9.27230E-07, 5.98055E-09
571, 1.19635E-06, 1.56416E-06, 9.29645E-07, 5.94756E-09
572, 1.20548E-06, 1.56565E-06, 9.32022E-07, 5.91381E-09
573, 1.21462E-06, 1.56696E-06, 9.34361E-07, 5.87927E-09
574, 1.22377E-06, 1.56811E-06, 9.36935E-07, 5.84402E-09
575, 1.23293E-06, 1.56907E-06, 9.41715E-07, 5.80803E-09
576, 1.24210E-06, 1.56986E-06, 9.46449E-07, 5.77137E-09
577, 1.25128E-06, 1.57047E-06, 9.51138E-07, 5.74177E-09
578, 1.26047E-06, 1.57089E-06, 9.55781E-07, 5.72039E-09
579, 1.26967E-06, 1.57113E-06, 9.60378E-07, 5.69817E-09
580, 1.27887E-06, 1.57118E-06, 9.64928E-07, 5.67514E-09
581, 1.28809E-06, 1.57105E-06, 9.69433E-07, 5.65133E-09
582, 1.29731E-06, 1.57072E-06, 9.73890E-07, 5.62675E-09
583, 1.30654E-06, 1.57021E-06, 9.78301E-07, 5.60143E-09
584, 1.31577E-06, 1.56950E-06, 9.82665E-07, 5.57541E-09
585, 1.32913E-06, 1.56860E-06, 9.86981E-07, 5.54871E-09
586, 1.34315E-06, 1.56751E-06, 9.91249E-07, 5.52135E-09
587, 1.35709E-06, 1.56622E-06, 9.95470E-07, 5.49336E-09
588, 1.37096E-06, 1.56473E-06, 9.99643E-07, 5.46475E-09
589, 1.38475E-06, 1.56304E-06, 1.00377E-06, 5.43557E-09
590, 1.39846E-06, 1.56116E-06, 1.00784E-06, 5.40583E-09
591, 1.41208E-06, 1.55907E-06, 1.01187E-06, 5.37556E-09
592, 1.42562E-06, 1.55678E-06, 1.01585E-06, 5.34477E-09
593, 1.43906E-06, 1.55551E-06, 1.01978E-06, 5.31351E-09
594, 1.45241E-06, 1.55569E-06, 1.02366E-06, 5.28178E-09
595, 1.46567E-06, 1.55570E-06, 1.02750E-06, 5.24960E-09
596, 1.47882E-06, 1.55553E-06, 1.03128E-06, 5.21704E-09
597, 1.49187E-06, 1.55519E-06, 1.03501E-06, 5.18407E-09
598, 1.50482E-06, 1.55468E-06, 1.03870E-06, 5.15075E-09
599, 1.51825E-06, 1.55400E-06, 1.04233E-06, 5.12446E-09
600, 1.53468E-06, 1.55313E-06, 1.04592E-06, 5.11976E-09
601, 1.55103E-06, 1.55210E-06, 1.04945E-06, 5.11345E-09
602, 1.56729E-06, 1.55088E-06, 1.05294E-06, 5.12994E-09
603, 1.58347E-06, 1.54949E-06, 1.05637E-06, 5.14457E-09
604, 1.59955E-06, 1.54792E-06, 1.05975E-06, 5.15737E-09
605, 1.61554E-06, 1.54618E-06, 1.06309E-06, 5.16830E-09
606, 1.63143E-06, 1.54426E-06, 1.06637E-06, 5.17739E-09
607, 1.64721E-06, 1.54216E-06, 1.06960E-06, 5.18466E-09
608, 1.66289E-06, 1.53989E-06, 1.07278E-06, 5.19006E-09
609, 1.67845E-06, 1.53744E-06, 1.07591E-06, 5.19417E-09
610, 1.69390E-06, 1.53481E-06, 1.07899E-06, 5.20873E-09
611, 1.70923E-06, 1.53201E-06, 1.08201E-06, 5.22122E-09
612, 1.72444E-06, 1.52902E-06, 1.08499E-06, 5.23154E-09
613, 1.73952E-06, 1.52587E-06, 1.08791E-06, 5.23976E-09
614, 1.75447E-06, 1.52254E-06, 1.09078E-06, 5.24585E-09
615, 1.76929E-06, 1.51903E-06, 1.09360E-06, 5.24981E-09
616, 1.78397E-06, 1.51535E-06, 1.09637E-06, 5.25164E-09
617, 1.79851E-06, 1.51185E-06, 1.09909E-06, 5.25135E-09
618, 1.81291E-06, 1.51065E-06, 1.10175E-06, 5.24897E-09
619, 1.82716E-06, 1.50930E-06, 1.10437E-06, 5.24447E-09
620, 1.84126E-06, 1.50779E-06, 1.10871E-06, 5.23787E-09
621, 1.85521E-06, 1.50613E-06, 1.11385E-06, 5.22919E-09
622, 1.86900E-06, 1.50431E-06, 1.11882E-06, 5.21844E-09
623, 1.88263E-06, 1.50234E-06, 1.12361E-06, 5.20561E-09
624, 1.89610E-06, 1.50022E-06, 1.12823E-06, 5.19076E-09
625, 1.90940E-06, 1.49794E-06, 1.13266E-06, 5.17390E-09
626, 1.92253E-06, 1.49550E-06, 1.13693E-06, 5.15498E-09
627, 1.93549E-06, 1.49291E-06, 1.14101E-06, 5.13415E-09
628, 1.94827E-06, 1.49017E-06, 1.14492E-06, 5.11130E-09
629, 1.96087E-06, 1.48728E-06, 1.14866E-06, 5.09889E-09
630, 1.97330E-06, 1.48423E-06, 1.15221E-06, 5.09482E-09
631, 1.98554E-06, 1.48103E-06, 1.15559E-06, 5.08846E-09
632, 1.99759E-06, 1.47767E-06, 1.15880E-06, 5.07975E-09
633, 2.00946E-06, 1.47417E-06, 1.16182E-06, 5.06878E-09
634, 2.02113E-06, 1.47051E-06, 1.16468E-06, 5.05548E-09
635, 2.03261E-06, 1.46670E-06, 1.16735E-06, 5.03994E-09
636, 2.04389E-06, 1.46274E-06, 1.16985E-06, 5.02211E-09
637, 2.05496E-06, 1.45864E-06, 1.17217E-06, 5.00206E-09
638, 2.06584E-06, 1.45438E-06, 1.17432E-06, 4.97980E-09
639, 2.07651E-06, 1.44997E-06, 1.17629E-06, 4.96606E-09
640, 2.08698E-06, 1.44542E-06, 1.17809E-06, 4.95607E-09
641, 2.09723E-06, 1.44071E-06, 1.17971E-06, 4.94437E-09
642, 2.10728E-06, 1.43586E-06, 1.18116E-06, 4.93095E-09
643, 2.11710E-06, 1.43087E-06, 1.18244E-06, 4.91584E-09
644, 2.12672E-06, 1.42573E-06, 1.18354E-06, 4.89906E-09
645, 2.13611E-06, 1.42044E-06, 1.18446E-06, 4.88060E-09
646, 2.14528E-06, 1.41501E-06, 1.18522E-06, 4.86052E-09
647, 2.15423E-06, 1.40944E-06, 1.18580E-06, 4.84410E-09
648, 2.16295E-06, 1.40372E-06, 1.18621E-06, 4.83761E-09
649, 2.17145E-06, 1.39786E-06, 1.18645E-06, 4.82925E-09
650, 2.17972E-06, 1.39186E-06, 1.18652E-06, 4.81903E-09
651, 2.18776E-06, 1.38572E-06, 1.18642E-06, 4.80695E-09
652, 2.19557E-06, 1.37944E-06, 1.18615E-06, 4.79303E-09
653, 2.20314E-06, 1.37302E-06, 1.18571E-06, 4.77729E-09
654, 2.21047E-06, 1.36647E-06, 1.18510E-06, 4.75972E-09
655, 2.21757E-06, 1.36131E-06, 1.18432E-06, 4.74039E-09
656, 2.22443E-06, 1.35633E-06, 1.18338E-06, 4.71930E-09
657, 2.23105E-06, 1.35122E-06, 1.18228E-06, 4.69642E-09
658, 2.23743E-06, 1.34598E-06, 1.18101E-06, 4.67185E-09
659, 2.24356E-06, 1.34060E-06, 1.17957E-06, 4.64558E-09
660, 2.24945E-06, 1.33509E-06, 1.17797E-06, 4.61762E-09
661, 2.25509E-06, 1.32945E-06, 1.17621E-06, 4.58802E-09
662, 2.26048E-06, 1.32368E-06, 1.17429E-06, 4.55682E-09
663, 2.26563E-06, 1.31778E-06, 1.17221E-06, 4.52882E-09
664, 2.27052E-06, 1.31175E-06, 1.16998E-06, 4.50167E-09
665, 2.27517E-06, 1.30559E-06, 1.16758E-06, 4.47278E-09
666, 2.27956E-06, 1.29930E-06, 1.16597E-06, 4.44211E-09
667, 2.28370E-06, 1.29289E-06, 1.16593E-06, 4.40975E-09
668, 2.28759E-06, 1.28634E-06, 1.16583E-06, 4.37571E-09
669, 2.29122E-06, 1.27967E-06, 1.16567E-06, 4.34000E-09
670, 2.29460E-06, 1.27288E-06, 1.16545E-06, 4.30269E-09
671, 2.29772E-06, 1.26595E-06, 1.16517E-06, 4.26381E-09
672, 2.30058E-06, 1.25891E-06, 1.16484E-06, 4.22338E-09
673, 2.30318E-06, 1.25174E-06, 1.16444E-06, 4.18147E-09
674, 2.30553E-06, 1.24472E-06, 1.16398E-06, 4.14827E-09
675, 2.30762E-06, 1.25934E-06, 1.16347E-06, 4.13331E-09
676, 2.30945E-06, 1.27388E-06, 1.16289E-06, 4.11701E-09
677, 2.31101E-06, 1.28835E-06, 1.16226E-06, 4.09941E-09
678, 2.31232E-06, 1.30274E-06, 1.16156E-06, 4.08054E-09
679, 2.31337E-06, 1.31705E-06, 1.16080E-06, 4.06042E-09
680, 2.31416E-06, 1.33129E-06, 1.16007E-06, 4.03904E-09
681, 2.31468E-06, 1.34544E-06, 1.16366E-06, 4.01649E-09
682, 2.31495E-06, 1.35951E-06, 1.16718E-06, 3.99275E-09
683, 2.31495E-06, 1.37349E-06, 1.17063E-06, 3.96786E-09
684, 2.31469E-06, 1.38738E-06, 1.17401E-06, 3.96992E-09
685, 2.31417E-06, 1.40118E-06, 1.17733E-06, 3.99086E-09
686, 2.31339E-06, 1.41489E-06, 1.18057E-06, 4.01076E-09
687, 2.31883E-06, 1.42851E-06, 1.18375E-06, 4.02965E-09
688, 2.32598E-06, 1.44202E-06, 1.18686E-06, 4.04755E-09
689, 2.33290E-06, 1.45544E-06, 1.18989E-06, 4.06451E-09
690, 2.33960E-06, 1.46876E-06, 1.19286E-06, 4.08049E-09
691, 2.34608E-06, 1.48197E-06, 1.19575E-06, 4.09559E-09
692, 2.35232E-06, 1.49508E-06, 1.19857E-06, 4.10977E-09
693, 2.35834E-06, 1.50808E-06, 1.20132E-06, 4.12310E-09
694, 2.36412E-06, 1.52097E-06, 1.20399E-06, 4.13559E-09
695, 2.36967E-06, 1.53374E-06, 1.20659E-06, 4.14725E-09
696, 2.37499E-06, 1.54641E-06, 1.20911E-06, 4.15814E-09
697, 2.38007E-06, 1.55896E-06, 1.21156E-06, 4.16826E-09
698, 2.38491E-06, 1.57139E-06, 1.21393E-06, 4.17767E-09
699, 2.38952E-06, 1.58371E-06, 1.21623E-06, 4.18634E-09
700, 2.39388E-06, 1.59590E-06, 1.21845E-06, 4.19436E-09
701, 2.39800E-06, 1.60797E-06, 1.22059E-06, 4.20173E-09
702, 2.40188E-06, 1.61991E-06, 1.22265E-06, 4.20848E-09
703, 2.40551E-06, 1.63173E-06, 1.22464E-06, 4.21464E-09
704, 2.40890E-06, 1.64342E-06, 1.22654E-06, 4.22026E-09
705, 2.41205E-06, 1.65498E-06, 1.22837E-06, 4.22533E-09
706, 2.41494E-06, 1.66641E-06, 1.23011E-06, 4.22991E-09
707, 2.41759E-06, 1.67770E-06, 1.23178E-06, 4.23404E-09
708, 2.41999E-06, 1.68886E-06, 1.23336E-06, 4.23771E-09
709, 2.42214E-06, 1.69988E-06, 1.23487E-06, 4.24096E-09
710, 2.42403E-06, 1.71077E-06, 1.23629E-06, 4.24389E-09
711, 2.42568E-06, 1.72151E-06, 1.23763E-06, 4.24643E-09
712, 2.42707E-06, 1.73211E-06, 1.23888E-06, 4.24865E-09
713, 2.42821E-06, 1.74257E-06, 1.24006E-06, 4.25061E-09
714, 2.42909E-06, 1.75288E-06, 1.24115E-06, 4.25231E-09
715, 2.42972E-06, 1.76305E-06, 1.24215E-06, 4.25379E-09
716, 2.43010E-06, 1.77307E-06, 1.24308E-06, 4.25505E-09
717, 2.43021E-06, 1.78294E-06, 1.24391E-06, 4.25615E-09
718, 2.43008E-06, 1.79266E-06, 1.24466E-06, 4.25713E-09
719, 2.42968E-06, 1.80222E-06, 1.24533E-06, 4.25799E-09
720, 2.42903E-06, 1.81164E-06, 1.24591E-06, 4.25877E-09
721, 2.42812E-06, 1.82089E-06, 1.24641E-06, 4.25952E-09
722, 2.42696E-06, 1.83000E-06, 1.24682E-06, 4.26021E-09
723, 2.42553E-06, 1.83894E-06, 1.24714E-06, 4.26094E-09
724, 2.42385E-06, 1.84773E-06, 1.24737E-06, 4.26166E-09
725, 2.42884E-06, 1.85636E-06, 1.24752E-06, 4.26248E-09
726, 2.43546E-06, 1.86483E-06, 1.24758E-06, 4.26336E-09
727, 2.44189E-06, 1.87313E-06, 1.24755E-06, 4.26435E-09
728, 2.44813E-06, 1.88127E-06, 1.24743E-06, 4.26547E-09
729, 2.45419E-06, 1.88925E-06, 1.24723E-06, 4.26676E-09
730, 2.46006E-06, 1.89706E-06, 1.24693E-06, 4.26821E-09
731, 2.46574E-06, 1.90471E-06, 1.24655E-06, 4.26987E-09
732, 2.47123E-06, 1.91219E-06, 1.24608E-06, 4.27176E-09
733, 2.47653E-06, 1.91950E-06, 1.24552E-06, 4.27389E-09
734, 2.48163E-06, 1.92664E-06, 1.24486E-06, 4.27629E-09
735, 2.48654E-06, 1.93361E-06, 1.24412E-06, 4.27897E-09
736, 2.49125E-06, 1.94041E-06, 1.24329E-06, 4.28197E-09
737, 2.49576E-06, 1.94704E-06, 1.24237E-06, 4.28527E-09
738, 2.50008E-06, 1.95350E-06, 1.24136E-06, 4.32304E-09
739, 2.50419E-06, 1.95979E-06, 1.24025E-06, 4.39351E-09
740, 2.50811E-06, 1.96590E-06, 1.23906E-06, 4.46384E-09
741, 2.51182E-06, 1.97183E-06, 1.23777E-06, 4.53404E-09
742, 2.51534E-06, 1.97759E-06, 1.23639E-06, 4.60409E-09
743, 2.51865E-06, 1.98318E-06, 1.23493E-06, 4.67401E-09
744, 2.52175E-06, 1.98859E-06, 1.23336E-06, 4.74375E-09
745, 2.52465E-06, 1.99382E-06, 1.23171E-06, 4.81332E-09
746, 2.52735E-06, 1.99888E-06, 1.22997E-06, 4.88273E-09
747, 2.52984E-06, 2.00376E-06, 1.22813E-06, 4.95193E-09
748, 2.53213E-06, 2.00846E-06, 1.22621E-06, 5.02093E-09
749, 2.53421E-06, 2.01298E-06, 1.22419E-06, 5.08970E-09
750, 2.53608E-06, 2.01733E-06, 1.22208E-06, 5.15828E-09
751, 2.53774E-06, 2.02149E-06, 1.21988E-06, 5.22658E-09
752, 2.53920E-06, 2.02548E-06, 1.21758E-06, 5.29465E-09
753, 2.54044E-06, 2.02929E-06, 1.21520E-06, 5.36246E-09
754, 2.54148E-06, 2.03292E-06, 1.21272E-06, 5.42998E-09
755, 2.54231E-06, 2.03637E-06, 1.21015E-06, 5.49719E-09
756, 2.54292E-06, 2.03964E-06, 1.20748E-06, 5.56410E-09
757, 2.54333E-06, 2.04272E-06, 1.20473E-06, 5.63069E-09
758, 2.54353E-06, 2.04563E-06, 1.20188E-06, 5.69693E-09
759, 2.54352E-06, 2.04836E-06, 1.19894E-06, 5.76280E-09
760, 2.54330E-06, 2.05091E-06, 1.19591E-06, 5.82829E-09
761, 2.54286E-06, 2.05329E-06, 1.19278E-06, 5.89339E-09
762, 2.54222E-06, 2.05548E-06, 1.18956E-06, 5.95808E-09
763, 2.54136E-06, 2.05749E-06, 1.18626E-06, 6.02231E-09
764, 2.54030E-06, 2.05932E-06, 1.18286E-06, 6.08610E-09
765, 2.53903E-06, 2.06098E-06, 1.17936E-06, 6.14942E-09
766, 2.53754E-06, 2.06245E-06, 1.17578E-06, 6.21223E-09
767, 2.53585E-06, 2.06375E-06, 1.17210E-06, 6.27453E-09
768, 2.53394E-06, 2.06487E-06, 1.16833E-06, 6.33627E-09
769, 2.53183E-06, 2.06581E-06, 1.16448E-06, 6.39748E-09
770, 2.52951E-06, 2.06658E-06, 1.16053E-06, 6.45808E-09
771, 2.52698E-06, 2.06716E-06, 1.15648E-06, 6.51807E-09
772, 2.52424E-06, 2.06757E-06, 1.15235E-06, 6.57744E-09
773, 2.52129E-06, 2.06781E-06, 1.14813E-06, 6.63614E-09
774, 2.51814E-06, 2.06787E-06, 1.14382E-06, 6.69418E-09
775, 2.51478E-06, 2.06776E-06, 1.13941E-06, 6.75405E-09
776, 2.51121E-06, 2.06747E-06, 1.13492E-06, 6.81640E-09
777, 2.50744E-06, 2.06701E-06, 1.13034E-06, 6.87812E-09
778, 2.50346E-06, 2.06637E-06, 1.12567E-06, 6.93923E-09
779, 2.49928E-06, 2.06557E-06, 1.12091E-06, 6.99972E-09
780, 2.49489E-06, 2.06459E-06, 1.11606E-06, 7.05949E-09
781, 2.49031E-06, 2.06344E-06, 1.11112E-06, 7.11859E-09
782, 2.48551E-06, 2.06212E-06, 1.10609E-06, 7.17695E-09
783, 2.48052E-06, 2.06064E-06, 1.10098E-06, 7.23456E-09
784, 2.47533E-06, 2.05898E-06, 1.09578E-06, 7.29135E-09
785, 2.46994E-06, 2.05716E-06, 1.09049E-06, 7.34736E-09
786, 2.46435E-06, 2.05517E-06, 1.08511E-06, 7.40251E-09
787, 2.45856E-06, 2.05302E-06, 1.07965E-06, 7.45677E-09
788, 2.45258E-06, 2.05070E-06, 1.07410E-06, 7.51016E-09
789, 2.44640E-06, 2.04822E-06, 1.06847E-06, 7.56260E-09
790, 2.44002E-06, 2.04558E-06, 1.06275E-06, 7.61407E-09
791, 2.43345E-06, 2.04278E-06, 1.05695E-06, 7.66455E-09
792, 2.42669E-06, 2.03981E-06, 1.05106E-06, 7.71402E-09
793, 2.41974E-06, 2.03669E-06, 1.04509E-06, 7.76244E-09
794, 2.41260E-06, 2.03341E-06, 1.03903E-06, 7.80979E-09
795, 2.40527E-06, 2.02998E-06, 1.03290E-06, 7.85601E-09
796, 2.39775E-06, 2.02638E-06, 1.02668E-06, 7.90113E-09
797, 2.39005E-06, 2.02264E-06, 1.02038E-06, 7.94507E-09
798, 2.38216E-06, 2.01874E-06, 1.01400E-06, 7.98781E-09
799, 2.37409E-06, 2.01469E-06, 1.00754E-06, 8.02934E-09
800, 2.36584E-06, 2.01049E-06, 1.00100E-06, 8.06962E-09
801, 2.35740E-06, 2.00614E-06, 9.94380E-07, 8.10864E-09
802, 2.34879E-06, 2.00164E-06, 9.87682E-07, 8.14635E-09
803, 2.34000E-06, 1.99700E-06, 9.80907E-07, 8.18274E-09
804, 2.33103E-06, 1.99221E-06, 9.74055E-07, 8.21779E-09
805, 2.32189E-06, 1.98728E-06, 9.67126E-07, 8.25142E-09
806, 2.31257E-06, 1.98221E-06, 9.60122E-07, 8.28370E-09
807, 2.30309E-06, 1.97700E-06, 9.53043E-07, 8.31453E-09
808, 2.29343E-06, 1.97164E-06, 9.45890E-07, 8.34391E-09
809, 2.28360E-06, 1.96615E-06, 9.38663E-07, 8.37183E-09
810, 2.27361E-06, 1.96053E-06, 9.31365E-07, 8.39823E-09
811, 2.26345E-06, 1.95477E-06, 9.23994E-07, 8.42313E-09
812, 2.25313E-06, 1.94888E-06, 9.19447E-07, 8.44648E-09
813, 2.24265E-06, 1.94285E-06, 9.15859E-07, 8.46830E-09
814, 2.23201E-06, 1.93670E-06, 9.12208E-07, 8.48852E-09
815, 2.22121E-06, 1.93042E-06, 9.08492E-07, 8.50715E-09
816, 2.21025E-06, 1.92401E-06, 9.04713E-07, 8.52415E-09
817, 2.19913E-06, 1.91748E-06, 9.00871E-07, 8.53953E-09
818, 2.18787E-06, 1.91082E-06, 8.96964E-07, 8.55326E-09
819, 2.17645E-06, 1.90404E-06, 8.92994E-07, 8.56533E-09
820, 2.16489E-06, 1.89715E-06, 8.88960E-07, 8.57571E-09
821, 2.15317E-06, 1.89013E-06, 8.84863E-07, 8.58440E-09
822, 2.14132E-06, 1.88300E-06, 8.80702E-07, 8.59142E-09
823, 2.12931E-06, 1.87576E-06, 8.76477E-07, 8.59667E-09
824, 2.11717E-06, 1.86840E-06, 8.72189E-07, 8.60022E-09
825, 2.10489E-06, 1.86093E-06, 8.67837E-07, 8.60203E-09
826, 2.09246E-06, 1.85335E-06, 8.63423E-07, 8.60209E-09
827, 2.07991E-06, 1.84566E-06, 8.58944E-07, 8.60041E-09
828, 2.06722E-06, 1.83787E-06, 8.54403E-07, 8.59695E-09
829, 2.05439E-06, 1.82997E-06, 8.49799E-07, 8.59172E-09
830, 2.04144E-06, 1.82197E-06, 8.45132E-07, 8.58475E-09
831, 2.02836E-06, 1.81387E-06, 8.40402E-07, 8.57599E-09
832, 2.01515E-06, 1.80567E-06, 8.35610E-07, 8.56543E-09
833, 2.00182E-06, 1.79738E-06, 8.30755E-07, 8.55313E-09
834, 1.98837E-06, 1.78899E-06, 8.25838E-07, 8.53903E-09
835, 1.97616E-06, 1.78050E-06, 8.20860E-07, 8.52317E-09
836, 1.96849E-06, 1.77193E-06, 8.15819E-07, 8.50553E-09
837, 1.96069E-06, 1.76326E-06, 8.10717E-07, 8.48609E-09
838, 1.95277E-06, 1.75451E-06, 8.05554E-07, 8.46491E-09
839, 1.94472E-06, 1.74567E-06, 8.00329E-07, 8.44196E-09
840, 1.93655E-06, 1.73674E-06, 7.95044E-07, 8.41725E-09
841, 1.92826E-06, 1.72774E-06, 7.89699E-07, 8.39080E-09
842, 1.91984E-06, 1.71865E-06, 7.84293E-07, 8.36260E-09
843, 1.91130E-06, 1.70949E-06, 7.78828E-07, 8.33266E-09
844, 1.90264E-06, 1.70024E-06, 7.73303E-07, 8.30102E-09
845, 1.89386E-06, 1.69092E-06, 7.67719E-07, 8.26765E-09
846, 1.88496E-06, 1.68153E-06, 7.62076E-07, 8.23260E-09
847, 1.87595E-06, 1.67207E-06, 7.56375E-07, 8.19586E-09
848, 1.86682E-06, 1.66254E-06, 7.50616E-07, 8.15744E-09
849, 1.85758E-06, 1.65294E-06, 7.44800E-07, 8.11738E-09
850, 1.84822E-06, 1.64327E-06, 7.38926E-07, 8.07569E-09
851, 1.83875E-06, 1.63354E-06, 7.32996E-07, 8.03237E-09
852, 1.82916E-06, 1.62375E-06, 7.27010E-07, 7.98744E-09
853, 1.81947E-06, 1.61390E-06, 7.20967E-07, 7.94094E-09
854, 1.80967E-06, 1.60398E-06, 7.14870E-07, 7.89289E-09
855, 1.79976E-06, 1.59401E-06, 7.08718E-07, 7.84328E-09
856, 1.78974E-06, 1.58399E-06, 7.02512E-07, 7.79215E-09
857, 1.77962E-06, 1.57391E-06, 6.96252E-07, 7.73956E-09
858, 1.76939E-06, 1.56378E-06, 6.89940E-07, 7.68546E-09
859, 1.75906E-06, 1.55360E-06, 6.83575E-07, 7.62992E-09
860, 1.74862E-06, 1.54337E-06, 6.77158E-07, 7.57297E-09
861, 1.73809E-06, 1.53309E-06, 6.70689E-07, 7.51461E-09
862, 1.72746E-06, 1.52277E-06, 6.64171E-07, 7.45489E-09
863, 1.71673E-06, 1.51241E-06, 6.57602E-07, 7.39381E-09
864, 1.70590E-06, 1.50952E-06, 6.50984E-07, 7.33144E-09
865, 1.69498E-06, 1.50675E-06, 6.44318E-07, 7.26777E-09
866, 1.68396E-06, 1.50388E-06, 6.37604E-07, 7.20284E-09
867, 1.67285E-06, 1.50090E-06, 6.30842E-07, 7.13668E-09
868, 1.66165E-06, 1.49780E-06, 6.24035E-07, 7.06933E-09
869, 1.65036E-06, 1.49460E-06, 6.17181E-07, 7.00079E-09
870, 1.63898E-06, 1.49128E-06, 6.10283E-07, 6.93114E-09
871, 1.62752E-06, 1.48785E-06, 6.03341E-07, 6.86037E-09
872, 1.61596E-06, 1.48431E-06, 5.96355E-07, 6.78852E-09
873, 1.60433E-06, 1.48066E-06, 5.89328E-07, 6.71564E-09
874, 1.59261E-06, 1.47690E-06, 5.86458E-07, 6.64173E-09
875, 1.58081E-06, 1.47303E-06, 5.86248E-07, 6.56686E-09
876, 1.56893E-06, 1.46904E-06, 5.86012E-07, 6.49105E-09
877, 1.55697E-06, 1.46495E-06, 5.85748E-07, 6.41431E-09
878, 1.54493E-06, 1.46074E-06, 5.85457E-07, 6.33670E-09
879, 1.53282E-06, 1.45642E-06, 5.85139E-07, 6.25823E-09
880, 1.52063E-06, 1.45199E-06, 5.84794E-07, 6.17897E-09
881, 1.51634E-06, 1.44745E-06, 5.84420E-07, 6.09893E-09
882, 1.52044E-06, 1.44280E-06, 5.84019E-07, 6.01815E-09
883, 1.52447E-06, 1.43804E-06, 5.83590E-07, 5.93665E-09
884, 1.52845E-06, 1.43317E-06, 5.83133E-07, 5.85445E-09
885, 1.53237E-06, 1.42818E-06, 5.82647E-07, 5.77165E-09
886, 1.53623E-06, 1.42309E-06, 5.82133E-07, 5.68821E-09
887, 1.54003E-06, 1.41789E-06, 5.81590E-07, 5.60421E-09
888, 1.54377E-06, 1.41258E-06, 5.81019E-07, 5.51966E-09
889, 1.54745E-06, 1.40716E-06, 5.80418E-07, 5.43462E-09
890, 1.55106E-06, 1.40163E-06, 5.79789E-07, 5.34908E-09
891, 1.55461E-06, 1.39600E-06, 5.79130E-07, 5.26313E-09
892, 1.55810E-06, 1.39026E-06, 5.78442E-07, 5.17675E-09
893, 1.56153E-06, 1.38441E-06, 5.77724E-07, 5.09000E-09
894, 1.56488E-06, 1.37845E-06, 5.76983E-07, 5.00290E-09
895, 1.56818E-06, 1.37239E-06, 5.76747E-07, 4.91551E-09
896, 1.57141E-06, 1.36622E-06, 5.76487E-07, 4.82783E-09
897, 1.57457E-06, 1.35995E-06, 5.76203E-07, 4.73991E-09
898, 1.57767E-06, 1.35358E-06, 5.75895E-07, 4.66193E-09
899, 1.58070E-06, 1.34710E-06, 5.75563E-07, 4.59292E-09
900, 1.58366E-06, 1.34052E-06, 5.75206E-07, 4.52356E-09
901, 1.58655E-06, 1.33384E-06, 5.74825E-07, 4.45391E-09
902, 1.59049E-06, 1.32706E-06, 5.74419E-07, 4.38397E-09
903, 1.59474E-06, 1.32018E-06, 5.73989E-07, 4.31380E-09
904, 1.59891E-06, 1.31320E-06, 5.73533E-07, 4.24337E-09
905, 1.60300E-06, 1.30613E-06, 5.73053E-07, 4.17275E-09
906, 1.60703E-06, 1.29895E-06, 5.72547E-07, 4.10195E-09
907, 1.61098E-06, 1.29168E-06, 5.72016E-07, 4.03099E-09
908, 1.61485E-06, 1.28432E-06, 5.71459E-07, 3.95990E-09
909, 1.61865E-06, 1.27686E-06, 5.70877E-07, 3.88871E-09
910, 1.62238E-06, 1.26931E-06, 5.70270E-07, 3.81743E-09
911, 1.62603E-06, 1.26167E-06, 5.69636E-07, 3.74609E-09
912, 1.62960E-06, 1.25394E-06, 5.68977E-07, 3.67469E-09
913, 1.63309E-06, 1.24612E-06, 5.68291E-07, 3.60331E-09
914, 1.63651E-06, 1.23821E-06, 5.67580E-07, 3.53190E-09
915, 1.63985E-06, 1.23022E-06, 5.66843E-07, 3.46052E-09
916, 1.64311E-06, 1.22214E-06, 5.66079E-07, 3.38919E-09
917, 1.64629E-06, 1.21398E-06, 5.65289E-07, 3.31794E-09
918, 1.64939E-06, 1.20574E-06, 5.64473E-07, 3.24675E-09
919, 1.65241E-06, 1.19741E-06, 5.63630E-07, 3.17569E-09
920, 1.65535E-06, 1.18901E-06, 5.62761E-07, 3.10472E-09
921, 1.65821E-06, 1.18053E-06, 5.61865E-07, 3.03394E-09
922, 1.66098E-06, 1.17197E-06, 5.60943E-07, 2.96327E-09
923, 1.66368E-06, 1.16334E-06, 5.59994E-07, 2.89281E-09
924, 1.66629E-06, 1.15464E-06, 5.59019E-07, 2.82254E-09
925, 1.66881E-06, 1.14586E-06, 5.58017E-07, 2.75247E-09
926, 1.67126E-06, 1.13701E-06, 5.56988E-07, 2.68267E-09
927, 1.67362E-06, 1.12810E-06, 5.55932E-07, 2.61307E-09
928, 1.67589E-06, 1.11912E-06, 5.54850E-07, 2.54376E-09
929, 1.67808E-06, 1.11007E-06, 5.53742E-07, 2.47471E-09
930, 1.68019E-06, 1.10097E-06, 5.52606E-07, 2.40595E-09
931, 1.68221E-06, 1.09180E-06, 5.51444E-07, 2.33753E-09
932, 1.68414E-06, 1.08257E-06, 5.50256E-07, 2.26939E-09
933, 1.68599E-06, 1.07328E-06, 5.49200E-07, 2.20160E-09
934, 1.68775E-06, 1.06394E-06, 5.48350E-07, 2.13417E-09
935, 1.68942E-06, 1.05454E-06, 5.47480E-07, 2.06865E-09
936, 1.69100E-06, 1.04510E-06, 5.46592E-07, 2.09836E-09
937, 1.69249E-06, 1.03560E-06, 5.45685E-07, 2.12740E-09
938, 1.69390E-06, 1.02605E-06, 5.44760E-07, 2.15573E-09
939, 1.69522E-06, 1.01646E-06, 5.43815E-07, 2.18340E-09
940, 1.69644E-06, 1.00682E-06, 5.42853E-07, 2.21034E-09
941, 1.69758E-06, 9.97139E-07, 5.41872E-07, 2.23658E-09
942, 1.69863E-06, 9.87418E-07, 5.40872E-07, 2.26211E-09
943, 1.69958E-06, 9.77658E-07, 5.39855E-07, 2.28691E-09
944, 1.70045E-06, 9.67860E-07, 5.38820E-07, 2.31095E-09
945, 1.70122E-06, 9.58028E-07, 5.37767E-07, 2.33428E-09
946, 1.70190E-06, 9.48163E-07, 5.36697E-07, 2.35686E-09
947, 1.70249E-06, 9.38267E-07, 5.35609E-07, 2.37867E-09
948, 1.70299E-06, 9.28342E-07, 5.34504E-07, 2.39974E-09
949, 1.70339E-06, 9.18390E-07, 5.33382E-07, 2.42002E-09
950, 1.70370E-06, 9.08412E-07, 5.32243E-07, 2.43955E-09
951, 1.70392E-06, 8.98412E-07, 5.31088E-07, 2.45830E-09
952, 1.70404E-06, 8.88390E-07, 5.29916E-07, 2.47626E-09
953, 1.70407E-06, 8.78350E-07, 5.28728E-07, 2.49345E-09
954, 1.70400E-06, 8.68292E-07, 5.27524E-07, 2.50985E-09
955, 1.70384E-06, 8.58218E-07, 5.26304E-07, 2.52546E-09
956, 1.70358E-06, 8.48132E-07, 5.25068E-07, 2.54025E-09
957, 1.70323E-06, 8.38034E-07, 5.23817E-07, 2.55557E-09
958, 1.70278E-06, 8.29343E-07, 5.22551E-07, 2.57142E-09
959, 1.70224E-06, 8.27818E-07, 5.21270E-07, 2.58652E-09
960, 1.70159E-06, 8.26162E-07, 5.19974E-07, 2.60082E-09
961, 1.70085E-06, 8.24379E-07, 5.18663E-07, 2.61435E-09
962, 1.70001E-06, 8.22468E-07, 5.17338E-07, 2.62709E-09
963, 1.69970E-06, 8.20432E-07, 5.15999E-07, 2.63906E-09
964, 1.69984E-06, 8.18271E-07, 5.14647E-07, 2.65022E-09
965, 1.69989E-06, 8.15989E-07, 5.13280E-07, 2.66061E-09
966, 1.69984E-06, 8.13586E-07, 5.11901E-07, 2.67021E-09
967, 1.69969E-06, 8.11064E-07, 5.10508E-07, 2.67903E-09
968, 1.69944E-06, 8.08425E-07, 5.09102E-07, 2.68703E-09
969, 1.69909E-06, 8.05670E-07, 5.07684E-07, 2.69428E-09
970, 1.69864E-06, 8.04954E-07, 5.06253E-07, 2.70072E-09
971, 1.69809E-06, 8.04237E-07, 5.04810E-07, 2.70639E-09
972, 1.69744E-06, 8.03412E-07, 5.03356E-07, 2.71125E-09
973, 1.69669E-06, 8.02479E-07, 5.01889E-07, 2.71533E-09
974, 1.69612E-06, 8.01439E-07, 5.00412E-07, 2.71864E-09
975, 1.69562E-06, 8.00293E-07, 4.98923E-07, 2.72918E-09
976, 1.69502E-06, 7.99041E-07, 4.97423E-07, 2.74297E-09
977, 1.69432E-06, 7.97685E-07, 4.95913E-07, 2.75597E-09
978, 1.69351E-06, 7.96226E-07, 4.94393E-07, 2.76820E-09
979, 1.69261E-06, 7.94664E-07, 4.92862E-07, 2.77968E-09
980, 1.69160E-06, 7.93000E-07, 4.91322E-07, 2.79040E-09
981, 1.69050E-06, 7.91236E-07, 4.89772E-07, 2.80035E-09
982, 1.68929E-06, 7.89373E-07, 4.88213E-07, 2.80958E-09
983, 1.68798E-06, 7.87412E-07, 4.86646E-07, 2.81804E-09
984, 1.68657E-06, 7.85354E-07, 4.85069E-07, 2.82581E-09
985, 1.68507E-06, 7.83199E-07, 4.83484E-07, 2.83283E-09
986, 1.68346E-06, 7.80950E-07, 4.81890E-07, 2.83913E-09
987, 1.68176E-06, 7.78607E-07, 4.80289E-07, 2.84473E-09
988, 1.67995E-06, 7.76172E-07, 4.78680E-07, 2.84963E-09
989, 1.67805E-06, 7.73645E-07, 4.77064E-07, 2.85383E-09
990, 1.67605E-06, 7.71029E-07, 4.75441E-07, 2.85736E-09
991, 1.67395E-06, 7.68324E-07, 4.73810E-07, 2.86018E-09
992, 1.67176E-06, 7.65532E-07, 4.72173E-07, 2.86236E-09
993, 1.66947E-06, 7.62653E-07, 4.71487E-07, 2.86387E-09
994, 1.66708E-06, 7.59690E-07, 4.73445E-07, 2.86471E-09
995, 1.66459E-06, 7.56644E-07, 4.75400E-07, 2.86493E-09
996, 1.66201E-06, 7.55714E-07, 4.77352E-07, 2.86449E-09
997, 1.65933E-06, 7.55053E-07, 4.79300E-07, 2.86343E-09
998, 1.65656E-06, 7.54302E-07, 4.81246E-07, 2.86175E-09
999, 1.65369E-06, 7.53462E-07, 4.83188E-07, 2.85946E-09
1000, 1.65073E-06, 7.52533E-07, 4.85127E-07, 2.85657E-09
