time_step, rel_err_u, rel_err_v, rel_err_w, rel_err_p
0, 0.00000E+00, 0.00000E+00, 0.00000E+00, 0.00000E+00
1, 1.64117E-04, 1.14166E-04, 1.30690E-04, 6.57522E-03
2, 1.03572E-04, 1.00523E-04, 8.44661E-05, 1.39072E-02
3, 6.94509E-05, 5.70924E-05, 5.97023E-05, 1.10560E-02
4, 2.89416E-05, 1.95270E-05, 1.09934E-05, 1.68775E-04
5, 2.88681E-05, 1.95243E-05, 1.09492E-05, 1.44334E-04
6, 2.92832E-05, 1.96371E-05, 1.08777E-05, 3.51774E-05
7, 2.96937E-05, 1.98301E-05, 1.07873E-05, 5.25074E-06
8, 3.00483E-05, 2.00059E-05, 1.06775E-05, 2.13982E-06
9, 3.03677E-05, 2.01679E-05, 1.05485E-05, 6.48977E-07
10, 3.06438E-05, 2.03159E-05, 1.04006E-05, 2.74860E-07
11, 3.08765E-05, 2.04488E-05, 1.02341E-05, 2.05525E-07
12, 3.12393E-05, 2.05664E-05, 1.00494E-05, 2.01394E-07
13, 3.18689E-05, 2.06686E-05, 1.00198E-05, 2.02249E-07
14, 3.24539E-05, 2.07551E-05, 1.00725E-05, 2.01654E-07
15, 3.29930E-05, 2.08258E-05, 1.01082E-05, 2.00360E-07
16, 3.34848E-05, 2.08805E-05, 1.01267E-05, 1.98714E-07
17, 3.39284E-05, 2.09191E-05, 1.01277E-05, 1.97392E-07
18, 3.43228E-05, 2.09414E-05, 1.01114E-05, 1.99311E-07
19, 3.46673E-05, 2.09474E-05, 1.00775E-05, 2.00767E-07
20, 3.49613E-05, 2.09369E-05, 1.00260E-05, 2.01762E-07
21, 3.52044E-05, 2.09101E-05, 9.95715E-06, 2.02297E-07
22, 3.53963E-05, 2.08667E-05, 9.87089E-06, 2.02378E-07
23, 3.55370E-05, 2.09394E-05, 9.76742E-06, 2.02012E-07
24, 3.56264E-05, 2.11931E-05, 9.64692E-06, 2.01210E-07
25, 3.56648E-05, 2.14328E-05, 9.50967E-06, 1.99981E-07
26, 3.56526E-05, 2.16583E-05, 9.66057E-06, 1.98339E-07
27, 3.58171E-05, 2.18690E-05, 9.81259E-06, 1.96299E-07
28, 3.61527E-05, 2.20648E-05, 9.95624E-06, 1.97944E-07
29, 3.67939E-05, 2.22453E-05, 1.01311E-05, 2.00275E-07
30, 3.76177E-05, 2.24102E-05, 1.04721E-05, 2.02201E-07
31, 3.83907E-05, 2.25593E-05, 1.08142E-05, 2.03717E-07
32, 3.91112E-05, 2.26924E-05, 1.11567E-05, 2.04822E-07
33, 3.97777E-05, 2.28091E-05, 1.14991E-05, 2.05516E-07
34, 4.03891E-05, 2.29093E-05, 1.18406E-05, 2.05800E-07
35, 4.09442E-05, 2.30192E-05, 1.21804E-05, 2.05676E-07
36, 4.14421E-05, 2.31242E-05, 1.25180E-05, 2.05151E-07
37, 4.18821E-05, 2.32133E-05, 1.28524E-05, 2.04229E-07
38, 4.22637E-05, 2.32863E-05, 1.31830E-05, 2.02917E-07
39, 4.25865E-05, 2.33429E-05, 1.35090E-05, 2.01225E-07
40, 4.31132E-05, 2.33829E-05, 1.38294E-05, 2.03553E-07
41, 4.40194E-05, 2.34063E-05, 1.41437E-05, 2.06520E-07
42, 4.49029E-05, 2.34128E-05, 1.44508E-05, 2.09045E-07
43, 4.57620E-05, 2.34025E-05, 1.47501E-05, 2.11122E-07
44, 4.65950E-05, 2.33750E-05, 1.50407E-05, 2.12746E-07
45, 4.74002E-05, 2.33306E-05, 1.53217E-05, 2.13915E-07
46, 4.81760E-05, 2.32690E-05, 1.55923E-05, 2.14627E-07
47, 4.89208E-05, 2.31903E-05, 1.58518E-05, 2.14885E-07
48, 4.96329E-05, 2.30945E-05, 1.60993E-05, 2.14690E-07
49, 5.03109E-05, 2.29816E-05, 1.63340E-05, 2.14047E-07
50, 5.09531E-05, 2.28519E-05, 1.65552E-05, 2.12962E-07
51, 5.18315E-05, 2.29871E-05, 1.67621E-05, 2.11443E-07
52, 5.30168E-05, 2.31771E-05, 1.69539E-05, 2.09498E-07
53, 5.41766E-05, 2.33526E-05, 1.71299E-05, 2.07140E-07
54, 5.53087E-05, 2.35133E-05, 1.72894E-05, 2.04379E-07
55, 5.64108E-05, 2.36590E-05, 1.74319E-05, 2.01229E-07
56, 5.74806E-05, 2.37893E-05, 1.75565E-05, 1.97704E-07
57, 5.85160E-05, 2.39042E-05, 1.76628E-05, 1.93820E-07
58, 5.95148E-05, 2.40033E-05, 1.77502E-05, 1.89645E-07
59, 6.04749E-05, 2.40864E-05, 1.78181E-05, 1.90289E-07
60, 6.13940E-05, 2.41535E-05, 1.78662E-05, 1.90477E-07
61, 6.22701E-05, 2.42044E-05, 1.78938E-05, 1.90211E-07
62, 6.31012E-05, 2.42389E-05, 1.79399E-05, 1.89495E-07
63, 6.38853E-05, 2.42570E-05, 1.83759E-05, 1.88336E-07
64, 6.46205E-05, 2.42586E-05, 1.88013E-05, 1.86741E-07
65, 6.53049E-05, 2.42437E-05, 1.92151E-05, 1.85058E-07
66, 6.59369E-05, 2.42123E-05, 1.96163E-05, 1.85446E-07
67, 6.65148E-05, 2.41643E-05, 2.00038E-05, 1.85497E-07
68, 6.70368E-05, 2.41643E-05, 2.03765E-05, 1.85196E-07
69, 6.75016E-05, 2.41571E-05, 2.07335E-05, 1.84528E-07
70, 6.79076E-05, 2.41335E-05, 2.10738E-05, 1.83482E-07
71, 6.82537E-05, 2.40934E-05, 2.13963E-05, 1.82046E-07
72, 6.85385E-05, 2.40368E-05, 2.17002E-05, 1.80210E-07
73, 6.87609E-05, 2.39636E-05, 2.19845E-05, 1.77969E-07
74, 6.90486E-05, 2.38741E-05, 2.22484E-05, 1.75316E-07
75, 6.99766E-05, 2.37682E-05, 2.24910E-05, 1.73443E-07
76, 7.08506E-05, 2.36460E-05, 2.27114E-05, 1.71403E-07
77, 7.16685E-05, 2.35077E-05, 2.29091E-05, 1.68947E-07
78, 7.24281E-05, 2.33535E-05, 2.30832E-05, 1.66069E-07
79, 7.31272E-05, 2.31834E-05, 2.32331E-05, 1.62867E-07
80, 7.37639E-05, 2.29977E-05, 2.33581E-05, 1.60252E-07
81, 7.43360E-05, 2.28938E-05, 2.34578E-05, 1.57332E-07
82, 7.48420E-05, 2.28077E-05, 2.35317E-05, 1.54118E-07
83, 7.52799E-05, 2.27061E-05, 2.35792E-05, 1.50620E-07
84, 7.56483E-05, 2.25892E-05, 2.36000E-05, 1.46852E-07
85, 7.59455E-05, 2.24569E-05, 2.35939E-05, 1.46743E-07
86, 7.61703E-05, 2.23095E-05, 2.35605E-05, 1.52441E-07
87, 7.63215E-05, 2.21470E-05, 2.34996E-05, 1.58306E-07
88, 7.63978E-05, 2.20572E-05, 2.34112E-05, 1.63845E-07
89, 7.63983E-05, 2.20547E-05, 2.32951E-05, 1.69050E-07
90, 7.63223E-05, 2.20383E-05, 2.31708E-05, 1.73917E-07
91, 7.61690E-05, 2.20081E-05, 2.36552E-05, 1.78439E-07
92, 7.59379E-05, 2.19640E-05, 2.41185E-05, 1.82614E-07
93, 7.56287E-05, 2.19454E-05, 2.45594E-05, 1.86438E-07
94, 7.52411E-05, 2.20913E-05, 2.49767E-05, 1.89910E-07
95, 7.47751E-05, 2.22237E-05, 2.53693E-05, 1.93029E-07
96, 7.43961E-05, 2.23423E-05, 2.57360E-05, 1.95794E-07
97, 7.47754E-05, 2.24471E-05, 2.60757E-05, 1.98205E-07
98, 7.50834E-05, 2.25377E-05, 2.63875E-05, 2.00264E-07
99, 7.53186E-05, 2.26140E-05, 2.66703E-05, 2.01972E-07
100, 7.54797E-05, 2.26760E-05, 2.69233E-05, 2.03331E-07
101, 7.55654E-05, 2.27649E-05, 2.71455E-05, 2.04345E-07
102, 7.55746E-05, 2.28697E-05, 2.73361E-05, 2.05017E-07
103, 7.55062E-05, 2.29597E-05, 2.74944E-05, 2.05350E-07
104, 7.53596E-05, 2.30347E-05, 2.76197E-05, 2.05349E-07
105, 7.51340E-05, 2.30944E-05, 2.77114E-05, 2.05019E-07
106, 7.48290E-05, 2.31388E-05, 2.77689E-05, 2.04365E-07
107, 7.44441E-05, 2.31675E-05, 2.77918E-05, 2.03392E-07
108, 7.39791E-05, 2.31806E-05, 2.77796E-05, 2.02107E-07
109, 7.34342E-05, 2.31778E-05, 2.77321E-05, 2.00515E-07
110, 7.28093E-05, 2.31592E-05, 2.76489E-05, 1.98624E-07
111, 7.21048E-05, 2.31245E-05, 2.75300E-05, 1.96440E-07
112, 7.13212E-05, 2.30739E-05, 2.73751E-05, 1.94903E-07
113, 7.04591E-05, 2.30072E-05, 2.71844E-05, 1.93845E-07
114, 6.95193E-05, 2.33940E-05, 2.69577E-05, 1.92290E-07
115, 6.85029E-05, 2.39563E-05, 2.66954E-05, 1.90243E-07
116, 6.80919E-05, 2.45123E-05, 2.63975E-05, 1.87707E-07
117, 6.86051E-05, 2.50615E-05, 2.60643E-05, 1.84692E-07
118, 6.90336E-05, 2.56035E-05, 2.56963E-05, 1.82611E-07
119, 6.96417E-05, 2.61379E-05, 2.57224E-05, 1.80693E-07
120, 7.10172E-05, 2.66643E-05, 2.63887E-05, 1.78294E-07
121, 7.23085E-05, 2.71824E-05, 2.70375E-05, 1.75425E-07
122, 7.35139E-05, 2.76918E-05, 2.76678E-05, 1.72100E-07
123, 7.46319E-05, 2.81921E-05, 2.82783E-05, 1.68336E-07
124, 7.56610E-05, 2.86829E-05, 2.88680E-05, 1.67166E-07
125, 7.66003E-05, 2.91639E-05, 2.94360E-05, 1.66846E-07
126, 7.74487E-05, 2.96349E-05, 2.99811E-05, 1.66142E-07
127, 7.82055E-05, 3.00954E-05, 3.05024E-05, 1.65062E-07
128, 7.88702E-05, 3.05452E-05, 3.09991E-05, 1.63618E-07
129, 7.94425E-05, 3.09839E-05, 3.14701E-05, 1.68787E-07
130, 7.99223E-05, 3.14114E-05, 3.19147E-05, 1.77300E-07
131, 8.03096E-05, 3.18273E-05, 3.23320E-05, 1.85559E-07
132, 8.06047E-05, 3.22313E-05, 3.27214E-05, 1.93527E-07
133, 8.08082E-05, 3.26233E-05, 3.30820E-05, 2.01172E-07
134, 8.09205E-05, 3.30031E-05, 3.34135E-05, 2.08461E-07
135, 8.09425E-05, 3.33704E-05, 3.37152E-05, 2.15362E-07
136, 8.08753E-05, 3.37249E-05, 3.39864E-05, 2.21846E-07
137, 8.07198E-05, 3.40667E-05, 3.42266E-05, 2.27885E-07
138, 8.04774E-05, 3.43954E-05, 3.44354E-05, 2.33450E-07
139, 8.01496E-05, 3.47110E-05, 3.46123E-05, 2.38519E-07
140, 7.98848E-05, 3.50132E-05, 3.47572E-05, 2.43068E-07
141, 8.03123E-05, 3.53021E-05, 3.48697E-05, 2.47078E-07
142, 8.06430E-05, 3.55774E-05, 3.49497E-05, 2.50529E-07
143, 8.08768E-05, 3.58852E-05, 3.49969E-05, 2.53408E-07
144, 8.10139E-05, 3.62179E-05, 3.50114E-05, 2.55702E-07
145, 8.10544E-05, 3.65357E-05, 3.49932E-05, 2.57400E-07
146, 8.09988E-05, 3.68384E-05, 3.49422E-05, 2.58497E-07
147, 8.08477E-05, 3.71258E-05, 3.48586E-05, 2.58986E-07
148, 8.06021E-05, 3.73978E-05, 3.47426E-05, 2.58868E-07
149, 8.02628E-05, 3.76544E-05, 3.45943E-05, 2.58144E-07
150, 7.98310E-05, 3.78955E-05, 3.44142E-05, 2.56818E-07
151, 7.93082E-05, 3.81210E-05, 3.42024E-05, 2.54896E-07
152, 7.93156E-05, 3.83309E-05, 3.39595E-05, 2.52390E-07
153, 8.03796E-05, 3.85251E-05, 3.36859E-05, 2.49311E-07
154, 8.13654E-05, 3.87037E-05, 3.33821E-05, 2.45674E-07
155, 8.22714E-05, 3.88667E-05, 3.30486E-05, 2.41498E-07
156, 8.30963E-05, 3.90141E-05, 3.26861E-05, 2.36801E-07
157, 8.38390E-05, 3.91459E-05, 3.22952E-05, 2.31605E-07
158, 8.44985E-05, 3.92622E-05, 3.18766E-05, 2.25935E-07
159, 8.50739E-05, 3.93630E-05, 3.14310E-05, 2.19815E-07
160, 8.55645E-05, 3.94486E-05, 3.09594E-05, 2.13274E-07
161, 8.59697E-05, 3.95188E-05, 3.04624E-05, 2.06339E-07
162, 8.62890E-05, 3.95740E-05, 2.99410E-05, 1.99041E-07
163, 8.65223E-05, 3.96142E-05, 2.93960E-05, 1.91411E-07
164, 8.66694E-05, 3.96395E-05, 2.88284E-05, 1.89939E-07
165, 8.67303E-05, 3.96501E-05, 2.82391E-05, 1.88654E-07
166, 8.67051E-05, 3.96461E-05, 2.76292E-05, 1.86977E-07
167, 8.65941E-05, 3.96279E-05, 2.69996E-05, 1.84930E-07
168, 8.63978E-05, 3.95954E-05, 2.63515E-05, 1.82541E-07
169, 8.61167E-05, 3.95490E-05, 2.56857E-05, 1.79835E-07
170, 8.57514E-05, 3.94888E-05, 2.50035E-05, 1.76839E-07
171, 8.53028E-05, 3.94151E-05, 2.43059E-05, 1.73582E-07
172, 8.47718E-05, 3.93710E-05, 2.35940E-05, 1.70089E-07
173, 8.41595E-05, 3.93634E-05, 2.28690E-05, 1.66390E-07
174, 8.34669E-05, 3.93410E-05, 2.21318E-05, 1.62511E-07
175, 8.26955E-05, 3.93039E-05, 2.13838E-05, 1.60079E-07
176, 8.18466E-05, 3.92525E-05, 2.15352E-05, 1.61514E-07
177, 8.09216E-05, 3.91869E-05, 2.17455E-05, 1.62540E-07
178, 7.99222E-05, 3.91074E-05, 2.19375E-05, 1.63156E-07
179, 7.88500E-05, 3.90143E-05, 2.21111E-05, 1.63363E-07
180, 7.77069E-05, 3.89078E-05, 2.22663E-05, 1.63164E-07
181, 7.64947E-05, 3.87882E-05, 2.24031E-05, 1.62563E-07
182, 7.52153E-05, 3.86558E-05, 2.25215E-05, 1.61567E-07
183, 7.38708E-05, 3.85108E-05, 2.26218E-05, 1.60183E-07
184, 7.24633E-05, 3.83536E-05, 2.27039E-05, 1.58422E-07
185, 7.09949E-05, 3.82069E-05, 2.27680E-05, 1.56295E-07
186, 6.94680E-05, 3.89306E-05, 2.28143E-05, 1.56520E-07
187, 6.78847E-05, 3.96336E-05, 2.28430E-05, 1.57807E-07
188, 6.62475E-05, 4.03154E-05, 2.28542E-05, 1.58556E-07
189, 6.45587E-05, 4.09757E-05, 2.28482E-05, 1.58776E-07
190, 6.28209E-05, 4.16137E-05, 2.28638E-05, 1.58475E-07
191, 6.10365E-05, 4.22293E-05, 2.29037E-05, 1.57666E-07
192, 5.92080E-05, 4.28219E-05, 2.29147E-05, 1.56365E-07
193, 5.73381E-05, 4.33911E-05, 2.28973E-05, 1.54587E-07
194, 5.54293E-05, 4.39367E-05, 2.28518E-05, 1.52352E-07
195, 5.34842E-05, 4.44584E-05, 2.27786E-05, 1.49679E-07
196, 5.33511E-05, 4.49558E-05, 2.26783E-05, 1.48143E-07
197, 5.36202E-05, 4.54287E-05, 2.25514E-05, 1.50056E-07
198, 5.38295E-05, 4.58770E-05, 2.23984E-05, 1.51561E-07
199, 5.39800E-05, 4.63005E-05, 2.22199E-05, 1.52663E-07
200, 5.40724E-05, 4.66989E-05, 2.20165E-05, 1.53366E-07
201, 5.41077E-05, 4.70723E-05, 2.17889E-05, 1.53678E-07
202, 5.40870E-05, 4.74205E-05, 2.15378E-05, 1.53607E-07
203, 5.40113E-05, 4.77436E-05, 2.12638E-05, 1.53163E-07
204, 5.50528E-05, 4.80414E-05, 2.09677E-05, 1.52357E-07
205, 5.63519E-05, 4.83140E-05, 2.06918E-05, 1.51201E-07
206, 5.75984E-05, 4.85615E-05, 2.07683E-05, 1.49709E-07
207, 5.87916E-05, 4.87839E-05, 2.09694E-05, 1.47896E-07
208, 5.99308E-05, 4.89813E-05, 2.11463E-05, 1.45776E-07
209, 6.10155E-05, 4.91539E-05, 2.12988E-05, 1.43365E-07
210, 6.20452E-05, 4.93018E-05, 2.14270E-05, 1.40680E-07
211, 6.30195E-05, 4.94252E-05, 2.15310E-05, 1.37738E-07
212, 6.39382E-05, 4.95243E-05, 2.16108E-05, 1.34557E-07
213, 6.48009E-05, 4.95992E-05, 2.16665E-05, 1.31153E-07
214, 6.56075E-05, 4.96504E-05, 2.16983E-05, 1.27545E-07
215, 6.63580E-05, 4.96779E-05, 2.17064E-05, 1.23751E-07
216, 6.70523E-05, 4.96822E-05, 2.16911E-05, 1.19788E-07
217, 6.76904E-05, 4.96634E-05, 2.16526E-05, 1.15675E-07
218, 6.82726E-05, 4.96220E-05, 2.15912E-05, 1.11429E-07
219, 6.87989E-05, 4.95582E-05, 2.15074E-05, 1.07067E-07
220, 6.92697E-05, 4.94725E-05, 2.14015E-05, 1.03341E-07
221, 6.96853E-05, 4.93651E-05, 2.12739E-05, 1.03382E-07
222, 7.00461E-05, 4.92366E-05, 2.11250E-05, 1.03353E-07
223, 7.03526E-05, 4.90872E-05, 2.09554E-05, 1.03259E-07
224, 7.06052E-05, 4.89175E-05, 2.07655E-05, 1.03105E-07
225, 7.08045E-05, 4.87277E-05, 2.05559E-05, 1.02895E-07
226, 7.09511E-05, 4.85185E-05, 2.03271E-05, 1.02633E-07
227, 7.10458E-05, 4.82901E-05, 2.00797E-05, 1.02322E-07
228, 7.10892E-05, 4.80431E-05, 1.98144E-05, 1.01966E-07
229, 7.10821E-05, 4.77780E-05, 1.95317E-05, 1.01567E-07
230, 7.10253E-05, 4.74951E-05, 1.92323E-05, 1.01127E-07
231, 7.09198E-05, 4.71950E-05, 1.89169E-05, 1.00649E-07
232, 7.07664E-05, 4.68782E-05, 1.85861E-05, 1.00134E-07
233, 7.05660E-05, 4.65451E-05, 1.82407E-05, 9.95846E-08
234, 7.03198E-05, 4.61963E-05, 1.78813E-05, 9.90009E-08
235, 7.00286E-05, 4.58322E-05, 1.75088E-05, 9.83842E-08
236, 6.96935E-05, 4.54534E-05, 1.71237E-05, 9.77351E-08
237, 6.93157E-05, 4.50603E-05, 1.67269E-05, 9.70543E-08
238, 6.88962E-05, 4.46535E-05, 1.63191E-05, 9.63419E-08
239, 6.84362E-05, 4.42334E-05, 1.61121E-05, 9.55983E-08
240, 6.79369E-05, 4.38005E-05, 1.63126E-05, 9.48234E-08
241, 6.73995E-05, 4.33554E-05, 1.64967E-05, 9.40172E-08
242, 6.68252E-05, 4.28986E-05, 1.66643E-05, 9.31794E-08
243, 6.62151E-05, 4.24305E-05, 1.68154E-05, 9.23099E-08
244, 6.55707E-05, 4.19517E-05, 1.69501E-05, 9.14083E-08
245, 6.48932E-05, 4.14627E-05, 1.70684E-05, 9.04743E-08
246, 6.41839E-05, 4.09639E-05, 1.71704E-05, 8.95076E-08
247, 6.34440E-05, 4.04559E-05, 1.72561E-05, 8.85078E-08
248, 6.26747E-05, 3.99391E-05, 1.73256E-05, 8.74747E-08
249, 6.18775E-05, 3.94140E-05, 1.73791E-05, 8.64079E-08
250, 6.10537E-05, 3.88812E-05, 1.74167E-05, 8.53072E-08
251, 6.02044E-05, 3.83410E-05, 1.74387E-05, 8.41724E-08
252, 5.93312E-05, 3.77939E-05, 1.74452E-05, 8.30035E-08
253, 5.84352E-05, 3.72405E-05, 1.74364E-05, 8.18005E-08
254, 5.75178E-05, 3.66811E-05, 1.74125E-05, 8.05633E-08
255, 5.65804E-05, 3.61162E-05, 1.73739E-05, 7.92923E-08
256, 5.56241E-05, 3.55463E-05, 1.73208E-05, 7.79876E-08
257, 5.46504E-05, 3.49718E-05, 1.72535E-05, 7.66498E-08
258, 5.36604E-05, 3.43931E-05, 1.71722E-05, 7.52793E-08
259, 5.26556E-05, 3.38107E-05, 1.70774E-05, 7.38767E-08
260, 5.16371E-05, 3.32250E-05, 1.69693E-05, 7.24428E-08
261, 5.06062E-05, 3.26363E-05, 1.68483E-05, 7.09786E-08
262, 4.95641E-05, 3.20451E-05, 1.67148E-05, 6.94849E-08
263, 4.85122E-05, 3.14517E-05, 1.65691E-05, 6.79630E-08
264, 4.74515E-05, 3.08567E-05, 1.64116E-05, 6.64140E-08
265, 4.63832E-05, 3.02602E-05, 1.62427E-05, 6.48394E-08
266, 4.53086E-05, 2.96628E-05, 1.60629E-05, 6.32405E-08
267, 4.42288E-05, 2.90647E-05, 1.58725E-05, 6.16190E-08
268, 4.34449E-05, 2.84663E-05, 1.56719E-05, 5.99765E-08
269, 4.32156E-05, 2.78680E-05, 1.54617E-05, 5.83149E-08
270, 4.29502E-05, 2.72701E-05, 1.52422E-05, 5.83231E-08
271, 4.26500E-05, 2.66728E-05, 1.50139E-05, 5.86414E-08
272, 4.23163E-05, 2.60766E-05, 1.47772E-05, 5.89097E-08
273, 4.19503E-05, 2.54818E-05, 1.45326E-05, 5.91278E-08
274, 4.15533E-05, 2.48885E-05, 1.42805E-05, 5.92960E-08
275, 4.11266E-05, 2.42972E-05, 1.40214E-05, 5.94146E-08
276, 4.06717E-05, 2.37080E-05, 1.37557E-05, 5.94841E-08
277, 4.01898E-05, 2.31214E-05, 1.34840E-05, 5.95051E-08
278, 3.96822E-05, 2.25374E-05, 1.32066E-05, 5.94783E-08
279, 3.91504E-05, 2.19564E-05, 1.29241E-05, 5.94047E-08
280, 3.85957E-05, 2.13787E-05, 1.26369E-05, 5.92853E-08
281, 3.80194E-05, 2.08044E-05, 1.23454E-05, 5.91214E-08
282, 3.74229E-05, 2.02337E-05, 1.20501E-05, 5.89142E-08
283, 3.68076E-05, 1.96670E-05, 1.17514E-05, 5.86651E-08
284, 3.61749E-05, 1.91044E-05, 1.14499E-05, 5.83756E-08
285, 3.55259E-05, 1.85460E-05, 1.11459E-05, 5.80473E-08
286, 3.48622E-05, 1.79922E-05, 1.08399E-05, 5.76818E-08
287, 3.41849E-05, 1.74430E-05, 1.05322E-05, 5.72810E-08
288, 3.34955E-05, 1.68986E-05, 1.02234E-05, 5.68466E-08
289, 3.27952E-05, 1.63608E-05, 9.91385E-06, 5.63804E-08
290, 3.20852E-05, 1.61463E-05, 9.60392E-06, 5.58844E-08
291, 3.13668E-05, 1.59281E-05, 9.29404E-06, 5.53603E-08
292, 3.06414E-05, 1.57067E-05, 8.98459E-06, 5.48103E-08
293, 2.99099E-05, 1.54822E-05, 8.67595E-06, 5.42361E-08
294, 2.91737E-05, 1.52549E-05, 8.36849E-06, 5.39262E-08
295, 2.84340E-05, 1.50252E-05, 8.06257E-06, 5.38757E-08
296, 2.76918E-05, 1.47933E-05, 7.75855E-06, 5.38085E-08
297, 2.69482E-05, 1.45595E-05, 7.45675E-06, 5.37253E-08
298, 2.62043E-05, 1.43240E-05, 7.15751E-06, 5.36273E-08
299, 2.54612E-05, 1.40872E-05, 6.86113E-06, 5.35151E-08
300, 2.47199E-05, 1.38491E-05, 6.56793E-06, 5.33900E-08
301, 2.39814E-05, 1.36102E-05, 6.27819E-06, 5.32526E-08
302, 2.32466E-05, 1.33706E-05, 5.99218E-06, 5.31038E-08
303, 2.25164E-05, 1.31307E-05, 5.71018E-06, 5.29445E-08
304, 2.17917E-05, 1.28905E-05, 5.43243E-06, 5.27755E-08
305, 2.10733E-05, 1.26503E-05, 5.26809E-06, 5.25975E-08
306, 2.03621E-05, 1.24104E-05, 5.24138E-06, 5.24112E-08
307, 1.96589E-05, 1.21709E-05, 5.20984E-06, 5.22172E-08
308, 1.89642E-05, 1.19321E-05, 5.17366E-06, 5.20163E-08
309, 1.82790E-05, 1.16941E-05, 5.13303E-06, 5.18090E-08
310, 1.76038E-05, 1.14571E-05, 5.08812E-06, 5.15957E-08
311, 1.69392E-05, 1.14039E-05, 5.03914E-06, 5.13771E-08
312, 1.68443E-05, 1.13759E-05, 5.00190E-06, 5.11536E-08
313, 1.69303E-05, 1.13438E-05, 5.00085E-06, 5.12117E-08
314, 1.70014E-05, 1.13078E-05, 4.99893E-06, 5.15925E-08
315, 1.70576E-05, 1.12678E-05, 4.99614E-06, 5.19490E-08
316, 1.70987E-05, 1.12239E-05, 4.99249E-06, 5.22806E-08
317, 1.71250E-05, 1.11762E-05, 4.98799E-06, 5.25870E-08
318, 1.71363E-05, 1.11247E-05, 4.98848E-06, 5.28677E-08
319, 1.71330E-05, 1.10695E-05, 5.00708E-06, 5.31223E-08
320, 1.71149E-05, 1.10105E-05, 5.02483E-06, 5.33504E-08
321, 1.70823E-05, 1.09480E-05, 5.04172E-06, 5.35518E-08
322, 1.70353E-05, 1.08819E-05, 5.05775E-06, 5.37263E-08
323, 1.69741E-05, 1.08124E-05, 5.07292E-06, 5.38735E-08
324, 1.68989E-05, 1.07394E-05, 5.08721E-06, 5.39933E-08
325, 1.68098E-05, 1.06631E-05, 5.10063E-06, 5.40855E-08
326, 1.67071E-05, 1.05834E-05, 5.11316E-06, 5.41501E-08
327, 1.65911E-05, 1.05006E-05, 5.12481E-06, 5.41869E-08
328, 1.64621E-05, 1.04146E-05, 5.13557E-06, 5.41960E-08
329, 1.63202E-05, 1.03255E-05, 5.14544E-06, 5.41773E-08
330, 1.61659E-05, 1.02934E-05, 5.15442E-06, 5.41307E-08
331, 1.59995E-05, 1.02741E-05, 5.16251E-06, 5.40564E-08
332, 1.58212E-05, 1.02513E-05, 5.16971E-06, 5.39544E-08
333, 1.56314E-05, 1.02248E-05, 5.17602E-06, 5.38247E-08
334, 1.54306E-05, 1.01948E-05, 5.18143E-06, 5.38757E-08
335, 1.52190E-05, 1.01621E-05, 5.18596E-06, 5.39584E-08
336, 1.49970E-05, 1.01371E-05, 5.18961E-06, 5.40160E-08
337, 1.47651E-05, 1.01086E-05, 5.19237E-06, 5.40488E-08
338, 1.45237E-05, 1.00768E-05, 5.19426E-06, 5.42595E-08
339, 1.42731E-05, 1.00415E-05, 5.19527E-06, 5.45849E-08
340, 1.40139E-05, 1.00029E-05, 5.19542E-06, 5.48868E-08
341, 1.37463E-05, 9.96098E-06, 5.19471E-06, 5.51651E-08
342, 1.34710E-05, 9.91578E-06, 5.19314E-06, 5.54196E-08
343, 1.31882E-05, 9.86733E-06, 5.19072E-06, 5.56503E-08
344, 1.28985E-05, 9.81567E-06, 5.18747E-06, 5.58569E-08
345, 1.26023E-05, 9.76086E-06, 5.18338E-06, 5.60394E-08
346, 1.23001E-05, 9.70292E-06, 5.17847E-06, 5.61977E-08
347, 1.19923E-05, 9.64192E-06, 5.17275E-06, 5.63315E-08
348, 1.18998E-05, 9.57788E-06, 5.16623E-06, 5.64409E-08
349, 1.18657E-05, 9.51087E-06, 5.15891E-06, 5.65257E-08
350, 1.18343E-05, 9.44092E-06, 5.15082E-06, 5.65857E-08
351, 1.18057E-05, 9.36810E-06, 5.16311E-06, 5.66210E-08
352, 1.17798E-05, 9.29245E-06, 5.17830E-06, 5.66315E-08
353, 1.17567E-05, 9.21402E-06, 5.19262E-06, 5.66170E-08
354, 1.17362E-05, 9.19576E-06, 5.20609E-06, 5.65774E-08
355, 1.17184E-05, 9.18444E-06, 5.21870E-06, 5.65128E-08
356, 1.17031E-05, 9.16999E-06, 5.23045E-06, 5.64231E-08
357, 1.16902E-05, 9.15243E-06, 5.24133E-06, 5.63083E-08
358, 1.16798E-05, 9.13580E-06, 5.25135E-06, 5.61683E-08
359, 1.16717E-05, 9.12056E-06, 5.26050E-06, 5.60030E-08
360, 1.16658E-05, 9.10228E-06, 5.26879E-06, 5.58876E-08
361, 1.16619E-05, 9.08096E-06, 5.27622E-06, 5.59716E-08
362, 1.16600E-05, 9.05661E-06, 5.28279E-06, 5.60328E-08
363, 1.17212E-05, 9.02925E-06, 5.28851E-06, 5.60713E-08
364, 1.18605E-05, 8.99889E-06, 5.29337E-06, 5.60868E-08
365, 1.19980E-05, 8.96555E-06, 5.29738E-06, 5.60795E-08
366, 1.21337E-05, 8.92924E-06, 5.30055E-06, 5.60493E-08
367, 1.22677E-05, 8.88999E-06, 5.30287E-06, 5.61786E-08
368, 1.24002E-05, 8.84783E-06, 5.30437E-06, 5.64116E-08
369, 1.25312E-05, 8.80276E-06, 5.30503E-06, 5.66225E-08
370, 1.26608E-05, 8.75482E-06, 5.30488E-06, 5.68111E-08
371, 1.27891E-05, 8.70405E-06, 5.30391E-06, 5.69771E-08
372, 1.29161E-05, 8.65046E-06, 5.30214E-06, 5.71204E-08
373, 1.30419E-05, 8.59408E-06, 5.29957E-06, 5.72406E-08
374, 1.31665E-05, 8.53496E-06, 5.29621E-06, 5.73377E-08
375, 1.32899E-05, 8.47312E-06, 5.29208E-06, 5.74115E-08
376, 1.34122E-05, 8.40861E-06, 5.28717E-06, 5.74617E-08
377, 1.35333E-05, 8.34145E-06, 5.28151E-06, 5.74883E-08
378, 1.36533E-05, 8.28670E-06, 5.27511E-06, 5.74911E-08
379, 1.37721E-05, 8.29065E-06, 5.26797E-06, 5.74699E-08
380, 1.38898E-05, 8.29191E-06, 5.26011E-06, 5.74246E-08
381, 1.40063E-05, 8.29044E-06, 5.25153E-06, 5.73553E-08
382, 1.41216E-05, 8.28623E-06, 5.24226E-06, 5.72616E-08
383, 1.42356E-05, 8.27976E-06, 5.23230E-06, 5.71436E-08
384, 1.43484E-05, 8.32672E-06, 5.22167E-06, 5.70013E-08
385, 1.44598E-05, 8.37098E-06, 5.21902E-06, 5.68344E-08
386, 1.45698E-05, 8.41259E-06, 5.23050E-06, 5.66431E-08
387, 1.46784E-05, 8.45161E-06, 5.24118E-06, 5.64273E-08
388, 1.47854E-05, 8.48808E-06, 5.25105E-06, 5.65047E-08
389, 1.48909E-05, 8.52205E-06, 5.26013E-06, 5.65656E-08
390, 1.49947E-05, 8.55357E-06, 5.26840E-06, 5.66041E-08
391, 1.50968E-05, 8.58268E-06, 5.27588E-06, 5.66201E-08
392, 1.51970E-05, 8.60944E-06, 5.28257E-06, 5.66135E-08
393, 1.52953E-05, 8.63390E-06, 5.28847E-06, 5.65841E-08
394, 1.53916E-05, 8.65609E-06, 5.29358E-06, 5.65319E-08
395, 1.54859E-05, 8.67606E-06, 5.29791E-06, 5.64568E-08
396, 1.55779E-05, 8.69387E-06, 5.30146E-06, 5.64572E-08
397, 1.56676E-05, 8.70956E-06, 5.30425E-06, 5.66056E-08
398, 1.57550E-05, 8.72317E-06, 5.30627E-06, 5.67313E-08
399, 1.58399E-05, 8.73476E-06, 5.30754E-06, 5.68342E-08
400, 1.59222E-05, 8.74436E-06, 5.30806E-06, 5.69139E-08
401, 1.60018E-05, 8.75202E-06, 5.30784E-06, 5.69701E-08
402, 1.60786E-05, 8.75779E-06, 5.33306E-06, 5.70027E-08
403, 1.61525E-05, 8.76171E-06, 5.36221E-06, 5.70113E-08
404, 1.62235E-05, 8.76383E-06, 5.39002E-06, 5.69957E-08
405, 1.62913E-05, 8.76419E-06, 5.41648E-06, 5.69558E-08
406, 1.63559E-05, 8.76284E-06, 5.44158E-06, 5.68912E-08
407, 1.64172E-05, 8.75982E-06, 5.46532E-06, 5.68018E-08
408, 1.64751E-05, 8.75517E-06, 5.48771E-06, 5.66874E-08
409, 1.65295E-05, 8.74895E-06, 5.50874E-06, 5.65477E-08
410, 1.65802E-05, 8.74118E-06, 5.52842E-06, 5.63826E-08
411, 1.66273E-05, 8.73194E-06, 5.57480E-06, 5.61920E-08
412, 1.66706E-05, 8.72124E-06, 5.62855E-06, 5.59756E-08
413, 1.67100E-05, 8.70915E-06, 5.68090E-06, 5.57334E-08
414, 1.67454E-05, 8.69569E-06, 5.73183E-06, 5.55325E-08
415, 1.67768E-05, 8.68091E-06, 5.78131E-06, 5.55757E-08
416, 1.68040E-05, 8.66485E-06, 5.82933E-06, 5.55944E-08
417, 1.68270E-05, 8.64757E-06, 5.87584E-06, 5.55885E-08
418, 1.68457E-05, 8.62909E-06, 5.92085E-06, 5.55578E-08
419, 1.68600E-05, 8.60946E-06, 5.96432E-06, 5.55021E-08
420, 1.68699E-05, 8.58873E-06, 6.00624E-06, 5.54211E-08
421, 1.68753E-05, 8.56693E-06, 6.04659E-06, 5.53148E-08
422, 1.68761E-05, 8.54412E-06, 6.08535E-06, 5.51829E-08
423, 1.68723E-05, 8.52032E-06, 6.12252E-06, 5.50253E-08
424, 1.68637E-05, 8.49558E-06, 6.15807E-06, 5.48419E-08
425, 1.68505E-05, 8.46995E-06, 6.19200E-06, 5.46327E-08
426, 1.68325E-05, 8.44346E-06, 6.22430E-06, 5.45730E-08
427, 1.68096E-05, 8.41616E-06, 6.25495E-06, 5.45371E-08
428, 1.67819E-05, 8.38807E-06, 6.28394E-06, 5.44751E-08
429, 1.67493E-05, 8.35926E-06, 6.31128E-06, 5.43869E-08
430, 1.67118E-05, 8.32975E-06, 6.33696E-06, 5.42722E-08
431, 1.66694E-05, 8.32116E-06, 6.36097E-06, 5.41309E-08
432, 1.66220E-05, 8.32092E-06, 6.38331E-06, 5.39629E-08
433, 1.65696E-05, 8.31920E-06, 6.40398E-06, 5.37679E-08
434, 1.65122E-05, 8.31599E-06, 6.42299E-06, 5.35460E-08
435, 1.64499E-05, 8.31130E-06, 6.44032E-06, 5.32972E-08
436, 1.63826E-05, 8.30511E-06, 6.45598E-06, 5.30212E-08
437, 1.63103E-05, 8.29744E-06, 6.46999E-06, 5.27182E-08
438, 1.62330E-05, 8.28828E-06, 6.48234E-06, 5.23880E-08
439, 1.61508E-05, 8.27764E-06, 6.49304E-06, 5.20309E-08
440, 1.60636E-05, 8.26551E-06, 6.51382E-06, 5.16468E-08
441, 1.59715E-05, 8.25191E-06, 6.56891E-06, 5.14695E-08
442, 1.58746E-05, 8.23683E-06, 6.62238E-06, 5.13801E-08
443, 1.57728E-05, 8.22027E-06, 6.67420E-06, 5.12651E-08
444, 1.56662E-05, 8.20226E-06, 6.72433E-06, 5.11247E-08
445, 1.55548E-05, 8.18278E-06, 6.77277E-06, 5.09588E-08
446, 1.54386E-05, 8.17221E-06, 6.81947E-06, 5.07675E-08
447, 1.53178E-05, 8.19223E-06, 6.86442E-06, 5.05507E-08
448, 1.51924E-05, 8.21087E-06, 6.90761E-06, 5.03087E-08
449, 1.50624E-05, 8.22811E-06, 6.94900E-06, 5.00415E-08
450, 1.49278E-05, 8.24396E-06, 6.98858E-06, 4.97493E-08
451, 1.47889E-05, 8.25840E-06, 7.02634E-06, 4.94322E-08
452, 1.46455E-05, 8.27141E-06, 7.06225E-06, 4.90904E-08
453, 1.44978E-05, 8.28300E-06, 7.09631E-06, 4.87242E-08
454, 1.43459E-05, 8.29314E-06, 7.12851E-06, 4.83339E-08
455, 1.41899E-05, 8.30184E-06, 7.15883E-06, 4.79216E-08
456, 1.40297E-05, 8.30909E-06, 7.18727E-06, 4.76654E-08
457, 1.38656E-05, 8.31489E-06, 7.21381E-06, 4.74052E-08
458, 1.36976E-05, 8.31921E-06, 7.23846E-06, 4.76215E-08
459, 1.35257E-05, 8.34130E-06, 7.26120E-06, 4.78314E-08
460, 1.33502E-05, 8.36888E-06, 7.28204E-06, 4.80348E-08
461, 1.31709E-05, 8.39552E-06, 7.30097E-06, 4.82316E-08
462, 1.29882E-05, 8.42122E-06, 7.31799E-06, 4.84219E-08
463, 1.28020E-05, 8.44596E-06, 7.33311E-06, 4.86055E-08
464, 1.26125E-05, 8.46977E-06, 7.34633E-06, 4.87824E-08
465, 1.24197E-05, 8.49263E-06, 7.35766E-06, 4.89524E-08
466, 1.22237E-05, 8.51456E-06, 7.36709E-06, 4.91155E-08
467, 1.20248E-05, 8.53554E-06, 7.37464E-06, 4.92715E-08
468, 1.18229E-05, 8.55558E-06, 7.38031E-06, 4.94204E-08
469, 1.16182E-05, 8.57469E-06, 7.39947E-06, 4.95621E-08
470, 1.14108E-05, 8.59286E-06, 7.44349E-06, 4.96965E-08
471, 1.12008E-05, 8.61010E-06, 7.48601E-06, 4.98235E-08
472, 1.09882E-05, 8.62640E-06, 7.52702E-06, 4.99429E-08
473, 1.07733E-05, 8.64177E-06, 7.56649E-06, 5.00548E-08
474, 1.05562E-05, 8.65620E-06, 7.60440E-06, 5.01589E-08
475, 1.03368E-05, 8.66970E-06, 7.64071E-06, 5.02552E-08
476, 1.01155E-05, 8.68227E-06, 7.67540E-06, 5.03436E-08
477, 9.89213E-06, 8.69390E-06, 7.70846E-06, 5.04239E-08
478, 9.66698E-06, 8.70460E-06, 7.73987E-06, 5.04962E-08
479, 9.44011E-06, 8.71437E-06, 7.76960E-06, 5.05602E-08
480, 9.21164E-06, 8.72321E-06, 7.79763E-06, 5.06672E-08
481, 9.20824E-06, 8.73111E-06, 7.82396E-06, 5.09319E-08
482, 9.20713E-06, 8.73808E-06, 7.84856E-06, 5.11838E-08
483, 9.20173E-06, 8.74412E-06, 7.87143E-06, 5.14228E-08
484, 9.19208E-06, 8.74922E-06, 7.89254E-06, 5.16488E-08
485, 9.17822E-06, 8.75338E-06, 7.91189E-06, 5.18619E-08
486, 9.16022E-06, 8.75661E-06, 7.92947E-06, 5.20619E-08
487, 9.13813E-06, 8.75889E-06, 7.94526E-06, 5.22488E-08
488, 9.11201E-06, 8.76024E-06, 7.97163E-06, 5.24227E-08
489, 9.08193E-06, 8.76065E-06, 8.01565E-06, 5.25834E-08
490, 9.04794E-06, 8.76012E-06, 8.05852E-06, 5.27310E-08
491, 9.01011E-06, 8.75863E-06, 8.10023E-06, 5.28654E-08
492, 8.96852E-06, 8.75621E-06, 8.14076E-06, 5.29868E-08
493, 8.92325E-06, 8.75283E-06, 8.18007E-06, 5.30950E-08
494, 8.87436E-06, 8.74851E-06, 8.21816E-06, 5.31901E-08
495, 8.82194E-06, 8.74323E-06, 8.25500E-06, 5.32722E-08
496, 8.76607E-06, 8.73699E-06, 8.29056E-06, 5.33412E-08
497, 8.70683E-06, 8.72979E-06, 8.32484E-06, 5.33973E-08
498, 8.64430E-06, 8.72164E-06, 8.35780E-06, 5.34405E-08
499, 8.57858E-06, 8.71252E-06, 8.38944E-06, 5.34708E-08
500, 8.50974E-06, 8.70243E-06, 8.41972E-06, 5.34884E-08
501, 8.43788E-06, 8.69137E-06, 8.44864E-06, 5.34932E-08
502, 8.36308E-06, 8.67934E-06, 8.47617E-06, 5.34855E-08
503, 8.28545E-06, 8.66633E-06, 8.50229E-06, 5.34652E-08
504, 8.20506E-06, 8.65234E-06, 8.52700E-06, 5.34325E-08
505, 8.12201E-06, 8.63736E-06, 8.55027E-06, 5.33876E-08
506, 8.03640E-06, 8.62140E-06, 8.57209E-06, 5.33304E-08
507, 7.94832E-06, 8.60444E-06, 8.59244E-06, 5.32612E-08
508, 7.85785E-06, 8.58649E-06, 8.61130E-06, 5.31801E-08
509, 7.76511E-06, 8.56753E-06, 8.62868E-06, 5.30871E-08
510, 7.67017E-06, 8.54758E-06, 8.64454E-06, 5.31167E-08
511, 7.57314E-06, 8.52661E-06, 8.65889E-06, 5.32138E-08
512, 7.47410E-06, 8.51067E-06, 8.67171E-06, 5.32951E-08
513, 7.37316E-06, 8.49539E-06, 8.68298E-06, 5.33609E-08
514, 7.27039E-06, 8.47928E-06, 8.69271E-06, 5.34114E-08
515, 7.16591E-06, 8.46233E-06, 8.70088E-06, 5.34468E-08
516, 7.05979E-06, 8.44453E-06, 8.70748E-06, 5.34672E-08
517, 6.95212E-06, 8.42588E-06, 8.71251E-06, 5.34730E-08
518, 6.84301E-06, 8.40636E-06, 8.71596E-06, 5.34643E-08
519, 6.73253E-06, 8.38598E-06, 8.71783E-06, 5.34413E-08
520, 6.62078E-06, 8.36473E-06, 8.71811E-06, 5.34043E-08
521, 6.50783E-06, 8.34260E-06, 8.71680E-06, 5.33536E-08
522, 6.39379E-06, 8.31959E-06, 8.71390E-06, 5.32893E-08
523, 6.27873E-06, 8.29569E-06, 8.70941E-06, 5.32118E-08
524, 6.16273E-06, 8.27090E-06, 8.70333E-06, 5.31212E-08
525, 6.04587E-06, 8.24521E-06, 8.69565E-06, 5.30178E-08
526, 5.92825E-06, 8.21861E-06, 8.68639E-06, 5.29020E-08
527, 5.80992E-06, 8.19111E-06, 8.67554E-06, 5.27739E-08
528, 5.69098E-06, 8.16269E-06, 8.66311E-06, 5.26338E-08
529, 5.71829E-06, 8.13334E-06, 8.64909E-06, 5.24820E-08
530, 5.77665E-06, 8.10307E-06, 8.63351E-06, 5.23188E-08
531, 5.83479E-06, 8.07187E-06, 8.61636E-06, 5.21444E-08
532, 5.89268E-06, 8.03973E-06, 8.59766E-06, 5.19592E-08
533, 5.95033E-06, 8.00665E-06, 8.57740E-06, 5.17632E-08
534, 6.00774E-06, 7.97262E-06, 8.55560E-06, 5.15570E-08
535, 6.06490E-06, 7.93764E-06, 8.53228E-06, 5.13407E-08
536, 6.12180E-06, 7.90171E-06, 8.52079E-06, 5.11147E-08
537, 6.17846E-06, 7.86481E-06, 8.53284E-06, 5.08791E-08
538, 6.24068E-06, 7.82694E-06, 8.54382E-06, 5.06343E-08
539, 6.32900E-06, 7.78811E-06, 8.55371E-06, 5.03805E-08
540, 6.41673E-06, 7.74830E-06, 8.56252E-06, 5.01421E-08
541, 6.50386E-06, 7.70751E-06, 8.57023E-06, 5.00753E-08
542, 6.59038E-06, 7.66575E-06, 8.57686E-06, 4.99962E-08
543, 6.67626E-06, 7.62299E-06, 8.58239E-06, 4.99050E-08
544, 6.76151E-06, 7.57925E-06, 8.58682E-06, 4.98021E-08
545, 6.84611E-06, 7.53452E-06, 8.59016E-06, 4.96878E-08
546, 6.93005E-06, 7.48880E-06, 8.59239E-06, 4.95623E-08
547, 7.01332E-06, 7.44208E-06, 8.59351E-06, 4.94259E-08
548, 7.09591E-06, 7.39437E-06, 8.59353E-06, 4.92791E-08
549, 7.17780E-06, 7.35497E-06, 8.59245E-06, 4.91220E-08
550, 7.25899E-06, 7.32401E-06, 8.59025E-06, 4.89549E-08
551, 7.33948E-06, 7.29228E-06, 8.58695E-06, 4.87782E-08
552, 7.41924E-06, 7.25978E-06, 8.58254E-06, 4.85921E-08
553, 7.49827E-06, 7.22651E-06, 8.57702E-06, 4.83969E-08
554, 7.57656E-06, 7.19246E-06, 8.57039E-06, 4.81930E-08
555, 7.65411E-06, 7.15765E-06, 8.56266E-06, 4.79805E-08
556, 7.73091E-06, 7.12205E-06, 8.55382E-06, 4.77599E-08
557, 7.80694E-06, 7.08569E-06, 8.54498E-06, 4.75313E-08
558, 7.88221E-06, 7.04855E-06, 8.61232E-06, 4.72950E-08
559, 7.95670E-06, 7.01064E-06, 8.67828E-06, 4.70514E-08
560, 8.03041E-06, 7.02681E-06, 8.74285E-06, 4.68007E-08
561, 8.10333E-06, 7.04380E-06, 8.80604E-06, 4.65432E-08
562, 8.17546E-06, 7.05971E-06, 8.86783E-06, 4.62790E-08
563, 8.24679E-06, 7.07453E-06, 8.92823E-06, 4.60086E-08
564, 8.31731E-06, 7.08824E-06, 8.98724E-06, 4.57322E-08
565, 8.38702E-06, 7.10083E-06, 9.04485E-06, 4.54499E-08
566, 8.45591E-06, 7.11231E-06, 9.10106E-06, 4.51622E-08
567, 8.52398E-06, 7.12267E-06, 9.15588E-06, 4.48691E-08
568, 8.59123E-06, 7.13189E-06, 9.20929E-06, 4.45710E-08
569, 8.65764E-06, 7.13998E-06, 9.26132E-06, 4.42681E-08
570, 8.72323E-06, 7.14692E-06, 9.31194E-06, 4.39606E-08
571, 8.78798E-06, 7.15272E-06, 9.36117E-06, 4.36488E-08
572, 8.85189E-06, 7.15737E-06, 9.40901E-06, 4.34811E-08
573, 8.91495E-06, 7.16086E-06, 9.45546E-06, 4.33445E-08
574, 8.97717E-06, 7.16319E-06, 9.50051E-06, 4.32004E-08
575, 9.03854E-06, 7.16436E-06, 9.54418E-06, 4.30491E-08
576, 9.09906E-06, 7.16436E-06, 9.58646E-06, 4.28908E-08
577, 9.15873E-06, 7.16320E-06, 9.62736E-06, 4.27258E-08
578, 9.21755E-06, 7.16087E-06, 9.66688E-06, 4.25543E-08
579, 9.29555E-06, 7.15737E-06, 9.70502E-06, 4.23766E-08
580, 9.39161E-06, 7.15269E-06, 9.74179E-06, 4.21929E-08
581, 9.48587E-06, 7.14684E-06, 9.77720E-06, 4.20034E-08
582, 9.57834E-06, 7.13982E-06, 9.81124E-06, 4.18083E-08
583, 9.66904E-06, 7.13163E-06, 9.84392E-06, 4.16079E-08
584, 9.75798E-06, 7.12226E-06, 9.87524E-06, 4.14024E-08
585, 9.84516E-06, 7.11172E-06, 9.90521E-06, 4.11920E-08
586, 9.93061E-06, 7.10002E-06, 9.93384E-06, 4.09769E-08
587, 1.00143E-05, 7.08714E-06, 9.96113E-06, 4.07573E-08
588, 1.00963E-05, 7.07310E-06, 9.98708E-06, 4.05335E-08
589, 1.01766E-05, 7.05790E-06, 1.00117E-05, 4.03057E-08
590, 1.02552E-05, 7.04153E-06, 1.00350E-05, 4.00740E-08
591, 1.03321E-05, 7.02402E-06, 1.00570E-05, 3.98386E-08
592, 1.04073E-05, 7.00535E-06, 1.00777E-05, 3.95998E-08
593, 1.04808E-05, 6.98553E-06, 1.00970E-05, 3.93577E-08
594, 1.05527E-05, 6.96457E-06, 1.01151E-05, 3.91126E-08
595, 1.06229E-05, 6.94247E-06, 1.01319E-05, 3.88645E-08
596, 1.06915E-05, 6.91925E-06, 1.01474E-05, 3.86137E-08
597, 1.07584E-05, 6.89490E-06, 1.01616E-05, 3.83603E-08
598, 1.08238E-05, 6.86943E-06, 1.01745E-05, 3.81046E-08
599, 1.08875E-05, 6.84285E-06, 1.01862E-05, 3.78466E-08
600, 1.09495E-05, 6.81516E-06, 1.01966E-05, 3.75866E-08
601, 1.10100E-05, 6.78638E-06, 1.02058E-05, 3.73247E-08
602, 1.10689E-05, 6.76174E-06, 1.02138E-05, 3.70610E-08
603, 1.11262E-05, 6.76946E-06, 1.02205E-05, 3.67958E-08
604, 1.11818E-05, 6.77588E-06, 1.02259E-05, 3.65291E-08
605, 1.12360E-05, 6.78099E-06, 1.02302E-05, 3.63923E-08
606, 1.12885E-05, 6.78478E-06, 1.02332E-05, 3.62812E-08
607, 1.13395E-05, 6.78723E-06, 1.02351E-05, 3.61658E-08
608, 1.13889E-05, 6.78832E-06, 1.02357E-05, 3.60464E-08
609, 1.14367E-05, 6.78805E-06, 1.02352E-05, 3.59230E-08
610, 1.14830E-05, 6.78641E-06, 1.02335E-05, 3.57959E-08
611, 1.15278E-05, 6.78338E-06, 1.02306E-05, 3.56651E-08
612, 1.15710E-05, 6.77896E-06, 1.02266E-05, 3.55308E-08
613, 1.16127E-05, 6.77313E-06, 1.02214E-05, 3.53932E-08
614, 1.16528E-05, 6.76589E-06, 1.02151E-05, 3.52525E-08
615, 1.16914E-05, 6.75723E-06, 1.02076E-05, 3.51087E-08
616, 1.17285E-05, 6.75011E-06, 1.01990E-05, 3.49619E-08
617, 1.17764E-05, 6.74465E-06, 1.01894E-05, 3.48124E-08
618, 1.18318E-05, 6.73798E-06, 1.01786E-05, 3.46603E-08
619, 1.18853E-05, 6.73010E-06, 1.01667E-05, 3.45056E-08
620, 1.19369E-05, 6.72098E-06, 1.01537E-05, 3.43485E-08
621, 1.19866E-05, 6.71064E-06, 1.01396E-05, 3.41892E-08
622, 1.20345E-05, 6.69905E-06, 1.01245E-05, 3.40277E-08
623, 1.20804E-05, 6.68622E-06, 1.01083E-05, 3.38641E-08
624, 1.21245E-05, 6.67215E-06, 1.00911E-05, 3.36986E-08
625, 1.21666E-05, 6.65682E-06, 1.00728E-05, 3.35313E-08
626, 1.22069E-05, 6.64023E-06, 1.00535E-05, 3.33622E-08
627, 1.22453E-05, 6.62239E-06, 1.00332E-05, 3.31914E-08
628, 1.22818E-05, 6.60328E-06, 1.00119E-05, 3.30192E-08
629, 1.23164E-05, 6.58291E-06, 9.98960E-06, 3.28454E-08
630, 1.23491E-05, 6.56128E-06, 9.96629E-06, 3.26703E-08
631, 1.23799E-05, 6.53838E-06, 9.94201E-06, 3.24939E-08
632, 1.24089E-05, 6.51421E-06, 9.91676E-06, 3.23163E-08
633, 1.24359E-05, 6.48877E-06, 9.89055E-06, 3.21375E-08
634, 1.24611E-05, 6.46207E-06, 9.86340E-06, 3.19577E-08
635, 1.24844E-05, 6.43410E-06, 9.83531E-06, 3.17769E-08
636, 1.25059E-05, 6.40486E-06, 9.80629E-06, 3.15951E-08
637, 1.25255E-05, 6.37437E-06, 9.77635E-06, 3.14125E-08
638, 1.25432E-05, 6.34261E-06, 9.74552E-06, 3.12290E-08
639, 1.25591E-05, 6.30960E-06, 9.71378E-06, 3.11127E-08
640, 1.25732E-05, 6.27533E-06, 9.68117E-06, 3.10567E-08
641, 1.25855E-05, 6.23982E-06, 9.64768E-06, 3.09976E-08
642, 1.25959E-05, 6.20306E-06, 9.61332E-06, 3.09353E-08
643, 1.26045E-05, 6.16506E-06, 9.57812E-06, 3.08700E-08
644, 1.26114E-05, 6.12583E-06, 9.54208E-06, 3.08016E-08
645, 1.26164E-05, 6.18531E-06, 9.50520E-06, 3.07303E-08
646, 1.26197E-05, 6.25342E-06, 9.46751E-06, 3.06561E-08
647, 1.26213E-05, 6.32073E-06, 9.42901E-06, 3.05791E-08
648, 1.26211E-05, 6.38723E-06, 9.38971E-06, 3.04994E-08
649, 1.26191E-05, 6.45290E-06, 9.34963E-06, 3.04169E-08
650, 1.26155E-05, 6.51772E-06, 9.30877E-06, 3.03318E-08
651, 1.26101E-05, 6.58169E-06, 9.26714E-06, 3.02440E-08
652, 1.26031E-05, 6.64478E-06, 9.22477E-06, 3.01537E-08
653, 1.25944E-05, 6.70700E-06, 9.18166E-06, 3.00609E-08
654, 1.25840E-05, 6.76831E-06, 9.13781E-06, 2.99656E-08
655, 1.25720E-05, 6.82872E-06, 9.09325E-06, 2.98678E-08
656, 1.25583E-05, 6.88820E-06, 9.04798E-06, 2.97676E-08
657, 1.25431E-05, 6.94675E-06, 9.00201E-06, 2.96650E-08
658, 1.25262E-05, 7.00435E-06, 8.95536E-06, 2.95938E-08
659, 1.25078E-05, 7.06099E-06, 8.90804E-06, 2.95717E-08
660, 1.24879E-05, 7.11667E-06, 8.86005E-06, 2.95413E-08
661, 1.24664E-05, 7.17136E-06, 8.81142E-06, 2.95028E-08
662, 1.24433E-05, 7.22505E-06, 8.76214E-06, 2.94562E-08
663, 1.24188E-05, 7.27775E-06, 8.71224E-06, 2.94018E-08
664, 1.23928E-05, 7.32943E-06, 8.66173E-06, 2.93396E-08
665, 1.23653E-05, 7.38008E-06, 8.61061E-06, 2.92700E-08
666, 1.23364E-05, 7.42970E-06, 8.55890E-06, 2.91929E-08
667, 1.23060E-05, 7.47827E-06, 8.50661E-06, 2.91086E-08
668, 1.22743E-05, 7.52579E-06, 8.45375E-06, 2.90172E-08
669, 1.22411E-05, 7.57224E-06, 8.40033E-06, 2.89190E-08
670, 1.22066E-05, 7.61762E-06, 8.34637E-06, 2.88141E-08
671, 1.21708E-05, 7.66192E-06, 8.29188E-06, 2.87026E-08
672, 1.21336E-05, 7.70512E-06, 8.23686E-06, 2.85849E-08
673, 1.20951E-05, 7.74723E-06, 8.18134E-06, 2.84758E-08
674, 1.20553E-05, 7.78823E-06, 8.12532E-06, 2.87160E-08
675, 1.20142E-05, 7.82812E-06, 8.06881E-06, 2.89520E-08
676, 1.19719E-05, 7.86688E-06, 8.01182E-06, 2.91841E-08
677, 1.19284E-05, 7.90681E-06, 7.95438E-06, 2.94121E-08
678, 1.18837E-05, 7.96537E-06, 7.89648E-06, 2.96362E-08
679, 1.18378E-05, 8.02263E-06, 7.83815E-06, 2.98563E-08
680, 1.17907E-05, 8.07858E-06, 7.77939E-06, 3.00724E-08
681, 1.17425E-05, 8.13322E-06, 7.72022E-06, 3.02847E-08
682, 1.16932E-05, 8.18653E-06, 7.66064E-06, 3.04931E-08
683, 1.16427E-05, 8.23850E-06, 7.60068E-06, 3.06976E-08
684, 1.15912E-05, 8.28914E-06, 7.54033E-06, 3.08984E-08
685, 1.15387E-05, 8.33842E-06, 7.47962E-06, 3.10953E-08
686, 1.14850E-05, 8.38634E-06, 7.41856E-06, 3.12886E-08
687, 1.14304E-05, 8.43290E-06, 7.35715E-06, 3.14782E-08
688, 1.13795E-05, 8.47809E-06, 7.29541E-06, 3.16641E-08
689, 1.13385E-05, 8.52190E-06, 7.23336E-06, 3.18464E-08
690, 1.12967E-05, 8.56433E-06, 7.17100E-06, 3.20252E-08
691, 1.12540E-05, 8.60538E-06, 7.10834E-06, 3.22004E-08
692, 1.12105E-05, 8.64503E-06, 7.04540E-06, 3.23722E-08
693, 1.11661E-05, 8.68329E-06, 6.98220E-06, 3.25406E-08
694, 1.11209E-05, 8.72015E-06, 6.91873E-06, 3.27056E-08
695, 1.10749E-05, 8.75560E-06, 6.85502E-06, 3.28673E-08
696, 1.10281E-05, 8.78965E-06, 6.79108E-06, 3.30258E-08
697, 1.09805E-05, 8.82229E-06, 6.72691E-06, 3.31810E-08
698, 1.09397E-05, 8.85353E-06, 6.66254E-06, 3.33332E-08
699, 1.09173E-05, 8.88335E-06, 6.59797E-06, 3.34822E-08
700, 1.08942E-05, 8.91176E-06, 6.53321E-06, 3.36281E-08
701, 1.08704E-05, 8.93876E-06, 6.46828E-06, 3.37711E-08
702, 1.08457E-05, 8.96434E-06, 6.40319E-06, 3.39112E-08
703, 1.08203E-05, 8.98852E-06, 6.33795E-06, 3.40484E-08
704, 1.07942E-05, 9.01128E-06, 6.27257E-06, 3.41828E-08
705, 1.07672E-05, 9.03264E-06, 6.20707E-06, 3.43145E-08
706, 1.07395E-05, 9.05258E-06, 6.14145E-06, 3.44434E-08
707, 1.07110E-05, 9.07112E-06, 6.07574E-06, 3.45698E-08
708, 1.06996E-05, 9.08825E-06, 6.00993E-06, 3.46935E-08
709, 1.06926E-05, 9.10399E-06, 5.94405E-06, 3.48148E-08
710, 1.06849E-05, 9.11832E-06, 5.87810E-06, 3.49336E-08
711, 1.06763E-05, 9.13127E-06, 5.81210E-06, 3.50500E-08
712, 1.06668E-05, 9.14282E-06, 5.74606E-06, 3.51640E-08
713, 1.06565E-05, 9.15298E-06, 5.67999E-06, 3.52758E-08
714, 1.06453E-05, 9.16177E-06, 5.61390E-06, 3.53854E-08
715, 1.06333E-05, 9.16918E-06, 5.54780E-06, 3.54928E-08
716, 1.06203E-05, 9.17523E-06, 5.48171E-06, 3.55981E-08
717, 1.06065E-05, 9.17990E-06, 5.41564E-06, 3.57013E-08
718, 1.05918E-05, 9.18323E-06, 5.34960E-06, 3.58025E-08
719, 1.05762E-05, 9.18520E-06, 5.28360E-06, 3.59018E-08
720, 1.05598E-05, 9.18583E-06, 5.21766E-06, 3.59992E-08
721, 1.05424E-05, 9.18512E-06, 5.15177E-06, 3.60947E-08
722, 1.05241E-05, 9.18308E-06, 5.08597E-06, 3.61885E-08
723, 1.05048E-05, 9.17973E-06, 5.02025E-06, 3.62804E-08
724, 1.04847E-05, 9.17506E-06, 4.95462E-06, 3.63707E-08
725, 1.04637E-05, 9.16909E-06, 4.88911E-06, 3.64594E-08
726, 1.04417E-05, 9.16183E-06, 4.82372E-06, 3.65464E-08
727, 1.04188E-05, 9.15329E-06, 4.75846E-06, 3.66319E-08
728, 1.03949E-05, 9.14347E-06, 4.69334E-06, 3.67158E-08
729, 1.03701E-05, 9.13239E-06, 4.62838E-06, 3.67982E-08
730, 1.03444E-05, 9.12005E-06, 4.56359E-06, 3.68792E-08
731, 1.03177E-05, 9.10647E-06, 4.49897E-06, 3.69588E-08
732, 1.02901E-05, 9.09166E-06, 4.43454E-06, 3.70369E-08
733, 1.02615E-05, 9.07563E-06, 4.37030E-06, 3.71137E-08
734, 1.02320E-05, 9.05839E-06, 4.30628E-06, 3.71892E-08
735, 1.02015E-05, 9.03995E-06, 4.24247E-06, 3.72633E-08
736, 1.01701E-05, 9.02033E-06, 4.17890E-06, 3.73362E-08
737, 1.01377E-05, 9.00036E-06, 4.11825E-06, 3.74078E-08
738, 1.01043E-05, 8.98910E-06, 4.12334E-06, 3.74782E-08
739, 1.00700E-05, 8.97671E-06, 4.12801E-06, 3.75473E-08
740, 1.00347E-05, 8.96320E-06, 4.13223E-06, 3.76152E-08
741, 9.99840E-06, 8.94859E-06, 4.13603E-06, 3.76819E-08
742, 9.96117E-06, 8.93289E-06, 4.13941E-06, 3.77474E-08
743, 9.92298E-06, 8.91611E-06, 4.14237E-06, 3.78116E-08
744, 9.88383E-06, 8.89828E-06, 4.14492E-06, 3.78747E-08
745, 9.84371E-06, 8.87941E-06, 4.14706E-06, 3.79365E-08
746, 9.80262E-06, 8.85951E-06, 4.14880E-06, 3.79972E-08
747, 9.76057E-06, 8.83861E-06, 4.15015E-06, 3.80566E-08
748, 9.71756E-06, 8.81671E-06, 4.15110E-06, 3.81148E-08
749, 9.67359E-06, 8.79384E-06, 4.15167E-06, 3.81717E-08
750, 9.62866E-06, 8.77001E-06, 4.15186E-06, 3.82273E-08
751, 9.58278E-06, 8.74523E-06, 4.15168E-06, 3.82817E-08
752, 9.53595E-06, 8.71953E-06, 4.15113E-06, 3.83347E-08
753, 9.48816E-06, 8.69292E-06, 4.15023E-06, 3.83864E-08
754, 9.43943E-06, 8.66542E-06, 4.14896E-06, 3.84367E-08
755, 9.38976E-06, 8.63704E-06, 4.14735E-06, 3.84856E-08
756, 9.33915E-06, 8.60780E-06, 4.14540E-06, 3.85331E-08
757, 9.28760E-06, 8.57772E-06, 4.14311E-06, 3.85791E-08
758, 9.23513E-06, 8.54681E-06, 4.14050E-06, 3.86235E-08
759, 9.18173E-06, 8.51509E-06, 4.13756E-06, 3.86663E-08
760, 9.12742E-06, 8.48258E-06, 4.13430E-06, 3.87075E-08
761, 9.07220E-06, 8.44929E-06, 4.13074E-06, 3.87471E-08
762, 9.01607E-06, 8.41525E-06, 4.12688E-06, 3.87848E-08
763, 8.95904E-06, 8.38045E-06, 4.12272E-06, 3.88208E-08
764, 8.90112E-06, 8.34494E-06, 4.11827E-06, 3.88549E-08
765, 8.84231E-06, 8.30871E-06, 4.11354E-06, 3.88871E-08
766, 8.78263E-06, 8.27178E-06, 4.10854E-06, 3.89173E-08
767, 8.72208E-06, 8.23418E-06, 4.10327E-06, 3.89454E-08
768, 8.66067E-06, 8.19592E-06, 4.09774E-06, 3.89713E-08
769, 8.59842E-06, 8.15701E-06, 4.09195E-06, 3.89950E-08
770, 8.53532E-06, 8.11746E-06, 4.08592E-06, 3.90164E-08
771, 8.47139E-06, 8.07731E-06, 4.07965E-06, 3.90354E-08
772, 8.40664E-06, 8.03655E-06, 4.07314E-06, 3.90520E-08
773, 8.34107E-06, 7.99521E-06, 4.06641E-06, 3.90660E-08
774, 8.27471E-06, 7.95330E-06, 4.05946E-06, 3.90773E-08
775, 8.20756E-06, 7.91084E-06, 4.05229E-06, 3.90860E-08
776, 8.13964E-06, 7.86784E-06, 4.04492E-06, 3.90917E-08
777, 8.07094E-06, 7.82432E-06, 4.03736E-06, 3.90946E-08
778, 8.00150E-06, 7.78029E-06, 4.02960E-06, 3.90944E-08
779, 7.93131E-06, 7.73577E-06, 4.02165E-06, 3.90911E-08
780, 7.86040E-06, 7.69076E-06, 4.01353E-06, 3.90846E-08
781, 7.78878E-06, 7.64530E-06, 4.00524E-06, 3.90747E-08
782, 7.71645E-06, 7.59938E-06, 3.99678E-06, 3.90615E-08
783, 7.64344E-06, 7.55302E-06, 3.98816E-06, 3.90447E-08
784, 7.56975E-06, 7.50624E-06, 3.97939E-06, 3.90243E-08
785, 7.49541E-06, 7.45906E-06, 3.97047E-06, 3.90001E-08
786, 7.42042E-06, 7.41147E-06, 3.96142E-06, 3.89721E-08
787, 7.42318E-06, 7.36351E-06, 3.95224E-06, 3.89402E-08
788, 7.47384E-06, 7.31517E-06, 3.94292E-06, 3.89042E-08
789, 7.52399E-06, 7.26648E-06, 3.93349E-06, 3.88640E-08
790, 7.57365E-06, 7.21745E-06, 3.93196E-06, 3.88196E-08
791, 7.62278E-06, 7.16808E-06, 3.93029E-06, 3.87708E-08
792, 7.67140E-06, 7.11840E-06, 3.92850E-06, 3.87175E-08
793, 7.71948E-06, 7.06840E-06, 3.92659E-06, 3.86597E-08
794, 7.76702E-06, 7.01812E-06, 3.92455E-06, 3.85972E-08
795, 7.81402E-06, 6.96755E-06, 3.92239E-06, 3.85299E-08
796, 7.86047E-06, 6.91671E-06, 3.92011E-06, 3.84577E-08
797, 7.90635E-06, 6.86560E-06, 3.91772E-06, 3.83805E-08
798, 7.95166E-06, 6.81425E-06, 3.91521E-06, 3.82982E-08
799, 7.99640E-06, 6.76266E-06, 3.91258E-06, 3.82108E-08
800, 8.04056E-06, 6.71084E-06, 3.90984E-06, 3.81180E-08
801, 8.08413E-06, 6.65881E-06, 3.90699E-06, 3.80200E-08
802, 8.12709E-06, 6.60820E-06, 3.90403E-06, 3.79164E-08
803, 8.16946E-06, 6.57660E-06, 3.90095E-06, 3.78073E-08
804, 8.21121E-06, 6.54472E-06, 3.89777E-06, 3.76926E-08
805, 8.25234E-06, 6.51256E-06, 3.89447E-06, 3.75721E-08
806, 8.29285E-06, 6.48011E-06, 3.89107E-06, 3.74458E-08
807, 8.33273E-06, 6.44738E-06, 3.88756E-06, 3.73137E-08
808, 8.37197E-06, 6.41437E-06, 3.88394E-06, 3.71756E-08
809, 8.41056E-06, 6.38109E-06, 3.88021E-06, 3.70315E-08
810, 8.46741E-06, 6.34752E-06, 3.87638E-06, 3.68813E-08
811, 8.52589E-06, 6.31368E-06, 3.87243E-06, 3.67249E-08
812, 8.58369E-06, 6.27956E-06, 3.86838E-06, 3.65623E-08
813, 8.64081E-06, 6.24516E-06, 3.86422E-06, 3.63935E-08
814, 8.69722E-06, 6.21049E-06, 3.85995E-06, 3.62183E-08
815, 8.75294E-06, 6.17554E-06, 3.85557E-06, 3.60367E-08
816, 8.80793E-06, 6.14032E-06, 3.85108E-06, 3.58488E-08
817, 8.86220E-06, 6.10482E-06, 3.84648E-06, 3.56543E-08
818, 8.91574E-06, 6.06904E-06, 3.84177E-06, 3.54534E-08
819, 8.96853E-06, 6.03299E-06, 3.83695E-06, 3.52460E-08
820, 9.02057E-06, 5.99666E-06, 3.83202E-06, 3.50320E-08
821, 9.07185E-06, 5.96005E-06, 3.83523E-06, 3.48114E-08
822, 9.12236E-06, 5.96309E-06, 3.85524E-06, 3.45842E-08
823, 9.17210E-06, 5.98166E-06, 3.87477E-06, 3.43505E-08
824, 9.22104E-06, 5.99961E-06, 3.89380E-06, 3.41101E-08
825, 9.26920E-06, 6.01694E-06, 3.91234E-06, 3.38631E-08
826, 9.31655E-06, 6.03366E-06, 3.93039E-06, 3.36095E-08
827, 9.36309E-06, 6.04975E-06, 3.94794E-06, 3.33493E-08
828, 9.40881E-06, 6.06522E-06, 3.96500E-06, 3.30825E-08
829, 9.45371E-06, 6.08008E-06, 3.98155E-06, 3.28091E-08
830, 9.49777E-06, 6.09430E-06, 3.99761E-06, 3.25292E-08
831, 9.54099E-06, 6.10791E-06, 4.01316E-06, 3.22428E-08
832, 9.58337E-06, 6.12089E-06, 4.02822E-06, 3.19498E-08
833, 9.62489E-06, 6.13325E-06, 4.04276E-06, 3.16504E-08
834, 9.66555E-06, 6.15238E-06, 4.05681E-06, 3.13447E-08
835, 9.70534E-06, 6.17718E-06, 4.07035E-06, 3.10325E-08
836, 9.74425E-06, 6.20142E-06, 4.09408E-06, 3.07141E-08
837, 9.78229E-06, 6.22510E-06, 4.12181E-06, 3.04388E-08
838, 9.81943E-06, 6.24821E-06, 4.14909E-06, 3.02100E-08
839, 9.85569E-06, 6.27076E-06, 4.17591E-06, 2.99744E-08
840, 9.89105E-06, 6.29275E-06, 4.20228E-06, 2.97319E-08
841, 9.92550E-06, 6.31418E-06, 4.22820E-06, 2.94827E-08
842, 9.95904E-06, 6.33505E-06, 4.25365E-06, 2.92268E-08
843, 9.99166E-06, 6.35536E-06, 4.27864E-06, 2.89643E-08
844, 1.00234E-05, 6.37512E-06, 4.30317E-06, 2.86951E-08
845, 1.00542E-05, 6.39432E-06, 4.32723E-06, 2.84195E-08
846, 1.00840E-05, 6.41297E-06, 4.35083E-06, 2.81374E-08
847, 1.01129E-05, 6.43106E-06, 4.37395E-06, 2.78491E-08
848, 1.01409E-05, 6.44860E-06, 4.39660E-06, 2.75544E-08
849, 1.01679E-05, 6.46559E-06, 4.41877E-06, 2.72536E-08
850, 1.01940E-05, 6.48203E-06, 4.44048E-06, 2.69468E-08
851, 1.02192E-05, 6.49791E-06, 4.46170E-06, 2.66340E-08
852, 1.02433E-05, 6.51325E-06, 4.48244E-06, 2.63153E-08
853, 1.02666E-05, 6.52803E-06, 4.50271E-06, 2.59910E-08
854, 1.02888E-05, 6.54227E-06, 4.52249E-06, 2.56609E-08
855, 1.03101E-05, 6.55595E-06, 4.54179E-06, 2.53254E-08
856, 1.03305E-05, 6.56909E-06, 4.56061E-06, 2.49845E-08
857, 1.03499E-05, 6.58168E-06, 4.57894E-06, 2.46383E-08
858, 1.03682E-05, 6.59373E-06, 4.59679E-06, 2.42870E-08
859, 1.03857E-05, 6.60523E-06, 4.61415E-06, 2.39307E-08
860, 1.04021E-05, 6.61618E-06, 4.63102E-06, 2.35695E-08
861, 1.04176E-05, 6.62659E-06, 4.64741E-06, 2.32036E-08
862, 1.04321E-05, 6.63645E-06, 4.66330E-06, 2.28330E-08
863, 1.04456E-05, 6.64576E-06, 4.67871E-06, 2.24581E-08
864, 1.04581E-05, 6.65453E-06, 4.69363E-06, 2.22773E-08
865, 1.04697E-05, 6.66276E-06, 4.71252E-06, 2.21574E-08
866, 1.04803E-05, 6.67044E-06, 4.74366E-06, 2.20331E-08
867, 1.04913E-05, 6.67758E-06, 4.77439E-06, 2.19047E-08
868, 1.05247E-05, 6.68417E-06, 4.80471E-06, 2.17723E-08
869, 1.05574E-05, 6.69023E-06, 4.83463E-06, 2.16359E-08
870, 1.05894E-05, 6.69574E-06, 4.86413E-06, 2.14958E-08
871, 1.06206E-05, 6.70070E-06, 4.89321E-06, 2.13520E-08
872, 1.06510E-05, 6.70513E-06, 4.92187E-06, 2.12048E-08
873, 1.06806E-05, 6.70901E-06, 4.95011E-06, 2.10541E-08
874, 1.07094E-05, 6.71235E-06, 4.97792E-06, 2.09003E-08
875, 1.07375E-05, 6.71515E-06, 5.00529E-06, 2.07434E-08
876, 1.07648E-05, 6.71741E-06, 5.03224E-06, 2.05835E-08
877, 1.07912E-05, 6.71913E-06, 5.05875E-06, 2.04208E-08
878, 1.08169E-05, 6.72031E-06, 5.08481E-06, 2.02555E-08
879, 1.08418E-05, 6.72094E-06, 5.11044E-06, 2.00876E-08
880, 1.08659E-05, 6.72104E-06, 5.13561E-06, 1.99174E-08
881, 1.08891E-05, 6.72061E-06, 5.16034E-06, 1.97449E-08
882, 1.09116E-05, 6.71963E-06, 5.18462E-06, 1.95703E-08
883, 1.09332E-05, 6.71812E-06, 5.20844E-06, 1.93937E-08
884, 1.09540E-05, 6.71607E-06, 5.23180E-06, 1.92152E-08
885, 1.09740E-05, 6.71348E-06, 5.25470E-06, 1.90351E-08
886, 1.09932E-05, 6.71036E-06, 5.27714E-06, 1.88534E-08
887, 1.10115E-05, 6.70671E-06, 5.29912E-06, 1.86702E-08
888, 1.10290E-05, 6.70252E-06, 5.32062E-06, 1.84857E-08
889, 1.10457E-05, 6.69780E-06, 5.34166E-06, 1.83001E-08
890, 1.10615E-05, 6.69255E-06, 5.36223E-06, 1.81133E-08
891, 1.10765E-05, 6.68677E-06, 5.38232E-06, 1.79257E-08
892, 1.10907E-05, 6.68046E-06, 5.40194E-06, 1.77467E-08
893, 1.11040E-05, 6.67362E-06, 5.42107E-06, 1.75785E-08
894, 1.11165E-05, 6.66625E-06, 5.43973E-06, 1.74095E-08
895, 1.11282E-05, 6.65836E-06, 5.45791E-06, 1.72398E-08
896, 1.11390E-05, 6.64994E-06, 5.47560E-06, 1.70696E-08
897, 1.11489E-05, 6.64327E-06, 5.49281E-06, 1.68989E-08
898, 1.11580E-05, 6.64889E-06, 5.50953E-06, 1.67279E-08
899, 1.11663E-05, 6.65396E-06, 5.52576E-06, 1.65567E-08
900, 1.11737E-05, 6.65848E-06, 5.54150E-06, 1.63854E-08
901, 1.11802E-05, 6.66245E-06, 5.55675E-06, 1.62141E-08
902, 1.11859E-05, 6.66587E-06, 5.57151E-06, 1.60429E-08
903, 1.11908E-05, 6.66875E-06, 5.58577E-06, 1.58719E-08
904, 1.11948E-05, 6.67107E-06, 5.59954E-06, 1.57012E-08
905, 1.11980E-05, 6.67284E-06, 5.61282E-06, 1.55308E-08
906, 1.12003E-05, 6.67406E-06, 5.62559E-06, 1.53610E-08
907, 1.12017E-05, 6.67473E-06, 5.63788E-06, 1.51917E-08
908, 1.12024E-05, 6.67485E-06, 5.64966E-06, 1.50231E-08
909, 1.12021E-05, 6.67442E-06, 5.66094E-06, 1.48552E-08
910, 1.12010E-05, 6.67344E-06, 5.67172E-06, 1.46881E-08
911, 1.11991E-05, 6.67190E-06, 5.68201E-06, 1.45220E-08
912, 1.11963E-05, 6.66982E-06, 5.69179E-06, 1.43569E-08
913, 1.11927E-05, 6.66718E-06, 5.70108E-06, 1.41927E-08
914, 1.11882E-05, 6.66400E-06, 5.70986E-06, 1.40298E-08
915, 1.11829E-05, 6.66027E-06, 5.72320E-06, 1.38680E-08
916, 1.11768E-05, 6.65598E-06, 5.74919E-06, 1.37074E-08
917, 1.11698E-05, 6.65115E-06, 5.77484E-06, 1.35482E-08
918, 1.11620E-05, 6.64578E-06, 5.80014E-06, 1.33904E-08
919, 1.11533E-05, 6.63986E-06, 5.82510E-06, 1.32340E-08
920, 1.11439E-05, 6.63339E-06, 5.84970E-06, 1.30791E-08
921, 1.11336E-05, 6.62638E-06, 5.87395E-06, 1.29258E-08
922, 1.11224E-05, 6.61883E-06, 5.89783E-06, 1.27740E-08
923, 1.11105E-05, 6.61073E-06, 5.92135E-06, 1.26239E-08
924, 1.10977E-05, 6.60989E-06, 5.94451E-06, 1.24755E-08
925, 1.10841E-05, 6.63613E-06, 5.96729E-06, 1.23288E-08
926, 1.10697E-05, 6.66204E-06, 5.98969E-06, 1.21838E-08
927, 1.10545E-05, 6.68763E-06, 6.01171E-06, 1.22262E-08
928, 1.10384E-05, 6.71289E-06, 6.03335E-06, 1.23709E-08
929, 1.10216E-05, 6.73782E-06, 6.05460E-06, 1.25108E-08
930, 1.10040E-05, 6.76242E-06, 6.07545E-06, 1.26457E-08
931, 1.09855E-05, 6.78667E-06, 6.09591E-06, 1.27757E-08
932, 1.09663E-05, 6.81059E-06, 6.11598E-06, 1.29008E-08
933, 1.09463E-05, 6.83417E-06, 6.13564E-06, 1.30210E-08
934, 1.09255E-05, 6.85741E-06, 6.15489E-06, 1.31363E-08
935, 1.09039E-05, 6.88030E-06, 6.17373E-06, 1.32467E-08
936, 1.08816E-05, 6.90283E-06, 6.19216E-06, 1.33521E-08
937, 1.08585E-05, 6.92502E-06, 6.21017E-06, 1.34527E-08
938, 1.08346E-05, 6.94685E-06, 6.22776E-06, 1.35484E-08
939, 1.08100E-05, 6.96833E-06, 6.24493E-06, 1.36393E-08
940, 1.07846E-05, 6.98944E-06, 6.26168E-06, 1.37253E-08
941, 1.07584E-05, 7.01019E-06, 6.27799E-06, 1.38065E-08
942, 1.07315E-05, 7.03058E-06, 6.29387E-06, 1.39076E-08
943, 1.07039E-05, 7.05060E-06, 6.30931E-06, 1.40585E-08
944, 1.06755E-05, 7.07025E-06, 6.32432E-06, 1.42043E-08
945, 1.06464E-05, 7.08953E-06, 6.33888E-06, 1.43811E-08
946, 1.06166E-05, 7.10844E-06, 6.35300E-06, 1.45821E-08
947, 1.05861E-05, 7.12696E-06, 6.36667E-06, 1.47773E-08
948, 1.05549E-05, 7.14511E-06, 6.37989E-06, 1.49667E-08
949, 1.05229E-05, 7.16288E-06, 6.39266E-06, 1.51504E-08
950, 1.04903E-05, 7.18026E-06, 6.40498E-06, 1.53283E-08
951, 1.04570E-05, 7.19726E-06, 6.41684E-06, 1.55004E-08
952, 1.04230E-05, 7.21387E-06, 6.42823E-06, 1.56667E-08
953, 1.03883E-05, 7.23008E-06, 6.43917E-06, 1.58273E-08
954, 1.03529E-05, 7.24591E-06, 6.44964E-06, 1.60178E-08
955, 1.03169E-05, 7.26134E-06, 6.45965E-06, 1.62213E-08
956, 1.02802E-05, 7.27637E-06, 6.46918E-06, 1.64194E-08
957, 1.02429E-05, 7.29100E-06, 6.47825E-06, 1.66123E-08
958, 1.02049E-05, 7.30524E-06, 6.48684E-06, 1.67999E-08
959, 1.01663E-05, 7.31906E-06, 6.49496E-06, 1.69822E-08
960, 1.01271E-05, 7.33249E-06, 6.50261E-06, 1.71592E-08
961, 1.00872E-05, 7.34550E-06, 6.50978E-06, 1.73310E-08
962, 1.00468E-05, 7.35811E-06, 6.51646E-06, 1.74976E-08
963, 1.00057E-05, 7.37030E-06, 6.52267E-06, 1.76591E-08
964, 9.96403E-06, 7.38208E-06, 6.52840E-06, 1.78153E-08
965, 9.92178E-06, 7.39345E-06, 6.53364E-06, 1.79664E-08
966, 9.87895E-06, 7.40440E-06, 6.53839E-06, 1.81125E-08
967, 9.83554E-06, 7.41493E-06, 6.54267E-06, 1.82534E-08
968, 9.79158E-06, 7.42504E-06, 6.54645E-06, 1.83893E-08
969, 9.74706E-06, 7.43473E-06, 6.54975E-06, 1.85201E-08
970, 9.70199E-06, 7.44399E-06, 6.55256E-06, 1.86460E-08
971, 9.65638E-06, 7.45283E-06, 6.55488E-06, 1.87670E-08
972, 9.61024E-06, 7.46124E-06, 6.55671E-06, 1.88830E-08
973, 9.56357E-06, 7.46922E-06, 6.55805E-06, 1.89941E-08
974, 9.51640E-06, 7.47678E-06, 6.55890E-06, 1.91004E-08
975, 9.46872E-06, 7.48390E-06, 6.55926E-06, 1.92019E-08
976, 9.42054E-06, 7.49059E-06, 6.55913E-06, 1.92986E-08
977, 9.37188E-06, 7.50406E-06, 6.55850E-06, 1.93906E-08
978, 9.32288E-06, 7.52250E-06, 6.55738E-06, 1.94778E-08
979, 9.28988E-06, 7.54059E-06, 6.55577E-06, 1.95605E-08
980, 9.25623E-06, 7.55833E-06, 6.55367E-06, 1.96385E-08
981, 9.22194E-06, 7.57569E-06, 6.55108E-06, 1.97119E-08
982, 9.18702E-06, 7.59270E-06, 6.54800E-06, 1.97808E-08
983, 9.15146E-06, 7.60934E-06, 6.54442E-06, 1.98452E-08
984, 9.11529E-06, 7.62560E-06, 6.54036E-06, 1.99052E-08
985, 9.07850E-06, 7.64149E-06, 6.53580E-06, 1.99607E-08
986, 9.05682E-06, 7.65701E-06, 6.53076E-06, 2.00119E-08
987, 9.03828E-06, 7.67214E-06, 6.52522E-06, 2.00588E-08
988, 9.01913E-06, 7.68688E-06, 6.51920E-06, 2.01014E-08
989, 8.99937E-06, 7.70124E-06, 6.51269E-06, 2.01397E-08
990, 8.97901E-06, 7.71521E-06, 6.50570E-06, 2.01740E-08
991, 8.95806E-06, 7.72879E-06, 6.49822E-06, 2.02040E-08
992, 8.93651E-06, 7.74197E-06, 6.49026E-06, 2.02300E-08
993, 8.91437E-06, 7.75475E-06, 6.48181E-06, 2.02520E-08
994, 8.89164E-06, 7.76712E-06, 6.47289E-06, 2.02700E-08
995, 8.86834E-06, 7.77909E-06, 6.46349E-06, 2.02840E-08
996, 8.84445E-06, 7.79065E-06, 6.45361E-06, 2.02942E-08
997, 8.82000E-06, 7.80181E-06, 6.44325E-06, 2.03005E-08
998, 8.79498E-06, 7.81254E-06, 6.43242E-06, 2.03030E-08
999, 8.76940E-06, 7.82286E-06, 6.42111E-06, 2.03018E-08
1000, 8.74326E-06, 7.83276E-06, 6.40934E-06, 2.02969E-08
