time_step, rel_err_u, rel_err_v, rel_err_w, rel_err_p
0, 0.00000E+00, 0.00000E+00, 0.00000E+00, 0.00000E+00
1, 1.71013E-04, 1.27753E-04, 1.38080E-04, 7.38858E-03
2, 1.29819E-04, 1.14623E-04, 1.05523E-04, 1.67180E-02
3, 8.19131E-05, 6.77785E-05, 6.75715E-05, 1.32667E-02
4, 1.31888E-05, 8.37649E-06, 5.35719E-06, 2.02544E-04
5, 1.26862E-05, 8.55487E-06, 5.33216E-06, 1.72012E-04
6, 1.28403E-05, 8.47534E-06, 5.28752E-06, 4.19934E-05
7, 1.30817E-05, 8.49787E-06, 5.23414E-06, 6.12659E-06
8, 1.33713E-05, 8.63593E-06, 5.17093E-06, 2.46993E-06
9, 1.36530E-05, 8.76893E-06, 5.09795E-06, 7.82089E-07
10, 1.39163E-05, 8.89714E-06, 5.01540E-06, 2.67279E-07
11, 1.41607E-05, 9.01930E-06, 5.00258E-06, 9.45833E-08
12, 1.43858E-05, 9.13523E-06, 5.00002E-06, 7.29597E-08
13, 1.45911E-05, 9.24475E-06, 4.98789E-06, 7.37997E-08
14, 1.47763E-05, 9.34770E-06, 4.96620E-06, 7.52499E-08
15, 1.49410E-05, 9.44393E-06, 4.93499E-06, 7.62239E-08
16, 1.50851E-05, 9.53329E-06, 4.89433E-06, 7.71042E-08
17, 1.52085E-05, 9.61563E-06, 4.84429E-06, 7.77744E-08
18, 1.53110E-05, 9.69082E-06, 4.78503E-06, 7.82253E-08
19, 1.55505E-05, 9.75873E-06, 4.71668E-06, 7.84707E-08
20, 1.58557E-05, 9.81925E-06, 4.63943E-06, 7.85153E-08
21, 1.61387E-05, 9.87227E-06, 4.55350E-06, 7.83646E-08
22, 1.63990E-05, 9.91768E-06, 4.47050E-06, 7.80258E-08
23, 1.66361E-05, 9.95539E-06, 4.49977E-06, 7.75067E-08
24, 1.68495E-05, 9.98533E-06, 4.58621E-06, 7.68162E-08
25, 1.70389E-05, 1.00074E-05, 4.70640E-06, 7.65322E-08
26, 1.72041E-05, 1.00216E-05, 4.82531E-06, 7.73988E-08
27, 1.73447E-05, 1.00279E-05, 4.94265E-06, 7.80747E-08
28, 1.74608E-05, 1.00262E-05, 5.05813E-06, 7.85621E-08
29, 1.75522E-05, 1.00164E-05, 5.17144E-06, 7.88640E-08
30, 1.76189E-05, 9.99868E-06, 5.28229E-06, 7.89846E-08
31, 1.76610E-05, 9.97293E-06, 5.39038E-06, 7.89287E-08
32, 1.76787E-05, 9.93919E-06, 5.49538E-06, 7.87018E-08
33, 1.76722E-05, 9.89748E-06, 5.59700E-06, 7.83103E-08
34, 1.76417E-05, 9.84787E-06, 5.69491E-06, 7.77612E-08
35, 1.75877E-05, 9.79146E-06, 5.78883E-06, 7.72279E-08
36, 1.77208E-05, 9.89203E-06, 5.87843E-06, 7.83837E-08
37, 1.78721E-05, 9.98538E-06, 5.96342E-06, 7.93831E-08
38, 1.79979E-05, 1.00714E-05, 6.04350E-06, 8.02205E-08
39, 1.81398E-05, 1.01499E-05, 6.11838E-06, 8.08910E-08
40, 1.84736E-05, 1.02282E-05, 6.18777E-06, 8.13902E-08
41, 1.87812E-05, 1.03092E-05, 6.25140E-06, 8.17143E-08
42, 1.90621E-05, 1.03830E-05, 6.30900E-06, 8.18601E-08
43, 1.93159E-05, 1.04494E-05, 6.36031E-06, 8.20140E-08
44, 1.95422E-05, 1.05084E-05, 6.46713E-06, 8.20310E-08
45, 1.97410E-05, 1.05599E-05, 6.64812E-06, 8.18915E-08
46, 1.99119E-05, 1.06036E-05, 6.82745E-06, 8.15994E-08
47, 2.00550E-05, 1.06396E-05, 7.00470E-06, 8.11588E-08
48, 2.01702E-05, 1.06677E-05, 7.17944E-06, 8.05744E-08
49, 2.02577E-05, 1.06878E-05, 7.35126E-06, 8.05728E-08
50, 2.03176E-05, 1.06999E-05, 7.51973E-06, 8.17329E-08
51, 2.03501E-05, 1.07040E-05, 7.68443E-06, 8.27067E-08
52, 2.03555E-05, 1.06999E-05, 7.84495E-06, 8.34938E-08
53, 2.04588E-05, 1.06877E-05, 8.00084E-06, 8.40947E-08
54, 2.07176E-05, 1.06674E-05, 8.15171E-06, 8.45106E-08
55, 2.09467E-05, 1.06389E-05, 8.29712E-06, 8.47435E-08
56, 2.11459E-05, 1.06023E-05, 8.43667E-06, 8.47960E-08
57, 2.13150E-05, 1.05577E-05, 8.56996E-06, 8.46715E-08
58, 2.14539E-05, 1.05049E-05, 8.69658E-06, 8.43737E-08
59, 2.16907E-05, 1.04442E-05, 8.81615E-06, 8.39072E-08
60, 2.19783E-05, 1.03756E-05, 8.92830E-06, 8.32768E-08
61, 2.22483E-05, 1.02992E-05, 9.03266E-06, 8.24881E-08
62, 2.25997E-05, 1.02151E-05, 9.12889E-06, 8.23097E-08
63, 2.31340E-05, 1.02677E-05, 9.21664E-06, 8.21790E-08
64, 2.36549E-05, 1.03414E-05, 9.29560E-06, 8.18569E-08
65, 2.41611E-05, 1.04081E-05, 9.36548E-06, 8.13392E-08
66, 2.46517E-05, 1.04677E-05, 9.42598E-06, 8.07680E-08
67, 2.51256E-05, 1.05199E-05, 9.47685E-06, 8.03843E-08
68, 2.55818E-05, 1.05647E-05, 9.51784E-06, 7.98678E-08
69, 2.60193E-05, 1.06022E-05, 9.54874E-06, 7.92203E-08
70, 2.64371E-05, 1.06321E-05, 9.56935E-06, 7.87439E-08
71, 2.68342E-05, 1.06546E-05, 9.57949E-06, 7.94552E-08
72, 2.72099E-05, 1.06694E-05, 9.57901E-06, 8.00061E-08
73, 2.75631E-05, 1.06768E-05, 9.56779E-06, 8.03889E-08
74, 2.78930E-05, 1.06765E-05, 9.54573E-06, 8.05969E-08
75, 2.81989E-05, 1.06688E-05, 9.51275E-06, 8.06239E-08
76, 2.84799E-05, 1.06534E-05, 9.67795E-06, 8.04647E-08
77, 2.87353E-05, 1.06306E-05, 9.86687E-06, 8.01151E-08
78, 2.89645E-05, 1.06137E-05, 1.00480E-05, 7.95715E-08
79, 2.91668E-05, 1.06101E-05, 1.02208E-05, 7.88317E-08
80, 2.93416E-05, 1.05990E-05, 1.03849E-05, 7.85919E-08
81, 2.94884E-05, 1.05804E-05, 1.05398E-05, 7.81823E-08
82, 2.96067E-05, 1.05542E-05, 1.06850E-05, 7.75718E-08
83, 2.96962E-05, 1.05205E-05, 1.08202E-05, 7.67582E-08
84, 3.01106E-05, 1.04794E-05, 1.09450E-05, 7.57402E-08
85, 3.05371E-05, 1.04310E-05, 1.10589E-05, 7.45181E-08
86, 3.09376E-05, 1.03752E-05, 1.11617E-05, 7.30931E-08
87, 3.13111E-05, 1.03122E-05, 1.12530E-05, 7.14681E-08
88, 3.16566E-05, 1.02421E-05, 1.13326E-05, 6.96469E-08
89, 3.19731E-05, 1.01651E-05, 1.14000E-05, 6.76349E-08
90, 3.22599E-05, 1.00812E-05, 1.14552E-05, 6.54382E-08
91, 3.25159E-05, 9.99057E-06, 1.14978E-05, 6.30647E-08
92, 3.27405E-05, 9.94841E-06, 1.15278E-05, 6.05230E-08
93, 3.29329E-05, 9.90248E-06, 1.15448E-05, 5.99953E-08
94, 3.30926E-05, 9.84965E-06, 1.15488E-05, 5.93701E-08
95, 3.32188E-05, 9.79002E-06, 1.15397E-05, 5.94169E-08
96, 3.33110E-05, 9.73269E-06, 1.15175E-05, 6.13715E-08
97, 3.33689E-05, 9.80247E-06, 1.14820E-05, 6.31949E-08
98, 3.33920E-05, 9.86752E-06, 1.14332E-05, 6.48855E-08
99, 3.33799E-05, 9.92766E-06, 1.13713E-05, 6.64421E-08
100, 3.33325E-05, 9.98274E-06, 1.12961E-05, 6.78636E-08
101, 3.32495E-05, 1.00326E-05, 1.12079E-05, 6.91494E-08
102, 3.31309E-05, 1.00771E-05, 1.13693E-05, 7.02989E-08
103, 3.29767E-05, 1.01160E-05, 1.15779E-05, 7.13163E-08
104, 3.28317E-05, 1.01492E-05, 1.17748E-05, 7.23544E-08
105, 3.30714E-05, 1.01765E-05, 1.19595E-05, 7.32194E-08
106, 3.32787E-05, 1.01978E-05, 1.21316E-05, 7.39052E-08
107, 3.34529E-05, 1.02130E-05, 1.22906E-05, 7.44061E-08
108, 3.35933E-05, 1.02218E-05, 1.24359E-05, 7.47174E-08
109, 3.36992E-05, 1.02241E-05, 1.25673E-05, 7.48346E-08
110, 3.37701E-05, 1.02198E-05, 1.26843E-05, 7.58711E-08
111, 3.38056E-05, 1.02087E-05, 1.27865E-05, 7.68361E-08
112, 3.38052E-05, 1.01907E-05, 1.28736E-05, 7.75752E-08
113, 3.37687E-05, 1.01656E-05, 1.29453E-05, 7.80789E-08
114, 3.36958E-05, 1.01333E-05, 1.30014E-05, 7.83384E-08
115, 3.35863E-05, 1.00937E-05, 1.30416E-05, 7.83463E-08
116, 3.34401E-05, 1.00466E-05, 1.30657E-05, 7.80964E-08
117, 3.32573E-05, 9.99195E-06, 1.30735E-05, 7.75839E-08
118, 3.30378E-05, 9.94407E-06, 1.30649E-05, 7.68052E-08
119, 3.27819E-05, 9.95454E-06, 1.30397E-05, 7.57584E-08
120, 3.24897E-05, 9.95803E-06, 1.29981E-05, 7.45736E-08
121, 3.21616E-05, 9.95453E-06, 1.29398E-05, 7.36633E-08
122, 3.17980E-05, 9.94403E-06, 1.28649E-05, 7.25338E-08
123, 3.13993E-05, 9.92654E-06, 1.27734E-05, 7.16923E-08
124, 3.09660E-05, 9.90207E-06, 1.26655E-05, 7.10081E-08
125, 3.04987E-05, 9.87066E-06, 1.25411E-05, 7.01067E-08
126, 2.99983E-05, 9.83233E-06, 1.24005E-05, 6.89939E-08
127, 2.94653E-05, 9.78715E-06, 1.22439E-05, 6.83051E-08
128, 2.90517E-05, 9.73517E-06, 1.20713E-05, 6.98666E-08
129, 2.94661E-05, 9.67646E-06, 1.18831E-05, 7.13941E-08
130, 3.00464E-05, 9.61110E-06, 1.16796E-05, 7.28802E-08
131, 3.05894E-05, 9.54314E-06, 1.18261E-05, 7.43168E-08
132, 3.10944E-05, 9.65821E-06, 1.21116E-05, 7.56958E-08
133, 3.15609E-05, 9.86679E-06, 1.23874E-05, 7.70087E-08
134, 3.19886E-05, 1.00715E-05, 1.26531E-05, 7.82469E-08
135, 3.23770E-05, 1.02722E-05, 1.29083E-05, 7.94015E-08
136, 3.27259E-05, 1.04687E-05, 1.31524E-05, 8.04637E-08
137, 3.30351E-05, 1.06609E-05, 1.33851E-05, 8.14692E-08
138, 3.33045E-05, 1.08487E-05, 1.36060E-05, 8.24636E-08
139, 3.35342E-05, 1.10320E-05, 1.38146E-05, 8.58831E-08
140, 3.37241E-05, 1.12107E-05, 1.40107E-05, 8.95005E-08
141, 3.38744E-05, 1.13846E-05, 1.41939E-05, 9.29379E-08
142, 3.39854E-05, 1.15537E-05, 1.43640E-05, 9.61817E-08
143, 3.40572E-05, 1.17179E-05, 1.45207E-05, 9.92194E-08
144, 3.40904E-05, 1.18771E-05, 1.46636E-05, 1.02039E-07
145, 3.40852E-05, 1.20312E-05, 1.47925E-05, 1.04631E-07
146, 3.40423E-05, 1.21802E-05, 1.49073E-05, 1.06985E-07
147, 3.39621E-05, 1.23239E-05, 1.50077E-05, 1.09092E-07
148, 3.39080E-05, 1.24624E-05, 1.50936E-05, 1.10946E-07
149, 3.41613E-05, 1.25955E-05, 1.51648E-05, 1.12541E-07
150, 3.43728E-05, 1.27233E-05, 1.52214E-05, 1.13871E-07
151, 3.45421E-05, 1.28456E-05, 1.52631E-05, 1.14933E-07
152, 3.46694E-05, 1.29625E-05, 1.52901E-05, 1.15725E-07
153, 3.47547E-05, 1.30739E-05, 1.53021E-05, 1.16246E-07
154, 3.47980E-05, 1.31798E-05, 1.52994E-05, 1.16496E-07
155, 3.47997E-05, 1.32802E-05, 1.52819E-05, 1.16478E-07
156, 3.47600E-05, 1.33751E-05, 1.52496E-05, 1.16192E-07
157, 3.46792E-05, 1.34644E-05, 1.52028E-05, 1.15645E-07
158, 3.45578E-05, 1.35756E-05, 1.51414E-05, 1.14840E-07
159, 3.43963E-05, 1.36870E-05, 1.50657E-05, 1.13784E-07
160, 3.41952E-05, 1.37921E-05, 1.49758E-05, 1.12484E-07
161, 3.39553E-05, 1.38910E-05, 1.48719E-05, 1.10949E-07
162, 3.42509E-05, 1.39836E-05, 1.47543E-05, 1.09188E-07
163, 3.47265E-05, 1.40699E-05, 1.46231E-05, 1.07210E-07
164, 3.51675E-05, 1.41500E-05, 1.44787E-05, 1.05027E-07
165, 3.55733E-05, 1.42238E-05, 1.43213E-05, 1.02650E-07
166, 3.59434E-05, 1.42914E-05, 1.41513E-05, 1.00090E-07
167, 3.62774E-05, 1.43528E-05, 1.39689E-05, 9.73617E-08
168, 3.65749E-05, 1.44080E-05, 1.37745E-05, 9.44762E-08
169, 3.68355E-05, 1.44570E-05, 1.35685E-05, 9.14475E-08
170, 3.70590E-05, 1.44999E-05, 1.33512E-05, 8.82888E-08
171, 3.72451E-05, 1.45367E-05, 1.31231E-05, 8.50140E-08
172, 3.73937E-05, 1.45676E-05, 1.28845E-05, 8.16366E-08
173, 3.75047E-05, 1.45924E-05, 1.26359E-05, 7.81704E-08
174, 3.75780E-05, 1.46114E-05, 1.23777E-05, 7.46290E-08
175, 3.76138E-05, 1.46245E-05, 1.21104E-05, 7.10258E-08
176, 3.76121E-05, 1.46319E-05, 1.18343E-05, 6.96445E-08
177, 3.75730E-05, 1.46335E-05, 1.15500E-05, 6.85893E-08
178, 3.74968E-05, 1.46296E-05, 1.12580E-05, 6.74522E-08
179, 3.73836E-05, 1.46201E-05, 1.09586E-05, 6.62437E-08
180, 3.72339E-05, 1.46051E-05, 1.06525E-05, 6.49743E-08
181, 3.70479E-05, 1.45848E-05, 1.03400E-05, 6.48810E-08
182, 3.68262E-05, 1.45956E-05, 1.00218E-05, 6.57231E-08
183, 3.65691E-05, 1.46045E-05, 9.69818E-06, 6.63765E-08
184, 3.62771E-05, 1.46076E-05, 9.36977E-06, 6.68415E-08
185, 3.59510E-05, 1.46049E-05, 9.03702E-06, 6.71195E-08
186, 3.55911E-05, 1.45965E-05, 9.07262E-06, 6.72124E-08
187, 3.51983E-05, 1.45825E-05, 9.15172E-06, 6.71230E-08
188, 3.47731E-05, 1.45630E-05, 9.22263E-06, 6.68549E-08
189, 3.43164E-05, 1.45381E-05, 9.28539E-06, 6.64124E-08
190, 3.38289E-05, 1.45080E-05, 9.33999E-06, 6.58005E-08
191, 3.33113E-05, 1.44727E-05, 9.38648E-06, 6.50247E-08
192, 3.27647E-05, 1.44323E-05, 9.42492E-06, 6.40911E-08
193, 3.21898E-05, 1.43870E-05, 9.45535E-06, 6.47335E-08
194, 3.15876E-05, 1.43368E-05, 9.48100E-06, 6.52111E-08
195, 3.09590E-05, 1.42820E-05, 9.57659E-06, 6.54581E-08
196, 3.03049E-05, 1.42225E-05, 9.65870E-06, 6.54795E-08
197, 2.96265E-05, 1.43848E-05, 9.72739E-06, 6.52814E-08
198, 2.89246E-05, 1.46719E-05, 9.78272E-06, 6.48708E-08
199, 2.82004E-05, 1.49502E-05, 9.82481E-06, 6.42552E-08
200, 2.74549E-05, 1.52195E-05, 9.85375E-06, 6.34432E-08
201, 2.66892E-05, 1.54797E-05, 9.86969E-06, 6.24438E-08
202, 2.59045E-05, 1.57306E-05, 9.87279E-06, 6.12666E-08
203, 2.51017E-05, 1.59720E-05, 9.86322E-06, 6.04944E-08
204, 2.42822E-05, 1.62039E-05, 9.84117E-06, 6.13732E-08
205, 2.34469E-05, 1.64261E-05, 9.80685E-06, 6.20803E-08
206, 2.28154E-05, 1.66386E-05, 9.76049E-06, 6.26182E-08
207, 2.28242E-05, 1.68413E-05, 9.70233E-06, 6.29900E-08
208, 2.28107E-05, 1.70340E-05, 9.63264E-06, 6.31992E-08
209, 2.27748E-05, 1.72168E-05, 9.55168E-06, 6.32501E-08
210, 2.27168E-05, 1.73895E-05, 9.45975E-06, 6.31475E-08
211, 2.26370E-05, 1.75523E-05, 9.35714E-06, 6.28965E-08
212, 2.26127E-05, 1.77049E-05, 9.24418E-06, 6.25026E-08
213, 2.25803E-05, 1.78475E-05, 9.12118E-06, 6.19718E-08
214, 2.25251E-05, 1.79800E-05, 8.98849E-06, 6.13103E-08
215, 2.24475E-05, 1.81025E-05, 8.84646E-06, 6.05246E-08
216, 2.23482E-05, 1.82150E-05, 8.78119E-06, 5.96214E-08
217, 2.28668E-05, 1.83174E-05, 8.87141E-06, 5.86076E-08
218, 2.33635E-05, 1.84099E-05, 8.95071E-06, 5.74903E-08
219, 2.38370E-05, 1.84925E-05, 9.01910E-06, 5.62765E-08
220, 2.42870E-05, 1.85653E-05, 9.07658E-06, 5.49734E-08
221, 2.47135E-05, 1.86283E-05, 9.12319E-06, 5.35882E-08
222, 2.51162E-05, 1.86816E-05, 9.15897E-06, 5.21281E-08
223, 2.54952E-05, 1.87254E-05, 9.18399E-06, 5.06002E-08
224, 2.58503E-05, 1.87596E-05, 9.19833E-06, 4.90115E-08
225, 2.61815E-05, 1.87845E-05, 9.20210E-06, 4.73690E-08
226, 2.64888E-05, 1.88002E-05, 9.19541E-06, 4.56794E-08
227, 2.67722E-05, 1.88067E-05, 9.17840E-06, 4.39494E-08
228, 2.70319E-05, 1.88042E-05, 9.15122E-06, 4.21855E-08
229, 2.72678E-05, 1.87928E-05, 9.11404E-06, 4.03939E-08
230, 2.74802E-05, 1.87726E-05, 9.06704E-06, 3.99647E-08
231, 2.76690E-05, 1.87439E-05, 9.01041E-06, 4.02128E-08
232, 2.78347E-05, 1.87067E-05, 8.94436E-06, 4.04333E-08
233, 2.79772E-05, 1.86613E-05, 8.86912E-06, 4.06271E-08
234, 2.80969E-05, 1.86077E-05, 8.78492E-06, 4.07950E-08
235, 2.81939E-05, 1.85462E-05, 8.69201E-06, 4.09375E-08
236, 2.82686E-05, 1.84769E-05, 8.59064E-06, 4.10554E-08
237, 2.83213E-05, 1.83999E-05, 8.48109E-06, 4.11489E-08
238, 2.83522E-05, 1.83156E-05, 8.36363E-06, 4.12185E-08
239, 2.83618E-05, 1.82239E-05, 8.23856E-06, 4.12645E-08
240, 2.83502E-05, 1.81252E-05, 8.10616E-06, 4.12869E-08
241, 2.83180E-05, 1.80196E-05, 7.96675E-06, 4.12860E-08
242, 2.82655E-05, 1.79073E-05, 7.82063E-06, 4.12618E-08
243, 2.81932E-05, 1.77885E-05, 7.66813E-06, 4.12142E-08
244, 2.81014E-05, 1.76634E-05, 7.50957E-06, 4.11433E-08
245, 2.79906E-05, 1.75321E-05, 7.34528E-06, 4.10490E-08
246, 2.78612E-05, 1.73949E-05, 7.17559E-06, 4.09312E-08
247, 2.77138E-05, 1.72520E-05, 7.00084E-06, 4.07898E-08
248, 2.75488E-05, 1.71035E-05, 6.82137E-06, 4.06246E-08
249, 2.73666E-05, 1.69497E-05, 6.66021E-06, 4.04356E-08
250, 2.71679E-05, 1.67907E-05, 6.74991E-06, 4.02225E-08
251, 2.69531E-05, 1.66267E-05, 6.83230E-06, 3.99855E-08
252, 2.67227E-05, 1.64580E-05, 6.90738E-06, 3.97242E-08
253, 2.64773E-05, 1.62848E-05, 6.97514E-06, 3.94388E-08
254, 2.62175E-05, 1.61071E-05, 7.03560E-06, 3.91292E-08
255, 2.59438E-05, 1.59253E-05, 7.08881E-06, 3.87953E-08
256, 2.56566E-05, 1.57395E-05, 7.13477E-06, 3.84374E-08
257, 2.53567E-05, 1.55500E-05, 7.17354E-06, 3.80553E-08
258, 2.50445E-05, 1.53568E-05, 7.20515E-06, 3.76494E-08
259, 2.47206E-05, 1.51602E-05, 7.22968E-06, 3.72199E-08
260, 2.43855E-05, 1.49604E-05, 7.24719E-06, 3.67669E-08
261, 2.40399E-05, 1.47576E-05, 7.25778E-06, 3.62908E-08
262, 2.36843E-05, 1.45519E-05, 7.26153E-06, 3.57920E-08
263, 2.33193E-05, 1.43435E-05, 7.25854E-06, 3.52709E-08
264, 2.29454E-05, 1.41327E-05, 7.24892E-06, 3.47280E-08
265, 2.25632E-05, 1.39196E-05, 7.23280E-06, 3.41638E-08
266, 2.21733E-05, 1.37043E-05, 7.21029E-06, 3.35790E-08
267, 2.17763E-05, 1.34871E-05, 7.18153E-06, 3.29742E-08
268, 2.13726E-05, 1.32681E-05, 7.14666E-06, 3.23502E-08
269, 2.09628E-05, 1.30474E-05, 7.10583E-06, 3.17076E-08
270, 2.05476E-05, 1.28254E-05, 7.05918E-06, 3.10474E-08
271, 2.01273E-05, 1.26020E-05, 7.00689E-06, 3.03704E-08
272, 1.97027E-05, 1.23775E-05, 6.94911E-06, 2.96775E-08
273, 1.92741E-05, 1.21520E-05, 6.88602E-06, 2.89697E-08
274, 1.88421E-05, 1.19257E-05, 6.81779E-06, 2.82480E-08
275, 1.84072E-05, 1.16988E-05, 6.74461E-06, 2.75135E-08
276, 1.79700E-05, 1.14713E-05, 6.66665E-06, 2.67672E-08
277, 1.77353E-05, 1.12435E-05, 6.58412E-06, 2.60102E-08
278, 1.76400E-05, 1.10154E-05, 6.49719E-06, 2.52437E-08
279, 1.75291E-05, 1.07872E-05, 6.40607E-06, 2.44688E-08
280, 1.74030E-05, 1.05591E-05, 6.31095E-06, 2.37251E-08
281, 1.72623E-05, 1.03311E-05, 6.21204E-06, 2.37840E-08
282, 1.71076E-05, 1.01034E-05, 6.10953E-06, 2.38687E-08
283, 1.69395E-05, 9.87614E-06, 6.00363E-06, 2.40150E-08
284, 1.67586E-05, 9.64941E-06, 5.89456E-06, 2.41230E-08
285, 1.65654E-05, 9.42334E-06, 5.78250E-06, 2.41935E-08
286, 1.63605E-05, 9.19803E-06, 5.66768E-06, 2.42273E-08
287, 1.61446E-05, 8.97360E-06, 5.55029E-06, 2.42254E-08
288, 1.59182E-05, 8.75015E-06, 5.43055E-06, 2.41888E-08
289, 1.56819E-05, 8.52778E-06, 5.30866E-06, 2.41187E-08
290, 1.54364E-05, 8.30659E-06, 5.18482E-06, 2.40161E-08
291, 1.51822E-05, 8.08668E-06, 5.05924E-06, 2.38822E-08
292, 1.49199E-05, 7.86813E-06, 4.93213E-06, 2.37183E-08
293, 1.46502E-05, 7.65104E-06, 4.80368E-06, 2.35257E-08
294, 1.43736E-05, 7.43549E-06, 4.67408E-06, 2.33055E-08
295, 1.40907E-05, 7.22155E-06, 4.54355E-06, 2.30592E-08
296, 1.38021E-05, 7.00932E-06, 4.41227E-06, 2.27881E-08
297, 1.35083E-05, 6.79884E-06, 4.28042E-06, 2.24935E-08
298, 1.32100E-05, 6.59021E-06, 4.14820E-06, 2.21768E-08
299, 1.29077E-05, 6.38348E-06, 4.01580E-06, 2.18393E-08
300, 1.26019E-05, 6.18319E-06, 3.88338E-06, 2.15530E-08
301, 1.22933E-05, 6.09765E-06, 3.75112E-06, 2.13114E-08
302, 1.19822E-05, 6.01075E-06, 3.61920E-06, 2.10631E-08
303, 1.16693E-05, 5.92261E-06, 3.48779E-06, 2.08090E-08
304, 1.13550E-05, 5.83336E-06, 3.35703E-06, 2.05497E-08
305, 1.10399E-05, 5.74310E-06, 3.22710E-06, 2.03571E-08
306, 1.07244E-05, 5.65196E-06, 3.09814E-06, 2.03154E-08
307, 1.04090E-05, 5.56005E-06, 2.97029E-06, 2.02698E-08
308, 1.00942E-05, 5.46747E-06, 2.84371E-06, 2.02207E-08
309, 9.78040E-06, 5.37433E-06, 2.71852E-06, 2.01684E-08
310, 9.46803E-06, 5.28074E-06, 2.59485E-06, 2.01132E-08
311, 9.15752E-06, 5.18680E-06, 2.47283E-06, 2.00552E-08
312, 8.84926E-06, 5.09261E-06, 2.35258E-06, 1.99947E-08
313, 8.54364E-06, 4.99826E-06, 2.23421E-06, 1.99319E-08
314, 8.24102E-06, 4.90386E-06, 2.20980E-06, 1.98671E-08
315, 7.94176E-06, 4.80948E-06, 2.19840E-06, 1.98003E-08
316, 7.64619E-06, 4.71523E-06, 2.18483E-06, 1.97318E-08
317, 7.35463E-06, 4.62117E-06, 2.16918E-06, 1.96617E-08
318, 7.06739E-06, 4.52741E-06, 2.15154E-06, 1.95901E-08
319, 6.78474E-06, 4.43401E-06, 2.13198E-06, 1.95171E-08
320, 6.76053E-06, 4.34106E-06, 2.11060E-06, 1.94427E-08
321, 6.81128E-06, 4.26005E-06, 2.08748E-06, 1.93672E-08
322, 6.85534E-06, 4.24322E-06, 2.06270E-06, 1.92905E-08
323, 6.89269E-06, 4.22490E-06, 2.03637E-06, 1.94253E-08
324, 6.92332E-06, 4.20512E-06, 2.00856E-06, 1.95578E-08
325, 6.94724E-06, 4.18389E-06, 1.99237E-06, 1.96807E-08
326, 6.96447E-06, 4.16125E-06, 1.98999E-06, 1.97939E-08
327, 6.97502E-06, 4.13721E-06, 1.98732E-06, 1.98972E-08
328, 6.97897E-06, 4.11182E-06, 1.99105E-06, 1.99906E-08
329, 6.97633E-06, 4.08508E-06, 1.99690E-06, 2.00740E-08
330, 6.96718E-06, 4.05703E-06, 2.00242E-06, 2.01474E-08
331, 6.95158E-06, 4.02770E-06, 2.00762E-06, 2.02108E-08
332, 6.92960E-06, 3.99711E-06, 2.01249E-06, 2.02642E-08
333, 6.90135E-06, 3.96733E-06, 2.01703E-06, 2.03075E-08
334, 6.86691E-06, 3.96671E-06, 2.02124E-06, 2.03406E-08
335, 6.82640E-06, 3.96469E-06, 2.02513E-06, 2.03637E-08
336, 6.77992E-06, 3.96125E-06, 2.02868E-06, 2.03768E-08
337, 6.72761E-06, 3.95642E-06, 2.03191E-06, 2.03798E-08
338, 6.66960E-06, 3.95021E-06, 2.03481E-06, 2.03943E-08
339, 6.60602E-06, 3.94261E-06, 2.03739E-06, 2.04798E-08
340, 6.53703E-06, 3.93365E-06, 2.03963E-06, 2.05563E-08
341, 6.46277E-06, 3.92334E-06, 2.04156E-06, 2.06239E-08
342, 6.38341E-06, 3.91169E-06, 2.04316E-06, 2.06825E-08
343, 6.29911E-06, 3.89871E-06, 2.04444E-06, 2.07322E-08
344, 6.21005E-06, 3.88441E-06, 2.04540E-06, 2.07730E-08
345, 6.11640E-06, 3.86882E-06, 2.04604E-06, 2.08048E-08
346, 6.01834E-06, 3.85195E-06, 2.04637E-06, 2.08278E-08
347, 5.91606E-06, 3.83382E-06, 2.04639E-06, 2.08419E-08
348, 5.80976E-06, 3.81444E-06, 2.04609E-06, 2.08472E-08
349, 5.69962E-06, 3.79383E-06, 2.04550E-06, 2.08436E-08
350, 5.58584E-06, 3.77202E-06, 2.04460E-06, 2.09001E-08
351, 5.46862E-06, 3.74901E-06, 2.04340E-06, 2.10094E-08
352, 5.34816E-06, 3.72483E-06, 2.04191E-06, 2.11100E-08
353, 5.22467E-06, 3.69950E-06, 2.04013E-06, 2.12018E-08
354, 5.09835E-06, 3.67305E-06, 2.03806E-06, 2.12847E-08
355, 4.96942E-06, 3.64548E-06, 2.03571E-06, 2.13585E-08
356, 4.83807E-06, 3.62912E-06, 2.03308E-06, 2.14233E-08
357, 4.70451E-06, 3.62930E-06, 2.03017E-06, 2.14791E-08
358, 4.56896E-06, 3.62827E-06, 2.02700E-06, 2.15255E-08
359, 4.43161E-06, 3.62603E-06, 2.02357E-06, 2.15627E-08
360, 4.29268E-06, 3.62259E-06, 2.02102E-06, 2.15905E-08
361, 4.20618E-06, 3.61795E-06, 2.02588E-06, 2.16089E-08
362, 4.19744E-06, 3.61211E-06, 2.03043E-06, 2.16178E-08
363, 4.19013E-06, 3.60507E-06, 2.03468E-06, 2.16173E-08
364, 4.18421E-06, 3.59685E-06, 2.03861E-06, 2.16071E-08
365, 4.17965E-06, 3.58745E-06, 2.04224E-06, 2.16026E-08
366, 4.17641E-06, 3.57688E-06, 2.04555E-06, 2.16892E-08
367, 4.17444E-06, 3.56515E-06, 2.04856E-06, 2.17672E-08
368, 4.17370E-06, 3.55226E-06, 2.05126E-06, 2.18365E-08
369, 4.17415E-06, 3.53822E-06, 2.05366E-06, 2.18971E-08
370, 4.17573E-06, 3.52305E-06, 2.05576E-06, 2.19489E-08
371, 4.17838E-06, 3.50675E-06, 2.05756E-06, 2.19918E-08
372, 4.18204E-06, 3.48934E-06, 2.05905E-06, 2.20258E-08
373, 4.18666E-06, 3.47083E-06, 2.06026E-06, 2.20510E-08
374, 4.19217E-06, 3.45123E-06, 2.06116E-06, 2.20671E-08
375, 4.21315E-06, 3.43056E-06, 2.06178E-06, 2.20742E-08
376, 4.26421E-06, 3.40882E-06, 2.06211E-06, 2.20723E-08
377, 4.31499E-06, 3.38604E-06, 2.06216E-06, 2.20613E-08
378, 4.36552E-06, 3.36223E-06, 2.06192E-06, 2.20413E-08
379, 4.41584E-06, 3.33741E-06, 2.06141E-06, 2.20126E-08
380, 4.46596E-06, 3.33537E-06, 2.06062E-06, 2.20916E-08
381, 4.51590E-06, 3.33685E-06, 2.05956E-06, 2.21614E-08
382, 4.56569E-06, 3.33727E-06, 2.05824E-06, 2.22219E-08
383, 4.61533E-06, 3.33662E-06, 2.05665E-06, 2.22731E-08
384, 4.66483E-06, 3.33490E-06, 2.05481E-06, 2.23149E-08
385, 4.71420E-06, 3.33212E-06, 2.05271E-06, 2.23472E-08
386, 4.76343E-06, 3.32826E-06, 2.05037E-06, 2.23700E-08
387, 4.81253E-06, 3.32333E-06, 2.04778E-06, 2.23831E-08
388, 4.86148E-06, 3.31734E-06, 2.04496E-06, 2.23866E-08
389, 4.91027E-06, 3.31027E-06, 2.04189E-06, 2.23804E-08
390, 4.95889E-06, 3.30215E-06, 2.03860E-06, 2.23645E-08
391, 5.00732E-06, 3.29295E-06, 2.03509E-06, 2.23388E-08
392, 5.05555E-06, 3.28270E-06, 2.03136E-06, 2.23033E-08
393, 5.10354E-06, 3.27139E-06, 2.02741E-06, 2.23062E-08
394, 5.15128E-06, 3.25902E-06, 2.02539E-06, 2.23774E-08
395, 5.19874E-06, 3.24561E-06, 2.02765E-06, 2.24398E-08
396, 5.24587E-06, 3.23116E-06, 2.02966E-06, 2.24933E-08
397, 5.29266E-06, 3.21568E-06, 2.03142E-06, 2.25379E-08
398, 5.33906E-06, 3.19917E-06, 2.03293E-06, 2.25736E-08
399, 5.38504E-06, 3.18163E-06, 2.03419E-06, 2.26002E-08
400, 5.43056E-06, 3.16961E-06, 2.03521E-06, 2.26177E-08
401, 5.47558E-06, 3.18120E-06, 2.03598E-06, 2.26262E-08
402, 5.52006E-06, 3.19188E-06, 2.03651E-06, 2.26254E-08
403, 5.56394E-06, 3.20168E-06, 2.03680E-06, 2.26155E-08
404, 5.60720E-06, 3.21061E-06, 2.03686E-06, 2.25964E-08
405, 5.64977E-06, 3.21868E-06, 2.03760E-06, 2.25681E-08
406, 5.69162E-06, 3.22592E-06, 2.03833E-06, 2.25305E-08
407, 5.73270E-06, 3.23234E-06, 2.03881E-06, 2.24836E-08
408, 5.77295E-06, 3.23796E-06, 2.03904E-06, 2.24274E-08
409, 5.81234E-06, 3.24279E-06, 2.03934E-06, 2.23619E-08
410, 5.85080E-06, 3.24686E-06, 2.04613E-06, 2.23876E-08
411, 5.88830E-06, 3.25018E-06, 2.05267E-06, 2.24041E-08
412, 5.92477E-06, 3.25277E-06, 2.05897E-06, 2.24108E-08
413, 5.96018E-06, 3.25465E-06, 2.06503E-06, 2.24077E-08
414, 5.99447E-06, 3.25582E-06, 2.07083E-06, 2.23947E-08
415, 6.02760E-06, 3.25632E-06, 2.07640E-06, 2.23716E-08
416, 6.05951E-06, 3.25615E-06, 2.08171E-06, 2.23386E-08
417, 6.09016E-06, 3.25534E-06, 2.08678E-06, 2.22954E-08
418, 6.11951E-06, 3.25390E-06, 2.09159E-06, 2.22421E-08
419, 6.14749E-06, 3.25184E-06, 2.09616E-06, 2.21785E-08
420, 6.17408E-06, 3.24919E-06, 2.10049E-06, 2.21151E-08
421, 6.19921E-06, 3.24597E-06, 2.10456E-06, 2.21622E-08
422, 6.22286E-06, 3.24218E-06, 2.10839E-06, 2.21997E-08
423, 6.24498E-06, 3.23785E-06, 2.11198E-06, 2.22277E-08
424, 6.26553E-06, 3.23299E-06, 2.11531E-06, 2.22460E-08
425, 6.28446E-06, 3.22762E-06, 2.11840E-06, 2.22545E-08
426, 6.30175E-06, 3.22175E-06, 2.12125E-06, 2.22532E-08
427, 6.31734E-06, 3.21541E-06, 2.12386E-06, 2.22419E-08
428, 6.33122E-06, 3.20860E-06, 2.12622E-06, 2.22207E-08
429, 6.34334E-06, 3.20135E-06, 2.12835E-06, 2.21895E-08
430, 6.35367E-06, 3.19367E-06, 2.13023E-06, 2.21482E-08
431, 6.36219E-06, 3.18558E-06, 2.13188E-06, 2.20967E-08
432, 6.36886E-06, 3.17710E-06, 2.13427E-06, 2.20351E-08
433, 6.37366E-06, 3.16824E-06, 2.14676E-06, 2.19633E-08
434, 6.37657E-06, 3.15901E-06, 2.15864E-06, 2.18813E-08
435, 6.37756E-06, 3.15322E-06, 2.16993E-06, 2.17891E-08
436, 6.37661E-06, 3.15753E-06, 2.18061E-06, 2.16867E-08
437, 6.37370E-06, 3.16130E-06, 2.19069E-06, 2.15741E-08
438, 6.36882E-06, 3.16453E-06, 2.20015E-06, 2.14512E-08
439, 6.36195E-06, 3.16722E-06, 2.20901E-06, 2.13182E-08
440, 6.35308E-06, 3.16935E-06, 2.21725E-06, 2.12032E-08
441, 6.34221E-06, 3.17095E-06, 2.22488E-06, 2.11324E-08
442, 6.32931E-06, 3.17199E-06, 2.23189E-06, 2.10510E-08
443, 6.31440E-06, 3.17248E-06, 2.23829E-06, 2.09591E-08
444, 6.29745E-06, 3.17243E-06, 2.24408E-06, 2.08567E-08
445, 6.27848E-06, 3.17182E-06, 2.24926E-06, 2.07437E-08
446, 6.25747E-06, 3.17067E-06, 2.25382E-06, 2.06203E-08
447, 6.23444E-06, 3.16897E-06, 2.25778E-06, 2.04864E-08
448, 6.20939E-06, 3.16672E-06, 2.26114E-06, 2.04644E-08
449, 6.18231E-06, 3.16392E-06, 2.26389E-06, 2.04454E-08
450, 6.15324E-06, 3.16057E-06, 2.27103E-06, 2.04165E-08
451, 6.12216E-06, 3.15668E-06, 2.29029E-06, 2.03780E-08
452, 6.08910E-06, 3.15225E-06, 2.30896E-06, 2.03297E-08
453, 6.05406E-06, 3.14727E-06, 2.32701E-06, 2.02718E-08
454, 6.01707E-06, 3.14176E-06, 2.34444E-06, 2.02042E-08
455, 5.97815E-06, 3.13571E-06, 2.36124E-06, 2.01270E-08
456, 5.93730E-06, 3.12912E-06, 2.37740E-06, 2.00403E-08
457, 5.89456E-06, 3.12200E-06, 2.39291E-06, 1.99441E-08
458, 5.84994E-06, 3.12767E-06, 2.40777E-06, 1.98384E-08
459, 5.80347E-06, 3.13552E-06, 2.42197E-06, 1.97234E-08
460, 5.75518E-06, 3.14285E-06, 2.43550E-06, 1.95992E-08
461, 5.70510E-06, 3.14966E-06, 2.44835E-06, 1.94659E-08
462, 5.65325E-06, 3.15594E-06, 2.46053E-06, 1.93235E-08
463, 5.59966E-06, 3.16169E-06, 2.47202E-06, 1.91721E-08
464, 5.54436E-06, 3.16691E-06, 2.48282E-06, 1.90120E-08
465, 5.48740E-06, 3.17159E-06, 2.49293E-06, 1.88432E-08
466, 5.42880E-06, 3.17573E-06, 2.50235E-06, 1.86659E-08
467, 5.36861E-06, 3.18638E-06, 2.51106E-06, 1.84802E-08
468, 5.30685E-06, 3.19914E-06, 2.51908E-06, 1.82862E-08
469, 5.24357E-06, 3.21159E-06, 2.52640E-06, 1.80842E-08
470, 5.17879E-06, 3.22371E-06, 2.53302E-06, 1.78742E-08
471, 5.11258E-06, 3.23551E-06, 2.53894E-06, 1.76699E-08
472, 5.04495E-06, 3.24699E-06, 2.54416E-06, 1.75090E-08
473, 4.97596E-06, 3.25815E-06, 2.54869E-06, 1.75119E-08
474, 4.90564E-06, 3.26899E-06, 2.55251E-06, 1.75963E-08
475, 4.83405E-06, 3.27951E-06, 2.55564E-06, 1.76779E-08
476, 4.76121E-06, 3.28971E-06, 2.55809E-06, 1.77567E-08
477, 4.68719E-06, 3.29959E-06, 2.55984E-06, 1.78327E-08
478, 4.61201E-06, 3.30915E-06, 2.56091E-06, 1.79057E-08
479, 4.53573E-06, 3.31840E-06, 2.56622E-06, 1.79759E-08
480, 4.45839E-06, 3.32732E-06, 2.58175E-06, 1.80430E-08
481, 4.38004E-06, 3.33593E-06, 2.59674E-06, 1.81070E-08
482, 4.30071E-06, 3.34422E-06, 2.61118E-06, 1.81680E-08
483, 4.22047E-06, 3.35219E-06, 2.62506E-06, 1.82259E-08
484, 4.13935E-06, 3.35984E-06, 2.63837E-06, 1.82806E-08
485, 4.05740E-06, 3.36717E-06, 2.65110E-06, 1.83320E-08
486, 3.97466E-06, 3.37419E-06, 2.66325E-06, 1.83802E-08
487, 3.89119E-06, 3.38088E-06, 2.67480E-06, 1.84251E-08
488, 3.80702E-06, 3.38726E-06, 2.68574E-06, 1.84667E-08
489, 3.72221E-06, 3.39331E-06, 2.69607E-06, 1.85049E-08
490, 3.63679E-06, 3.39904E-06, 2.70579E-06, 1.85397E-08
491, 3.55082E-06, 3.40446E-06, 2.71487E-06, 1.85710E-08
492, 3.51040E-06, 3.40955E-06, 2.72333E-06, 1.85989E-08
493, 3.50830E-06, 3.41431E-06, 2.73115E-06, 1.86232E-08
494, 3.50447E-06, 3.41876E-06, 2.73833E-06, 1.86441E-08
495, 3.49893E-06, 3.42288E-06, 2.74487E-06, 1.86614E-08
496, 3.49171E-06, 3.42667E-06, 2.75731E-06, 1.87062E-08
497, 3.48283E-06, 3.43014E-06, 2.77324E-06, 1.87830E-08
498, 3.47231E-06, 3.43328E-06, 2.78879E-06, 1.88548E-08
499, 3.46020E-06, 3.43609E-06, 2.80397E-06, 1.89216E-08
500, 3.44651E-06, 3.43858E-06, 2.81877E-06, 1.89834E-08
501, 3.43128E-06, 3.44073E-06, 2.83317E-06, 1.90402E-08
502, 3.41455E-06, 3.44255E-06, 2.84717E-06, 1.90920E-08
503, 3.39633E-06, 3.44403E-06, 2.86076E-06, 1.91389E-08
504, 3.37668E-06, 3.44518E-06, 2.87393E-06, 1.91808E-08
505, 3.35562E-06, 3.44599E-06, 2.88667E-06, 1.92179E-08
506, 3.33318E-06, 3.44647E-06, 2.89898E-06, 1.92500E-08
507, 3.30941E-06, 3.44660E-06, 2.91084E-06, 1.92773E-08
508, 3.28434E-06, 3.44639E-06, 2.92225E-06, 1.92998E-08
509, 3.25800E-06, 3.44584E-06, 2.93319E-06, 1.93174E-08
510, 3.23044E-06, 3.44494E-06, 2.94366E-06, 1.93303E-08
511, 3.20170E-06, 3.44370E-06, 2.95366E-06, 1.93385E-08
512, 3.17180E-06, 3.44210E-06, 2.96317E-06, 1.93420E-08
513, 3.14080E-06, 3.44016E-06, 2.97219E-06, 1.93409E-08
514, 3.10873E-06, 3.43785E-06, 2.98071E-06, 1.93352E-08
515, 3.07563E-06, 3.43520E-06, 2.98872E-06, 1.93249E-08
516, 3.04153E-06, 3.43218E-06, 2.99621E-06, 1.93102E-08
517, 3.00648E-06, 3.42880E-06, 3.00319E-06, 1.92910E-08
518, 2.97052E-06, 3.42506E-06, 3.00964E-06, 1.92675E-08
519, 2.93369E-06, 3.42096E-06, 3.01556E-06, 1.92397E-08
520, 2.89602E-06, 3.41649E-06, 3.02094E-06, 1.92077E-08
521, 2.85755E-06, 3.41165E-06, 3.02578E-06, 1.91714E-08
522, 2.81833E-06, 3.40643E-06, 3.03007E-06, 1.91310E-08
523, 2.77839E-06, 3.40084E-06, 3.03381E-06, 1.90866E-08
524, 2.73776E-06, 3.39487E-06, 3.03700E-06, 1.90382E-08
525, 2.69650E-06, 3.38886E-06, 3.03962E-06, 1.89859E-08
526, 2.65463E-06, 3.38576E-06, 3.04168E-06, 1.89594E-08
527, 2.61219E-06, 3.38234E-06, 3.04317E-06, 1.89651E-08
528, 2.56922E-06, 3.37861E-06, 3.04410E-06, 1.89658E-08
529, 2.52575E-06, 3.37456E-06, 3.04445E-06, 1.89615E-08
530, 2.48182E-06, 3.37018E-06, 3.04423E-06, 1.89523E-08
531, 2.43747E-06, 3.36548E-06, 3.04344E-06, 1.89383E-08
532, 2.39272E-06, 3.36045E-06, 3.04207E-06, 1.89196E-08
533, 2.34762E-06, 3.35508E-06, 3.04012E-06, 1.88963E-08
534, 2.30219E-06, 3.34938E-06, 3.03759E-06, 1.88685E-08
535, 2.25647E-06, 3.34335E-06, 3.03449E-06, 1.88363E-08
536, 2.27624E-06, 3.33697E-06, 3.03081E-06, 1.87998E-08
537, 2.30204E-06, 3.33024E-06, 3.02655E-06, 1.87591E-08
538, 2.32777E-06, 3.32317E-06, 3.02172E-06, 1.87142E-08
539, 2.35344E-06, 3.31575E-06, 3.01632E-06, 1.86654E-08
540, 2.37903E-06, 3.30798E-06, 3.01034E-06, 1.86126E-08
541, 2.40454E-06, 3.29985E-06, 3.01050E-06, 1.85560E-08
542, 2.42998E-06, 3.29136E-06, 3.01785E-06, 1.84956E-08
543, 2.45535E-06, 3.28251E-06, 3.02467E-06, 1.84316E-08
544, 2.48063E-06, 3.27330E-06, 3.03095E-06, 1.83641E-08
545, 2.50583E-06, 3.26372E-06, 3.03670E-06, 1.82932E-08
546, 2.53096E-06, 3.25377E-06, 3.04193E-06, 1.82189E-08
547, 2.55599E-06, 3.24345E-06, 3.04664E-06, 1.81414E-08
548, 2.58094E-06, 3.23276E-06, 3.05084E-06, 1.80608E-08
549, 2.60581E-06, 3.22169E-06, 3.05453E-06, 1.79771E-08
550, 2.63058E-06, 3.21025E-06, 3.05772E-06, 1.78905E-08
551, 2.65527E-06, 3.19842E-06, 3.06041E-06, 1.78010E-08
552, 2.67986E-06, 3.18621E-06, 3.06262E-06, 1.77087E-08
553, 2.70436E-06, 3.17362E-06, 3.06433E-06, 1.76139E-08
554, 2.72877E-06, 3.16064E-06, 3.06557E-06, 1.75164E-08
555, 2.75307E-06, 3.14727E-06, 3.06632E-06, 1.74164E-08
556, 2.77729E-06, 3.13352E-06, 3.06661E-06, 1.73140E-08
557, 2.80140E-06, 3.11937E-06, 3.06643E-06, 1.72222E-08
558, 2.83447E-06, 3.10483E-06, 3.06580E-06, 1.71775E-08
559, 2.86883E-06, 3.09442E-06, 3.06470E-06, 1.71293E-08
560, 2.90294E-06, 3.08649E-06, 3.06316E-06, 1.70778E-08
561, 2.93680E-06, 3.07825E-06, 3.06117E-06, 1.70232E-08
562, 2.97040E-06, 3.06970E-06, 3.05874E-06, 1.69654E-08
563, 3.00373E-06, 3.06085E-06, 3.05587E-06, 1.69046E-08
564, 3.03681E-06, 3.05169E-06, 3.05257E-06, 1.68409E-08
565, 3.06961E-06, 3.04222E-06, 3.07228E-06, 1.67743E-08
566, 3.10214E-06, 3.03244E-06, 3.09862E-06, 1.67051E-08
567, 3.13439E-06, 3.02235E-06, 3.12445E-06, 1.66333E-08
568, 3.16636E-06, 3.01195E-06, 3.14977E-06, 1.65588E-08
569, 3.19804E-06, 3.00124E-06, 3.17459E-06, 1.64820E-08
570, 3.22944E-06, 2.99022E-06, 3.19890E-06, 1.64028E-08
571, 3.26054E-06, 2.97888E-06, 3.22270E-06, 1.63214E-08
572, 3.29135E-06, 2.96724E-06, 3.24599E-06, 1.62378E-08
573, 3.32186E-06, 2.95528E-06, 3.26878E-06, 1.61521E-08
574, 3.35207E-06, 2.94739E-06, 3.29105E-06, 1.60644E-08
575, 3.38198E-06, 2.94291E-06, 3.31281E-06, 1.59749E-08
576, 3.41158E-06, 2.94047E-06, 3.33405E-06, 1.58834E-08
577, 3.44087E-06, 2.94077E-06, 3.35479E-06, 1.57903E-08
578, 3.46984E-06, 2.94088E-06, 3.37502E-06, 1.56955E-08
579, 3.49850E-06, 2.94080E-06, 3.39473E-06, 1.55991E-08
580, 3.52685E-06, 2.94054E-06, 3.41393E-06, 1.55012E-08
581, 3.55487E-06, 2.94009E-06, 3.43263E-06, 1.54018E-08
582, 3.58257E-06, 2.93945E-06, 3.45081E-06, 1.53011E-08
583, 3.60994E-06, 2.93863E-06, 3.46848E-06, 1.51992E-08
584, 3.63699E-06, 2.93761E-06, 3.48565E-06, 1.50960E-08
585, 3.66371E-06, 2.93641E-06, 3.50230E-06, 1.49917E-08
586, 3.69010E-06, 2.93501E-06, 3.51845E-06, 1.48863E-08
587, 3.71615E-06, 2.93343E-06, 3.53409E-06, 1.47800E-08
588, 3.74188E-06, 2.93166E-06, 3.54923E-06, 1.46727E-08
589, 3.76726E-06, 2.92969E-06, 3.56386E-06, 1.45645E-08
590, 3.79231E-06, 2.92754E-06, 3.57799E-06, 1.44966E-08
591, 3.81702E-06, 2.92520E-06, 3.59162E-06, 1.44422E-08
592, 3.84138E-06, 2.92268E-06, 3.60474E-06, 1.43861E-08
593, 3.86541E-06, 2.91996E-06, 3.61737E-06, 1.43283E-08
594, 3.88909E-06, 2.91705E-06, 3.62950E-06, 1.42688E-08
595, 3.91242E-06, 2.91396E-06, 3.64113E-06, 1.42078E-08
596, 3.93541E-06, 2.91068E-06, 3.65226E-06, 1.41452E-08
597, 3.95806E-06, 2.90721E-06, 3.66291E-06, 1.40813E-08
598, 3.98035E-06, 2.90356E-06, 3.67306E-06, 1.40160E-08
599, 4.00230E-06, 2.89972E-06, 3.68272E-06, 1.39494E-08
600, 4.02389E-06, 2.89570E-06, 3.69189E-06, 1.38816E-08
601, 4.04514E-06, 2.89150E-06, 3.70058E-06, 1.38126E-08
602, 4.06603E-06, 2.88711E-06, 3.70878E-06, 1.37426E-08
603, 4.08657E-06, 2.88254E-06, 3.71649E-06, 1.36715E-08
604, 4.10676E-06, 2.87779E-06, 3.72373E-06, 1.35994E-08
605, 4.12659E-06, 2.87286E-06, 3.73049E-06, 1.35265E-08
606, 4.14607E-06, 2.86776E-06, 3.73677E-06, 1.34527E-08
607, 4.16520E-06, 2.86247E-06, 3.74258E-06, 1.33781E-08
608, 4.18397E-06, 2.85701E-06, 3.74791E-06, 1.33027E-08
609, 4.20238E-06, 2.85137E-06, 3.75277E-06, 1.32267E-08
610, 4.22044E-06, 2.84556E-06, 3.75717E-06, 1.31500E-08
611, 4.23814E-06, 2.83958E-06, 3.76110E-06, 1.30728E-08
612, 4.25548E-06, 2.83342E-06, 3.76457E-06, 1.29950E-08
613, 4.27247E-06, 2.82710E-06, 3.76757E-06, 1.29168E-08
614, 4.28909E-06, 2.82061E-06, 3.77012E-06, 1.28381E-08
615, 4.30537E-06, 2.81395E-06, 3.77220E-06, 1.27591E-08
616, 4.32128E-06, 2.80712E-06, 3.77384E-06, 1.26796E-08
617, 4.33683E-06, 2.80013E-06, 3.77502E-06, 1.25999E-08
618, 4.35203E-06, 2.79298E-06, 3.77576E-06, 1.25200E-08
619, 4.36687E-06, 2.78566E-06, 3.77605E-06, 1.24398E-08
620, 4.38135E-06, 2.77819E-06, 3.77589E-06, 1.23594E-08
621, 4.39548E-06, 2.77055E-06, 3.77529E-06, 1.22789E-08
622, 4.41036E-06, 2.76276E-06, 3.77426E-06, 1.21982E-08
623, 4.43227E-06, 2.75481E-06, 3.77279E-06, 1.21175E-08
624, 4.45363E-06, 2.74671E-06, 3.77089E-06, 1.20376E-08
625, 4.47443E-06, 2.73845E-06, 3.76855E-06, 1.20047E-08
626, 4.49466E-06, 2.73005E-06, 3.76579E-06, 1.19710E-08
627, 4.51433E-06, 2.72149E-06, 3.76261E-06, 1.19363E-08
628, 4.53342E-06, 2.71278E-06, 3.75900E-06, 1.19009E-08
629, 4.55194E-06, 2.70392E-06, 3.75498E-06, 1.18647E-08
630, 4.56988E-06, 2.69492E-06, 3.75054E-06, 1.18278E-08
631, 4.58725E-06, 2.68577E-06, 3.74569E-06, 1.17902E-08
632, 4.60404E-06, 2.67648E-06, 3.74043E-06, 1.17519E-08
633, 4.62025E-06, 2.67300E-06, 3.73476E-06, 1.17130E-08
634, 4.63588E-06, 2.66988E-06, 3.72869E-06, 1.16735E-08
635, 4.65093E-06, 2.66630E-06, 3.72222E-06, 1.16334E-08
636, 4.66539E-06, 2.66224E-06, 3.71535E-06, 1.15928E-08
637, 4.67927E-06, 2.65771E-06, 3.70809E-06, 1.15516E-08
638, 4.69257E-06, 2.65270E-06, 3.70044E-06, 1.15100E-08
639, 4.70528E-06, 2.64721E-06, 3.69240E-06, 1.14679E-08
640, 4.71740E-06, 2.64125E-06, 3.68398E-06, 1.14254E-08
641, 4.72894E-06, 2.63481E-06, 3.67518E-06, 1.13825E-08
642, 4.73990E-06, 2.62788E-06, 3.66601E-06, 1.13391E-08
643, 4.75027E-06, 2.62048E-06, 3.65646E-06, 1.12954E-08
644, 4.76005E-06, 2.61260E-06, 3.64654E-06, 1.12513E-08
645, 4.76925E-06, 2.60425E-06, 3.63625E-06, 1.12068E-08
646, 4.77787E-06, 2.59541E-06, 3.62561E-06, 1.11620E-08
647, 4.78590E-06, 2.58610E-06, 3.61460E-06, 1.11169E-08
648, 4.79336E-06, 2.57632E-06, 3.60324E-06, 1.10715E-08
649, 4.80023E-06, 2.56606E-06, 3.59153E-06, 1.10258E-08
650, 4.80653E-06, 2.55533E-06, 3.57947E-06, 1.09797E-08
651, 4.81225E-06, 2.54412E-06, 3.56706E-06, 1.09334E-08
652, 4.81739E-06, 2.53245E-06, 3.55432E-06, 1.08868E-08
653, 4.82197E-06, 2.52031E-06, 3.54124E-06, 1.08400E-08
654, 4.82597E-06, 2.53316E-06, 3.52782E-06, 1.07928E-08
655, 4.82940E-06, 2.55424E-06, 3.51408E-06, 1.07735E-08
656, 4.83226E-06, 2.57505E-06, 3.50001E-06, 1.08131E-08
657, 4.83456E-06, 2.59560E-06, 3.48563E-06, 1.08493E-08
658, 4.83630E-06, 2.61587E-06, 3.47092E-06, 1.08821E-08
659, 4.83747E-06, 2.63587E-06, 3.45591E-06, 1.09116E-08
660, 4.83809E-06, 2.65558E-06, 3.44058E-06, 1.09377E-08
661, 4.83816E-06, 2.67501E-06, 3.42495E-06, 1.09604E-08
662, 4.83767E-06, 2.69416E-06, 3.40902E-06, 1.09799E-08
663, 4.83664E-06, 2.71302E-06, 3.39279E-06, 1.09962E-08
664, 4.83506E-06, 2.73158E-06, 3.37628E-06, 1.10093E-08
665, 4.83294E-06, 2.74985E-06, 3.35947E-06, 1.10193E-08
666, 4.83028E-06, 2.76781E-06, 3.34238E-06, 1.10262E-08
667, 4.82709E-06, 2.78548E-06, 3.32501E-06, 1.10301E-08
668, 4.82336E-06, 2.80284E-06, 3.30737E-06, 1.10309E-08
669, 4.81911E-06, 2.82766E-06, 3.28945E-06, 1.10289E-08
670, 4.81433E-06, 2.85296E-06, 3.27127E-06, 1.10240E-08
671, 4.80904E-06, 2.87790E-06, 3.25283E-06, 1.10163E-08
672, 4.80322E-06, 2.90248E-06, 3.23413E-06, 1.10058E-08
673, 4.79690E-06, 2.92670E-06, 3.21518E-06, 1.09927E-08
674, 4.79006E-06, 2.95055E-06, 3.19598E-06, 1.09769E-08
675, 4.78272E-06, 2.97402E-06, 3.17653E-06, 1.09586E-08
676, 4.77488E-06, 2.99711E-06, 3.15685E-06, 1.09378E-08
677, 4.76655E-06, 3.01983E-06, 3.13693E-06, 1.09146E-08
678, 4.75772E-06, 3.04215E-06, 3.11678E-06, 1.08890E-08
679, 4.74840E-06, 3.06409E-06, 3.09640E-06, 1.08612E-08
680, 4.73860E-06, 3.08562E-06, 3.07581E-06, 1.08311E-08
681, 4.72832E-06, 3.10676E-06, 3.05500E-06, 1.07990E-08
682, 4.71757E-06, 3.12750E-06, 3.03398E-06, 1.07648E-08
683, 4.70635E-06, 3.14783E-06, 3.01275E-06, 1.07286E-08
684, 4.69466E-06, 3.16775E-06, 2.99132E-06, 1.06905E-08
685, 4.68250E-06, 3.18726E-06, 2.96969E-06, 1.06506E-08
686, 4.67406E-06, 3.20635E-06, 2.94787E-06, 1.06090E-08
687, 4.67023E-06, 3.22503E-06, 2.92586E-06, 1.05657E-08
688, 4.66602E-06, 3.24327E-06, 2.90367E-06, 1.05208E-08
689, 4.66143E-06, 3.26110E-06, 2.88130E-06, 1.04745E-08
690, 4.65647E-06, 3.27849E-06, 2.85876E-06, 1.04267E-08
691, 4.65113E-06, 3.29545E-06, 2.83605E-06, 1.03776E-08
692, 4.64541E-06, 3.31198E-06, 2.81318E-06, 1.04099E-08
693, 4.63932E-06, 3.32808E-06, 2.79015E-06, 1.05047E-08
694, 4.63285E-06, 3.34373E-06, 2.76696E-06, 1.05985E-08
695, 4.62600E-06, 3.35894E-06, 2.74363E-06, 1.06914E-08
696, 4.61877E-06, 3.37371E-06, 2.72016E-06, 1.07834E-08
697, 4.61778E-06, 3.38803E-06, 2.69654E-06, 1.08744E-08
698, 4.61905E-06, 3.40191E-06, 2.67280E-06, 1.09645E-08
699, 4.61995E-06, 3.41534E-06, 2.64892E-06, 1.10538E-08
700, 4.62050E-06, 3.42831E-06, 2.62493E-06, 1.11421E-08
701, 4.62068E-06, 3.44084E-06, 2.60081E-06, 1.12296E-08
702, 4.62049E-06, 3.45291E-06, 2.57659E-06, 1.13163E-08
703, 4.61993E-06, 3.46452E-06, 2.55225E-06, 1.14022E-08
704, 4.61900E-06, 3.47568E-06, 2.52781E-06, 1.14873E-08
705, 4.61769E-06, 3.48638E-06, 2.50328E-06, 1.15716E-08
706, 4.61600E-06, 3.49662E-06, 2.47865E-06, 1.16551E-08
707, 4.61392E-06, 3.50641E-06, 2.45393E-06, 1.17380E-08
708, 4.61145E-06, 3.51573E-06, 2.42914E-06, 1.18200E-08
709, 4.60860E-06, 3.52459E-06, 2.40426E-06, 1.19015E-08
710, 4.60535E-06, 3.53300E-06, 2.37932E-06, 1.19822E-08
711, 4.60171E-06, 3.54094E-06, 2.35430E-06, 1.20623E-08
712, 4.59767E-06, 3.54842E-06, 2.32923E-06, 1.21417E-08
713, 4.59322E-06, 3.55544E-06, 2.30410E-06, 1.22205E-08
714, 4.58838E-06, 3.56199E-06, 2.27892E-06, 1.22987E-08
715, 4.58312E-06, 3.56809E-06, 2.25369E-06, 1.23764E-08
716, 4.57746E-06, 3.57372E-06, 2.22842E-06, 1.24535E-08
717, 4.57138E-06, 3.57890E-06, 2.20311E-06, 1.25300E-08
718, 4.56489E-06, 3.58361E-06, 2.17777E-06, 1.26060E-08
719, 4.55799E-06, 3.58787E-06, 2.15241E-06, 1.26815E-08
720, 4.55066E-06, 3.59166E-06, 2.12703E-06, 1.27565E-08
721, 4.54292E-06, 3.59500E-06, 2.10163E-06, 1.28310E-08
722, 4.53475E-06, 3.59788E-06, 2.07622E-06, 1.29050E-08
723, 4.52616E-06, 3.60030E-06, 2.05081E-06, 1.29786E-08
724, 4.51714E-06, 3.60228E-06, 2.02539E-06, 1.30517E-08
725, 4.50769E-06, 3.60379E-06, 1.99998E-06, 1.31245E-08
726, 4.49781E-06, 3.60486E-06, 1.97458E-06, 1.31968E-08
727, 4.48750E-06, 3.60547E-06, 1.94920E-06, 1.32687E-08
728, 4.47676E-06, 3.60564E-06, 1.92383E-06, 1.33402E-08
729, 4.46558E-06, 3.60536E-06, 1.89849E-06, 1.34114E-08
730, 4.45397E-06, 3.60463E-06, 1.87318E-06, 1.34821E-08
731, 4.44191E-06, 3.60346E-06, 1.84791E-06, 1.35525E-08
732, 4.42942E-06, 3.60213E-06, 1.82267E-06, 1.36226E-08
733, 4.41650E-06, 3.60493E-06, 1.79748E-06, 1.36923E-08
734, 4.40313E-06, 3.60724E-06, 1.77234E-06, 1.37617E-08
735, 4.38932E-06, 3.60907E-06, 1.74725E-06, 1.38307E-08
736, 4.37507E-06, 3.61042E-06, 1.72222E-06, 1.38994E-08
737, 4.36038E-06, 3.61130E-06, 1.69725E-06, 1.39678E-08
738, 4.34524E-06, 3.61170E-06, 1.67235E-06, 1.40358E-08
739, 4.32967E-06, 3.61164E-06, 1.64752E-06, 1.41036E-08
740, 4.31365E-06, 3.61111E-06, 1.62278E-06, 1.41709E-08
741, 4.29719E-06, 3.61012E-06, 1.59811E-06, 1.42380E-08
742, 4.28029E-06, 3.60868E-06, 1.57353E-06, 1.43047E-08
743, 4.26294E-06, 3.60678E-06, 1.54904E-06, 1.43711E-08
744, 4.24516E-06, 3.60443E-06, 1.52465E-06, 1.44371E-08
745, 4.22693E-06, 3.60164E-06, 1.50036E-06, 1.45028E-08
746, 4.20827E-06, 3.59840E-06, 1.47617E-06, 1.45681E-08
747, 4.18917E-06, 3.59473E-06, 1.47524E-06, 1.46330E-08
748, 4.16963E-06, 3.59063E-06, 1.47645E-06, 1.46976E-08
749, 4.14965E-06, 3.58610E-06, 1.47752E-06, 1.47617E-08
750, 4.12924E-06, 3.58114E-06, 1.47843E-06, 1.48255E-08
751, 4.10840E-06, 3.57577E-06, 1.47920E-06, 1.48888E-08
752, 4.08712E-06, 3.56998E-06, 1.47983E-06, 1.49517E-08
753, 4.06542E-06, 3.56378E-06, 1.48032E-06, 1.50141E-08
754, 4.04329E-06, 3.55718E-06, 1.48066E-06, 1.50761E-08
755, 4.02073E-06, 3.55018E-06, 1.48088E-06, 1.51375E-08
756, 3.99775E-06, 3.54279E-06, 1.48096E-06, 1.51985E-08
757, 3.97435E-06, 3.53500E-06, 1.48092E-06, 1.52589E-08
758, 3.95054E-06, 3.52683E-06, 1.48074E-06, 1.53187E-08
759, 3.92631E-06, 3.51828E-06, 1.48045E-06, 1.53779E-08
760, 3.90167E-06, 3.50935E-06, 1.48003E-06, 1.54365E-08
761, 3.87662E-06, 3.50006E-06, 1.47950E-06, 1.54945E-08
762, 3.85117E-06, 3.49040E-06, 1.47885E-06, 1.55518E-08
763, 3.82532E-06, 3.48038E-06, 1.47809E-06, 1.56084E-08
764, 3.79907E-06, 3.47001E-06, 1.47722E-06, 1.56642E-08
765, 3.77242E-06, 3.45929E-06, 1.47625E-06, 1.57193E-08
766, 3.74539E-06, 3.44822E-06, 1.47517E-06, 1.57735E-08
767, 3.71798E-06, 3.43682E-06, 1.47400E-06, 1.58269E-08
768, 3.69018E-06, 3.42509E-06, 1.47272E-06, 1.58794E-08
769, 3.66201E-06, 3.41303E-06, 1.47136E-06, 1.59310E-08
770, 3.63347E-06, 3.40064E-06, 1.46990E-06, 1.59817E-08
771, 3.60456E-06, 3.38794E-06, 1.46836E-06, 1.60313E-08
772, 3.57530E-06, 3.37494E-06, 1.46673E-06, 1.60799E-08
773, 3.54568E-06, 3.36162E-06, 1.46503E-06, 1.61274E-08
774, 3.51580E-06, 3.34801E-06, 1.46324E-06, 1.61737E-08
775, 3.48775E-06, 3.33410E-06, 1.46138E-06, 1.62189E-08
776, 3.45936E-06, 3.31990E-06, 1.45945E-06, 1.62629E-08
777, 3.43061E-06, 3.30542E-06, 1.45744E-06, 1.63056E-08
778, 3.40153E-06, 3.29066E-06, 1.45538E-06, 1.63470E-08
779, 3.37212E-06, 3.27563E-06, 1.45324E-06, 1.63871E-08
780, 3.34237E-06, 3.26034E-06, 1.45105E-06, 1.64257E-08
781, 3.31231E-06, 3.24478E-06, 1.44881E-06, 1.64629E-08
782, 3.28193E-06, 3.22896E-06, 1.44650E-06, 1.64985E-08
783, 3.25124E-06, 3.21290E-06, 1.44415E-06, 1.65327E-08
784, 3.22025E-06, 3.19659E-06, 1.44175E-06, 1.65652E-08
785, 3.18896E-06, 3.18004E-06, 1.44138E-06, 1.65960E-08
786, 3.15739E-06, 3.16326E-06, 1.44198E-06, 1.66252E-08
787, 3.12553E-06, 3.14625E-06, 1.44253E-06, 1.66525E-08
788, 3.09340E-06, 3.12902E-06, 1.44303E-06, 1.66781E-08
789, 3.06099E-06, 3.11782E-06, 1.44349E-06, 1.67019E-08
790, 3.02833E-06, 3.10673E-06, 1.44389E-06, 1.67237E-08
791, 2.99542E-06, 3.09546E-06, 1.44424E-06, 1.67435E-08
792, 2.96226E-06, 3.08401E-06, 1.44455E-06, 1.67613E-08
793, 2.92886E-06, 3.07240E-06, 1.44480E-06, 1.67771E-08
794, 2.89523E-06, 3.06061E-06, 1.44501E-06, 1.67908E-08
795, 2.86138E-06, 3.04867E-06, 1.44516E-06, 1.68023E-08
796, 2.82731E-06, 3.03657E-06, 1.44527E-06, 1.68116E-08
797, 2.79303E-06, 3.02431E-06, 1.44533E-06, 1.68186E-08
798, 2.75856E-06, 3.01190E-06, 1.44534E-06, 1.68233E-08
799, 2.72389E-06, 2.99935E-06, 1.44530E-06, 1.68257E-08
800, 2.68904E-06, 2.98665E-06, 1.44521E-06, 1.68256E-08
801, 2.65401E-06, 2.97382E-06, 1.44507E-06, 1.68231E-08
802, 2.61882E-06, 2.96084E-06, 1.44488E-06, 1.68182E-08
803, 2.58371E-06, 2.94774E-06, 1.44465E-06, 1.68106E-08
804, 2.54937E-06, 2.93450E-06, 1.44436E-06, 1.68005E-08
805, 2.54679E-06, 2.92114E-06, 1.44403E-06, 1.67878E-08
806, 2.55734E-06, 2.90766E-06, 1.44365E-06, 1.67724E-08
807, 2.56782E-06, 2.89405E-06, 1.44322E-06, 1.67543E-08
808, 2.57825E-06, 2.88033E-06, 1.44274E-06, 1.67334E-08
809, 2.58863E-06, 2.86650E-06, 1.44221E-06, 1.67098E-08
810, 2.59894E-06, 2.85255E-06, 1.44164E-06, 1.66834E-08
811, 2.60920E-06, 2.83850E-06, 1.44101E-06, 1.66541E-08
812, 2.61940E-06, 2.82434E-06, 1.44034E-06, 1.66219E-08
813, 2.62953E-06, 2.81007E-06, 1.43962E-06, 1.65868E-08
814, 2.63960E-06, 2.79571E-06, 1.43885E-06, 1.65488E-08
815, 2.64961E-06, 2.78125E-06, 1.43804E-06, 1.65078E-08
816, 2.65956E-06, 2.76669E-06, 1.43717E-06, 1.64638E-08
817, 2.66943E-06, 2.75204E-06, 1.43626E-06, 1.64168E-08
818, 2.67924E-06, 2.73873E-06, 1.43530E-06, 1.63667E-08
819, 2.68899E-06, 2.73195E-06, 1.43430E-06, 1.63136E-08
820, 2.69866E-06, 2.72500E-06, 1.43324E-06, 1.62574E-08
821, 2.70826E-06, 2.71788E-06, 1.43214E-06, 1.61981E-08
822, 2.71780E-06, 2.71057E-06, 1.43099E-06, 1.61357E-08
823, 2.72725E-06, 2.70309E-06, 1.42980E-06, 1.60702E-08
824, 2.74328E-06, 2.69542E-06, 1.42861E-06, 1.60015E-08
825, 2.76341E-06, 2.68758E-06, 1.42897E-06, 1.59297E-08
826, 2.78343E-06, 2.67955E-06, 1.42929E-06, 1.58548E-08
827, 2.80333E-06, 2.67134E-06, 1.42955E-06, 1.57767E-08
828, 2.82311E-06, 2.66294E-06, 1.42978E-06, 1.56955E-08
829, 2.84277E-06, 2.65436E-06, 1.42995E-06, 1.56111E-08
830, 2.86230E-06, 2.64558E-06, 1.43008E-06, 1.55236E-08
831, 2.88169E-06, 2.63663E-06, 1.43015E-06, 1.54329E-08
832, 2.90095E-06, 2.62748E-06, 1.43017E-06, 1.53391E-08
833, 2.92006E-06, 2.61814E-06, 1.43014E-06, 1.52422E-08
834, 2.93902E-06, 2.60860E-06, 1.43006E-06, 1.51422E-08
835, 2.95784E-06, 2.59888E-06, 1.42991E-06, 1.50391E-08
836, 2.97649E-06, 2.58896E-06, 1.42972E-06, 1.49329E-08
837, 2.99499E-06, 2.57884E-06, 1.42946E-06, 1.48236E-08
838, 3.01332E-06, 2.56853E-06, 1.42914E-06, 1.47114E-08
839, 3.03148E-06, 2.55802E-06, 1.42876E-06, 1.45961E-08
840, 3.04947E-06, 2.54731E-06, 1.42832E-06, 1.44778E-08
841, 3.06728E-06, 2.53641E-06, 1.42782E-06, 1.43565E-08
842, 3.08492E-06, 2.52530E-06, 1.42725E-06, 1.42324E-08
843, 3.10236E-06, 2.51399E-06, 1.42661E-06, 1.41053E-08
844, 3.11962E-06, 2.50248E-06, 1.42591E-06, 1.39753E-08
845, 3.13669E-06, 2.49076E-06, 1.42513E-06, 1.38426E-08
846, 3.15356E-06, 2.47885E-06, 1.42429E-06, 1.37070E-08
847, 3.17024E-06, 2.46672E-06, 1.42337E-06, 1.35687E-08
848, 3.18671E-06, 2.45440E-06, 1.42238E-06, 1.34277E-08
849, 3.20297E-06, 2.44187E-06, 1.42131E-06, 1.32840E-08
850, 3.21903E-06, 2.42913E-06, 1.42017E-06, 1.31377E-08
851, 3.23487E-06, 2.41618E-06, 1.41895E-06, 1.29888E-08
852, 3.25050E-06, 2.40303E-06, 1.41765E-06, 1.28375E-08
853, 3.26591E-06, 2.38968E-06, 1.41627E-06, 1.26836E-08
854, 3.28110E-06, 2.37611E-06, 1.41481E-06, 1.25273E-08
855, 3.29607E-06, 2.36234E-06, 1.41327E-06, 1.23686E-08
856, 3.31080E-06, 2.34836E-06, 1.41164E-06, 1.22077E-08
857, 3.32531E-06, 2.33418E-06, 1.40993E-06, 1.20445E-08
858, 3.33958E-06, 2.31978E-06, 1.40814E-06, 1.18988E-08
859, 3.35362E-06, 2.30519E-06, 1.40625E-06, 1.17704E-08
860, 3.36742E-06, 2.29038E-06, 1.40428E-06, 1.16396E-08
861, 3.38099E-06, 2.27537E-06, 1.40222E-06, 1.15065E-08
862, 3.39430E-06, 2.26015E-06, 1.40007E-06, 1.13712E-08
863, 3.40738E-06, 2.24473E-06, 1.39782E-06, 1.12337E-08
864, 3.42232E-06, 2.22911E-06, 1.39549E-06, 1.10940E-08
865, 3.43765E-06, 2.21328E-06, 1.39306E-06, 1.09523E-08
866, 3.45275E-06, 2.19764E-06, 1.39054E-06, 1.08085E-08
867, 3.46762E-06, 2.20558E-06, 1.38793E-06, 1.06627E-08
868, 3.48225E-06, 2.21334E-06, 1.38522E-06, 1.05151E-08
869, 3.49664E-06, 2.22091E-06, 1.38241E-06, 1.03655E-08
870, 3.51079E-06, 2.22830E-06, 1.37951E-06, 1.02142E-08
871, 3.52470E-06, 2.23549E-06, 1.37652E-06, 1.00612E-08
872, 3.53836E-06, 2.24251E-06, 1.37342E-06, 9.90654E-09
873, 3.55177E-06, 2.24933E-06, 1.37975E-06, 9.75025E-09
874, 3.56492E-06, 2.25596E-06, 1.38732E-06, 9.59244E-09
875, 3.57783E-06, 2.26241E-06, 1.39472E-06, 9.43318E-09
876, 3.59047E-06, 2.26866E-06, 1.40194E-06, 9.27252E-09
877, 3.60286E-06, 2.27472E-06, 1.40898E-06, 9.11050E-09
878, 3.61499E-06, 2.28059E-06, 1.41585E-06, 8.94725E-09
879, 3.62686E-06, 2.28627E-06, 1.42254E-06, 8.78275E-09
880, 3.63847E-06, 2.29176E-06, 1.42905E-06, 8.61715E-09
881, 3.64980E-06, 2.29705E-06, 1.43538E-06, 8.45049E-09
882, 3.66088E-06, 2.30215E-06, 1.44153E-06, 8.28280E-09
883, 3.67168E-06, 2.30705E-06, 1.44750E-06, 8.11420E-09
884, 3.68221E-06, 2.31176E-06, 1.45330E-06, 7.94471E-09
885, 3.69247E-06, 2.31627E-06, 1.45892E-06, 7.77442E-09
886, 3.70246E-06, 2.32058E-06, 1.46435E-06, 7.60341E-09
887, 3.71218E-06, 2.32470E-06, 1.46962E-06, 7.43172E-09
888, 3.72162E-06, 2.32862E-06, 1.47470E-06, 7.25943E-09
889, 3.73078E-06, 2.33234E-06, 1.47960E-06, 7.08659E-09
890, 3.73966E-06, 2.33586E-06, 1.48433E-06, 6.91326E-09
891, 3.74827E-06, 2.33917E-06, 1.48888E-06, 6.73955E-09
892, 3.75660E-06, 2.34229E-06, 1.49325E-06, 6.61053E-09
893, 3.76465E-06, 2.34521E-06, 1.49744E-06, 6.50035E-09
894, 3.77241E-06, 2.34793E-06, 1.50146E-06, 6.38950E-09
895, 3.77990E-06, 2.35044E-06, 1.50990E-06, 6.27797E-09
896, 3.78710E-06, 2.35275E-06, 1.52018E-06, 6.16585E-09
897, 3.79403E-06, 2.35486E-06, 1.53030E-06, 6.05318E-09
898, 3.80066E-06, 2.35676E-06, 1.54026E-06, 5.93997E-09
899, 3.80702E-06, 2.35846E-06, 1.55005E-06, 5.82629E-09
900, 3.81309E-06, 2.35995E-06, 1.55968E-06, 5.71218E-09
901, 3.81888E-06, 2.36124E-06, 1.56914E-06, 5.63307E-09
902, 3.82439E-06, 2.36232E-06, 1.57843E-06, 5.55492E-09
903, 3.82962E-06, 2.36320E-06, 1.58756E-06, 5.47575E-09
904, 3.83456E-06, 2.36387E-06, 1.59652E-06, 5.39563E-09
905, 3.83921E-06, 2.36433E-06, 1.60531E-06, 5.31457E-09
906, 3.84359E-06, 2.36459E-06, 1.61393E-06, 5.23262E-09
907, 3.84768E-06, 2.36464E-06, 1.62238E-06, 5.14981E-09
908, 3.85149E-06, 2.36449E-06, 1.63065E-06, 5.06618E-09
909, 3.85502E-06, 2.36413E-06, 1.63875E-06, 4.98415E-09
910, 3.85826E-06, 2.36356E-06, 1.64669E-06, 4.90428E-09
911, 3.86123E-06, 2.36278E-06, 1.65444E-06, 4.82362E-09
912, 3.86392E-06, 2.36179E-06, 1.66202E-06, 4.74219E-09
913, 3.86632E-06, 2.36060E-06, 1.66943E-06, 4.66002E-09
914, 3.86845E-06, 2.35920E-06, 1.67666E-06, 4.58357E-09
915, 3.87030E-06, 2.35760E-06, 1.68371E-06, 4.51082E-09
916, 3.87188E-06, 2.35578E-06, 1.69059E-06, 4.43861E-09
917, 3.87317E-06, 2.35377E-06, 1.69729E-06, 4.36701E-09
918, 3.87420E-06, 2.35154E-06, 1.70381E-06, 4.29599E-09
919, 3.87495E-06, 2.34911E-06, 1.71015E-06, 4.22683E-09
920, 3.87542E-06, 2.34647E-06, 1.71631E-06, 4.16356E-09
921, 3.87563E-06, 2.34363E-06, 1.72230E-06, 4.10092E-09
922, 3.87557E-06, 2.34320E-06, 1.72810E-06, 4.03889E-09
923, 3.87523E-06, 2.34485E-06, 1.73373E-06, 3.97755E-09
924, 3.87463E-06, 2.34630E-06, 1.73917E-06, 3.91688E-09
925, 3.87377E-06, 2.34753E-06, 1.74443E-06, 3.97705E-09
926, 3.87263E-06, 2.34856E-06, 1.74952E-06, 4.06235E-09
927, 3.87124E-06, 2.34938E-06, 1.75442E-06, 4.14573E-09
928, 3.86959E-06, 2.34999E-06, 1.75914E-06, 4.22719E-09
929, 3.86767E-06, 2.35039E-06, 1.76860E-06, 4.30668E-09
930, 3.86550E-06, 2.35058E-06, 1.77891E-06, 4.38422E-09
931, 3.86307E-06, 2.35057E-06, 1.78909E-06, 4.45975E-09
932, 3.86203E-06, 2.35035E-06, 1.79915E-06, 4.53336E-09
933, 3.86214E-06, 2.34992E-06, 1.80908E-06, 4.60495E-09
934, 3.86199E-06, 2.34929E-06, 1.81889E-06, 4.67454E-09
935, 3.86157E-06, 2.34844E-06, 1.82857E-06, 4.74214E-09
936, 3.86089E-06, 2.34739E-06, 1.83812E-06, 4.80775E-09
937, 3.85995E-06, 2.34614E-06, 1.84754E-06, 4.87133E-09
938, 3.85874E-06, 2.34468E-06, 1.85682E-06, 4.93293E-09
939, 3.85728E-06, 2.34301E-06, 1.86598E-06, 4.99250E-09
940, 3.85556E-06, 2.34113E-06, 1.87499E-06, 5.05009E-09
941, 3.85358E-06, 2.33906E-06, 1.88387E-06, 5.10566E-09
942, 3.85135E-06, 2.33677E-06, 1.89261E-06, 5.15924E-09
943, 3.84886E-06, 2.33429E-06, 1.90121E-06, 5.21082E-09
944, 3.84612E-06, 2.33160E-06, 1.90967E-06, 5.26041E-09
945, 3.84313E-06, 2.32871E-06, 1.91798E-06, 5.30801E-09
946, 3.83989E-06, 2.32562E-06, 1.92615E-06, 5.35365E-09
947, 3.83640E-06, 2.32233E-06, 1.93418E-06, 5.39729E-09
948, 3.83266E-06, 2.31883E-06, 1.94205E-06, 5.43900E-09
949, 3.82868E-06, 2.31514E-06, 1.94978E-06, 5.47874E-09
950, 3.82445E-06, 2.31125E-06, 1.95736E-06, 5.51654E-09
951, 3.81998E-06, 2.30717E-06, 1.96479E-06, 5.55241E-09
952, 3.81527E-06, 2.30288E-06, 1.97207E-06, 5.58634E-09
953, 3.81032E-06, 2.29841E-06, 1.97919E-06, 5.61838E-09
954, 3.80514E-06, 2.29374E-06, 1.98616E-06, 5.64853E-09
955, 3.79971E-06, 2.28887E-06, 1.99298E-06, 5.67680E-09
956, 3.79406E-06, 2.28382E-06, 1.99963E-06, 5.70319E-09
957, 3.78817E-06, 2.27857E-06, 2.00613E-06, 5.72773E-09
958, 3.78205E-06, 2.27313E-06, 2.01247E-06, 5.75044E-09
959, 3.77571E-06, 2.27739E-06, 2.01865E-06, 5.77133E-09
960, 3.76914E-06, 2.28618E-06, 2.02467E-06, 5.79041E-09
961, 3.76234E-06, 2.29483E-06, 2.03052E-06, 5.80772E-09
962, 3.75532E-06, 2.30335E-06, 2.03622E-06, 5.82325E-09
963, 3.74808E-06, 2.31174E-06, 2.04175E-06, 5.86022E-09
964, 3.74062E-06, 2.31999E-06, 2.04711E-06, 5.90128E-09
965, 3.73295E-06, 2.32811E-06, 2.05231E-06, 5.94046E-09
966, 3.72506E-06, 2.33609E-06, 2.05734E-06, 5.97775E-09
967, 3.71696E-06, 2.34393E-06, 2.06220E-06, 6.01318E-09
968, 3.70865E-06, 2.35164E-06, 2.06690E-06, 6.04678E-09
969, 3.70013E-06, 2.35920E-06, 2.07142E-06, 6.08573E-09
970, 3.69140E-06, 2.36663E-06, 2.07578E-06, 6.13256E-09
971, 3.68247E-06, 2.37392E-06, 2.07996E-06, 6.17720E-09
972, 3.67334E-06, 2.38106E-06, 2.08398E-06, 6.21967E-09
973, 3.66401E-06, 2.38806E-06, 2.08782E-06, 6.25996E-09
974, 3.65448E-06, 2.39492E-06, 2.09149E-06, 6.29813E-09
975, 3.64476E-06, 2.40163E-06, 2.09498E-06, 6.35823E-09
976, 3.63484E-06, 2.40819E-06, 2.09830E-06, 6.41790E-09
977, 3.62473E-06, 2.41461E-06, 2.10145E-06, 6.47559E-09
978, 3.61443E-06, 2.42089E-06, 2.10442E-06, 6.53130E-09
979, 3.60394E-06, 2.42701E-06, 2.10722E-06, 6.58505E-09
980, 3.59327E-06, 2.43299E-06, 2.10984E-06, 6.63684E-09
981, 3.58242E-06, 2.44215E-06, 2.11229E-06, 6.68668E-09
982, 3.57139E-06, 2.45119E-06, 2.11456E-06, 6.73461E-09
983, 3.56017E-06, 2.46012E-06, 2.11665E-06, 6.78063E-09
984, 3.54879E-06, 2.46893E-06, 2.11856E-06, 6.82476E-09
985, 3.53723E-06, 2.47762E-06, 2.12030E-06, 6.86700E-09
986, 3.52549E-06, 2.48619E-06, 2.12186E-06, 6.90738E-09
987, 3.51359E-06, 2.49464E-06, 2.12324E-06, 6.94590E-09
988, 3.50152E-06, 2.50297E-06, 2.12444E-06, 6.98262E-09
989, 3.48929E-06, 2.51118E-06, 2.12547E-06, 7.01749E-09
990, 3.47689E-06, 2.51927E-06, 2.12632E-06, 7.05058E-09
991, 3.46433E-06, 2.52722E-06, 2.12699E-06, 7.08188E-09
992, 3.45161E-06, 2.53506E-06, 2.12748E-06, 7.11141E-09
993, 3.43874E-06, 2.54276E-06, 2.12779E-06, 7.13920E-09
994, 3.42571E-06, 2.55033E-06, 2.12792E-06, 7.16525E-09
995, 3.41253E-06, 2.55777E-06, 2.12788E-06, 7.18960E-09
996, 3.39921E-06, 2.56508E-06, 2.12766E-06, 7.21224E-09
997, 3.38573E-06, 2.57226E-06, 2.12726E-06, 7.23322E-09
998, 3.37211E-06, 2.57930E-06, 2.12668E-06, 7.25254E-09
999, 3.35834E-06, 2.58621E-06, 2.12593E-06, 7.27021E-09
1000, 3.34443E-06, 2.59298E-06, 2.12499E-06, 7.28627E-09
