time_step, rel_err_u, rel_err_v, rel_err_w, rel_err_p
0, 0.00000E+00, 0.00000E+00, 0.00000E+00, 0.00000E+00
1, 4.11162E-03, 2.47595E-03, 2.22106E-03, 3.15921E-02
2, 4.54570E-03, 3.10564E-03, 2.17090E-03, 3.25845E-02
3, 3.91646E-03, 2.75722E-03, 1.48792E-03, 4.84470E-03
4, 4.23327E-03, 2.76714E-03, 1.42346E-03, 3.87220E-03
5, 4.49309E-03, 2.86898E-03, 1.38565E-03, 1.72683E-03
6, 4.85940E-03, 2.95007E-03, 1.35520E-03, 1.04936E-03
7, 5.11310E-03, 2.97463E-03, 1.33511E-03, 9.25349E-04
8, 5.66346E-03, 2.98658E-03, 1.46449E-03, 6.38343E-04
9, 6.17318E-03, 2.96206E-03, 1.61036E-03, 5.34198E-04
10, 6.62715E-03, 3.02095E-03, 1.74534E-03, 3.46049E-04
11, 7.09766E-03, 3.11828E-03, 1.84898E-03, 3.48234E-04
12, 7.74110E-03, 3.18237E-03, 1.91807E-03, 2.11792E-04
13, 8.31128E-03, 3.21140E-03, 1.99605E-03, 2.44855E-04
14, 8.78908E-03, 3.20441E-03, 2.23071E-03, 1.42774E-04
15, 9.15570E-03, 3.19431E-03, 2.43926E-03, 1.78674E-04
16, 9.39573E-03, 3.14801E-03, 2.61145E-03, 1.12294E-04
17, 9.65158E-03, 3.06628E-03, 2.73810E-03, 1.31774E-04
18, 1.00741E-02, 3.04568E-03, 2.81160E-03, 9.71595E-05
19, 1.03533E-02, 3.07736E-03, 2.82627E-03, 9.35084E-05
20, 1.04741E-02, 3.07771E-03, 2.82940E-03, 8.90524E-05
21, 1.04261E-02, 3.04687E-03, 3.09777E-03, 9.43041E-05
22, 1.02047E-02, 3.04254E-03, 3.31383E-03, 1.05756E-04
23, 1.02014E-02, 3.11557E-03, 3.46677E-03, 1.13746E-04
24, 1.01787E-02, 3.15502E-03, 3.54770E-03, 1.18242E-04
25, 9.97990E-03, 3.15960E-03, 3.55024E-03, 1.19327E-04
26, 9.60364E-03, 3.30022E-03, 3.47083E-03, 1.17182E-04
27, 9.59208E-03, 3.60149E-03, 3.30897E-03, 1.12685E-04
28, 1.02593E-02, 3.88632E-03, 3.59652E-03, 1.08513E-04
29, 1.08367E-02, 4.15136E-03, 3.93117E-03, 1.01022E-04
30, 1.12035E-02, 4.39368E-03, 4.21470E-03, 9.43162E-05
31, 1.13581E-02, 4.61078E-03, 4.43872E-03, 9.87355E-05
32, 1.13063E-02, 4.81940E-03, 4.59698E-03, 1.15216E-04
33, 1.12773E-02, 5.02835E-03, 4.68739E-03, 1.28360E-04
34, 1.13476E-02, 5.20478E-03, 4.70445E-03, 1.37141E-04
35, 1.11989E-02, 5.34741E-03, 4.64792E-03, 1.40835E-04
36, 1.10548E-02, 5.45564E-03, 4.51989E-03, 1.39101E-04
37, 1.14792E-02, 5.52945E-03, 4.32464E-03, 1.32025E-04
38, 1.17130E-02, 5.56944E-03, 4.06843E-03, 1.20106E-04
39, 1.17526E-02, 5.57670E-03, 3.75915E-03, 1.10446E-04
40, 1.15997E-02, 5.55276E-03, 3.40593E-03, 1.07601E-04
41, 1.12613E-02, 5.54120E-03, 3.01873E-03, 1.01316E-04
42, 1.07490E-02, 5.50309E-03, 2.95087E-03, 9.26191E-05
43, 1.00784E-02, 5.43534E-03, 3.02710E-03, 8.25344E-05
44, 9.26854E-03, 5.37383E-03, 3.12159E-03, 8.18762E-05
45, 8.34074E-03, 5.72438E-03, 3.15004E-03, 7.89526E-05
46, 7.32336E-03, 6.02731E-03, 3.11566E-03, 7.97033E-05
47, 7.29618E-03, 6.27977E-03, 3.02309E-03, 8.17659E-05
48, 7.15851E-03, 6.48002E-03, 2.87825E-03, 8.21163E-05
49, 7.69562E-03, 6.62746E-03, 2.68802E-03, 7.99098E-05
50, 8.26535E-03, 6.72255E-03, 2.73613E-03, 7.55862E-05
51, 8.71794E-03, 6.76716E-03, 2.73381E-03, 6.96337E-05
52, 9.05284E-03, 6.76268E-03, 2.68329E-03, 6.40788E-05
53, 9.27201E-03, 6.71191E-03, 2.58847E-03, 6.39441E-05
54, 9.37962E-03, 6.61818E-03, 2.45429E-03, 6.27943E-05
55, 9.38179E-03, 6.48522E-03, 2.28647E-03, 6.15187E-05
56, 9.28622E-03, 6.31701E-03, 2.09130E-03, 6.00141E-05
57, 9.10188E-03, 6.11769E-03, 1.99066E-03, 5.80379E-05
58, 8.83866E-03, 5.89145E-03, 2.06374E-03, 5.56551E-05
59, 8.50711E-03, 5.64246E-03, 2.10449E-03, 5.29119E-05
60, 8.11807E-03, 5.37479E-03, 2.11419E-03, 4.98461E-05
61, 7.68337E-03, 5.09237E-03, 2.09444E-03, 4.64944E-05
62, 7.21258E-03, 4.79889E-03, 2.04774E-03, 4.28985E-05
63, 6.71598E-03, 4.49784E-03, 1.97710E-03, 3.91075E-05
64, 6.20322E-03, 4.19242E-03, 1.88585E-03, 3.51790E-05
65, 5.68319E-03, 3.88554E-03, 1.77757E-03, 3.11782E-05
66, 5.16387E-03, 3.57981E-03, 1.65597E-03, 3.07450E-05
67, 4.93936E-03, 3.27755E-03, 1.52476E-03, 3.07943E-05
68, 4.67566E-03, 2.98077E-03, 1.38755E-03, 3.05100E-05
69, 4.38294E-03, 2.69118E-03, 1.24775E-03, 3.00543E-05
70, 4.07134E-03, 2.41019E-03, 1.10854E-03, 2.97801E-05
71, 3.75024E-03, 2.13897E-03, 9.72735E-04, 3.01688E-05
72, 3.42808E-03, 1.92809E-03, 8.42773E-04, 3.09441E-05
73, 3.11220E-03, 1.81605E-03, 7.20680E-04, 3.15352E-05
74, 2.80880E-03, 1.75223E-03, 6.82926E-04, 3.19151E-05
75, 2.52286E-03, 1.70474E-03, 6.88392E-04, 3.20613E-05
76, 2.44850E-03, 1.66336E-03, 6.91857E-04, 3.19568E-05
77, 2.44097E-03, 1.64555E-03, 6.93321E-04, 3.17285E-05
78, 2.40305E-03, 1.61869E-03, 6.92804E-04, 3.25248E-05
79, 2.33698E-03, 1.58334E-03, 6.94372E-04, 3.30823E-05
80, 2.24565E-03, 1.54026E-03, 7.04152E-04, 3.33914E-05
81, 2.13237E-03, 1.49793E-03, 7.11970E-04, 3.34456E-05
82, 2.00074E-03, 1.47714E-03, 7.17791E-04, 3.32413E-05
83, 1.85452E-03, 1.46378E-03, 7.21603E-04, 3.27779E-05
84, 1.69753E-03, 1.44262E-03, 7.23418E-04, 3.25782E-05
85, 1.53351E-03, 1.41399E-03, 7.23273E-04, 3.30690E-05
86, 1.55946E-03, 1.37831E-03, 7.21227E-04, 3.33398E-05
87, 1.60983E-03, 1.33604E-03, 7.18994E-04, 3.33860E-05
88, 1.65897E-03, 1.30725E-03, 7.27563E-04, 3.32045E-05
89, 1.70561E-03, 1.30036E-03, 7.34185E-04, 3.27948E-05
90, 1.74842E-03, 1.28653E-03, 7.38852E-04, 3.21586E-05
91, 1.78607E-03, 1.26590E-03, 7.41582E-04, 3.20003E-05
92, 1.81732E-03, 1.23871E-03, 7.42414E-04, 3.23899E-05
93, 1.84307E-03, 1.20522E-03, 7.41406E-04, 3.25921E-05
94, 1.95007E-03, 1.16575E-03, 7.38639E-04, 3.26006E-05
95, 2.04993E-03, 1.15901E-03, 7.34206E-04, 3.24100E-05
96, 2.14175E-03, 1.15313E-03, 7.34587E-04, 3.20156E-05
97, 2.22466E-03, 1.16147E-03, 7.40409E-04, 3.15361E-05
98, 2.29777E-03, 1.17784E-03, 7.48440E-04, 3.14846E-05
99, 2.36027E-03, 1.18922E-03, 7.68459E-04, 3.17689E-05
100, 2.41143E-03, 1.19599E-03, 7.85286E-04, 3.19727E-05
101, 2.45064E-03, 1.19855E-03, 8.01056E-04, 3.19661E-05
102, 2.47740E-03, 1.19731E-03, 8.34035E-04, 3.17364E-05
103, 2.49136E-03, 1.19274E-03, 8.63293E-04, 3.12730E-05
104, 2.49235E-03, 1.18519E-03, 8.88678E-04, 3.09570E-05
105, 2.48031E-03, 1.18534E-03, 9.10090E-04, 3.07952E-05
106, 2.45538E-03, 1.18939E-03, 9.27479E-04, 3.06740E-05
107, 2.41781E-03, 1.19002E-03, 9.40847E-04, 3.05777E-05
108, 2.36801E-03, 1.18717E-03, 9.50241E-04, 3.02348E-05
109, 2.30652E-03, 1.18086E-03, 9.71322E-04, 2.96409E-05
110, 2.23400E-03, 1.17108E-03, 1.00144E-03, 2.87954E-05
111, 2.15119E-03, 1.17315E-03, 1.02710E-03, 2.84380E-05
112, 2.05897E-03, 1.18127E-03, 1.04820E-03, 2.79087E-05
113, 1.95830E-03, 1.18606E-03, 1.06470E-03, 2.72612E-05
114, 1.84999E-03, 1.18764E-03, 1.07658E-03, 2.77223E-05
115, 1.73503E-03, 1.20176E-03, 1.08393E-03, 2.81224E-05
116, 1.61438E-03, 1.21366E-03, 1.10479E-03, 2.84597E-05
117, 1.48903E-03, 1.22334E-03, 1.12943E-03, 2.87316E-05
118, 1.35993E-03, 1.23081E-03, 1.14982E-03, 2.89354E-05
119, 1.31994E-03, 1.23606E-03, 1.16584E-03, 2.90686E-05
120, 1.30137E-03, 1.23910E-03, 1.17741E-03, 2.95764E-05
121, 1.27514E-03, 1.23991E-03, 1.18454E-03, 3.00243E-05
122, 1.24193E-03, 1.23848E-03, 1.20676E-03, 3.03553E-05
123, 1.20245E-03, 1.23479E-03, 1.23071E-03, 3.05697E-05
124, 1.15740E-03, 1.22882E-03, 1.25088E-03, 3.06687E-05
125, 1.10753E-03, 1.22055E-03, 1.26712E-03, 3.06544E-05
126, 1.05355E-03, 1.21113E-03, 1.27934E-03, 3.05300E-05
127, 9.96156E-04, 1.20203E-03, 1.28746E-03, 3.05497E-05
128, 9.36029E-04, 1.19095E-03, 1.29146E-03, 3.06936E-05
129, 8.73804E-04, 1.17781E-03, 1.29136E-03, 3.07017E-05
130, 8.10076E-04, 1.16259E-03, 1.28720E-03, 3.05816E-05
131, 7.84366E-04, 1.14521E-03, 1.27909E-03, 3.03416E-05
132, 8.02642E-04, 1.12565E-03, 1.26714E-03, 2.99908E-05
133, 8.48549E-04, 1.10386E-03, 1.25150E-03, 2.95385E-05
134, 8.95534E-04, 1.07980E-03, 1.25109E-03, 2.89947E-05
135, 9.40963E-04, 1.05344E-03, 1.25511E-03, 2.87939E-05
136, 9.84750E-04, 1.02477E-03, 1.25622E-03, 2.85335E-05
137, 1.02682E-03, 1.00244E-03, 1.25443E-03, 2.81728E-05
138, 1.06713E-03, 9.84539E-04, 1.24980E-03, 2.77228E-05
139, 1.10563E-03, 9.95497E-04, 1.26796E-03, 2.71941E-05
140, 1.14226E-03, 1.00342E-03, 1.30133E-03, 2.65972E-05
141, 1.20153E-03, 1.00823E-03, 1.33152E-03, 2.59422E-05
142, 1.26646E-03, 1.00986E-03, 1.35852E-03, 2.52892E-05
143, 1.32718E-03, 1.00829E-03, 1.38232E-03, 2.49748E-05
144, 1.38384E-03, 1.00349E-03, 1.40293E-03, 2.45937E-05
145, 1.43641E-03, 9.95475E-04, 1.42038E-03, 2.41550E-05
146, 1.48494E-03, 9.84722E-04, 1.43472E-03, 2.36673E-05
147, 1.52950E-03, 9.73748E-04, 1.44598E-03, 2.31387E-05
148, 1.57015E-03, 9.60143E-04, 1.45422E-03, 2.25768E-05
149, 1.60693E-03, 9.57877E-04, 1.45950E-03, 2.19886E-05
150, 1.63992E-03, 9.61298E-04, 1.46191E-03, 2.13804E-05
151, 1.66915E-03, 9.61679E-04, 1.46152E-03, 2.11167E-05
152, 1.69467E-03, 9.58912E-04, 1.45842E-03, 2.08326E-05
153, 1.71653E-03, 9.52909E-04, 1.45270E-03, 2.05146E-05
154, 1.73477E-03, 9.43604E-04, 1.44446E-03, 2.01679E-05
155, 1.74944E-03, 9.30959E-04, 1.43379E-03, 1.97974E-05
156, 1.76059E-03, 9.17687E-04, 1.42080E-03, 1.94072E-05
157, 1.76825E-03, 9.03516E-04, 1.40559E-03, 1.90011E-05
158, 1.77249E-03, 8.86485E-04, 1.38828E-03, 1.85823E-05
159, 1.77716E-03, 8.66613E-04, 1.36897E-03, 1.83149E-05
160, 1.78059E-03, 8.65546E-04, 1.34777E-03, 1.81742E-05
161, 1.78019E-03, 9.01033E-04, 1.32480E-03, 1.80037E-05
162, 1.77608E-03, 9.34482E-04, 1.30016E-03, 1.78057E-05
163, 1.76843E-03, 9.65779E-04, 1.27397E-03, 1.75823E-05
164, 1.75738E-03, 9.94818E-04, 1.24633E-03, 1.73351E-05
165, 1.74310E-03, 1.02150E-03, 1.21736E-03, 1.70654E-05
166, 1.72579E-03, 1.04761E-03, 1.18718E-03, 1.67742E-05
167, 1.70561E-03, 1.08308E-03, 1.15587E-03, 1.65288E-05
168, 1.68275E-03, 1.11566E-03, 1.12357E-03, 1.70551E-05
169, 1.65741E-03, 1.14524E-03, 1.09036E-03, 1.75419E-05
170, 1.62975E-03, 1.17176E-03, 1.05636E-03, 1.79896E-05
171, 1.59996E-03, 1.19514E-03, 1.02168E-03, 1.83990E-05
172, 1.56823E-03, 1.21535E-03, 9.86407E-04, 1.87714E-05
173, 1.53472E-03, 1.23236E-03, 9.50656E-04, 1.91081E-05
174, 1.49960E-03, 1.24614E-03, 9.14525E-04, 1.94108E-05
175, 1.46946E-03, 1.25670E-03, 8.78112E-04, 1.96812E-05
176, 1.45783E-03, 1.26406E-03, 8.41518E-04, 1.99214E-05
177, 1.44466E-03, 1.26826E-03, 8.04839E-04, 2.01334E-05
178, 1.43144E-03, 1.27248E-03, 7.68170E-04, 2.03193E-05
179, 1.42722E-03, 1.27700E-03, 7.31622E-04, 2.04815E-05
180, 1.42117E-03, 1.27838E-03, 6.95277E-04, 2.06219E-05
181, 1.41324E-03, 1.27672E-03, 6.59221E-04, 2.07427E-05
182, 1.40337E-03, 1.27213E-03, 6.23541E-04, 2.08458E-05
183, 1.39152E-03, 1.26474E-03, 5.88324E-04, 2.09329E-05
184, 1.37765E-03, 1.25470E-03, 5.78704E-04, 2.10056E-05
185, 1.36174E-03, 1.24213E-03, 5.80642E-04, 2.10650E-05
186, 1.34376E-03, 1.22719E-03, 5.81683E-04, 2.11120E-05
187, 1.32372E-03, 1.21004E-03, 5.81869E-04, 2.11471E-05
188, 1.30160E-03, 1.19081E-03, 5.81249E-04, 2.11704E-05
189, 1.27742E-03, 1.16967E-03, 5.79871E-04, 2.11815E-05
190, 1.25121E-03, 1.14678E-03, 5.77789E-04, 2.11798E-05
191, 1.22300E-03, 1.12228E-03, 5.75057E-04, 2.11639E-05
192, 1.19285E-03, 1.09632E-03, 5.71730E-04, 2.11322E-05
193, 1.16081E-03, 1.06904E-03, 5.67865E-04, 2.10827E-05
194, 1.12698E-03, 1.04060E-03, 5.63517E-04, 2.10128E-05
195, 1.14377E-03, 1.01112E-03, 5.58834E-04, 2.09199E-05
196, 1.17175E-03, 9.80736E-04, 5.57411E-04, 2.08008E-05
197, 1.19854E-03, 9.49569E-04, 5.55636E-04, 2.06524E-05
198, 1.22408E-03, 9.17736E-04, 5.53530E-04, 2.04712E-05
199, 1.25905E-03, 8.92941E-04, 5.51113E-04, 2.02539E-05
200, 1.29344E-03, 8.70957E-04, 5.48401E-04, 1.99972E-05
201, 1.32637E-03, 8.48412E-04, 5.48970E-04, 1.96978E-05
202, 1.35774E-03, 8.57099E-04, 5.62573E-04, 1.93530E-05
203, 1.38747E-03, 8.69066E-04, 5.75093E-04, 1.89601E-05
204, 1.41549E-03, 8.79644E-04, 5.86507E-04, 1.85170E-05
205, 1.44171E-03, 8.88815E-04, 5.96794E-04, 1.80222E-05
206, 1.46606E-03, 8.96570E-04, 6.07065E-04, 1.74746E-05
207, 1.48849E-03, 9.02903E-04, 6.23650E-04, 1.68738E-05
208, 1.50891E-03, 9.14614E-04, 6.39197E-04, 1.64456E-05
209, 1.52729E-03, 9.26641E-04, 6.53681E-04, 1.59803E-05
210, 1.54356E-03, 9.37337E-04, 6.67082E-04, 1.54557E-05
211, 1.55769E-03, 9.46689E-04, 6.79381E-04, 1.48734E-05
212, 1.56964E-03, 9.54701E-04, 6.90565E-04, 1.42355E-05
213, 1.57937E-03, 9.61380E-04, 7.00635E-04, 1.35449E-05
214, 1.58688E-03, 9.66731E-04, 7.15025E-04, 1.31555E-05
215, 1.59213E-03, 9.70759E-04, 7.32769E-04, 1.29842E-05
216, 1.60628E-03, 9.73468E-04, 7.49564E-04, 1.27693E-05
217, 1.62215E-03, 9.74864E-04, 7.65375E-04, 1.25150E-05
218, 1.63621E-03, 9.74953E-04, 7.80173E-04, 1.22258E-05
219, 1.64841E-03, 9.73744E-04, 7.93930E-04, 1.19064E-05
220, 1.65874E-03, 9.71247E-04, 8.06619E-04, 1.15615E-05
221, 1.66716E-03, 9.67472E-04, 8.18218E-04, 1.11958E-05
222, 1.67365E-03, 9.62434E-04, 8.28707E-04, 1.08357E-05
223, 1.67819E-03, 9.62295E-04, 8.38068E-04, 1.04916E-05
224, 1.68078E-03, 9.64249E-04, 8.46286E-04, 1.01382E-05
225, 1.68141E-03, 9.64915E-04, 8.53352E-04, 9.77952E-06
226, 1.68007E-03, 9.64805E-04, 8.59256E-04, 9.41940E-06
227, 1.67678E-03, 9.79798E-04, 8.63992E-04, 9.06128E-06
228, 1.67154E-03, 9.93758E-04, 8.71123E-04, 8.70828E-06
229, 1.66438E-03, 1.00666E-03, 8.84809E-04, 8.36313E-06
230, 1.65530E-03, 1.01850E-03, 8.97653E-04, 8.02817E-06
231, 1.64434E-03, 1.02924E-03, 9.09619E-04, 7.70540E-06
232, 1.63153E-03, 1.03887E-03, 9.20671E-04, 7.40643E-06
233, 1.61691E-03, 1.04739E-03, 9.30776E-04, 7.26422E-06
234, 1.60051E-03, 1.05479E-03, 9.39903E-04, 7.51431E-06
235, 1.58239E-03, 1.06151E-03, 9.48023E-04, 7.96783E-06
236, 1.56261E-03, 1.07085E-03, 9.55109E-04, 8.41159E-06
237, 1.54120E-03, 1.07929E-03, 9.61138E-04, 8.87818E-06
238, 1.51825E-03, 1.08682E-03, 9.66089E-04, 9.33658E-06
239, 1.49380E-03, 1.09342E-03, 9.69942E-04, 9.74806E-06
240, 1.46795E-03, 1.09908E-03, 9.72684E-04, 1.01132E-05
241, 1.44078E-03, 1.10377E-03, 9.74301E-04, 1.04330E-05
242, 1.41363E-03, 1.10749E-03, 9.74784E-04, 1.07083E-05
243, 1.39368E-03, 1.11022E-03, 9.74129E-04, 1.09403E-05
244, 1.37222E-03, 1.11554E-03, 9.72334E-04, 1.11303E-05
245, 1.34931E-03, 1.12417E-03, 9.69399E-04, 1.12797E-05
246, 1.33006E-03, 1.13194E-03, 9.65330E-04, 1.13900E-05
247, 1.31635E-03, 1.13881E-03, 9.60135E-04, 1.14628E-05
248, 1.30128E-03, 1.14477E-03, 9.53828E-04, 1.14997E-05
249, 1.28490E-03, 1.14978E-03, 9.46423E-04, 1.15024E-05
250, 1.26725E-03, 1.15382E-03, 9.37941E-04, 1.14727E-05
