time_step, rel_err_u, rel_err_v, rel_err_w, rel_err_p
0, 0.00000E+00, 0.00000E+00, 0.00000E+00, 0.00000E+00
1, 1.68388E-04, 1.23312E-04, 1.36051E-04, 7.05936E-03
2, 1.20115E-04, 1.08947E-04, 9.75172E-05, 1.56814E-02
3, 7.71041E-05, 6.37341E-05, 6.44415E-05, 1.24374E-02
4, 1.78269E-05, 1.18375E-05, 6.91603E-06, 1.88828E-04
5, 1.76490E-05, 1.18447E-05, 6.82268E-06, 1.61079E-04
6, 1.79852E-05, 1.19102E-05, 6.77054E-06, 3.93136E-05
7, 1.83367E-05, 1.20717E-05, 6.77202E-06, 5.74009E-06
8, 1.86466E-05, 1.22216E-05, 6.76116E-06, 2.32666E-06
9, 1.89398E-05, 1.23637E-05, 6.73784E-06, 7.26850E-07
10, 1.92068E-05, 1.24980E-05, 6.70211E-06, 2.64216E-07
11, 1.94472E-05, 1.26235E-05, 6.65402E-06, 1.15691E-07
12, 1.96604E-05, 1.27398E-05, 6.59366E-06, 1.12196E-07
13, 1.98462E-05, 1.28469E-05, 6.52116E-06, 1.14453E-07
14, 2.00044E-05, 1.29446E-05, 6.43669E-06, 1.15251E-07
15, 2.01349E-05, 1.30326E-05, 6.34044E-06, 1.15504E-07
16, 2.05119E-05, 1.31109E-05, 6.23265E-06, 1.15581E-07
17, 2.09028E-05, 1.31793E-05, 6.11360E-06, 1.15379E-07
18, 2.12646E-05, 1.32377E-05, 6.11861E-06, 1.14895E-07
19, 2.15964E-05, 1.32859E-05, 6.14907E-06, 1.14147E-07
20, 2.18976E-05, 1.33239E-05, 6.16882E-06, 1.13146E-07
21, 2.21675E-05, 1.33516E-05, 6.17776E-06, 1.12658E-07
22, 2.24058E-05, 1.33688E-05, 6.17580E-06, 1.13795E-07
23, 2.26119E-05, 1.33756E-05, 6.16290E-06, 1.14661E-07
24, 2.27856E-05, 1.33719E-05, 6.13906E-06, 1.15258E-07
25, 2.29269E-05, 1.33576E-05, 6.21896E-06, 1.15588E-07
26, 2.30354E-05, 1.33327E-05, 6.35040E-06, 1.15656E-07
27, 2.31114E-05, 1.32973E-05, 6.47829E-06, 1.15468E-07
28, 2.31549E-05, 1.32513E-05, 6.60224E-06, 1.15030E-07
29, 2.31660E-05, 1.32114E-05, 6.72188E-06, 1.14350E-07
30, 2.31451E-05, 1.33594E-05, 6.83682E-06, 1.13437E-07
31, 2.30926E-05, 1.34982E-05, 6.94668E-06, 1.12300E-07
32, 2.30580E-05, 1.36275E-05, 7.05107E-06, 1.13746E-07
33, 2.32728E-05, 1.37472E-05, 7.14962E-06, 1.14983E-07
34, 2.37850E-05, 1.38571E-05, 7.24195E-06, 1.16037E-07
35, 2.42713E-05, 1.39570E-05, 7.32770E-06, 1.17023E-07
36, 2.47240E-05, 1.40467E-05, 7.40651E-06, 1.17768E-07
37, 2.51423E-05, 1.41297E-05, 7.61046E-06, 1.18274E-07
38, 2.55254E-05, 1.42221E-05, 7.83926E-06, 1.18542E-07
39, 2.58728E-05, 1.43047E-05, 8.06719E-06, 1.18575E-07
40, 2.61839E-05, 1.43774E-05, 8.29379E-06, 1.18376E-07
41, 2.64584E-05, 1.44401E-05, 8.51855E-06, 1.17950E-07
42, 2.66959E-05, 1.44925E-05, 8.74097E-06, 1.17300E-07
43, 2.68964E-05, 1.45346E-05, 8.96053E-06, 1.16433E-07
44, 2.70597E-05, 1.45661E-05, 9.17670E-06, 1.16581E-07
45, 2.71859E-05, 1.45871E-05, 9.38896E-06, 1.18355E-07
46, 2.72751E-05, 1.45975E-05, 9.59678E-06, 1.19866E-07
47, 2.73275E-05, 1.45971E-05, 9.79962E-06, 1.21113E-07
48, 2.77513E-05, 1.45859E-05, 9.99695E-06, 1.22093E-07
49, 2.82616E-05, 1.45639E-05, 1.01882E-05, 1.22806E-07
50, 2.87541E-05, 1.45311E-05, 1.03729E-05, 1.23252E-07
51, 2.92280E-05, 1.44874E-05, 1.05505E-05, 1.23434E-07
52, 2.96822E-05, 1.44329E-05, 1.07205E-05, 1.23353E-07
53, 3.01157E-05, 1.43677E-05, 1.08822E-05, 1.23015E-07
54, 3.05276E-05, 1.42916E-05, 1.10354E-05, 1.22422E-07
55, 3.09169E-05, 1.42050E-05, 1.11794E-05, 1.21582E-07
56, 3.13259E-05, 1.41078E-05, 1.13137E-05, 1.20500E-07
57, 3.20582E-05, 1.41744E-05, 1.14380E-05, 1.19182E-07
58, 3.27742E-05, 1.42834E-05, 1.15517E-05, 1.17638E-07
59, 3.34723E-05, 1.43831E-05, 1.16545E-05, 1.15875E-07
60, 3.41511E-05, 1.44734E-05, 1.17458E-05, 1.13903E-07
61, 3.48094E-05, 1.45540E-05, 1.18254E-05, 1.12455E-07
62, 3.54455E-05, 1.46248E-05, 1.18929E-05, 1.11582E-07
63, 3.60583E-05, 1.46857E-05, 1.19479E-05, 1.10447E-07
64, 3.66464E-05, 1.47367E-05, 1.19902E-05, 1.09047E-07
65, 3.72085E-05, 1.47775E-05, 1.20193E-05, 1.08532E-07
66, 3.77432E-05, 1.48083E-05, 1.20352E-05, 1.09597E-07
67, 3.82494E-05, 1.48288E-05, 1.20375E-05, 1.10476E-07
68, 3.87258E-05, 1.48391E-05, 1.20262E-05, 1.11159E-07
69, 3.91713E-05, 1.48391E-05, 1.21474E-05, 1.11634E-07
70, 3.95847E-05, 1.48289E-05, 1.24115E-05, 1.11892E-07
71, 3.99650E-05, 1.48084E-05, 1.26670E-05, 1.11921E-07
72, 4.03112E-05, 1.47777E-05, 1.29134E-05, 1.11716E-07
73, 4.06223E-05, 1.47652E-05, 1.31499E-05, 1.11266E-07
74, 4.08974E-05, 1.47601E-05, 1.33761E-05, 1.10567E-07
75, 4.11358E-05, 1.47448E-05, 1.35912E-05, 1.09614E-07
76, 4.13366E-05, 1.47192E-05, 1.37946E-05, 1.08402E-07
77, 4.14991E-05, 1.46834E-05, 1.39858E-05, 1.07217E-07
78, 4.16227E-05, 1.46374E-05, 1.41643E-05, 1.06419E-07
79, 4.20438E-05, 1.45812E-05, 1.43293E-05, 1.05360E-07
80, 4.26135E-05, 1.45150E-05, 1.44806E-05, 1.04034E-07
81, 4.31488E-05, 1.44387E-05, 1.46176E-05, 1.02440E-07
82, 4.36485E-05, 1.43525E-05, 1.47397E-05, 1.00577E-07
83, 4.41111E-05, 1.42566E-05, 1.48467E-05, 9.84454E-08
84, 4.45354E-05, 1.41510E-05, 1.49381E-05, 9.60484E-08
85, 4.49201E-05, 1.40359E-05, 1.50136E-05, 9.33900E-08
86, 4.52641E-05, 1.39411E-05, 1.50729E-05, 9.04763E-08
87, 4.55664E-05, 1.38873E-05, 1.51156E-05, 8.78924E-08
88, 4.58258E-05, 1.38239E-05, 1.51415E-05, 8.56445E-08
89, 4.60414E-05, 1.37511E-05, 1.51505E-05, 8.44558E-08
90, 4.62125E-05, 1.36689E-05, 1.51423E-05, 8.77275E-08
91, 4.63381E-05, 1.35774E-05, 1.51169E-05, 9.09161E-08
92, 4.64176E-05, 1.34768E-05, 1.50741E-05, 9.39136E-08
93, 4.64504E-05, 1.33671E-05, 1.50138E-05, 9.67169E-08
94, 4.64360E-05, 1.32486E-05, 1.49362E-05, 9.93233E-08
95, 4.63740E-05, 1.31810E-05, 1.48412E-05, 1.01731E-07
96, 4.62639E-05, 1.32297E-05, 1.49090E-05, 1.03938E-07
97, 4.61057E-05, 1.32705E-05, 1.51983E-05, 1.05944E-07
98, 4.58991E-05, 1.33034E-05, 1.54732E-05, 1.07747E-07
99, 4.56441E-05, 1.33877E-05, 1.57329E-05, 1.09348E-07
100, 4.54672E-05, 1.34719E-05, 1.59767E-05, 1.10746E-07
101, 4.57402E-05, 1.35476E-05, 1.62040E-05, 1.11942E-07
102, 4.59691E-05, 1.36148E-05, 1.64141E-05, 1.12937E-07
103, 4.61532E-05, 1.36734E-05, 1.66063E-05, 1.13731E-07
104, 4.62914E-05, 1.37232E-05, 1.67801E-05, 1.14326E-07
105, 4.63830E-05, 1.37642E-05, 1.69350E-05, 1.14723E-07
106, 4.64273E-05, 1.37963E-05, 1.70704E-05, 1.14925E-07
107, 4.64237E-05, 1.38195E-05, 1.71859E-05, 1.14933E-07
108, 4.63716E-05, 1.38336E-05, 1.72810E-05, 1.14749E-07
109, 4.62706E-05, 1.38725E-05, 1.73553E-05, 1.14376E-07
110, 4.61205E-05, 1.39146E-05, 1.74086E-05, 1.13817E-07
111, 4.59210E-05, 1.39473E-05, 1.74404E-05, 1.13074E-07
112, 4.56720E-05, 1.39705E-05, 1.74506E-05, 1.12152E-07
113, 4.53734E-05, 1.39841E-05, 1.74389E-05, 1.12328E-07
114, 4.50254E-05, 1.39881E-05, 1.74051E-05, 1.12287E-07
115, 4.46281E-05, 1.39825E-05, 1.73492E-05, 1.11939E-07
116, 4.41819E-05, 1.39671E-05, 1.72711E-05, 1.11283E-07
117, 4.36872E-05, 1.39421E-05, 1.71706E-05, 1.10322E-07
118, 4.31444E-05, 1.39073E-05, 1.70480E-05, 1.09057E-07
119, 4.25542E-05, 1.38628E-05, 1.69032E-05, 1.07492E-07
120, 4.19174E-05, 1.38087E-05, 1.67363E-05, 1.05873E-07
121, 4.12347E-05, 1.37450E-05, 1.65475E-05, 1.04956E-07
122, 4.09445E-05, 1.38033E-05, 1.63370E-05, 1.03739E-07
123, 4.11829E-05, 1.41250E-05, 1.61051E-05, 1.02230E-07
124, 4.17464E-05, 1.44421E-05, 1.58520E-05, 1.00437E-07
125, 4.25585E-05, 1.47545E-05, 1.61009E-05, 9.83701E-08
126, 4.33194E-05, 1.50619E-05, 1.65004E-05, 9.60398E-08
127, 4.40280E-05, 1.53641E-05, 1.68879E-05, 9.60417E-08
128, 4.46836E-05, 1.56609E-05, 1.72628E-05, 9.77984E-08
129, 4.52855E-05, 1.59520E-05, 1.76243E-05, 9.94782E-08
130, 4.58330E-05, 1.62373E-05, 1.79719E-05, 1.01072E-07
131, 4.63258E-05, 1.65166E-05, 1.83050E-05, 1.02568E-07
132, 4.67635E-05, 1.67897E-05, 1.86230E-05, 1.03959E-07
133, 4.71458E-05, 1.70564E-05, 1.89253E-05, 1.05583E-07
134, 4.74728E-05, 1.73166E-05, 1.92114E-05, 1.10878E-07
135, 4.77444E-05, 1.75700E-05, 1.94807E-05, 1.15990E-07
136, 4.79607E-05, 1.78166E-05, 1.97329E-05, 1.20900E-07
137, 4.81220E-05, 1.80562E-05, 1.99675E-05, 1.25586E-07
138, 4.82287E-05, 1.82887E-05, 2.01843E-05, 1.30030E-07
139, 4.82811E-05, 1.85139E-05, 2.03826E-05, 1.34214E-07
140, 4.82798E-05, 1.87317E-05, 2.05623E-05, 1.38119E-07
141, 4.82255E-05, 1.89420E-05, 2.07228E-05, 1.41731E-07
142, 4.81188E-05, 1.91448E-05, 2.08641E-05, 1.45034E-07
143, 4.79607E-05, 1.93399E-05, 2.09858E-05, 1.48015E-07
144, 4.78311E-05, 1.95273E-05, 2.10877E-05, 1.50661E-07
145, 4.81287E-05, 1.97068E-05, 2.11697E-05, 1.52964E-07
146, 4.83682E-05, 1.98785E-05, 2.12317E-05, 1.54913E-07
147, 4.85494E-05, 2.00422E-05, 2.12736E-05, 1.56502E-07
148, 4.86724E-05, 2.01979E-05, 2.12953E-05, 1.57725E-07
149, 4.87372E-05, 2.03456E-05, 2.12968E-05, 1.58580E-07
150, 4.87442E-05, 2.05011E-05, 2.12782E-05, 1.59063E-07
151, 4.86936E-05, 2.06818E-05, 2.12394E-05, 1.59175E-07
152, 4.85860E-05, 2.08535E-05, 2.11807E-05, 1.58918E-07
153, 4.84218E-05, 2.10163E-05, 2.11021E-05, 1.58294E-07
154, 4.82017E-05, 2.11699E-05, 2.10039E-05, 1.57309E-07
155, 4.79265E-05, 2.13145E-05, 2.08862E-05, 1.55970E-07
156, 4.75971E-05, 2.14500E-05, 2.07492E-05, 1.54284E-07
157, 4.79777E-05, 2.15764E-05, 2.05933E-05, 1.52261E-07
158, 4.86211E-05, 2.16936E-05, 2.04187E-05, 1.49912E-07
159, 4.92169E-05, 2.18016E-05, 2.02258E-05, 1.47250E-07
160, 4.97643E-05, 2.19006E-05, 2.00149E-05, 1.44288E-07
161, 5.02624E-05, 2.19904E-05, 1.97865E-05, 1.41041E-07
162, 5.07107E-05, 2.20712E-05, 1.95410E-05, 1.37525E-07
163, 5.11085E-05, 2.21430E-05, 1.92788E-05, 1.33756E-07
164, 5.14555E-05, 2.22057E-05, 1.90003E-05, 1.29751E-07
165, 5.17511E-05, 2.22596E-05, 1.87062E-05, 1.25530E-07
166, 5.19951E-05, 2.23045E-05, 1.83969E-05, 1.21109E-07
167, 5.21873E-05, 2.23407E-05, 1.80730E-05, 1.16509E-07
168, 5.23275E-05, 2.23682E-05, 1.77350E-05, 1.11748E-07
169, 5.24157E-05, 2.23870E-05, 1.73835E-05, 1.07352E-07
170, 5.24519E-05, 2.23973E-05, 1.70191E-05, 1.06276E-07
171, 5.24362E-05, 2.23992E-05, 1.66424E-05, 1.05011E-07
172, 5.23689E-05, 2.23927E-05, 1.62541E-05, 1.03572E-07
173, 5.22501E-05, 2.23781E-05, 1.58548E-05, 1.01975E-07
174, 5.20802E-05, 2.23553E-05, 1.54451E-05, 1.00236E-07
175, 5.18597E-05, 2.23245E-05, 1.50257E-05, 9.83710E-08
176, 5.15890E-05, 2.22859E-05, 1.45973E-05, 9.63949E-08
177, 5.12688E-05, 2.22753E-05, 1.41605E-05, 9.43236E-08
178, 5.08997E-05, 2.22771E-05, 1.37160E-05, 9.34769E-08
179, 5.04823E-05, 2.22702E-05, 1.32645E-05, 9.44971E-08
180, 5.00175E-05, 2.22550E-05, 1.28068E-05, 9.52629E-08
181, 4.95062E-05, 2.22314E-05, 1.29358E-05, 9.57740E-08
182, 4.89491E-05, 2.21996E-05, 1.30548E-05, 9.60314E-08
183, 4.83472E-05, 2.21599E-05, 1.31626E-05, 9.60374E-08
184, 4.77017E-05, 2.21122E-05, 1.32592E-05, 9.57954E-08
185, 4.70135E-05, 2.20568E-05, 1.33445E-05, 9.53098E-08
186, 4.62838E-05, 2.19939E-05, 1.34186E-05, 9.45860E-08
187, 4.55138E-05, 2.19235E-05, 1.34815E-05, 9.36304E-08
188, 4.47047E-05, 2.18460E-05, 1.35333E-05, 9.24504E-08
189, 4.38577E-05, 2.17613E-05, 1.35741E-05, 9.15427E-08
190, 4.29741E-05, 2.16698E-05, 1.36040E-05, 9.24211E-08
191, 4.20554E-05, 2.18996E-05, 1.36231E-05, 9.29748E-08
192, 4.11028E-05, 2.23163E-05, 1.36315E-05, 9.32086E-08
193, 4.01178E-05, 2.27206E-05, 1.36510E-05, 9.31295E-08
194, 3.91019E-05, 2.31120E-05, 1.37109E-05, 9.27451E-08
195, 3.80565E-05, 2.34904E-05, 1.37527E-05, 9.20650E-08
196, 3.69832E-05, 2.38556E-05, 1.37768E-05, 9.10994E-08
197, 3.58834E-05, 2.42072E-05, 1.37833E-05, 8.98598E-08
198, 3.47587E-05, 2.45451E-05, 1.37724E-05, 8.83586E-08
199, 3.36106E-05, 2.48691E-05, 1.37444E-05, 8.66092E-08
200, 3.24408E-05, 2.51791E-05, 1.36995E-05, 8.73610E-08
201, 3.19941E-05, 2.54749E-05, 1.36381E-05, 8.84138E-08
202, 3.19979E-05, 2.57564E-05, 1.35605E-05, 8.92260E-08
203, 3.19873E-05, 2.60235E-05, 1.34670E-05, 8.98011E-08
204, 3.20768E-05, 2.62760E-05, 1.33580E-05, 9.01432E-08
205, 3.21317E-05, 2.65140E-05, 1.32339E-05, 9.02574E-08
206, 3.21526E-05, 2.67374E-05, 1.30951E-05, 9.01498E-08
207, 3.21401E-05, 2.69461E-05, 1.29419E-05, 8.98269E-08
208, 3.20949E-05, 2.71401E-05, 1.27749E-05, 8.92961E-08
209, 3.20175E-05, 2.73194E-05, 1.25945E-05, 8.85653E-08
210, 3.24705E-05, 2.74841E-05, 1.24011E-05, 8.76430E-08
211, 3.32232E-05, 2.76342E-05, 1.23981E-05, 8.65380E-08
212, 3.39439E-05, 2.77696E-05, 1.25214E-05, 8.52597E-08
213, 3.46323E-05, 2.78906E-05, 1.26298E-05, 8.38176E-08
214, 3.52880E-05, 2.79972E-05, 1.27234E-05, 8.22218E-08
215, 3.59109E-05, 2.80894E-05, 1.28022E-05, 8.04824E-08
216, 3.65007E-05, 2.81674E-05, 1.28662E-05, 7.86094E-08
217, 3.70571E-05, 2.82312E-05, 1.29153E-05, 7.66134E-08
218, 3.75801E-05, 2.82812E-05, 1.29498E-05, 7.45047E-08
219, 3.80696E-05, 2.83173E-05, 1.29698E-05, 7.22936E-08
220, 3.85254E-05, 2.83397E-05, 1.29753E-05, 6.99905E-08
221, 3.89478E-05, 2.83486E-05, 1.29665E-05, 6.76054E-08
222, 3.93365E-05, 2.83442E-05, 1.29436E-05, 6.51485E-08
223, 3.96918E-05, 2.83267E-05, 1.29067E-05, 6.26295E-08
224, 4.00138E-05, 2.82963E-05, 1.28562E-05, 6.00580E-08
225, 4.03026E-05, 2.82531E-05, 1.27922E-05, 5.87112E-08
226, 4.05584E-05, 2.81974E-05, 1.27150E-05, 5.89035E-08
227, 4.07814E-05, 2.81294E-05, 1.26249E-05, 5.90570E-08
228, 4.09720E-05, 2.80494E-05, 1.25222E-05, 5.91738E-08
229, 4.11304E-05, 2.79575E-05, 1.24071E-05, 5.92559E-08
230, 4.12570E-05, 2.78541E-05, 1.22801E-05, 5.93049E-08
231, 4.13521E-05, 2.77394E-05, 1.21414E-05, 5.93221E-08
232, 4.14162E-05, 2.76136E-05, 1.19914E-05, 5.93089E-08
233, 4.14497E-05, 2.74770E-05, 1.18305E-05, 5.92664E-08
234, 4.14530E-05, 2.73299E-05, 1.16591E-05, 5.91954E-08
235, 4.14266E-05, 2.71725E-05, 1.14776E-05, 5.90968E-08
236, 4.13712E-05, 2.70051E-05, 1.12863E-05, 5.89710E-08
237, 4.12871E-05, 2.68280E-05, 1.10858E-05, 5.88187E-08
238, 4.11751E-05, 2.66415E-05, 1.08764E-05, 5.86400E-08
239, 4.10356E-05, 2.64458E-05, 1.06585E-05, 5.84354E-08
240, 4.08692E-05, 2.62413E-05, 1.04327E-05, 5.82047E-08
241, 4.06767E-05, 2.60282E-05, 1.01993E-05, 5.79483E-08
242, 4.04587E-05, 2.58068E-05, 9.95889E-06, 5.76659E-08
243, 4.02158E-05, 2.55773E-05, 9.71183E-06, 5.73576E-08
244, 3.99488E-05, 2.53402E-05, 9.53847E-06, 5.70233E-08
245, 3.96583E-05, 2.50957E-05, 9.66149E-06, 5.66627E-08
246, 3.93450E-05, 2.48440E-05, 9.77451E-06, 5.62757E-08
247, 3.90098E-05, 2.45855E-05, 9.87751E-06, 5.58622E-08
248, 3.86532E-05, 2.43204E-05, 9.97047E-06, 5.54219E-08
249, 3.82761E-05, 2.40491E-05, 1.00534E-05, 5.49546E-08
250, 3.78794E-05, 2.37717E-05, 1.01264E-05, 5.44603E-08
251, 3.74637E-05, 2.34887E-05, 1.01895E-05, 5.39388E-08
252, 3.70297E-05, 2.32002E-05, 1.02426E-05, 5.33900E-08
253, 3.65783E-05, 2.29066E-05, 1.02860E-05, 5.28139E-08
254, 3.61102E-05, 2.26082E-05, 1.03196E-05, 5.22105E-08
255, 3.56263E-05, 2.23052E-05, 1.03435E-05, 5.15799E-08
256, 3.51273E-05, 2.19978E-05, 1.03579E-05, 5.09221E-08
257, 3.46140E-05, 2.16864E-05, 1.03629E-05, 5.02375E-08
258, 3.40872E-05, 2.13713E-05, 1.03586E-05, 4.95262E-08
259, 3.35478E-05, 2.10526E-05, 1.03452E-05, 4.87887E-08
260, 3.29964E-05, 2.07307E-05, 1.03228E-05, 4.80252E-08
261, 3.24339E-05, 2.04058E-05, 1.02915E-05, 4.72364E-08
262, 3.18610E-05, 2.00781E-05, 1.02517E-05, 4.64228E-08
263, 3.12786E-05, 1.97480E-05, 1.02034E-05, 4.55850E-08
264, 3.06874E-05, 1.94156E-05, 1.01468E-05, 4.47239E-08
265, 3.00881E-05, 1.90812E-05, 1.00822E-05, 4.38400E-08
266, 2.94816E-05, 1.87451E-05, 1.00098E-05, 4.29345E-08
267, 2.88685E-05, 1.84074E-05, 9.92974E-06, 4.20081E-08
268, 2.82496E-05, 1.80684E-05, 9.84233E-06, 4.10620E-08
269, 2.76256E-05, 1.77283E-05, 9.74778E-06, 4.00972E-08
270, 2.69973E-05, 1.73873E-05, 9.64633E-06, 3.91148E-08
271, 2.63653E-05, 1.70457E-05, 9.53823E-06, 3.81161E-08
272, 2.57304E-05, 1.67037E-05, 9.42374E-06, 3.71024E-08
273, 2.55355E-05, 1.63614E-05, 9.30313E-06, 3.60749E-08
274, 2.53909E-05, 1.60191E-05, 9.17664E-06, 3.50351E-08
275, 2.52248E-05, 1.56769E-05, 9.04456E-06, 3.45854E-08
276, 2.50380E-05, 1.53350E-05, 8.90715E-06, 3.47225E-08
277, 2.48312E-05, 1.49937E-05, 8.76469E-06, 3.48291E-08
278, 2.46053E-05, 1.46531E-05, 8.61745E-06, 3.49053E-08
279, 2.43610E-05, 1.43134E-05, 8.46572E-06, 3.49516E-08
280, 2.40991E-05, 1.39747E-05, 8.30977E-06, 3.49686E-08
281, 2.38204E-05, 1.36372E-05, 8.14989E-06, 3.49566E-08
282, 2.35258E-05, 1.33011E-05, 7.98636E-06, 3.49165E-08
283, 2.32161E-05, 1.29666E-05, 7.81946E-06, 3.48489E-08
284, 2.28921E-05, 1.26336E-05, 7.64947E-06, 3.47546E-08
285, 2.25546E-05, 1.23025E-05, 7.47667E-06, 3.46345E-08
286, 2.22045E-05, 1.19734E-05, 7.30135E-06, 3.44895E-08
287, 2.18425E-05, 1.16463E-05, 7.12377E-06, 3.43205E-08
288, 2.14696E-05, 1.13214E-05, 6.94421E-06, 3.41287E-08
289, 2.10865E-05, 1.09988E-05, 6.76295E-06, 3.39149E-08
290, 2.06940E-05, 1.06787E-05, 6.58025E-06, 3.36805E-08
291, 2.02930E-05, 1.03611E-05, 6.39638E-06, 3.34263E-08
292, 1.98842E-05, 1.00462E-05, 6.21161E-06, 3.31538E-08
293, 1.94684E-05, 9.73404E-06, 6.02618E-06, 3.28639E-08
294, 1.90464E-05, 9.42473E-06, 5.84035E-06, 3.25578E-08
295, 1.86190E-05, 9.25215E-06, 5.65436E-06, 3.22368E-08
296, 1.81870E-05, 9.12621E-06, 5.46847E-06, 3.19021E-08
297, 1.77510E-05, 8.99830E-06, 5.28290E-06, 3.15547E-08
298, 1.73118E-05, 8.86861E-06, 5.09789E-06, 3.11960E-08
299, 1.68701E-05, 8.73731E-06, 4.91366E-06, 3.09530E-08
300, 1.64267E-05, 8.60454E-06, 4.73043E-06, 3.09053E-08
301, 1.59821E-05, 8.47049E-06, 4.54841E-06, 3.08496E-08
302, 1.55371E-05, 8.33531E-06, 4.36781E-06, 3.07866E-08
303, 1.50923E-05, 8.19915E-06, 4.18882E-06, 3.07167E-08
304, 1.46484E-05, 8.06217E-06, 4.01163E-06, 3.06404E-08
305, 1.42058E-05, 7.92451E-06, 3.83642E-06, 3.05582E-08
306, 1.37653E-05, 7.78633E-06, 3.66337E-06, 3.04706E-08
307, 1.33274E-05, 7.64776E-06, 3.49265E-06, 3.03779E-08
308, 1.28926E-05, 7.50894E-06, 3.32441E-06, 3.02807E-08
309, 1.24615E-05, 7.37001E-06, 3.15880E-06, 3.01792E-08
310, 1.20345E-05, 7.23110E-06, 3.13608E-06, 3.00738E-08
311, 1.16121E-05, 7.09233E-06, 3.11918E-06, 2.99648E-08
312, 1.11949E-05, 6.95383E-06, 3.09935E-06, 2.98526E-08
313, 1.07832E-05, 6.81571E-06, 3.07673E-06, 2.97374E-08
314, 1.03774E-05, 6.67809E-06, 3.05141E-06, 2.96195E-08
315, 9.97799E-06, 6.54108E-06, 3.02353E-06, 2.94990E-08
316, 9.84529E-06, 6.49172E-06, 2.99319E-06, 2.93763E-08
317, 9.90616E-06, 6.47053E-06, 2.96051E-06, 2.92513E-08
318, 9.95788E-06, 6.44705E-06, 2.94085E-06, 2.94589E-08
319, 1.00004E-05, 6.42132E-06, 2.93878E-06, 2.96618E-08
320, 1.00338E-05, 6.39337E-06, 2.93622E-06, 2.98502E-08
321, 1.00580E-05, 6.36324E-06, 2.93319E-06, 3.00239E-08
322, 1.00731E-05, 6.33095E-06, 2.92979E-06, 3.01828E-08
323, 1.00792E-05, 6.29654E-06, 2.93989E-06, 3.03265E-08
324, 1.00762E-05, 6.26005E-06, 2.94950E-06, 3.04551E-08
325, 1.00642E-05, 6.22152E-06, 2.95862E-06, 3.05683E-08
326, 1.00434E-05, 6.18099E-06, 2.96724E-06, 3.06662E-08
327, 1.00138E-05, 6.13848E-06, 2.97536E-06, 3.07484E-08
328, 9.97559E-06, 6.09405E-06, 2.98298E-06, 3.08152E-08
329, 9.92881E-06, 6.04774E-06, 2.99010E-06, 3.08663E-08
330, 9.87363E-06, 5.99958E-06, 2.99671E-06, 3.09018E-08
331, 9.81020E-06, 5.94962E-06, 3.00282E-06, 3.09216E-08
332, 9.73868E-06, 5.92959E-06, 3.00843E-06, 3.09258E-08
333, 9.65924E-06, 5.92562E-06, 3.01353E-06, 3.09144E-08
334, 9.57207E-06, 5.91957E-06, 3.01812E-06, 3.08873E-08
335, 9.47735E-06, 5.91146E-06, 3.02221E-06, 3.08447E-08
336, 9.37529E-06, 5.90129E-06, 3.02579E-06, 3.08916E-08
337, 9.26610E-06, 5.88909E-06, 3.02887E-06, 3.09725E-08
338, 9.15000E-06, 5.87485E-06, 3.03145E-06, 3.10394E-08
339, 9.02721E-06, 5.85861E-06, 3.03353E-06, 3.10924E-08
340, 8.89798E-06, 5.84038E-06, 3.03511E-06, 3.11314E-08
341, 8.76253E-06, 5.82018E-06, 3.03620E-06, 3.11565E-08
342, 8.62112E-06, 5.79803E-06, 3.03680E-06, 3.11678E-08
343, 8.47401E-06, 5.77394E-06, 3.03691E-06, 3.12084E-08
344, 8.32145E-06, 5.74796E-06, 3.03654E-06, 3.13888E-08
345, 8.16370E-06, 5.72008E-06, 3.03568E-06, 3.15559E-08
346, 8.00104E-06, 5.69035E-06, 3.03436E-06, 3.17098E-08
347, 7.83374E-06, 5.65879E-06, 3.03256E-06, 3.18502E-08
348, 7.66207E-06, 5.62542E-06, 3.03030E-06, 3.19771E-08
349, 7.48630E-06, 5.59026E-06, 3.02757E-06, 3.20904E-08
350, 7.30672E-06, 5.55336E-06, 3.02440E-06, 3.21900E-08
351, 7.12361E-06, 5.51474E-06, 3.02078E-06, 3.22759E-08
352, 6.93725E-06, 5.47443E-06, 3.01671E-06, 3.23480E-08
353, 6.74793E-06, 5.43245E-06, 3.01222E-06, 3.24061E-08
354, 6.65767E-06, 5.38884E-06, 3.00729E-06, 3.24502E-08
355, 6.63903E-06, 5.36467E-06, 3.01000E-06, 3.24802E-08
356, 6.62221E-06, 5.36378E-06, 3.01809E-06, 3.24961E-08
357, 6.60718E-06, 5.36110E-06, 3.02571E-06, 3.24978E-08
358, 6.59393E-06, 5.35663E-06, 3.03284E-06, 3.24852E-08
359, 6.58242E-06, 5.35037E-06, 3.03948E-06, 3.24583E-08
360, 6.57261E-06, 5.34234E-06, 3.04564E-06, 3.24171E-08
361, 6.56446E-06, 5.33252E-06, 3.05132E-06, 3.23614E-08
362, 6.55792E-06, 5.32093E-06, 3.05651E-06, 3.22913E-08
363, 6.55293E-06, 5.30758E-06, 3.06122E-06, 3.23644E-08
364, 6.54943E-06, 5.29247E-06, 3.06544E-06, 3.24399E-08
365, 6.54736E-06, 5.27562E-06, 3.06919E-06, 3.25025E-08
366, 6.54665E-06, 5.25703E-06, 3.07246E-06, 3.25520E-08
367, 6.54722E-06, 5.23671E-06, 3.07525E-06, 3.25883E-08
368, 6.55006E-06, 5.21469E-06, 3.07758E-06, 3.26115E-08
369, 6.62866E-06, 5.19097E-06, 3.07943E-06, 3.26213E-08
370, 6.70637E-06, 5.16557E-06, 3.08081E-06, 3.26179E-08
371, 6.78326E-06, 5.13850E-06, 3.08173E-06, 3.26012E-08
372, 6.85940E-06, 5.10979E-06, 3.08220E-06, 3.25712E-08
373, 6.93483E-06, 5.07944E-06, 3.08221E-06, 3.27025E-08
374, 7.00960E-06, 5.04749E-06, 3.08177E-06, 3.28233E-08
375, 7.08376E-06, 5.01395E-06, 3.08088E-06, 3.29309E-08
376, 7.15733E-06, 4.97883E-06, 3.07956E-06, 3.30251E-08
377, 7.23035E-06, 4.94217E-06, 3.07780E-06, 3.31059E-08
378, 7.30284E-06, 4.90398E-06, 3.07561E-06, 3.31731E-08
379, 7.37482E-06, 4.88718E-06, 3.07300E-06, 3.32265E-08
380, 7.44629E-06, 4.88940E-06, 3.06998E-06, 3.32661E-08
381, 7.51727E-06, 4.89003E-06, 3.06655E-06, 3.32918E-08
382, 7.58776E-06, 4.88907E-06, 3.06271E-06, 3.33035E-08
383, 7.65775E-06, 4.88652E-06, 3.05848E-06, 3.33011E-08
384, 7.72724E-06, 4.88238E-06, 3.05386E-06, 3.32846E-08
385, 7.79622E-06, 4.87664E-06, 3.04885E-06, 3.32538E-08
386, 7.86465E-06, 4.86929E-06, 3.04348E-06, 3.32088E-08
387, 7.93253E-06, 4.86034E-06, 3.03774E-06, 3.31494E-08
388, 7.99984E-06, 4.84978E-06, 3.03164E-06, 3.30757E-08
389, 8.06652E-06, 4.83763E-06, 3.02519E-06, 3.29876E-08
390, 8.13257E-06, 4.82387E-06, 3.02770E-06, 3.29649E-08
391, 8.19793E-06, 4.80851E-06, 3.03333E-06, 3.30363E-08
392, 8.26258E-06, 4.80183E-06, 3.03852E-06, 3.30946E-08
393, 8.32646E-06, 4.82285E-06, 3.04327E-06, 3.31398E-08
394, 8.38953E-06, 4.84243E-06, 3.04758E-06, 3.31719E-08
395, 8.45174E-06, 4.86060E-06, 3.05145E-06, 3.31906E-08
396, 8.51304E-06, 4.87740E-06, 3.05489E-06, 3.31960E-08
397, 8.57338E-06, 4.89285E-06, 3.05790E-06, 3.31880E-08
398, 8.63269E-06, 4.90697E-06, 3.06048E-06, 3.31666E-08
399, 8.69094E-06, 4.91979E-06, 3.06263E-06, 3.31316E-08
400, 8.74805E-06, 4.93135E-06, 3.06436E-06, 3.30831E-08
401, 8.80396E-06, 4.94166E-06, 3.06568E-06, 3.30211E-08
402, 8.85861E-06, 4.95075E-06, 3.06658E-06, 3.30103E-08
403, 8.91195E-06, 4.95865E-06, 3.06708E-06, 3.30750E-08
404, 8.96390E-06, 4.96539E-06, 3.06717E-06, 3.31260E-08
405, 9.01441E-06, 4.97099E-06, 3.06686E-06, 3.31631E-08
406, 9.06340E-06, 4.97547E-06, 3.06616E-06, 3.31862E-08
407, 9.11082E-06, 4.97887E-06, 3.06841E-06, 3.31950E-08
408, 9.15660E-06, 4.98121E-06, 3.07799E-06, 3.31896E-08
409, 9.20067E-06, 4.98251E-06, 3.08718E-06, 3.31697E-08
410, 9.24297E-06, 4.98281E-06, 3.09599E-06, 3.31352E-08
411, 9.28344E-06, 4.98212E-06, 3.10441E-06, 3.30861E-08
412, 9.32200E-06, 4.98047E-06, 3.11245E-06, 3.30222E-08
413, 9.35861E-06, 4.97789E-06, 3.12010E-06, 3.29433E-08
414, 9.39320E-06, 4.97440E-06, 3.12736E-06, 3.28495E-08
415, 9.42570E-06, 4.97003E-06, 3.13424E-06, 3.27406E-08
416, 9.45606E-06, 4.96481E-06, 3.14072E-06, 3.26167E-08
417, 9.48423E-06, 4.95876E-06, 3.14682E-06, 3.25575E-08
418, 9.51013E-06, 4.95191E-06, 3.17179E-06, 3.25988E-08
419, 9.53372E-06, 4.94427E-06, 3.19928E-06, 3.26260E-08
420, 9.55495E-06, 4.93587E-06, 3.22594E-06, 3.26389E-08
421, 9.57377E-06, 4.92675E-06, 3.25177E-06, 3.26372E-08
422, 9.59012E-06, 4.91691E-06, 3.27675E-06, 3.26210E-08
423, 9.60396E-06, 4.90640E-06, 3.30087E-06, 3.25901E-08
424, 9.61524E-06, 4.89522E-06, 3.32412E-06, 3.25445E-08
425, 9.62392E-06, 4.88342E-06, 3.34648E-06, 3.24839E-08
426, 9.62996E-06, 4.87100E-06, 3.36796E-06, 3.24084E-08
427, 9.63332E-06, 4.85800E-06, 3.38853E-06, 3.23179E-08
428, 9.63397E-06, 4.84444E-06, 3.40820E-06, 3.22124E-08
429, 9.63187E-06, 4.83035E-06, 3.42695E-06, 3.20917E-08
430, 9.62700E-06, 4.81574E-06, 3.44479E-06, 3.19559E-08
431, 9.61932E-06, 4.80065E-06, 3.46170E-06, 3.18049E-08
432, 9.60881E-06, 4.78508E-06, 3.47768E-06, 3.16886E-08
433, 9.59545E-06, 4.77838E-06, 3.49272E-06, 3.16351E-08
434, 9.57923E-06, 4.78104E-06, 3.50684E-06, 3.15661E-08
435, 9.56011E-06, 4.78286E-06, 3.52001E-06, 3.14816E-08
436, 9.53809E-06, 4.78384E-06, 3.53224E-06, 3.13815E-08
437, 9.51316E-06, 4.78398E-06, 3.54353E-06, 3.12658E-08
438, 9.48531E-06, 4.78328E-06, 3.55389E-06, 3.11343E-08
439, 9.45454E-06, 4.78174E-06, 3.56330E-06, 3.09872E-08
440, 9.42083E-06, 4.77935E-06, 3.57177E-06, 3.08244E-08
441, 9.38420E-06, 4.77613E-06, 3.57931E-06, 3.06459E-08
442, 9.34465E-06, 4.77206E-06, 3.58592E-06, 3.04517E-08
443, 9.30218E-06, 4.76715E-06, 3.59160E-06, 3.02420E-08
444, 9.25679E-06, 4.76140E-06, 3.59635E-06, 3.01360E-08
445, 9.20852E-06, 4.75482E-06, 3.62288E-06, 3.00968E-08
446, 9.15735E-06, 4.74739E-06, 3.65272E-06, 3.00430E-08
447, 9.10333E-06, 4.73914E-06, 3.68164E-06, 2.99745E-08
448, 9.04645E-06, 4.73006E-06, 3.70963E-06, 2.98913E-08
449, 8.98675E-06, 4.72015E-06, 3.73666E-06, 2.97936E-08
450, 8.92426E-06, 4.70942E-06, 3.76272E-06, 2.96813E-08
451, 8.85899E-06, 4.70117E-06, 3.78780E-06, 2.95545E-08
452, 8.79097E-06, 4.71305E-06, 3.81189E-06, 2.94132E-08
453, 8.72025E-06, 4.72414E-06, 3.83498E-06, 2.92576E-08
454, 8.64685E-06, 4.73444E-06, 3.85705E-06, 2.90878E-08
455, 8.57082E-06, 4.74395E-06, 3.87810E-06, 2.89038E-08
456, 8.49218E-06, 4.75264E-06, 3.89811E-06, 2.87057E-08
457, 8.41098E-06, 4.76053E-06, 3.91709E-06, 2.84939E-08
458, 8.32727E-06, 4.76761E-06, 3.93501E-06, 2.82683E-08
459, 8.24108E-06, 4.77387E-06, 3.95189E-06, 2.80291E-08
460, 8.15247E-06, 4.77931E-06, 3.96770E-06, 2.77766E-08
461, 8.06149E-06, 4.78392E-06, 3.98245E-06, 2.75109E-08
462, 7.96819E-06, 4.79547E-06, 3.99613E-06, 2.72399E-08
463, 7.87261E-06, 4.81314E-06, 4.00874E-06, 2.70505E-08
464, 7.77482E-06, 4.83028E-06, 4.02028E-06, 2.68480E-08
465, 7.67485E-06, 4.84691E-06, 4.03075E-06, 2.69352E-08
466, 7.57278E-06, 4.86301E-06, 4.04014E-06, 2.70582E-08
467, 7.46865E-06, 4.87860E-06, 4.04846E-06, 2.71773E-08
468, 7.36253E-06, 4.89367E-06, 4.05572E-06, 2.72925E-08
469, 7.25447E-06, 4.90822E-06, 4.06190E-06, 2.74038E-08
470, 7.14454E-06, 4.92226E-06, 4.06702E-06, 2.75109E-08
471, 7.03280E-06, 4.93578E-06, 4.07108E-06, 2.76140E-08
472, 6.91931E-06, 4.94878E-06, 4.07409E-06, 2.77129E-08
473, 6.80413E-06, 4.96128E-06, 4.07649E-06, 2.78076E-08
474, 6.68733E-06, 4.97325E-06, 4.10110E-06, 2.78980E-08
475, 6.56897E-06, 4.98472E-06, 4.12488E-06, 2.79840E-08
476, 6.44912E-06, 4.99567E-06, 4.14783E-06, 2.80656E-08
477, 6.32784E-06, 5.00611E-06, 4.16993E-06, 2.81427E-08
478, 6.20520E-06, 5.01603E-06, 4.19116E-06, 2.82153E-08
479, 6.08126E-06, 5.02544E-06, 4.21150E-06, 2.82832E-08
480, 5.95609E-06, 5.03434E-06, 4.23096E-06, 2.83465E-08
481, 5.82976E-06, 5.04273E-06, 4.24950E-06, 2.84050E-08
482, 5.70233E-06, 5.05060E-06, 4.26712E-06, 2.84588E-08
483, 5.57387E-06, 5.05796E-06, 4.28382E-06, 2.85077E-08
484, 5.44444E-06, 5.06481E-06, 4.29956E-06, 2.85517E-08
485, 5.31411E-06, 5.07114E-06, 4.31436E-06, 2.85907E-08
486, 5.28034E-06, 5.07696E-06, 4.32819E-06, 2.86247E-08
487, 5.27925E-06, 5.08226E-06, 4.34105E-06, 2.86938E-08
488, 5.27562E-06, 5.08705E-06, 4.35294E-06, 2.88315E-08
489, 5.26950E-06, 5.09132E-06, 4.36384E-06, 2.89617E-08
490, 5.26090E-06, 5.09507E-06, 4.37375E-06, 2.90844E-08
491, 5.24987E-06, 5.09831E-06, 4.38856E-06, 2.91996E-08
492, 5.23644E-06, 5.10102E-06, 4.41340E-06, 2.93072E-08
493, 5.22064E-06, 5.10322E-06, 4.43764E-06, 2.94073E-08
494, 5.20251E-06, 5.10489E-06, 4.46126E-06, 2.94999E-08
495, 5.18211E-06, 5.10604E-06, 4.48425E-06, 2.95850E-08
496, 5.15946E-06, 5.10666E-06, 4.50661E-06, 2.96624E-08
497, 5.13461E-06, 5.10676E-06, 4.52831E-06, 2.97324E-08
498, 5.10761E-06, 5.10633E-06, 4.54935E-06, 2.97949E-08
499, 5.07850E-06, 5.10537E-06, 4.56970E-06, 2.98499E-08
500, 5.04734E-06, 5.10388E-06, 4.58937E-06, 2.98974E-08
501, 5.01416E-06, 5.10186E-06, 4.60834E-06, 2.99376E-08
502, 4.97903E-06, 5.09930E-06, 4.62660E-06, 2.99703E-08
503, 4.94199E-06, 5.09620E-06, 4.64413E-06, 2.99957E-08
504, 4.90310E-06, 5.09257E-06, 4.66092E-06, 3.00138E-08
505, 4.86240E-06, 5.08839E-06, 4.67696E-06, 3.00246E-08
506, 4.81996E-06, 5.08367E-06, 4.69225E-06, 3.00282E-08
507, 4.77582E-06, 5.07840E-06, 4.70677E-06, 3.00247E-08
508, 4.73004E-06, 5.07258E-06, 4.72051E-06, 3.00141E-08
509, 4.68267E-06, 5.06621E-06, 4.73346E-06, 2.99965E-08
510, 4.63378E-06, 5.05929E-06, 4.74561E-06, 2.99720E-08
511, 4.58342E-06, 5.05181E-06, 4.75696E-06, 2.99406E-08
512, 4.53164E-06, 5.04377E-06, 4.76749E-06, 2.99025E-08
513, 4.47849E-06, 5.03517E-06, 4.77719E-06, 2.98576E-08
514, 4.42404E-06, 5.02600E-06, 4.78607E-06, 2.98061E-08
515, 4.36835E-06, 5.01627E-06, 4.79410E-06, 2.97481E-08
516, 4.31146E-06, 5.00596E-06, 4.80129E-06, 2.96836E-08
517, 4.25343E-06, 4.99509E-06, 4.80762E-06, 2.96762E-08
518, 4.19432E-06, 4.98426E-06, 4.81310E-06, 2.97109E-08
519, 4.13418E-06, 4.97714E-06, 4.81771E-06, 2.97370E-08
520, 4.07306E-06, 4.96954E-06, 4.82146E-06, 2.97549E-08
521, 4.01103E-06, 4.96147E-06, 4.82433E-06, 2.97645E-08
522, 3.94814E-06, 4.95291E-06, 4.82632E-06, 2.97660E-08
523, 3.88443E-06, 4.94386E-06, 4.82743E-06, 2.97596E-08
524, 3.81996E-06, 4.93432E-06, 4.82766E-06, 2.97454E-08
525, 3.75478E-06, 4.92429E-06, 4.82700E-06, 2.97234E-08
526, 3.68894E-06, 4.91375E-06, 4.82545E-06, 2.96940E-08
527, 3.62250E-06, 4.90271E-06, 4.82302E-06, 2.96571E-08
528, 3.55550E-06, 4.89117E-06, 4.81970E-06, 2.96130E-08
529, 3.48798E-06, 4.87912E-06, 4.81548E-06, 2.95619E-08
530, 3.42001E-06, 4.86655E-06, 4.81038E-06, 2.95037E-08
531, 3.35162E-06, 4.85346E-06, 4.80439E-06, 2.94387E-08
532, 3.34623E-06, 4.83985E-06, 4.79751E-06, 2.93671E-08
533, 3.38224E-06, 4.82572E-06, 4.78975E-06, 2.92890E-08
534, 3.41813E-06, 4.81106E-06, 4.78111E-06, 2.92045E-08
535, 3.45390E-06, 4.79586E-06, 4.77159E-06, 2.91138E-08
536, 3.48954E-06, 4.78013E-06, 4.76120E-06, 2.90171E-08
537, 3.52506E-06, 4.76386E-06, 4.74993E-06, 2.89145E-08
538, 3.56045E-06, 4.74705E-06, 4.73780E-06, 2.88062E-08
539, 3.59571E-06, 4.72969E-06, 4.73364E-06, 2.86923E-08
540, 3.63083E-06, 4.71178E-06, 4.74074E-06, 2.85729E-08
541, 3.66582E-06, 4.69332E-06, 4.74725E-06, 2.84483E-08
542, 3.70068E-06, 4.67431E-06, 4.75316E-06, 2.83186E-08
543, 3.73540E-06, 4.65473E-06, 4.75848E-06, 2.81839E-08
544, 3.76997E-06, 4.63460E-06, 4.76320E-06, 2.80443E-08
545, 3.80441E-06, 4.61390E-06, 4.76732E-06, 2.79002E-08
546, 3.83870E-06, 4.59264E-06, 4.77084E-06, 2.77515E-08
547, 3.88641E-06, 4.57080E-06, 4.77376E-06, 2.75984E-08
548, 3.93764E-06, 4.54840E-06, 4.77607E-06, 2.75200E-08
549, 3.98853E-06, 4.52542E-06, 4.77777E-06, 2.74637E-08
550, 4.03905E-06, 4.50187E-06, 4.77887E-06, 2.74012E-08
551, 4.08921E-06, 4.47774E-06, 4.77935E-06, 2.73327E-08
552, 4.13900E-06, 4.45304E-06, 4.77922E-06, 2.72585E-08
553, 4.18841E-06, 4.42775E-06, 4.77848E-06, 2.71787E-08
554, 4.23744E-06, 4.41263E-06, 4.77713E-06, 2.70933E-08
555, 4.28608E-06, 4.39721E-06, 4.77516E-06, 2.70028E-08
556, 4.33432E-06, 4.38134E-06, 4.77258E-06, 2.69070E-08
557, 4.38216E-06, 4.36502E-06, 4.76938E-06, 2.68063E-08
558, 4.42960E-06, 4.34825E-06, 4.76556E-06, 2.67008E-08
559, 4.47662E-06, 4.33103E-06, 4.76113E-06, 2.65906E-08
560, 4.52322E-06, 4.31336E-06, 4.76898E-06, 2.64759E-08
561, 4.56940E-06, 4.29524E-06, 4.80864E-06, 2.63568E-08
562, 4.61516E-06, 4.27666E-06, 4.84752E-06, 2.62336E-08
563, 4.66048E-06, 4.25764E-06, 4.88561E-06, 2.61063E-08
564, 4.70536E-06, 4.23815E-06, 4.92293E-06, 2.59751E-08
565, 4.74981E-06, 4.21822E-06, 4.95946E-06, 2.58401E-08
566, 4.79381E-06, 4.19783E-06, 4.99520E-06, 2.57016E-08
567, 4.83736E-06, 4.18618E-06, 5.03016E-06, 2.55595E-08
568, 4.88046E-06, 4.18507E-06, 5.06433E-06, 2.54142E-08
569, 4.92309E-06, 4.18371E-06, 5.09771E-06, 2.52656E-08
570, 4.96527E-06, 4.18210E-06, 5.13030E-06, 2.51140E-08
571, 5.00699E-06, 4.18023E-06, 5.16211E-06, 2.49595E-08
572, 5.04824E-06, 4.17810E-06, 5.19312E-06, 2.48023E-08
573, 5.08901E-06, 4.17573E-06, 5.22335E-06, 2.46424E-08
574, 5.12932E-06, 4.17309E-06, 5.25278E-06, 2.44799E-08
575, 5.16915E-06, 4.17556E-06, 5.28143E-06, 2.43151E-08
576, 5.20849E-06, 4.17996E-06, 5.30929E-06, 2.41480E-08
577, 5.24736E-06, 4.18372E-06, 5.33636E-06, 2.39788E-08
578, 5.28575E-06, 4.18682E-06, 5.36265E-06, 2.38075E-08
579, 5.32364E-06, 4.18927E-06, 5.38815E-06, 2.36343E-08
580, 5.36105E-06, 4.19106E-06, 5.41287E-06, 2.35490E-08
581, 5.39797E-06, 4.19218E-06, 5.43681E-06, 2.34669E-08
582, 5.43440E-06, 4.19265E-06, 5.45997E-06, 2.33812E-08
583, 5.47033E-06, 4.19245E-06, 5.48235E-06, 2.32922E-08
584, 5.50577E-06, 4.19159E-06, 5.50395E-06, 2.31999E-08
585, 5.54071E-06, 4.19007E-06, 5.52478E-06, 2.31045E-08
586, 5.57515E-06, 4.18788E-06, 5.54483E-06, 2.30060E-08
587, 5.60910E-06, 4.18503E-06, 5.56412E-06, 2.29046E-08
588, 5.64254E-06, 4.18151E-06, 5.58264E-06, 2.28005E-08
589, 5.67548E-06, 4.17734E-06, 5.60039E-06, 2.26937E-08
590, 5.70792E-06, 4.17250E-06, 5.61738E-06, 2.25843E-08
591, 5.73986E-06, 4.16699E-06, 5.63361E-06, 2.24726E-08
592, 5.77129E-06, 4.16083E-06, 5.64909E-06, 2.23585E-08
593, 5.80221E-06, 4.15401E-06, 5.66381E-06, 2.22422E-08
594, 5.83263E-06, 4.14653E-06, 5.67778E-06, 2.21238E-08
595, 5.86255E-06, 4.13840E-06, 5.69100E-06, 2.20034E-08
596, 5.89196E-06, 4.12961E-06, 5.70348E-06, 2.18812E-08
597, 5.92086E-06, 4.12017E-06, 5.71521E-06, 2.17571E-08
598, 5.94926E-06, 4.11009E-06, 5.72621E-06, 2.16314E-08
599, 5.97715E-06, 4.09936E-06, 5.73647E-06, 2.15041E-08
600, 6.00453E-06, 4.08798E-06, 5.74601E-06, 2.13754E-08
601, 6.03141E-06, 4.07597E-06, 5.75481E-06, 2.12452E-08
602, 6.05778E-06, 4.06333E-06, 5.76289E-06, 2.11137E-08
603, 6.08364E-06, 4.05005E-06, 5.77025E-06, 2.09810E-08
604, 6.10900E-06, 4.03614E-06, 5.77690E-06, 2.08472E-08
605, 6.13385E-06, 4.02162E-06, 5.78283E-06, 2.07125E-08
606, 6.15820E-06, 4.00647E-06, 5.78806E-06, 2.05767E-08
607, 6.18204E-06, 3.99071E-06, 5.79258E-06, 2.04400E-08
608, 6.21607E-06, 3.97434E-06, 5.79640E-06, 2.03026E-08
609, 6.25461E-06, 3.95737E-06, 5.79952E-06, 2.01644E-08
610, 6.29238E-06, 3.93979E-06, 5.80195E-06, 2.00256E-08
611, 6.32938E-06, 3.93179E-06, 5.80370E-06, 1.98863E-08
612, 6.36562E-06, 3.93642E-06, 5.80476E-06, 1.97464E-08
613, 6.40107E-06, 3.94041E-06, 5.80515E-06, 1.96246E-08
614, 6.43574E-06, 3.94374E-06, 5.80485E-06, 1.95662E-08
615, 6.46961E-06, 3.94643E-06, 5.80389E-06, 1.95058E-08
616, 6.50270E-06, 3.94845E-06, 5.80227E-06, 1.94436E-08
617, 6.53609E-06, 3.94980E-06, 5.79998E-06, 1.93796E-08
618, 6.57298E-06, 3.95048E-06, 5.79704E-06, 1.93139E-08
619, 6.60881E-06, 3.95049E-06, 5.79345E-06, 1.92466E-08
620, 6.64358E-06, 3.94981E-06, 5.78921E-06, 1.91777E-08
621, 6.67727E-06, 3.94845E-06, 5.78433E-06, 1.91073E-08
622, 6.70990E-06, 3.94639E-06, 5.77881E-06, 1.90356E-08
623, 6.74144E-06, 3.94364E-06, 5.77266E-06, 1.89625E-08
624, 6.77191E-06, 3.94019E-06, 5.76589E-06, 1.88881E-08
625, 6.80129E-06, 3.93604E-06, 5.75849E-06, 1.88125E-08
626, 6.82958E-06, 3.93118E-06, 5.75048E-06, 1.87357E-08
627, 6.85678E-06, 3.92561E-06, 5.74185E-06, 1.86579E-08
628, 6.88290E-06, 3.91933E-06, 5.73262E-06, 1.85790E-08
629, 6.90792E-06, 3.91234E-06, 5.72279E-06, 1.84991E-08
630, 6.93185E-06, 3.90463E-06, 5.71236E-06, 1.84183E-08
631, 6.95469E-06, 3.89620E-06, 5.70134E-06, 1.83366E-08
632, 6.97644E-06, 3.88705E-06, 5.68974E-06, 1.82541E-08
633, 6.99709E-06, 3.87718E-06, 5.67755E-06, 1.81708E-08
634, 7.01665E-06, 3.86658E-06, 5.66479E-06, 1.80867E-08
635, 7.03512E-06, 3.85527E-06, 5.65146E-06, 1.80019E-08
636, 7.05250E-06, 3.84322E-06, 5.63757E-06, 1.79165E-08
637, 7.06879E-06, 3.83046E-06, 5.62312E-06, 1.78305E-08
638, 7.08400E-06, 3.81697E-06, 5.60812E-06, 1.77438E-08
639, 7.09812E-06, 3.80275E-06, 5.59258E-06, 1.76566E-08
640, 7.11117E-06, 3.78782E-06, 5.57649E-06, 1.75689E-08
641, 7.12314E-06, 3.77216E-06, 5.55986E-06, 1.74806E-08
642, 7.13403E-06, 3.75578E-06, 5.54271E-06, 1.73919E-08
643, 7.14386E-06, 3.73868E-06, 5.52503E-06, 1.73028E-08
644, 7.15263E-06, 3.72086E-06, 5.50684E-06, 1.72132E-08
645, 7.16034E-06, 3.70233E-06, 5.48813E-06, 1.71232E-08
646, 7.16699E-06, 3.68309E-06, 5.46892E-06, 1.70328E-08
647, 7.17260E-06, 3.66314E-06, 5.44920E-06, 1.69421E-08
648, 7.17716E-06, 3.64248E-06, 5.42900E-06, 1.68510E-08
649, 7.18069E-06, 3.62112E-06, 5.40830E-06, 1.68171E-08
650, 7.18319E-06, 3.63700E-06, 5.38712E-06, 1.67906E-08
651, 7.18467E-06, 3.66408E-06, 5.36547E-06, 1.67625E-08
652, 7.18513E-06, 3.69649E-06, 5.34335E-06, 1.67328E-08
653, 7.18459E-06, 3.73698E-06, 5.32076E-06, 1.67017E-08
654, 7.18304E-06, 3.77700E-06, 5.29772E-06, 1.66935E-08
655, 7.18050E-06, 3.81656E-06, 5.27422E-06, 1.67265E-08
656, 7.17698E-06, 3.85563E-06, 5.25028E-06, 1.67544E-08
657, 7.17247E-06, 3.89421E-06, 5.22590E-06, 1.67772E-08
658, 7.16700E-06, 3.93230E-06, 5.20109E-06, 1.67950E-08
659, 7.16058E-06, 3.96989E-06, 5.17585E-06, 1.68078E-08
660, 7.15320E-06, 4.00697E-06, 5.15020E-06, 1.68157E-08
661, 7.14488E-06, 4.04352E-06, 5.12413E-06, 1.68187E-08
662, 7.13562E-06, 4.07956E-06, 5.09765E-06, 1.68170E-08
663, 7.12921E-06, 4.11506E-06, 5.07078E-06, 1.68105E-08
664, 7.12331E-06, 4.15001E-06, 5.04351E-06, 1.67995E-08
665, 7.11667E-06, 4.18443E-06, 5.01585E-06, 1.67839E-08
666, 7.10931E-06, 4.21829E-06, 4.98782E-06, 1.67639E-08
667, 7.10121E-06, 4.25158E-06, 4.95941E-06, 1.67396E-08
668, 7.09240E-06, 4.28431E-06, 4.93063E-06, 1.67109E-08
669, 7.08287E-06, 4.31647E-06, 4.90149E-06, 1.66781E-08
670, 7.07264E-06, 4.34805E-06, 4.87200E-06, 1.66412E-08
671, 7.06170E-06, 4.37904E-06, 4.84216E-06, 1.66004E-08
672, 7.05007E-06, 4.40945E-06, 4.81199E-06, 1.65556E-08
673, 7.03774E-06, 4.43925E-06, 4.78148E-06, 1.65071E-08
674, 7.02474E-06, 4.46845E-06, 4.75064E-06, 1.64549E-08
675, 7.01106E-06, 4.49704E-06, 4.71948E-06, 1.63992E-08
676, 6.99671E-06, 4.52502E-06, 4.68801E-06, 1.63400E-08
677, 6.98170E-06, 4.55238E-06, 4.65624E-06, 1.62775E-08
678, 6.96603E-06, 4.57912E-06, 4.62416E-06, 1.62117E-08
679, 6.94971E-06, 4.60523E-06, 4.59179E-06, 1.61429E-08
680, 6.93275E-06, 4.63070E-06, 4.55914E-06, 1.60710E-08
681, 6.91516E-06, 4.65554E-06, 4.52621E-06, 1.59963E-08
682, 6.89693E-06, 4.67974E-06, 4.49301E-06, 1.60858E-08
683, 6.87809E-06, 4.70329E-06, 4.45955E-06, 1.62221E-08
684, 6.85862E-06, 4.72618E-06, 4.42583E-06, 1.63564E-08
685, 6.83855E-06, 4.74843E-06, 4.39186E-06, 1.64888E-08
686, 6.81788E-06, 4.77002E-06, 4.35764E-06, 1.66193E-08
687, 6.79661E-06, 4.79094E-06, 4.32319E-06, 1.67478E-08
688, 6.77475E-06, 4.81120E-06, 4.28851E-06, 1.68745E-08
689, 6.75232E-06, 4.83080E-06, 4.25361E-06, 1.69993E-08
690, 6.72931E-06, 4.84972E-06, 4.21850E-06, 1.71222E-08
691, 6.70573E-06, 4.86797E-06, 4.18318E-06, 1.72433E-08
692, 6.68159E-06, 4.88555E-06, 4.14766E-06, 1.73627E-08
693, 6.66062E-06, 4.90245E-06, 4.11194E-06, 1.74803E-08
694, 6.65042E-06, 4.91866E-06, 4.07604E-06, 1.75961E-08
695, 6.63972E-06, 4.93420E-06, 4.03997E-06, 1.77103E-08
696, 6.62852E-06, 4.94905E-06, 4.00372E-06, 1.78227E-08
697, 6.61682E-06, 4.96322E-06, 3.96731E-06, 1.79335E-08
698, 6.60462E-06, 4.98077E-06, 3.93074E-06, 1.80427E-08
699, 6.59192E-06, 5.00388E-06, 3.89402E-06, 1.81503E-08
700, 6.57872E-06, 5.02619E-06, 3.85716E-06, 1.82564E-08
701, 6.56502E-06, 5.04772E-06, 3.82016E-06, 1.83609E-08
702, 6.55082E-06, 5.06845E-06, 3.78304E-06, 1.84639E-08
703, 6.54199E-06, 5.08839E-06, 3.74580E-06, 1.85654E-08
704, 6.54054E-06, 5.10753E-06, 3.70844E-06, 1.86655E-08
705, 6.53858E-06, 5.12588E-06, 3.67098E-06, 1.87642E-08
706, 6.53610E-06, 5.14343E-06, 3.63342E-06, 1.88616E-08
707, 6.53310E-06, 5.16018E-06, 3.59577E-06, 1.89576E-08
708, 6.52958E-06, 5.17614E-06, 3.55804E-06, 1.90522E-08
709, 6.52553E-06, 5.19130E-06, 3.52022E-06, 1.91456E-08
710, 6.52095E-06, 5.20566E-06, 3.48234E-06, 1.92378E-08
711, 6.51584E-06, 5.21924E-06, 3.44440E-06, 1.93287E-08
712, 6.51018E-06, 5.23202E-06, 3.40640E-06, 1.94185E-08
713, 6.50398E-06, 5.24400E-06, 3.36836E-06, 1.95071E-08
714, 6.49724E-06, 5.25520E-06, 3.33027E-06, 1.95946E-08
715, 6.48994E-06, 5.26561E-06, 3.29216E-06, 1.96811E-08
716, 6.48209E-06, 5.27523E-06, 3.25401E-06, 1.97664E-08
717, 6.47369E-06, 5.28407E-06, 3.21585E-06, 1.98507E-08
718, 6.46472E-06, 5.29213E-06, 3.17768E-06, 1.99341E-08
719, 6.45518E-06, 5.29941E-06, 3.13950E-06, 2.00164E-08
720, 6.44508E-06, 5.30591E-06, 3.10132E-06, 2.00978E-08
721, 6.43441E-06, 5.31165E-06, 3.06316E-06, 2.01783E-08
722, 6.42317E-06, 5.31661E-06, 3.02502E-06, 2.02579E-08
723, 6.41135E-06, 5.32080E-06, 2.98689E-06, 2.03366E-08
724, 6.39894E-06, 5.32424E-06, 2.94880E-06, 2.04145E-08
725, 6.38596E-06, 5.32691E-06, 2.91075E-06, 2.04916E-08
726, 6.37239E-06, 5.32884E-06, 2.87274E-06, 2.05679E-08
727, 6.35824E-06, 5.33001E-06, 2.83479E-06, 2.06433E-08
728, 6.34349E-06, 5.33044E-06, 2.79689E-06, 2.07181E-08
729, 6.32816E-06, 5.33013E-06, 2.75906E-06, 2.07921E-08
730, 6.31223E-06, 5.32908E-06, 2.72130E-06, 2.08654E-08
731, 6.29571E-06, 5.32731E-06, 2.68362E-06, 2.09380E-08
732, 6.27858E-06, 5.32481E-06, 2.64603E-06, 2.10099E-08
733, 6.26086E-06, 5.32159E-06, 2.60853E-06, 2.10811E-08
734, 6.24254E-06, 5.31766E-06, 2.57114E-06, 2.11517E-08
735, 6.22362E-06, 5.31302E-06, 2.53385E-06, 2.12216E-08
736, 6.20410E-06, 5.30767E-06, 2.49667E-06, 2.12909E-08
737, 6.18397E-06, 5.30164E-06, 2.45961E-06, 2.13595E-08
738, 6.16324E-06, 5.29491E-06, 2.42267E-06, 2.14276E-08
739, 6.14191E-06, 5.28750E-06, 2.38587E-06, 2.14950E-08
740, 6.11997E-06, 5.27941E-06, 2.34921E-06, 2.15618E-08
741, 6.09743E-06, 5.27065E-06, 2.31270E-06, 2.16280E-08
742, 6.07428E-06, 5.26124E-06, 2.30872E-06, 2.16936E-08
743, 6.05052E-06, 5.25116E-06, 2.31104E-06, 2.17585E-08
744, 6.02616E-06, 5.24043E-06, 2.31311E-06, 2.18228E-08
745, 6.00120E-06, 5.22907E-06, 2.31495E-06, 2.18866E-08
746, 5.97563E-06, 5.21707E-06, 2.31655E-06, 2.19496E-08
747, 5.94947E-06, 5.20444E-06, 2.31792E-06, 2.20121E-08
748, 5.92270E-06, 5.19119E-06, 2.31906E-06, 2.20738E-08
749, 5.89533E-06, 5.17733E-06, 2.31998E-06, 2.21350E-08
750, 5.86736E-06, 5.16286E-06, 2.32068E-06, 2.21954E-08
751, 5.83880E-06, 5.14780E-06, 2.32116E-06, 2.22551E-08
752, 5.80965E-06, 5.13215E-06, 2.32142E-06, 2.23141E-08
753, 5.77990E-06, 5.11592E-06, 2.32148E-06, 2.23724E-08
754, 5.74956E-06, 5.09911E-06, 2.32133E-06, 2.24299E-08
755, 5.71864E-06, 5.08174E-06, 2.32098E-06, 2.24867E-08
756, 5.68713E-06, 5.06382E-06, 2.32043E-06, 2.25426E-08
757, 5.65504E-06, 5.04534E-06, 2.31968E-06, 2.25977E-08
758, 5.62238E-06, 5.02633E-06, 2.31874E-06, 2.26519E-08
759, 5.58914E-06, 5.00678E-06, 2.31762E-06, 2.27052E-08
760, 5.55533E-06, 4.98671E-06, 2.31632E-06, 2.27575E-08
761, 5.52096E-06, 4.96613E-06, 2.31484E-06, 2.28089E-08
762, 5.48603E-06, 4.94504E-06, 2.31318E-06, 2.28593E-08
763, 5.45054E-06, 4.92345E-06, 2.31135E-06, 2.29086E-08
764, 5.41450E-06, 4.90137E-06, 2.30936E-06, 2.29569E-08
765, 5.37791E-06, 4.88317E-06, 2.30721E-06, 2.30040E-08
766, 5.34078E-06, 4.86773E-06, 2.30490E-06, 2.30499E-08
767, 5.30311E-06, 4.85187E-06, 2.30243E-06, 2.30946E-08
768, 5.26492E-06, 4.83560E-06, 2.29982E-06, 2.31380E-08
769, 5.22620E-06, 4.81893E-06, 2.29707E-06, 2.31800E-08
770, 5.18696E-06, 4.80187E-06, 2.29417E-06, 2.32207E-08
771, 5.14721E-06, 4.78443E-06, 2.29114E-06, 2.32600E-08
772, 5.10696E-06, 4.76661E-06, 2.28797E-06, 2.32978E-08
773, 5.06620E-06, 4.74843E-06, 2.28468E-06, 2.33340E-08
774, 5.02496E-06, 4.72989E-06, 2.28127E-06, 2.33686E-08
775, 4.98323E-06, 4.71101E-06, 2.27774E-06, 2.34016E-08
776, 4.94103E-06, 4.69178E-06, 2.27409E-06, 2.34328E-08
777, 4.89835E-06, 4.67222E-06, 2.27033E-06, 2.34623E-08
778, 4.85522E-06, 4.65234E-06, 2.26647E-06, 2.34899E-08
779, 4.81164E-06, 4.63214E-06, 2.26250E-06, 2.35156E-08
780, 4.76761E-06, 4.61164E-06, 2.25844E-06, 2.35393E-08
781, 4.72314E-06, 4.59083E-06, 2.25428E-06, 2.35610E-08
782, 4.67825E-06, 4.56974E-06, 2.25003E-06, 2.35806E-08
783, 4.63295E-06, 4.54836E-06, 2.24570E-06, 2.35980E-08
784, 4.58723E-06, 4.52670E-06, 2.24129E-06, 2.36132E-08
785, 4.54112E-06, 4.50477E-06, 2.23680E-06, 2.36261E-08
786, 4.49461E-06, 4.48258E-06, 2.23223E-06, 2.36366E-08
787, 4.44773E-06, 4.46014E-06, 2.22760E-06, 2.36447E-08
788, 4.40048E-06, 4.43744E-06, 2.22289E-06, 2.36503E-08
789, 4.35287E-06, 4.41451E-06, 2.21813E-06, 2.36533E-08
790, 4.30491E-06, 4.39135E-06, 2.21331E-06, 2.36536E-08
791, 4.25661E-06, 4.36796E-06, 2.20843E-06, 2.36513E-08
792, 4.20798E-06, 4.34434E-06, 2.20519E-06, 2.36462E-08
793, 4.15904E-06, 4.32052E-06, 2.20438E-06, 2.36382E-08
794, 4.10979E-06, 4.29649E-06, 2.20350E-06, 2.36273E-08
795, 4.06025E-06, 4.27226E-06, 2.20255E-06, 2.36134E-08
796, 4.01314E-06, 4.24783E-06, 2.20153E-06, 2.35965E-08
797, 3.96594E-06, 4.22322E-06, 2.20044E-06, 2.35765E-08
798, 3.91845E-06, 4.19843E-06, 2.19927E-06, 2.35533E-08
799, 3.93225E-06, 4.17346E-06, 2.19804E-06, 2.35269E-08
800, 3.96009E-06, 4.14832E-06, 2.19673E-06, 2.34972E-08
801, 3.98764E-06, 4.12302E-06, 2.19535E-06, 2.34641E-08
802, 4.01489E-06, 4.09756E-06, 2.19424E-06, 2.34276E-08
803, 4.04184E-06, 4.07195E-06, 2.19402E-06, 2.33877E-08
804, 4.06849E-06, 4.04619E-06, 2.19374E-06, 2.33442E-08
805, 4.09482E-06, 4.02029E-06, 2.19340E-06, 2.32971E-08
806, 4.12084E-06, 3.99425E-06, 2.19301E-06, 2.32464E-08
807, 4.14654E-06, 3.96808E-06, 2.19256E-06, 2.31919E-08
808, 4.17192E-06, 3.94179E-06, 2.19206E-06, 2.31338E-08
809, 4.19697E-06, 3.91537E-06, 2.19150E-06, 2.30718E-08
810, 4.22169E-06, 3.89634E-06, 2.19089E-06, 2.30061E-08
811, 4.24608E-06, 3.88185E-06, 2.19022E-06, 2.29364E-08
812, 4.27013E-06, 3.86717E-06, 2.18950E-06, 2.28628E-08
813, 4.29384E-06, 3.85228E-06, 2.18871E-06, 2.27853E-08
814, 4.31720E-06, 3.83719E-06, 2.18787E-06, 2.27038E-08
815, 4.34021E-06, 3.82190E-06, 2.18697E-06, 2.26182E-08
816, 4.36287E-06, 3.80640E-06, 2.18602E-06, 2.25286E-08
817, 4.38517E-06, 3.79070E-06, 2.18500E-06, 2.24349E-08
818, 4.40711E-06, 3.77480E-06, 2.18392E-06, 2.23370E-08
819, 4.42868E-06, 3.75869E-06, 2.18278E-06, 2.22351E-08
820, 4.44990E-06, 3.74238E-06, 2.18158E-06, 2.21290E-08
821, 4.47073E-06, 3.72586E-06, 2.18032E-06, 2.20187E-08
822, 4.49120E-06, 3.70913E-06, 2.17899E-06, 2.19042E-08
823, 4.51129E-06, 3.69219E-06, 2.17760E-06, 2.17855E-08
824, 4.53100E-06, 3.67504E-06, 2.17615E-06, 2.16626E-08
825, 4.55033E-06, 3.65768E-06, 2.17462E-06, 2.15355E-08
826, 4.56927E-06, 3.64011E-06, 2.17303E-06, 2.14041E-08
827, 4.58782E-06, 3.62233E-06, 2.17137E-06, 2.12685E-08
828, 4.61756E-06, 3.60434E-06, 2.16963E-06, 2.11288E-08
829, 4.64760E-06, 3.58613E-06, 2.16783E-06, 2.09848E-08
830, 4.67721E-06, 3.56770E-06, 2.16595E-06, 2.08366E-08
831, 4.70639E-06, 3.54906E-06, 2.16399E-06, 2.06842E-08
832, 4.73514E-06, 3.53020E-06, 2.16196E-06, 2.05276E-08
833, 4.76345E-06, 3.51112E-06, 2.15986E-06, 2.03669E-08
834, 4.79132E-06, 3.49182E-06, 2.15767E-06, 2.02020E-08
835, 4.81874E-06, 3.47230E-06, 2.15540E-06, 2.00330E-08
836, 4.84571E-06, 3.45256E-06, 2.15305E-06, 1.98600E-08
837, 4.87222E-06, 3.43260E-06, 2.15062E-06, 1.96829E-08
838, 4.89827E-06, 3.41241E-06, 2.14810E-06, 1.95018E-08
839, 4.92386E-06, 3.39200E-06, 2.14550E-06, 1.93167E-08
840, 4.94898E-06, 3.37137E-06, 2.14281E-06, 1.91276E-08
841, 4.97363E-06, 3.35051E-06, 2.14002E-06, 1.89347E-08
842, 4.99780E-06, 3.34391E-06, 2.13715E-06, 1.87379E-08
843, 5.02149E-06, 3.35413E-06, 2.14441E-06, 1.85374E-08
844, 5.04470E-06, 3.36859E-06, 2.15197E-06, 1.83331E-08
845, 5.06742E-06, 3.38275E-06, 2.15924E-06, 1.81251E-08
846, 5.08965E-06, 3.39662E-06, 2.16622E-06, 1.79134E-08
847, 5.11139E-06, 3.41019E-06, 2.17292E-06, 1.77425E-08
848, 5.13263E-06, 3.42346E-06, 2.17934E-06, 1.75818E-08
849, 5.15336E-06, 3.43644E-06, 2.18546E-06, 1.74172E-08
850, 5.17360E-06, 3.44912E-06, 2.19849E-06, 1.72487E-08
851, 5.19333E-06, 3.46150E-06, 2.21303E-06, 1.70765E-08
852, 5.21255E-06, 3.47359E-06, 2.22731E-06, 1.69006E-08
853, 5.23125E-06, 3.48537E-06, 2.24132E-06, 1.67210E-08
854, 5.24944E-06, 3.49686E-06, 2.25507E-06, 1.65379E-08
855, 5.26712E-06, 3.50806E-06, 2.26856E-06, 1.63512E-08
856, 5.28427E-06, 3.51896E-06, 2.28178E-06, 1.61611E-08
857, 5.30090E-06, 3.52956E-06, 2.29473E-06, 1.59677E-08
858, 5.31701E-06, 3.53986E-06, 2.30742E-06, 1.57709E-08
859, 5.33259E-06, 3.54987E-06, 2.31983E-06, 1.55709E-08
860, 5.34764E-06, 3.55958E-06, 2.33198E-06, 1.53677E-08
861, 5.36216E-06, 3.56899E-06, 2.34386E-06, 1.51615E-08
862, 5.37615E-06, 3.57811E-06, 2.35546E-06, 1.49523E-08
863, 5.38960E-06, 3.58693E-06, 2.36680E-06, 1.47402E-08
864, 5.40252E-06, 3.59545E-06, 2.37786E-06, 1.45253E-08
865, 5.41490E-06, 3.60367E-06, 2.38865E-06, 1.43077E-08
866, 5.42674E-06, 3.61159E-06, 2.39916E-06, 1.40874E-08
867, 5.43805E-06, 3.61922E-06, 2.40941E-06, 1.38645E-08
868, 5.44881E-06, 3.62654E-06, 2.41937E-06, 1.36392E-08
869, 5.45903E-06, 3.63357E-06, 2.42907E-06, 1.34114E-08
870, 5.46871E-06, 3.64030E-06, 2.43849E-06, 1.31815E-08
871, 5.47784E-06, 3.64673E-06, 2.44763E-06, 1.29493E-08
872, 5.48643E-06, 3.65285E-06, 2.45650E-06, 1.27150E-08
873, 5.49448E-06, 3.65868E-06, 2.46510E-06, 1.24787E-08
874, 5.50198E-06, 3.66421E-06, 2.47342E-06, 1.22405E-08
875, 5.51693E-06, 3.66943E-06, 2.48146E-06, 1.20005E-08
876, 5.53679E-06, 3.67436E-06, 2.48923E-06, 1.17588E-08
877, 5.55623E-06, 3.67898E-06, 2.49672E-06, 1.15154E-08
878, 5.57526E-06, 3.68330E-06, 2.50792E-06, 1.13602E-08
879, 5.59386E-06, 3.68732E-06, 2.52478E-06, 1.12632E-08
880, 5.61204E-06, 3.69104E-06, 2.54140E-06, 1.11647E-08
881, 5.62979E-06, 3.69445E-06, 2.55778E-06, 1.10648E-08
882, 5.64711E-06, 3.69756E-06, 2.57392E-06, 1.09635E-08
883, 5.66399E-06, 3.70037E-06, 2.58982E-06, 1.08609E-08
884, 5.68045E-06, 3.70287E-06, 2.60547E-06, 1.07571E-08
885, 5.69646E-06, 3.70507E-06, 2.62088E-06, 1.06522E-08
886, 5.71204E-06, 3.70697E-06, 2.63604E-06, 1.05463E-08
887, 5.72717E-06, 3.70856E-06, 2.65095E-06, 1.04394E-08
888, 5.74186E-06, 3.70985E-06, 2.66561E-06, 1.03317E-08
889, 5.75611E-06, 3.71083E-06, 2.68001E-06, 1.02232E-08
890, 5.76990E-06, 3.71151E-06, 2.69417E-06, 1.01139E-08
891, 5.78325E-06, 3.71189E-06, 2.70806E-06, 1.00040E-08
892, 5.79615E-06, 3.71196E-06, 2.72170E-06, 9.89354E-09
893, 5.80859E-06, 3.71172E-06, 2.73508E-06, 9.78258E-09
894, 5.82058E-06, 3.71118E-06, 2.74820E-06, 9.67122E-09
895, 5.83211E-06, 3.71034E-06, 2.76106E-06, 9.55950E-09
896, 5.84318E-06, 3.70919E-06, 2.77366E-06, 9.44751E-09
897, 5.85380E-06, 3.70774E-06, 2.78599E-06, 9.33532E-09
898, 5.86395E-06, 3.70598E-06, 2.79806E-06, 9.22299E-09
899, 5.87365E-06, 3.70392E-06, 2.80986E-06, 9.11059E-09
900, 5.88288E-06, 3.70156E-06, 2.82139E-06, 8.99818E-09
901, 5.89164E-06, 3.69889E-06, 2.83265E-06, 8.88585E-09
902, 5.89994E-06, 3.69593E-06, 2.84365E-06, 8.77363E-09
903, 5.90778E-06, 3.69265E-06, 2.85437E-06, 8.66160E-09
904, 5.91515E-06, 3.68908E-06, 2.86482E-06, 8.55827E-09
905, 5.92205E-06, 3.68521E-06, 2.87500E-06, 8.45772E-09
906, 5.92849E-06, 3.68103E-06, 2.88491E-06, 8.35741E-09
907, 5.93446E-06, 3.67849E-06, 2.89454E-06, 8.25739E-09
908, 5.93995E-06, 3.68171E-06, 2.90389E-06, 8.15773E-09
909, 5.94498E-06, 3.68461E-06, 2.91297E-06, 8.05847E-09
910, 5.94954E-06, 3.68720E-06, 2.92178E-06, 7.95966E-09
911, 5.95363E-06, 3.68948E-06, 2.93030E-06, 7.86135E-09
912, 5.95725E-06, 3.69145E-06, 2.93855E-06, 7.76360E-09
913, 5.96040E-06, 3.69310E-06, 2.94652E-06, 7.66644E-09
914, 5.96309E-06, 3.69443E-06, 2.95421E-06, 7.56991E-09
915, 5.96530E-06, 3.69546E-06, 2.96163E-06, 7.47409E-09
916, 5.96704E-06, 3.69617E-06, 2.96876E-06, 7.37897E-09
917, 5.96831E-06, 3.69657E-06, 2.97561E-06, 7.28463E-09
918, 5.96912E-06, 3.69665E-06, 2.98218E-06, 7.19108E-09
919, 5.96945E-06, 3.69642E-06, 2.98848E-06, 7.09838E-09
920, 5.96932E-06, 3.69588E-06, 2.99485E-06, 7.00653E-09
921, 5.96872E-06, 3.69502E-06, 3.01024E-06, 6.91561E-09
922, 5.96766E-06, 3.69385E-06, 3.02545E-06, 6.82560E-09
923, 5.96613E-06, 3.69236E-06, 3.04047E-06, 6.73656E-09
924, 5.96413E-06, 3.69057E-06, 3.05530E-06, 6.64852E-09
925, 5.96167E-06, 3.68846E-06, 3.06993E-06, 6.56150E-09
926, 5.95875E-06, 3.68604E-06, 3.08437E-06, 6.59238E-09
927, 5.95537E-06, 3.68331E-06, 3.09860E-06, 6.69617E-09
928, 5.95152E-06, 3.68027E-06, 3.11264E-06, 6.79713E-09
929, 5.94722E-06, 3.67692E-06, 3.12647E-06, 6.89519E-09
930, 5.94246E-06, 3.67326E-06, 3.14009E-06, 6.99038E-09
931, 5.93724E-06, 3.66930E-06, 3.15351E-06, 7.08264E-09
932, 5.93157E-06, 3.66502E-06, 3.16671E-06, 7.17203E-09
933, 5.92544E-06, 3.66044E-06, 3.17970E-06, 7.25850E-09
934, 5.91887E-06, 3.65556E-06, 3.19248E-06, 7.34206E-09
935, 5.91184E-06, 3.65037E-06, 3.20504E-06, 7.42270E-09
936, 5.90437E-06, 3.64488E-06, 3.21737E-06, 7.50047E-09
937, 5.89645E-06, 3.63908E-06, 3.22949E-06, 7.57529E-09
938, 5.88808E-06, 3.63299E-06, 3.24138E-06, 7.64720E-09
939, 5.87928E-06, 3.62740E-06, 3.25305E-06, 7.71623E-09
940, 5.87003E-06, 3.64169E-06, 3.26449E-06, 7.78236E-09
941, 5.86035E-06, 3.65579E-06, 3.27570E-06, 7.84560E-09
942, 5.85023E-06, 3.66970E-06, 3.28667E-06, 7.90597E-09
943, 5.83968E-06, 3.68341E-06, 3.29742E-06, 7.96346E-09
944, 5.82870E-06, 3.69694E-06, 3.30793E-06, 8.01811E-09
945, 5.81730E-06, 3.71026E-06, 3.31820E-06, 8.06990E-09
946, 5.80546E-06, 3.72339E-06, 3.32823E-06, 8.11888E-09
947, 5.79321E-06, 3.73632E-06, 3.33802E-06, 8.16504E-09
948, 5.78053E-06, 3.74905E-06, 3.34756E-06, 8.20840E-09
949, 5.76744E-06, 3.76158E-06, 3.35686E-06, 8.24899E-09
950, 5.75393E-06, 3.77390E-06, 3.36592E-06, 8.28682E-09
951, 5.74002E-06, 3.78602E-06, 3.37473E-06, 8.32478E-09
952, 5.72569E-06, 3.79794E-06, 3.38328E-06, 8.40197E-09
953, 5.71096E-06, 3.80964E-06, 3.39159E-06, 8.47622E-09
954, 5.69583E-06, 3.82114E-06, 3.39965E-06, 8.54757E-09
955, 5.68030E-06, 3.83243E-06, 3.40745E-06, 8.64022E-09
956, 5.66437E-06, 3.84350E-06, 3.41499E-06, 8.73920E-09
957, 5.64806E-06, 3.85436E-06, 3.42228E-06, 8.83481E-09
958, 5.63135E-06, 3.86501E-06, 3.42931E-06, 8.92705E-09
959, 5.61426E-06, 3.87544E-06, 3.43608E-06, 9.01593E-09
960, 5.59679E-06, 3.88565E-06, 3.44259E-06, 9.10148E-09
961, 5.57895E-06, 3.89564E-06, 3.44883E-06, 9.18370E-09
962, 5.56072E-06, 3.90541E-06, 3.45482E-06, 9.26261E-09
963, 5.54213E-06, 3.91497E-06, 3.46054E-06, 9.33824E-09
964, 5.52318E-06, 3.92430E-06, 3.46599E-06, 9.42952E-09
965, 5.50385E-06, 3.93340E-06, 3.47118E-06, 9.53330E-09
966, 5.48418E-06, 3.94228E-06, 3.47610E-06, 9.63401E-09
967, 5.46414E-06, 3.95093E-06, 3.48075E-06, 9.73171E-09
968, 5.44376E-06, 3.95936E-06, 3.48513E-06, 9.82638E-09
969, 5.42303E-06, 3.96756E-06, 3.48925E-06, 9.91807E-09
970, 5.40196E-06, 3.97552E-06, 3.49309E-06, 1.00068E-08
971, 5.38055E-06, 3.98326E-06, 3.49666E-06, 1.00925E-08
972, 5.35881E-06, 3.99076E-06, 3.49996E-06, 1.01753E-08
973, 5.33674E-06, 3.99803E-06, 3.50298E-06, 1.02551E-08
974, 5.31435E-06, 4.00507E-06, 3.50574E-06, 1.03321E-08
975, 5.29163E-06, 4.01186E-06, 3.50821E-06, 1.04061E-08
976, 5.26860E-06, 4.01843E-06, 3.51042E-06, 1.04773E-08
977, 5.24526E-06, 4.02475E-06, 3.51235E-06, 1.05456E-08
978, 5.22161E-06, 4.03287E-06, 3.51400E-06, 1.06111E-08
979, 5.19766E-06, 4.04498E-06, 3.51538E-06, 1.06738E-08
980, 5.17341E-06, 4.05690E-06, 3.51648E-06, 1.07337E-08
981, 5.14888E-06, 4.06863E-06, 3.51731E-06, 1.07909E-08
982, 5.12405E-06, 4.08016E-06, 3.51786E-06, 1.08453E-08
983, 5.09894E-06, 4.09150E-06, 3.51813E-06, 1.08969E-08
984, 5.07355E-06, 4.10264E-06, 3.51813E-06, 1.09459E-08
985, 5.05262E-06, 4.11358E-06, 3.51785E-06, 1.09922E-08
986, 5.03810E-06, 4.12432E-06, 3.51730E-06, 1.10359E-08
987, 5.02328E-06, 4.13486E-06, 3.51646E-06, 1.10769E-08
988, 5.00816E-06, 4.14519E-06, 3.51536E-06, 1.11153E-08
989, 4.99274E-06, 4.15532E-06, 3.51397E-06, 1.11512E-08
990, 4.97703E-06, 4.16523E-06, 3.51232E-06, 1.11845E-08
991, 4.96102E-06, 4.17494E-06, 3.51038E-06, 1.12153E-08
992, 4.94473E-06, 4.18443E-06, 3.50817E-06, 1.12436E-08
993, 4.92814E-06, 4.19371E-06, 3.50569E-06, 1.12695E-08
994, 4.91128E-06, 4.20278E-06, 3.50293E-06, 1.12929E-08
995, 4.89413E-06, 4.21162E-06, 3.49990E-06, 1.13139E-08
996, 4.87671E-06, 4.22025E-06, 3.49660E-06, 1.13325E-08
997, 4.85901E-06, 4.22865E-06, 3.49303E-06, 1.13488E-08
998, 4.84870E-06, 4.23683E-06, 3.48918E-06, 1.13627E-08
999, 4.83809E-06, 4.24479E-06, 3.48506E-06, 1.13743E-08
1000, 4.82715E-06, 4.25252E-06, 3.48068E-06, 1.13837E-08
