time_step, rel_err_u, rel_err_v, rel_err_w, rel_err_p
0, 0.00000E+00, 0.00000E+00, 0.00000E+00, 0.00000E+00
1, 1.78088E-04, 1.38644E-04, 1.40001E-04, 9.51465E-03
2, 1.65334E-04, 1.37568E-04, 1.31860E-04, 2.04760E-02
3, 1.00085E-04, 8.26618E-05, 8.03153E-05, 1.62495E-02
4, 1.00428E-05, 4.20048E-06, 4.29155E-06, 2.50218E-04
5, 7.55035E-06, 4.05809E-06, 3.43758E-06, 2.10457E-04
6, 7.41080E-06, 4.02211E-06, 3.40619E-06, 5.14061E-05
7, 7.68827E-06, 4.08379E-06, 3.38210E-06, 7.41157E-06
8, 7.86459E-06, 4.14312E-06, 3.37327E-06, 2.97035E-06
9, 8.07425E-06, 4.19769E-06, 3.37957E-06, 9.58633E-07
10, 8.27044E-06, 4.24885E-06, 3.37842E-06, 3.02641E-07
11, 8.45206E-06, 4.29604E-06, 3.36981E-06, 1.32705E-07
12, 8.61824E-06, 4.33920E-06, 3.35378E-06, 5.56572E-08
13, 8.76818E-06, 4.37829E-06, 3.33040E-06, 5.34142E-08
14, 8.90111E-06, 4.41323E-06, 3.29974E-06, 5.34975E-08
15, 9.01631E-06, 4.44397E-06, 3.26193E-06, 5.37427E-08
16, 9.11314E-06, 4.47046E-06, 3.22346E-06, 5.37079E-08
17, 9.19099E-06, 4.49267E-06, 3.22599E-06, 5.35365E-08
18, 9.24934E-06, 4.51056E-06, 3.22103E-06, 5.32393E-08
19, 9.28773E-06, 4.52410E-06, 3.20860E-06, 5.28036E-08
20, 9.30574E-06, 4.53328E-06, 3.18876E-06, 5.22298E-08
21, 9.30307E-06, 4.53809E-06, 3.16160E-06, 5.28538E-08
22, 9.36143E-06, 4.53852E-06, 3.12722E-06, 5.36329E-08
23, 9.53609E-06, 4.53458E-06, 3.08574E-06, 5.43192E-08
24, 9.69335E-06, 4.52628E-06, 3.03732E-06, 5.49082E-08
25, 9.83236E-06, 4.51365E-06, 2.98214E-06, 5.53955E-08
26, 9.95232E-06, 4.49671E-06, 2.96966E-06, 5.57769E-08
27, 1.00525E-05, 4.47551E-06, 2.97397E-06, 5.60486E-08
28, 1.01321E-05, 4.45008E-06, 3.03131E-06, 5.62073E-08
29, 1.01907E-05, 4.46571E-06, 3.09422E-06, 5.62497E-08
30, 1.02276E-05, 4.53430E-06, 3.15523E-06, 5.61732E-08
31, 1.02424E-05, 4.59905E-06, 3.21417E-06, 5.59754E-08
32, 1.02573E-05, 4.65987E-06, 3.27088E-06, 5.56545E-08
33, 1.04313E-05, 4.71666E-06, 3.32518E-06, 5.52089E-08
34, 1.05878E-05, 4.76931E-06, 3.37691E-06, 5.46376E-08
35, 1.07262E-05, 4.81775E-06, 3.42591E-06, 5.39402E-08
36, 1.08459E-05, 4.86189E-06, 3.47202E-06, 5.31165E-08
37, 1.09464E-05, 4.90167E-06, 3.51509E-06, 5.21668E-08
38, 1.10271E-05, 4.93702E-06, 3.55497E-06, 5.10921E-08
39, 1.10877E-05, 4.96789E-06, 3.59152E-06, 5.11208E-08
40, 1.11277E-05, 4.99422E-06, 3.67106E-06, 5.14188E-08
41, 1.11468E-05, 5.01596E-06, 3.78039E-06, 5.16052E-08
42, 1.12054E-05, 5.03310E-06, 3.88860E-06, 5.16770E-08
43, 1.14183E-05, 5.04561E-06, 3.99545E-06, 5.16312E-08
44, 1.16126E-05, 5.05346E-06, 4.10070E-06, 5.14653E-08
45, 1.17876E-05, 5.05667E-06, 4.20407E-06, 5.11774E-08
46, 1.19423E-05, 5.05522E-06, 4.30531E-06, 5.07660E-08
47, 1.20761E-05, 5.04913E-06, 4.40415E-06, 5.02302E-08
48, 1.21883E-05, 5.03842E-06, 4.50034E-06, 4.95697E-08
49, 1.22783E-05, 5.02313E-06, 4.59363E-06, 4.87844E-08
50, 1.23454E-05, 5.00330E-06, 4.68377E-06, 4.78752E-08
51, 1.23893E-05, 4.97896E-06, 4.77052E-06, 4.68433E-08
52, 1.24094E-05, 4.95019E-06, 4.85363E-06, 4.56906E-08
53, 1.24056E-05, 4.91704E-06, 4.93289E-06, 4.44194E-08
54, 1.23775E-05, 4.87960E-06, 5.00806E-06, 4.30329E-08
55, 1.23249E-05, 4.83794E-06, 5.07893E-06, 4.22143E-08
56, 1.22478E-05, 4.80876E-06, 5.14529E-06, 4.31179E-08
57, 1.21461E-05, 4.78550E-06, 5.20693E-06, 4.39217E-08
58, 1.21747E-05, 4.75822E-06, 5.26368E-06, 4.46249E-08
59, 1.23283E-05, 4.72695E-06, 5.31534E-06, 4.52269E-08
60, 1.24625E-05, 4.71413E-06, 5.36176E-06, 4.57275E-08
61, 1.25768E-05, 4.76319E-06, 5.40278E-06, 4.61269E-08
62, 1.26707E-05, 4.80782E-06, 5.43824E-06, 4.64253E-08
63, 1.27438E-05, 4.84797E-06, 5.46803E-06, 4.66236E-08
64, 1.30156E-05, 4.88357E-06, 5.49203E-06, 4.67227E-08
65, 1.33084E-05, 4.91458E-06, 5.51012E-06, 4.67238E-08
66, 1.35828E-05, 4.94096E-06, 5.52221E-06, 4.70419E-08
67, 1.38378E-05, 4.96265E-06, 5.52824E-06, 4.73189E-08
68, 1.40724E-05, 4.97966E-06, 5.52812E-06, 4.75348E-08
69, 1.42858E-05, 4.99196E-06, 5.52183E-06, 4.76901E-08
70, 1.44773E-05, 4.99956E-06, 5.50931E-06, 4.77850E-08
71, 1.46461E-05, 5.00244E-06, 5.55688E-06, 4.78198E-08
72, 1.47915E-05, 5.05069E-06, 5.67632E-06, 4.84270E-08
73, 1.49129E-05, 5.11958E-06, 5.79105E-06, 4.97019E-08
74, 1.50098E-05, 5.18633E-06, 5.90078E-06, 5.08941E-08
75, 1.50815E-05, 5.25086E-06, 6.00524E-06, 5.20027E-08
76, 1.51278E-05, 5.31310E-06, 6.10415E-06, 5.30266E-08
77, 1.51483E-05, 5.37296E-06, 6.19727E-06, 5.39650E-08
78, 1.51426E-05, 5.43037E-06, 6.28436E-06, 5.48169E-08
79, 1.51105E-05, 5.48526E-06, 6.36517E-06, 5.55816E-08
80, 1.50520E-05, 5.53755E-06, 6.43951E-06, 5.62584E-08
81, 1.50372E-05, 5.58717E-06, 6.50717E-06, 5.68465E-08
82, 1.52337E-05, 5.63406E-06, 6.56796E-06, 5.73454E-08
83, 1.54070E-05, 5.67815E-06, 6.62172E-06, 5.77543E-08
84, 1.55564E-05, 5.71937E-06, 6.66829E-06, 5.80726E-08
85, 1.56811E-05, 5.75766E-06, 6.70755E-06, 5.82999E-08
86, 1.57805E-05, 5.79295E-06, 6.73937E-06, 5.84356E-08
87, 1.58541E-05, 5.82519E-06, 6.76365E-06, 5.84790E-08
88, 1.59013E-05, 5.85432E-06, 6.78030E-06, 5.84299E-08
89, 1.59216E-05, 5.88029E-06, 6.78927E-06, 5.82877E-08
90, 1.59148E-05, 5.90304E-06, 6.79050E-06, 5.80522E-08
91, 1.58805E-05, 5.92254E-06, 6.78395E-06, 5.77231E-08
92, 1.58185E-05, 5.93872E-06, 6.76963E-06, 5.73002E-08
93, 1.57286E-05, 5.95155E-06, 6.74752E-06, 5.67835E-08
94, 1.56108E-05, 5.98165E-06, 6.71765E-06, 5.61732E-08
95, 1.54652E-05, 6.01329E-06, 6.68006E-06, 5.54696E-08
96, 1.52917E-05, 6.04184E-06, 6.63481E-06, 5.46731E-08
97, 1.50905E-05, 6.06726E-06, 6.58196E-06, 5.38308E-08
98, 1.48620E-05, 6.08947E-06, 6.52160E-06, 5.38011E-08
99, 1.46063E-05, 6.10843E-06, 6.45384E-06, 5.37089E-08
100, 1.43743E-05, 6.12406E-06, 6.43568E-06, 5.35570E-08
101, 1.43699E-05, 6.13634E-06, 6.53852E-06, 5.33483E-08
102, 1.43401E-05, 6.14519E-06, 6.63363E-06, 5.30853E-08
103, 1.42846E-05, 6.15058E-06, 6.72081E-06, 5.27705E-08
104, 1.42030E-05, 6.15246E-06, 6.79983E-06, 5.24065E-08
105, 1.40953E-05, 6.15080E-06, 6.87052E-06, 5.19954E-08
106, 1.42974E-05, 6.14556E-06, 6.93270E-06, 5.15395E-08
107, 1.45949E-05, 6.13670E-06, 6.98622E-06, 5.10409E-08
108, 1.48744E-05, 6.12421E-06, 7.03097E-06, 5.05014E-08
109, 1.51355E-05, 6.10805E-06, 7.06683E-06, 4.99230E-08
110, 1.53775E-05, 6.08820E-06, 7.09372E-06, 4.93073E-08
111, 1.56001E-05, 6.06465E-06, 7.11156E-06, 4.86560E-08
112, 1.58029E-05, 6.03740E-06, 7.12032E-06, 4.79706E-08
113, 1.59856E-05, 6.00943E-06, 7.11997E-06, 4.72527E-08
114, 1.61478E-05, 6.00824E-06, 7.11050E-06, 4.68516E-08
115, 1.62895E-05, 6.00362E-06, 7.09193E-06, 4.65472E-08
116, 1.64103E-05, 5.99552E-06, 7.06429E-06, 4.61053E-08
117, 1.65102E-05, 6.06226E-06, 7.02764E-06, 4.55230E-08
118, 1.65890E-05, 6.18352E-06, 6.98205E-06, 4.47980E-08
119, 1.66467E-05, 6.30351E-06, 6.92762E-06, 4.49034E-08
120, 1.66833E-05, 6.42207E-06, 6.86446E-06, 4.65526E-08
121, 1.66989E-05, 6.53907E-06, 6.79270E-06, 4.80771E-08
122, 1.66935E-05, 6.65436E-06, 6.82099E-06, 4.94682E-08
123, 1.67740E-05, 6.76779E-06, 6.97700E-06, 5.07179E-08
124, 1.70137E-05, 6.87921E-06, 7.12463E-06, 5.18188E-08
125, 1.72329E-05, 6.98846E-06, 7.26358E-06, 5.27644E-08
126, 1.74311E-05, 7.09540E-06, 7.39357E-06, 5.35490E-08
127, 1.76081E-05, 7.19987E-06, 7.51432E-06, 5.41679E-08
128, 1.77636E-05, 7.30170E-06, 7.62560E-06, 5.46172E-08
129, 1.78973E-05, 7.40075E-06, 7.72717E-06, 5.48940E-08
130, 1.80091E-05, 7.49685E-06, 7.81884E-06, 5.49964E-08
131, 1.80988E-05, 7.58985E-06, 7.90042E-06, 5.49235E-08
132, 1.81663E-05, 7.67959E-06, 7.97174E-06, 5.46754E-08
133, 1.82116E-05, 7.76590E-06, 8.03267E-06, 5.42531E-08
134, 1.82348E-05, 7.84864E-06, 8.08309E-06, 5.36588E-08
135, 1.82359E-05, 7.92764E-06, 8.12290E-06, 5.28955E-08
136, 1.82149E-05, 8.00276E-06, 8.15204E-06, 5.19672E-08
137, 1.81722E-05, 8.07383E-06, 8.17045E-06, 5.08788E-08
138, 1.81079E-05, 8.14071E-06, 8.17809E-06, 4.96361E-08
139, 1.80222E-05, 8.20325E-06, 8.17497E-06, 4.85627E-08
140, 1.79155E-05, 8.26130E-06, 8.16110E-06, 4.89601E-08
141, 1.77882E-05, 8.31473E-06, 8.13652E-06, 4.92761E-08
142, 1.76405E-05, 8.36340E-06, 8.10127E-06, 4.95041E-08
143, 1.74933E-05, 8.40717E-06, 8.05544E-06, 4.96379E-08
144, 1.75453E-05, 8.44591E-06, 7.99913E-06, 4.96721E-08
145, 1.75752E-05, 8.47952E-06, 7.93246E-06, 4.99343E-08
146, 1.75828E-05, 8.50787E-06, 7.85556E-06, 5.13174E-08
147, 1.75681E-05, 8.53091E-06, 7.76859E-06, 5.26295E-08
148, 1.75311E-05, 8.54848E-06, 7.67172E-06, 5.38644E-08
149, 1.74719E-05, 8.56049E-06, 7.56516E-06, 5.50157E-08
150, 1.73906E-05, 8.56683E-06, 7.44910E-06, 5.60777E-08
151, 1.72873E-05, 8.56743E-06, 7.32377E-06, 5.70448E-08
152, 1.71624E-05, 8.56222E-06, 7.18943E-06, 5.79117E-08
153, 1.72988E-05, 8.55114E-06, 7.04632E-06, 5.86734E-08
154, 1.75406E-05, 8.53412E-06, 6.89472E-06, 5.93256E-08
155, 1.77661E-05, 8.51112E-06, 6.73491E-06, 5.98640E-08
156, 1.79749E-05, 8.48210E-06, 6.56719E-06, 6.02853E-08
157, 1.81667E-05, 8.44705E-06, 6.39188E-06, 6.05863E-08
158, 1.83411E-05, 8.40593E-06, 6.20930E-06, 6.07645E-08
159, 1.84979E-05, 8.35873E-06, 6.09086E-06, 6.08180E-08
160, 1.86366E-05, 8.30548E-06, 6.21362E-06, 6.07453E-08
161, 1.87570E-05, 8.24616E-06, 6.32866E-06, 6.05457E-08
162, 1.88589E-05, 8.18082E-06, 6.43585E-06, 6.06103E-08
163, 1.89422E-05, 8.10947E-06, 6.53502E-06, 6.16101E-08
164, 1.90067E-05, 8.03217E-06, 6.62607E-06, 6.24676E-08
165, 1.90522E-05, 7.94897E-06, 6.70891E-06, 6.31825E-08
166, 1.90787E-05, 7.85992E-06, 6.78345E-06, 6.37550E-08
167, 1.90861E-05, 7.76511E-06, 6.84965E-06, 6.41859E-08
168, 1.90745E-05, 7.66461E-06, 6.90746E-06, 6.45298E-08
169, 1.90438E-05, 7.55852E-06, 6.95686E-06, 6.48019E-08
170, 1.89941E-05, 7.44694E-06, 6.99784E-06, 6.49284E-08
171, 1.89256E-05, 7.32998E-06, 7.03039E-06, 6.49132E-08
172, 1.88383E-05, 7.20775E-06, 7.05455E-06, 6.47602E-08
173, 1.87324E-05, 7.08040E-06, 7.07036E-06, 6.44740E-08
174, 1.86081E-05, 6.94805E-06, 7.07786E-06, 6.40596E-08
175, 1.84656E-05, 6.81085E-06, 7.07712E-06, 6.35224E-08
176, 1.83052E-05, 6.66894E-06, 7.06822E-06, 6.28680E-08
177, 1.81272E-05, 6.52249E-06, 7.05126E-06, 6.21025E-08
178, 1.79319E-05, 6.37167E-06, 7.02634E-06, 6.12320E-08
179, 1.77196E-05, 6.21664E-06, 6.99359E-06, 6.02629E-08
180, 1.74907E-05, 6.05758E-06, 6.95314E-06, 5.92017E-08
181, 1.72456E-05, 5.89467E-06, 6.90513E-06, 5.80552E-08
182, 1.69847E-05, 5.72811E-06, 6.84973E-06, 5.68299E-08
183, 1.67084E-05, 5.55807E-06, 6.78710E-06, 5.55326E-08
184, 1.64289E-05, 5.46582E-06, 6.71741E-06, 5.41700E-08
185, 1.66293E-05, 5.51432E-06, 6.64086E-06, 5.27487E-08
186, 1.69222E-05, 5.55830E-06, 6.55765E-06, 5.12753E-08
187, 1.71948E-05, 5.59771E-06, 6.46798E-06, 4.97561E-08
188, 1.74471E-05, 5.63251E-06, 6.37206E-06, 4.81974E-08
189, 1.76787E-05, 5.66267E-06, 6.27012E-06, 4.66053E-08
190, 1.78895E-05, 5.68817E-06, 6.16238E-06, 4.49856E-08
191, 1.80794E-05, 5.70897E-06, 6.04909E-06, 4.33440E-08
192, 1.82483E-05, 5.72509E-06, 5.93048E-06, 4.16858E-08
193, 1.83961E-05, 5.73650E-06, 5.80680E-06, 4.00163E-08
194, 1.85227E-05, 5.74321E-06, 5.67830E-06, 3.83402E-08
195, 1.86283E-05, 5.74524E-06, 5.54524E-06, 3.66621E-08
196, 1.87129E-05, 5.74259E-06, 5.40787E-06, 3.49864E-08
197, 1.87764E-05, 5.73530E-06, 5.26646E-06, 3.33170E-08
198, 1.88190E-05, 5.72338E-06, 5.12127E-06, 3.16576E-08
199, 1.88410E-05, 5.70688E-06, 4.97257E-06, 3.00117E-08
200, 1.88423E-05, 5.68584E-06, 4.82063E-06, 2.99095E-08
201, 1.88232E-05, 5.66030E-06, 4.66571E-06, 2.99168E-08
202, 1.87840E-05, 5.63033E-06, 4.53018E-06, 2.98314E-08
203, 1.87249E-05, 5.59602E-06, 4.50343E-06, 2.96564E-08
204, 1.86462E-05, 5.55740E-06, 4.47022E-06, 3.00739E-08
205, 1.85481E-05, 5.51453E-06, 4.43066E-06, 3.06822E-08
206, 1.84311E-05, 5.46749E-06, 4.38489E-06, 3.11641E-08
207, 1.82954E-05, 5.41635E-06, 4.33305E-06, 3.15223E-08
208, 1.81415E-05, 5.36121E-06, 4.27529E-06, 3.17600E-08
209, 1.79698E-05, 5.30216E-06, 4.23555E-06, 3.18805E-08
210, 1.77806E-05, 5.23928E-06, 4.32274E-06, 3.18877E-08
211, 1.75745E-05, 5.17268E-06, 4.40237E-06, 3.17859E-08
212, 1.73520E-05, 5.10246E-06, 4.47441E-06, 3.15796E-08
213, 1.71134E-05, 5.02873E-06, 4.53890E-06, 3.12734E-08
214, 1.68593E-05, 4.95159E-06, 4.59585E-06, 3.08724E-08
215, 1.65903E-05, 4.87117E-06, 4.64529E-06, 3.03819E-08
216, 1.63068E-05, 4.78758E-06, 4.68729E-06, 2.98070E-08
217, 1.60095E-05, 4.70093E-06, 4.72189E-06, 2.91534E-08
218, 1.56989E-05, 4.61135E-06, 4.74918E-06, 2.84265E-08
219, 1.53756E-05, 4.51897E-06, 4.76923E-06, 2.82568E-08
220, 1.50401E-05, 4.42391E-06, 4.78214E-06, 2.87198E-08
221, 1.46931E-05, 4.32631E-06, 4.78802E-06, 2.90996E-08
222, 1.43352E-05, 4.22628E-06, 4.78699E-06, 2.93986E-08
223, 1.39670E-05, 4.12398E-06, 4.77917E-06, 2.96191E-08
224, 1.35891E-05, 4.01952E-06, 4.76469E-06, 2.97635E-08
225, 1.32023E-05, 3.91305E-06, 4.74370E-06, 2.98346E-08
226, 1.28070E-05, 3.80471E-06, 4.71636E-06, 2.98353E-08
227, 1.24040E-05, 3.69462E-06, 4.68283E-06, 2.97684E-08
228, 1.19939E-05, 3.58293E-06, 4.64327E-06, 2.96371E-08
229, 1.15773E-05, 3.46978E-06, 4.59786E-06, 2.94445E-08
230, 1.11550E-05, 3.35530E-06, 4.54680E-06, 2.91938E-08
231, 1.07496E-05, 3.29288E-06, 4.49026E-06, 2.88882E-08
232, 1.07286E-05, 3.33236E-06, 4.42845E-06, 2.85309E-08
233, 1.06957E-05, 3.36967E-06, 4.36157E-06, 2.81253E-08
234, 1.06510E-05, 3.40484E-06, 4.28983E-06, 2.76747E-08
235, 1.05947E-05, 3.43787E-06, 4.21343E-06, 2.71822E-08
236, 1.05272E-05, 3.46880E-06, 4.13260E-06, 2.66511E-08
237, 1.04486E-05, 3.55546E-06, 4.04755E-06, 2.60845E-08
238, 1.03592E-05, 3.65131E-06, 3.96401E-06, 2.54856E-08
239, 1.02593E-05, 3.74322E-06, 4.00243E-06, 2.48575E-08
240, 1.01491E-05, 3.83118E-06, 4.03467E-06, 2.42031E-08
241, 1.00291E-05, 3.91522E-06, 4.06077E-06, 2.35253E-08
242, 9.89937E-06, 3.99534E-06, 4.08078E-06, 2.28269E-08
243, 9.76038E-06, 4.07154E-06, 4.09478E-06, 2.21107E-08
244, 9.61243E-06, 4.14386E-06, 4.10283E-06, 2.13792E-08
245, 9.45587E-06, 4.21232E-06, 4.10504E-06, 2.06350E-08
246, 9.29105E-06, 4.27693E-06, 4.10149E-06, 1.98805E-08
247, 9.11833E-06, 4.33774E-06, 4.09229E-06, 1.91179E-08
248, 8.93808E-06, 4.39476E-06, 4.07755E-06, 1.83494E-08
249, 8.75068E-06, 4.44805E-06, 4.05739E-06, 1.75771E-08
250, 8.55650E-06, 4.49763E-06, 4.03194E-06, 1.68391E-08
251, 8.45755E-06, 4.54354E-06, 4.00134E-06, 1.71189E-08
252, 8.58697E-06, 4.58584E-06, 3.96573E-06, 1.73777E-08
253, 8.70556E-06, 4.62456E-06, 3.92526E-06, 1.76153E-08
254, 8.81343E-06, 4.65976E-06, 3.88009E-06, 1.78318E-08
255, 8.91068E-06, 4.69149E-06, 3.83036E-06, 1.80269E-08
256, 8.99747E-06, 4.71980E-06, 3.77626E-06, 1.82007E-08
257, 9.07393E-06, 4.74474E-06, 3.71796E-06, 1.83530E-08
258, 9.14022E-06, 4.76639E-06, 3.65562E-06, 1.84838E-08
259, 9.19652E-06, 4.78479E-06, 3.58942E-06, 1.85930E-08
260, 9.24299E-06, 4.80000E-06, 3.51956E-06, 1.86806E-08
261, 9.27983E-06, 4.81210E-06, 3.44621E-06, 1.87466E-08
262, 9.30723E-06, 4.82114E-06, 3.36957E-06, 1.87909E-08
263, 9.32539E-06, 4.82719E-06, 3.28982E-06, 1.88136E-08
264, 9.33454E-06, 4.83032E-06, 3.20716E-06, 1.88148E-08
265, 9.33489E-06, 4.83061E-06, 3.12179E-06, 1.87944E-08
266, 9.32667E-06, 4.82812E-06, 3.03390E-06, 1.87527E-08
267, 9.31012E-06, 4.82291E-06, 2.94368E-06, 1.86896E-08
268, 9.28548E-06, 4.81506E-06, 2.85134E-06, 1.86055E-08
269, 9.25299E-06, 4.80464E-06, 2.75707E-06, 1.85004E-08
270, 9.21291E-06, 4.79173E-06, 2.66106E-06, 1.83745E-08
271, 9.16550E-06, 4.77639E-06, 2.56352E-06, 1.82281E-08
272, 9.11102E-06, 4.75870E-06, 2.59942E-06, 1.80616E-08
273, 9.04973E-06, 4.73874E-06, 2.63795E-06, 1.78751E-08
274, 8.98190E-06, 4.71658E-06, 2.67261E-06, 1.76691E-08
275, 8.90780E-06, 4.69230E-06, 2.70341E-06, 1.74439E-08
276, 8.82771E-06, 4.66596E-06, 2.73039E-06, 1.72000E-08
277, 8.74193E-06, 4.63765E-06, 2.75359E-06, 1.69377E-08
278, 8.65070E-06, 4.60743E-06, 2.77306E-06, 1.66576E-08
279, 8.55431E-06, 4.57539E-06, 2.78884E-06, 1.63602E-08
280, 8.45303E-06, 4.54159E-06, 2.80099E-06, 1.60459E-08
281, 8.34714E-06, 4.50612E-06, 2.80956E-06, 1.57155E-08
282, 8.23692E-06, 4.46904E-06, 2.81463E-06, 1.53694E-08
283, 8.12265E-06, 4.43043E-06, 2.81624E-06, 1.50083E-08
284, 8.00460E-06, 4.39036E-06, 2.81449E-06, 1.46329E-08
285, 7.88304E-06, 4.34890E-06, 2.80943E-06, 1.42438E-08
286, 7.75824E-06, 4.30612E-06, 2.80117E-06, 1.38417E-08
287, 7.63048E-06, 4.26209E-06, 2.78977E-06, 1.34274E-08
288, 7.50002E-06, 4.21689E-06, 2.77532E-06, 1.30016E-08
289, 7.36712E-06, 4.17057E-06, 2.75793E-06, 1.25650E-08
290, 7.23205E-06, 4.12322E-06, 2.73768E-06, 1.21185E-08
291, 7.09504E-06, 4.07488E-06, 2.71466E-06, 1.16628E-08
292, 6.95636E-06, 4.02564E-06, 2.68898E-06, 1.12142E-08
293, 6.81625E-06, 3.97555E-06, 2.66075E-06, 1.08405E-08
294, 6.67496E-06, 3.92468E-06, 2.63005E-06, 1.04624E-08
295, 6.53271E-06, 3.87308E-06, 2.59701E-06, 1.00807E-08
296, 6.38973E-06, 3.82083E-06, 2.56172E-06, 9.69602E-09
297, 6.24626E-06, 3.76797E-06, 2.52430E-06, 9.52937E-09
298, 6.10251E-06, 3.71457E-06, 2.48485E-06, 9.62650E-09
299, 5.95868E-06, 3.66069E-06, 2.44349E-06, 9.70473E-09
300, 5.88463E-06, 3.60637E-06, 2.40033E-06, 9.76461E-09
301, 5.81496E-06, 3.55167E-06, 2.35548E-06, 9.80656E-09
302, 5.73947E-06, 3.49665E-06, 2.30905E-06, 9.83111E-09
303, 5.65845E-06, 3.44135E-06, 2.26116E-06, 9.83876E-09
304, 5.57222E-06, 3.38583E-06, 2.21192E-06, 9.83001E-09
305, 5.48109E-06, 3.33013E-06, 2.16145E-06, 9.80549E-09
306, 5.38535E-06, 3.27430E-06, 2.10984E-06, 9.76571E-09
307, 5.28533E-06, 3.21838E-06, 2.05722E-06, 9.71119E-09
308, 5.18132E-06, 3.16241E-06, 2.00370E-06, 9.64256E-09
309, 5.07363E-06, 3.10645E-06, 1.94938E-06, 9.56040E-09
310, 4.96257E-06, 3.05052E-06, 1.89438E-06, 9.46525E-09
311, 4.84844E-06, 2.99467E-06, 1.83879E-06, 9.35770E-09
312, 4.73154E-06, 2.93893E-06, 1.78273E-06, 9.23831E-09
313, 4.61216E-06, 2.88334E-06, 1.72631E-06, 9.10770E-09
314, 4.49061E-06, 2.82794E-06, 1.66961E-06, 8.96641E-09
315, 4.36715E-06, 2.77275E-06, 1.61274E-06, 8.81497E-09
316, 4.24208E-06, 2.71780E-06, 1.55580E-06, 8.65400E-09
317, 4.11569E-06, 2.66313E-06, 1.49888E-06, 8.48404E-09
318, 3.98823E-06, 2.60876E-06, 1.44208E-06, 8.30558E-09
319, 3.91984E-06, 2.55473E-06, 1.38548E-06, 8.11924E-09
320, 3.91471E-06, 2.50104E-06, 1.32918E-06, 7.92547E-09
321, 3.90353E-06, 2.44774E-06, 1.27326E-06, 7.86698E-09
322, 3.88644E-06, 2.39483E-06, 1.21780E-06, 7.83664E-09
323, 3.86360E-06, 2.34235E-06, 1.16288E-06, 7.80353E-09
324, 3.83518E-06, 2.29030E-06, 1.10857E-06, 7.76772E-09
325, 3.80134E-06, 2.23871E-06, 1.05496E-06, 7.72924E-09
326, 3.76225E-06, 2.18760E-06, 1.01966E-06, 7.68807E-09
327, 3.71809E-06, 2.13697E-06, 1.01684E-06, 7.64426E-09
328, 3.66905E-06, 2.08686E-06, 1.01175E-06, 7.59784E-09
329, 3.61533E-06, 2.03725E-06, 1.00448E-06, 7.54873E-09
330, 3.55710E-06, 1.98818E-06, 9.95095E-07, 7.49709E-09
331, 3.49458E-06, 1.93965E-06, 9.83667E-07, 7.44280E-09
332, 3.42795E-06, 1.89167E-06, 9.70275E-07, 7.38590E-09
333, 3.35743E-06, 1.84425E-06, 9.54995E-07, 7.32643E-09
334, 3.28322E-06, 1.79739E-06, 9.37908E-07, 7.26433E-09
335, 3.20553E-06, 1.75111E-06, 9.19094E-07, 7.24726E-09
336, 3.12456E-06, 1.70540E-06, 8.98636E-07, 7.23683E-09
337, 3.04054E-06, 1.66028E-06, 8.76616E-07, 7.22387E-09
338, 2.95366E-06, 1.61575E-06, 8.64943E-07, 7.20834E-09
339, 2.86415E-06, 1.57181E-06, 8.61100E-07, 7.19018E-09
340, 2.77222E-06, 1.52846E-06, 8.55679E-07, 7.16941E-09
341, 2.67808E-06, 1.48571E-06, 8.48721E-07, 7.14603E-09
342, 2.58193E-06, 1.44356E-06, 8.52586E-07, 7.11998E-09
343, 2.48399E-06, 1.40200E-06, 8.72547E-07, 7.09125E-09
344, 2.49807E-06, 1.36104E-06, 8.91104E-07, 7.05983E-09
345, 2.51728E-06, 1.32068E-06, 9.08242E-07, 7.02575E-09
346, 2.53297E-06, 1.28091E-06, 9.23950E-07, 6.98896E-09
347, 2.54518E-06, 1.24174E-06, 9.38221E-07, 6.94948E-09
348, 2.55394E-06, 1.20316E-06, 9.51048E-07, 6.90732E-09
349, 2.55930E-06, 1.16720E-06, 9.62431E-07, 6.86248E-09
350, 2.56130E-06, 1.16784E-06, 9.72368E-07, 6.81495E-09
351, 2.56001E-06, 1.16815E-06, 9.80862E-07, 6.76482E-09
352, 2.55549E-06, 1.16812E-06, 9.87919E-07, 6.71199E-09
353, 2.54781E-06, 1.16777E-06, 9.93547E-07, 6.65659E-09
354, 2.53704E-06, 1.16710E-06, 9.97757E-07, 6.59863E-09
355, 2.52325E-06, 1.16610E-06, 1.00056E-06, 6.53811E-09
356, 2.50652E-06, 1.16479E-06, 1.00197E-06, 6.47503E-09
357, 2.48694E-06, 1.16315E-06, 1.00201E-06, 6.40954E-09
358, 2.46459E-06, 1.16120E-06, 1.00069E-06, 6.38277E-09
359, 2.43957E-06, 1.15894E-06, 9.98044E-07, 6.35712E-09
360, 2.41197E-06, 1.15636E-06, 9.94085E-07, 6.32929E-09
361, 2.38188E-06, 1.15348E-06, 9.88843E-07, 6.30524E-09
362, 2.34940E-06, 1.15030E-06, 9.82343E-07, 6.36200E-09
363, 2.31463E-06, 1.14681E-06, 9.74617E-07, 6.41620E-09
364, 2.27768E-06, 1.14303E-06, 9.65692E-07, 6.46780E-09
365, 2.23866E-06, 1.13894E-06, 9.55603E-07, 6.51680E-09
366, 2.19766E-06, 1.13457E-06, 9.44383E-07, 6.56314E-09
367, 2.15480E-06, 1.12991E-06, 9.32065E-07, 6.60675E-09
368, 2.11019E-06, 1.12496E-06, 9.18688E-07, 6.64766E-09
369, 2.06533E-06, 1.11973E-06, 9.04287E-07, 6.68579E-09
370, 2.05302E-06, 1.11422E-06, 8.88902E-07, 6.72115E-09
371, 2.03759E-06, 1.10843E-06, 8.72572E-07, 6.75368E-09
372, 2.01913E-06, 1.10237E-06, 8.55336E-07, 6.78339E-09
373, 1.99773E-06, 1.09604E-06, 8.37237E-07, 6.81025E-09
374, 1.97351E-06, 1.08945E-06, 8.18316E-07, 6.83425E-09
375, 1.94657E-06, 1.08259E-06, 7.98614E-07, 6.85537E-09
376, 1.91701E-06, 1.08226E-06, 7.78176E-07, 6.87365E-09
377, 1.88494E-06, 1.08341E-06, 7.57043E-07, 6.88902E-09
378, 1.85049E-06, 1.08424E-06, 7.35260E-07, 6.90153E-09
379, 1.81376E-06, 1.08477E-06, 7.12871E-07, 6.91115E-09
380, 1.77487E-06, 1.08499E-06, 6.89918E-07, 6.91793E-09
381, 1.73394E-06, 1.08490E-06, 6.66447E-07, 6.92187E-09
382, 1.69109E-06, 1.08451E-06, 6.42500E-07, 6.92299E-09
383, 1.64644E-06, 1.08382E-06, 6.18123E-07, 6.97726E-09
384, 1.60011E-06, 1.08283E-06, 6.04873E-07, 7.04307E-09
385, 1.55222E-06, 1.08154E-06, 6.04194E-07, 7.10575E-09
386, 1.50289E-06, 1.07996E-06, 6.03117E-07, 7.16530E-09
387, 1.45225E-06, 1.07808E-06, 6.01661E-07, 7.22164E-09
388, 1.40041E-06, 1.07592E-06, 5.99845E-07, 7.27485E-09
389, 1.37120E-06, 1.07346E-06, 5.97689E-07, 7.32484E-09
390, 1.36346E-06, 1.07071E-06, 5.95210E-07, 7.37170E-09
391, 1.35441E-06, 1.06769E-06, 5.92430E-07, 7.41535E-09
392, 1.34407E-06, 1.06438E-06, 5.89367E-07, 7.45589E-09
393, 1.33250E-06, 1.06079E-06, 5.86041E-07, 7.49325E-09
394, 1.31974E-06, 1.05693E-06, 5.82470E-07, 7.52750E-09
395, 1.30582E-06, 1.05279E-06, 5.78675E-07, 7.55862E-09
396, 1.29078E-06, 1.04838E-06, 5.74674E-07, 7.58669E-09
397, 1.27468E-06, 1.04371E-06, 5.70486E-07, 7.61169E-09
398, 1.25755E-06, 1.03877E-06, 5.66130E-07, 7.63367E-09
399, 1.23944E-06, 1.03358E-06, 5.61623E-07, 7.65267E-09
400, 1.22894E-06, 1.02812E-06, 5.56984E-07, 7.66867E-09
401, 1.22354E-06, 1.02241E-06, 5.52231E-07, 7.68181E-09
402, 1.21598E-06, 1.01646E-06, 5.48051E-07, 7.69205E-09
403, 1.20635E-06, 1.01025E-06, 5.60852E-07, 7.69946E-09
404, 1.19472E-06, 1.00882E-06, 5.72912E-07, 7.70408E-09
405, 1.18118E-06, 1.00973E-06, 5.84238E-07, 7.70594E-09
406, 1.16579E-06, 1.01035E-06, 5.94829E-07, 7.70514E-09
407, 1.14865E-06, 1.01069E-06, 6.04691E-07, 7.70165E-09
408, 1.12984E-06, 1.01073E-06, 6.13831E-07, 7.69561E-09
409, 1.10943E-06, 1.01049E-06, 6.22258E-07, 7.68696E-09
410, 1.08752E-06, 1.00997E-06, 6.29980E-07, 7.67586E-09
411, 1.06420E-06, 1.00917E-06, 6.37007E-07, 7.66727E-09
412, 1.07627E-06, 1.00808E-06, 6.43351E-07, 7.72286E-09
413, 1.09333E-06, 1.00672E-06, 6.49023E-07, 7.77569E-09
414, 1.10911E-06, 1.00508E-06, 6.54036E-07, 7.82579E-09
415, 1.12358E-06, 1.00317E-06, 6.58404E-07, 7.87309E-09
416, 1.13673E-06, 1.00098E-06, 6.62141E-07, 7.91764E-09
417, 1.14852E-06, 9.98528E-07, 6.65261E-07, 7.95941E-09
418, 1.15894E-06, 9.95808E-07, 6.67780E-07, 7.99838E-09
419, 1.16796E-06, 9.92824E-07, 6.69714E-07, 8.03462E-09
420, 1.17558E-06, 9.89579E-07, 6.71081E-07, 8.06807E-09
421, 1.18178E-06, 9.86075E-07, 6.71896E-07, 8.09875E-09
422, 1.18656E-06, 9.82316E-07, 6.72177E-07, 8.12663E-09
423, 1.18991E-06, 9.78304E-07, 6.71942E-07, 8.15178E-09
424, 1.19184E-06, 9.74043E-07, 6.71210E-07, 8.17411E-09
425, 1.19233E-06, 9.69535E-07, 6.69999E-07, 8.19367E-09
426, 1.19140E-06, 9.64784E-07, 6.68328E-07, 8.21047E-09
427, 1.18906E-06, 9.59794E-07, 6.66214E-07, 8.22448E-09
428, 1.18531E-06, 9.54567E-07, 6.63678E-07, 8.23574E-09
429, 1.18016E-06, 9.49107E-07, 6.60739E-07, 8.24422E-09
430, 1.17363E-06, 9.43671E-07, 6.57415E-07, 8.24991E-09
431, 1.16574E-06, 9.44573E-07, 6.53726E-07, 8.25285E-09
432, 1.15651E-06, 9.45204E-07, 6.49691E-07, 8.25303E-09
433, 1.16495E-06, 9.45566E-07, 6.45329E-07, 8.25045E-09
434, 1.17750E-06, 9.45660E-07, 6.40659E-07, 8.24511E-09
435, 1.18922E-06, 9.45488E-07, 6.35700E-07, 8.23703E-09
436, 1.20011E-06, 9.45052E-07, 6.31026E-07, 8.22619E-09
437, 1.21014E-06, 9.44353E-07, 6.40583E-07, 8.21267E-09
438, 1.21933E-06, 9.43393E-07, 6.49523E-07, 8.19635E-09
439, 1.22766E-06, 9.42175E-07, 6.57846E-07, 8.17738E-09
440, 1.23514E-06, 9.40700E-07, 6.65551E-07, 8.15567E-09
441, 1.24176E-06, 9.38972E-07, 6.72639E-07, 8.18710E-09
442, 1.24754E-06, 9.36991E-07, 6.79113E-07, 8.23053E-09
443, 1.25246E-06, 9.34761E-07, 6.84975E-07, 8.27077E-09
444, 1.25654E-06, 9.32284E-07, 6.90230E-07, 8.30784E-09
445, 1.25977E-06, 9.29563E-07, 6.94883E-07, 8.34165E-09
446, 1.26218E-06, 9.26600E-07, 6.98939E-07, 8.37224E-09
447, 1.26376E-06, 9.23399E-07, 7.02405E-07, 8.39952E-09
448, 1.26453E-06, 9.19962E-07, 7.05288E-07, 8.42351E-09
449, 1.26449E-06, 9.16292E-07, 7.07596E-07, 8.44419E-09
450, 1.29351E-06, 9.12393E-07, 7.09337E-07, 8.46151E-09
451, 1.32268E-06, 9.08266E-07, 7.10520E-07, 8.47546E-09
452, 1.35119E-06, 9.06342E-07, 7.11154E-07, 8.48607E-09
453, 1.37902E-06, 9.07494E-07, 7.11251E-07, 8.49331E-09
454, 1.40616E-06, 9.08432E-07, 7.10820E-07, 8.49715E-09
455, 1.43259E-06, 9.09156E-07, 7.09872E-07, 8.49766E-09
456, 1.45829E-06, 9.09664E-07, 7.08419E-07, 8.49475E-09
457, 1.48326E-06, 9.09957E-07, 7.06473E-07, 8.48852E-09
458, 1.50749E-06, 9.10034E-07, 7.04047E-07, 8.47889E-09
459, 1.53095E-06, 9.09894E-07, 7.01151E-07, 8.46595E-09
460, 1.55364E-06, 9.09537E-07, 6.97801E-07, 8.44969E-09
461, 1.57555E-06, 9.08964E-07, 6.94008E-07, 8.43011E-09
462, 1.59668E-06, 9.08174E-07, 6.89786E-07, 8.40726E-09
463, 1.61701E-06, 9.07166E-07, 6.85148E-07, 8.38117E-09
464, 1.63655E-06, 9.05942E-07, 6.80109E-07, 8.35186E-09
465, 1.65528E-06, 9.04502E-07, 6.74683E-07, 8.31936E-09
466, 1.67320E-06, 9.02845E-07, 6.68882E-07, 8.28373E-09
467, 1.69031E-06, 9.00972E-07, 6.62722E-07, 8.24499E-09
468, 1.70661E-06, 8.98884E-07, 6.56217E-07, 8.20322E-09
469, 1.72209E-06, 8.96582E-07, 6.49380E-07, 8.15841E-09
470, 1.73676E-06, 8.94065E-07, 6.42226E-07, 8.11821E-09
471, 1.75062E-06, 8.91335E-07, 6.34769E-07, 8.13538E-09
472, 1.76367E-06, 8.88393E-07, 6.34027E-07, 8.14919E-09
473, 1.77592E-06, 8.87211E-07, 6.42026E-07, 8.15965E-09
474, 1.78736E-06, 8.89427E-07, 6.49633E-07, 8.16676E-09
475, 1.79800E-06, 8.91432E-07, 6.56847E-07, 8.17055E-09
476, 1.80785E-06, 8.93226E-07, 6.63667E-07, 8.17105E-09
477, 1.81692E-06, 8.94805E-07, 6.70093E-07, 8.16827E-09
478, 1.82520E-06, 8.96170E-07, 6.76125E-07, 8.16225E-09
479, 1.83271E-06, 8.97319E-07, 6.81763E-07, 8.15301E-09
480, 1.83946E-06, 8.98252E-07, 6.87009E-07, 8.14061E-09
481, 1.84546E-06, 8.98967E-07, 6.91862E-07, 8.12507E-09
482, 1.85071E-06, 8.99464E-07, 6.96326E-07, 8.10642E-09
483, 1.85523E-06, 8.99741E-07, 7.00403E-07, 8.08473E-09
484, 1.85903E-06, 8.99800E-07, 7.04093E-07, 8.06005E-09
485, 1.86211E-06, 8.99638E-07, 7.07401E-07, 8.03239E-09
486, 1.86450E-06, 8.99256E-07, 7.10329E-07, 8.00184E-09
487, 1.86620E-06, 8.98653E-07, 7.12881E-07, 7.96843E-09
488, 1.86723E-06, 8.97830E-07, 7.15060E-07, 7.93222E-09
489, 1.86760E-06, 8.96786E-07, 7.16870E-07, 7.89328E-09
490, 1.86732E-06, 8.95521E-07, 7.18315E-07, 7.85168E-09
491, 1.86640E-06, 8.94036E-07, 7.19400E-07, 7.80743E-09
492, 1.86488E-06, 8.92330E-07, 7.20129E-07, 7.76068E-09
493, 1.86274E-06, 8.90405E-07, 7.20507E-07, 7.71138E-09
494, 1.86003E-06, 8.88261E-07, 7.20540E-07, 7.65970E-09
495, 1.85673E-06, 8.85898E-07, 7.20232E-07, 7.60565E-09
496, 1.85289E-06, 8.83318E-07, 7.19588E-07, 7.54934E-09
497, 1.84850E-06, 8.85191E-07, 7.18616E-07, 7.49078E-09
498, 1.84358E-06, 8.87721E-07, 7.17319E-07, 7.43009E-09
499, 1.83816E-06, 8.90040E-07, 7.15704E-07, 7.36736E-09
500, 1.83224E-06, 8.92146E-07, 7.13778E-07, 7.30259E-09
501, 1.82585E-06, 8.94039E-07, 7.11546E-07, 7.29072E-09
502, 1.81899E-06, 8.95716E-07, 7.09014E-07, 7.28485E-09
503, 1.81169E-06, 8.97176E-07, 7.06189E-07, 7.27660E-09
504, 1.80396E-06, 8.98419E-07, 7.03077E-07, 7.26599E-09
505, 1.79582E-06, 8.99443E-07, 6.99684E-07, 7.25304E-09
506, 1.78728E-06, 9.00246E-07, 6.96018E-07, 7.23782E-09
507, 1.77836E-06, 9.00829E-07, 6.92084E-07, 7.22035E-09
508, 1.76908E-06, 9.01190E-07, 6.87890E-07, 7.20065E-09
509, 1.75945E-06, 9.01328E-07, 6.83442E-07, 7.17880E-09
510, 1.74949E-06, 9.01244E-07, 6.78745E-07, 7.15482E-09
511, 1.73921E-06, 9.00936E-07, 6.73808E-07, 7.12874E-09
512, 1.72862E-06, 9.00405E-07, 6.68637E-07, 7.10061E-09
513, 1.71775E-06, 8.99650E-07, 6.63238E-07, 7.07050E-09
514, 1.70660E-06, 8.98671E-07, 6.57618E-07, 7.03841E-09
515, 1.69520E-06, 8.97468E-07, 6.51783E-07, 7.00441E-09
516, 1.68355E-06, 8.96041E-07, 6.45741E-07, 6.96855E-09
517, 1.67167E-06, 8.94391E-07, 6.39497E-07, 6.93087E-09
518, 1.65958E-06, 8.92518E-07, 6.33057E-07, 6.89138E-09
519, 1.64728E-06, 8.90423E-07, 6.26429E-07, 6.85019E-09
520, 1.63480E-06, 8.88105E-07, 6.19619E-07, 6.80731E-09
521, 1.62213E-06, 8.85567E-07, 6.12632E-07, 6.76280E-09
522, 1.60931E-06, 8.85278E-07, 6.05476E-07, 6.71668E-09
523, 1.59633E-06, 8.88185E-07, 5.98155E-07, 6.66906E-09
524, 1.58321E-06, 8.90871E-07, 5.97884E-07, 6.61992E-09
525, 1.56997E-06, 8.93334E-07, 5.98722E-07, 6.56935E-09
526, 1.55661E-06, 8.95573E-07, 5.99321E-07, 6.51738E-09
527, 1.54314E-06, 8.97585E-07, 5.99689E-07, 6.46408E-09
528, 1.52958E-06, 8.99370E-07, 5.99829E-07, 6.40950E-09
529, 1.51593E-06, 9.00925E-07, 5.99746E-07, 6.35364E-09
530, 1.50221E-06, 9.02251E-07, 5.99447E-07, 6.29662E-09
531, 1.48843E-06, 9.03344E-07, 5.98935E-07, 6.23957E-09
532, 1.47459E-06, 9.04205E-07, 5.98218E-07, 6.22804E-09
533, 1.46070E-06, 9.04833E-07, 5.97299E-07, 6.22040E-09
534, 1.44677E-06, 9.05227E-07, 5.96184E-07, 6.21454E-09
535, 1.43281E-06, 9.05386E-07, 5.94879E-07, 6.20703E-09
536, 1.41883E-06, 9.05309E-07, 5.93389E-07, 6.19792E-09
537, 1.40484E-06, 9.04997E-07, 5.91720E-07, 6.18722E-09
538, 1.39083E-06, 9.04449E-07, 5.89876E-07, 6.17491E-09
539, 1.37683E-06, 9.03665E-07, 5.87864E-07, 6.16109E-09
540, 1.36283E-06, 9.12259E-07, 5.85688E-07, 6.14571E-09
541, 1.34884E-06, 9.21870E-07, 5.83354E-07, 6.12882E-09
542, 1.33487E-06, 9.31453E-07, 5.80867E-07, 6.11047E-09
543, 1.32091E-06, 9.41003E-07, 5.78232E-07, 6.09063E-09
544, 1.30699E-06, 9.50519E-07, 5.75455E-07, 6.06935E-09
545, 1.29310E-06, 9.59997E-07, 5.72786E-07, 6.04666E-09
546, 1.27925E-06, 9.69437E-07, 5.71431E-07, 6.02259E-09
547, 1.26543E-06, 9.78834E-07, 5.72127E-07, 5.99716E-09
548, 1.25166E-06, 9.88186E-07, 5.73352E-07, 5.97038E-09
549, 1.23794E-06, 9.97491E-07, 5.74465E-07, 5.94231E-09
550, 1.22427E-06, 1.00675E-06, 5.75462E-07, 5.91297E-09
551, 1.21065E-06, 1.01595E-06, 5.76343E-07, 5.88237E-09
552, 1.19709E-06, 1.02509E-06, 5.77107E-07, 5.85055E-09
553, 1.18359E-06, 1.03418E-06, 5.77752E-07, 5.81755E-09
554, 1.17015E-06, 1.04320E-06, 5.78276E-07, 5.78340E-09
555, 1.15678E-06, 1.05216E-06, 5.78680E-07, 5.74810E-09
556, 1.14346E-06, 1.06106E-06, 5.78961E-07, 5.71173E-09
557, 1.13022E-06, 1.06988E-06, 5.79118E-07, 5.67432E-09
558, 1.11705E-06, 1.07863E-06, 5.79152E-07, 5.63583E-09
559, 1.10394E-06, 1.08730E-06, 5.79061E-07, 5.59636E-09
560, 1.09090E-06, 1.09590E-06, 5.78844E-07, 5.55595E-09
561, 1.07794E-06, 1.10441E-06, 5.80499E-07, 5.51459E-09
562, 1.06504E-06, 1.11283E-06, 5.82384E-07, 5.48015E-09
563, 1.05222E-06, 1.12117E-06, 5.84246E-07, 5.48255E-09
564, 1.03947E-06, 1.12942E-06, 5.86086E-07, 5.48370E-09
565, 1.02679E-06, 1.13757E-06, 5.87903E-07, 5.48357E-09
566, 1.01787E-06, 1.14562E-06, 5.89698E-07, 5.48217E-09
567, 1.01978E-06, 1.15357E-06, 5.91469E-07, 5.47954E-09
568, 1.02165E-06, 1.16142E-06, 5.93218E-07, 5.47568E-09
569, 1.02346E-06, 1.16916E-06, 5.94943E-07, 5.47056E-09
570, 1.02521E-06, 1.17679E-06, 5.96645E-07, 5.46423E-09
571, 1.02692E-06, 1.18431E-06, 5.98324E-07, 5.45670E-09
572, 1.02858E-06, 1.19171E-06, 5.99979E-07, 5.44793E-09
573, 1.03019E-06, 1.19899E-06, 6.01611E-07, 5.43800E-09
574, 1.03176E-06, 1.20614E-06, 6.03218E-07, 5.42772E-09
575, 1.03327E-06, 1.21318E-06, 6.04802E-07, 5.41812E-09
576, 1.03474E-06, 1.22008E-06, 6.06362E-07, 5.40725E-09
577, 1.03617E-06, 1.22685E-06, 6.07898E-07, 5.39508E-09
578, 1.03754E-06, 1.23348E-06, 6.09410E-07, 5.38165E-09
579, 1.03888E-06, 1.23998E-06, 6.11484E-07, 5.36701E-09
580, 1.04017E-06, 1.24634E-06, 6.14780E-07, 5.35115E-09
581, 1.04142E-06, 1.25255E-06, 6.18051E-07, 5.33410E-09
582, 1.04262E-06, 1.25862E-06, 6.21297E-07, 5.31587E-09
583, 1.04378E-06, 1.26453E-06, 6.24519E-07, 5.29650E-09
584, 1.04490E-06, 1.27030E-06, 6.27715E-07, 5.27597E-09
585, 1.04598E-06, 1.27590E-06, 6.30885E-07, 5.25436E-09
586, 1.04702E-06, 1.28135E-06, 6.34029E-07, 5.23165E-09
587, 1.04801E-06, 1.28664E-06, 6.37147E-07, 5.20788E-09
588, 1.04897E-06, 1.29177E-06, 6.40237E-07, 5.18308E-09
589, 1.05160E-06, 1.29672E-06, 6.43300E-07, 5.15726E-09
590, 1.06612E-06, 1.30151E-06, 6.46336E-07, 5.13044E-09
591, 1.08066E-06, 1.30613E-06, 6.49343E-07, 5.10264E-09
592, 1.09519E-06, 1.31057E-06, 6.52322E-07, 5.07391E-09
593, 1.10972E-06, 1.31484E-06, 6.55272E-07, 5.04425E-09
594, 1.12425E-06, 1.31893E-06, 6.58193E-07, 5.01439E-09
595, 1.13878E-06, 1.32283E-06, 6.61085E-07, 5.02400E-09
596, 1.15329E-06, 1.32656E-06, 6.63946E-07, 5.03231E-09
597, 1.16780E-06, 1.33009E-06, 6.66777E-07, 5.03929E-09
598, 1.18229E-06, 1.33344E-06, 6.69578E-07, 5.04494E-09
599, 1.19676E-06, 1.33660E-06, 6.72347E-07, 5.04933E-09
600, 1.21121E-06, 1.33988E-06, 6.75085E-07, 5.05234E-09
601, 1.22563E-06, 1.34406E-06, 6.77791E-07, 5.05407E-09
602, 1.24003E-06, 1.34807E-06, 6.80465E-07, 5.05451E-09
603, 1.25440E-06, 1.35189E-06, 6.83107E-07, 5.05362E-09
604, 1.26874E-06, 1.35553E-06, 6.85715E-07, 5.05145E-09
605, 1.28305E-06, 1.35898E-06, 6.88290E-07, 5.04801E-09
606, 1.29731E-06, 1.36224E-06, 6.90832E-07, 5.04325E-09
607, 1.31154E-06, 1.36531E-06, 6.93339E-07, 5.03727E-09
608, 1.32572E-06, 1.36819E-06, 6.95812E-07, 5.02998E-09
609, 1.33986E-06, 1.37088E-06, 6.98250E-07, 5.02147E-09
610, 1.35395E-06, 1.37337E-06, 7.00653E-07, 5.01167E-09
611, 1.36799E-06, 1.37567E-06, 7.03021E-07, 5.00660E-09
612, 1.38198E-06, 1.37777E-06, 7.05529E-07, 5.00125E-09
613, 1.39591E-06, 1.37967E-06, 7.09253E-07, 4.99489E-09
614, 1.40978E-06, 1.38137E-06, 7.12955E-07, 4.98750E-09
615, 1.42359E-06, 1.38287E-06, 7.18246E-07, 4.97909E-09
616, 1.43734E-06, 1.38417E-06, 7.23757E-07, 4.96967E-09
617, 1.45102E-06, 1.38526E-06, 7.29244E-07, 4.95923E-09
618, 1.46464E-06, 1.38616E-06, 7.34707E-07, 4.94776E-09
619, 1.47818E-06, 1.38685E-06, 7.40147E-07, 4.93533E-09
620, 1.49165E-06, 1.38733E-06, 7.45562E-07, 4.92188E-09
621, 1.50504E-06, 1.38761E-06, 7.50952E-07, 4.90740E-09
622, 1.51836E-06, 1.38768E-06, 7.56317E-07, 4.89197E-09
623, 1.53159E-06, 1.38755E-06, 7.61655E-07, 4.87555E-09
624, 1.54475E-06, 1.38721E-06, 7.66968E-07, 4.85814E-09
625, 1.55781E-06, 1.38666E-06, 7.72254E-07, 4.83976E-09
626, 1.57079E-06, 1.38591E-06, 7.77513E-07, 4.82042E-09
627, 1.58368E-06, 1.38494E-06, 7.82744E-07, 4.80008E-09
628, 1.59648E-06, 1.38378E-06, 7.87948E-07, 4.77885E-09
629, 1.60918E-06, 1.38240E-06, 7.93123E-07, 4.75665E-09
630, 1.62179E-06, 1.38081E-06, 7.98269E-07, 4.73350E-09
631, 1.63430E-06, 1.37902E-06, 8.03386E-07, 4.73174E-09
632, 1.64670E-06, 1.37703E-06, 8.08474E-07, 4.73180E-09
633, 1.65901E-06, 1.37482E-06, 8.13531E-07, 4.73044E-09
634, 1.67121E-06, 1.37241E-06, 8.18558E-07, 4.72769E-09
635, 1.68330E-06, 1.36979E-06, 8.23554E-07, 4.72357E-09
636, 1.69528E-06, 1.36697E-06, 8.28519E-07, 4.71802E-09
637, 1.70715E-06, 1.36395E-06, 8.33452E-07, 4.71114E-09
638, 1.71891E-06, 1.36072E-06, 8.38353E-07, 4.70289E-09
639, 1.73055E-06, 1.35728E-06, 8.43222E-07, 4.69329E-09
640, 1.74208E-06, 1.35365E-06, 8.48058E-07, 4.68234E-09
641, 1.75349E-06, 1.34981E-06, 8.52860E-07, 4.67010E-09
642, 1.76477E-06, 1.34577E-06, 8.57629E-07, 4.65653E-09
643, 1.77593E-06, 1.34154E-06, 8.62363E-07, 4.64166E-09
644, 1.78697E-06, 1.33710E-06, 8.67063E-07, 4.62553E-09
645, 1.79788E-06, 1.33247E-06, 8.71729E-07, 4.60812E-09
646, 1.80866E-06, 1.32764E-06, 8.76358E-07, 4.58946E-09
647, 1.81931E-06, 1.32261E-06, 8.80953E-07, 4.56958E-09
648, 1.82983E-06, 1.31739E-06, 8.85511E-07, 4.54847E-09
649, 1.84021E-06, 1.31198E-06, 8.90032E-07, 4.52618E-09
650, 1.85046E-06, 1.30638E-06, 8.94517E-07, 4.50269E-09
651, 1.86159E-06, 1.30058E-06, 8.98964E-07, 4.47806E-09
652, 1.87493E-06, 1.29460E-06, 9.03374E-07, 4.45229E-09
653, 1.88817E-06, 1.28843E-06, 9.07745E-07, 4.42539E-09
654, 1.90131E-06, 1.28208E-06, 9.12079E-07, 4.39739E-09
655, 1.91436E-06, 1.27554E-06, 9.16373E-07, 4.36832E-09
656, 1.92730E-06, 1.26882E-06, 9.20628E-07, 4.33819E-09
657, 1.94014E-06, 1.26192E-06, 9.24843E-07, 4.30702E-09
658, 1.95288E-06, 1.25484E-06, 9.29019E-07, 4.27485E-09
659, 1.96550E-06, 1.24758E-06, 9.33154E-07, 4.24168E-09
660, 1.97801E-06, 1.24015E-06, 9.37248E-07, 4.20755E-09
661, 1.99042E-06, 1.23254E-06, 9.41301E-07, 4.19513E-09
662, 2.00270E-06, 1.22497E-06, 9.45312E-07, 4.19209E-09
663, 2.01487E-06, 1.21872E-06, 9.49281E-07, 4.18774E-09
664, 2.02692E-06, 1.21231E-06, 9.53208E-07, 4.18216E-09
665, 2.03885E-06, 1.20573E-06, 9.57092E-07, 4.17534E-09
666, 2.05066E-06, 1.19899E-06, 9.60933E-07, 4.16729E-09
667, 2.06234E-06, 1.19208E-06, 9.64731E-07, 4.15804E-09
668, 2.07389E-06, 1.18501E-06, 9.68484E-07, 4.14762E-09
669, 2.08532E-06, 1.17778E-06, 9.72193E-07, 4.13601E-09
670, 2.09661E-06, 1.17039E-06, 9.75858E-07, 4.12327E-09
671, 2.10777E-06, 1.16284E-06, 9.79477E-07, 4.10940E-09
672, 2.11879E-06, 1.15514E-06, 9.83051E-07, 4.09441E-09
673, 2.12968E-06, 1.14727E-06, 9.86578E-07, 4.07836E-09
674, 2.14042E-06, 1.13926E-06, 9.90060E-07, 4.06123E-09
675, 2.15103E-06, 1.13109E-06, 9.93495E-07, 4.04306E-09
676, 2.16149E-06, 1.12277E-06, 9.96883E-07, 4.02389E-09
677, 2.17181E-06, 1.11430E-06, 1.00022E-06, 4.00370E-09
678, 2.18198E-06, 1.10639E-06, 1.00352E-06, 3.98258E-09
679, 2.19200E-06, 1.10805E-06, 1.00676E-06, 3.96049E-09
680, 2.20187E-06, 1.10960E-06, 1.00996E-06, 3.93747E-09
681, 2.21159E-06, 1.11104E-06, 1.01310E-06, 3.91358E-09
682, 2.22115E-06, 1.11237E-06, 1.01620E-06, 3.88880E-09
683, 2.23056E-06, 1.11359E-06, 1.01925E-06, 3.86321E-09
684, 2.23981E-06, 1.11470E-06, 1.02224E-06, 3.83676E-09
685, 2.24891E-06, 1.11571E-06, 1.02519E-06, 3.80957E-09
686, 2.25784E-06, 1.11661E-06, 1.02809E-06, 3.78158E-09
687, 2.26661E-06, 1.11741E-06, 1.03093E-06, 3.75286E-09
688, 2.27521E-06, 1.11810E-06, 1.03372E-06, 3.72345E-09
689, 2.28365E-06, 1.11869E-06, 1.03646E-06, 3.69335E-09
690, 2.29192E-06, 1.11918E-06, 1.03915E-06, 3.66260E-09
691, 2.30003E-06, 1.11956E-06, 1.04178E-06, 3.63120E-09
692, 2.30796E-06, 1.11985E-06, 1.04437E-06, 3.59925E-09
693, 2.31572E-06, 1.12003E-06, 1.04689E-06, 3.56670E-09
694, 2.32331E-06, 1.12011E-06, 1.04937E-06, 3.53363E-09
695, 2.33072E-06, 1.12010E-06, 1.05179E-06, 3.50004E-09
696, 2.33796E-06, 1.11999E-06, 1.05415E-06, 3.46598E-09
697, 2.34501E-06, 1.12610E-06, 1.05646E-06, 3.43145E-09
698, 2.35189E-06, 1.13810E-06, 1.05871E-06, 3.39651E-09
699, 2.35859E-06, 1.15007E-06, 1.06091E-06, 3.36118E-09
700, 2.36511E-06, 1.16200E-06, 1.06305E-06, 3.34713E-09
701, 2.37144E-06, 1.17389E-06, 1.06514E-06, 3.33743E-09
702, 2.37759E-06, 1.18574E-06, 1.06717E-06, 3.32715E-09
703, 2.38355E-06, 1.19755E-06, 1.06914E-06, 3.31631E-09
704, 2.38933E-06, 1.20932E-06, 1.07105E-06, 3.30491E-09
705, 2.39492E-06, 1.22105E-06, 1.07291E-06, 3.29298E-09
706, 2.40032E-06, 1.23273E-06, 1.07471E-06, 3.28056E-09
707, 2.40553E-06, 1.24437E-06, 1.07644E-06, 3.26767E-09
708, 2.41054E-06, 1.25596E-06, 1.07812E-06, 3.25431E-09
709, 2.41537E-06, 1.26750E-06, 1.07974E-06, 3.24051E-09
710, 2.42000E-06, 1.27899E-06, 1.08130E-06, 3.22634E-09
711, 2.42443E-06, 1.29043E-06, 1.08280E-06, 3.21175E-09
712, 2.42867E-06, 1.30181E-06, 1.08424E-06, 3.19681E-09
713, 2.43272E-06, 1.31314E-06, 1.08561E-06, 3.18153E-09
714, 2.43656E-06, 1.32442E-06, 1.08693E-06, 3.16594E-09
715, 2.44021E-06, 1.33564E-06, 1.08819E-06, 3.15006E-09
716, 2.44366E-06, 1.34680E-06, 1.08938E-06, 3.13391E-09
717, 2.44690E-06, 1.35833E-06, 1.09051E-06, 3.11750E-09
718, 2.44995E-06, 1.37137E-06, 1.09158E-06, 3.10088E-09
719, 2.45279E-06, 1.38432E-06, 1.09258E-06, 3.08406E-09
720, 2.45543E-06, 1.39720E-06, 1.09352E-06, 3.06704E-09
721, 2.45787E-06, 1.40998E-06, 1.09440E-06, 3.04989E-09
722, 2.46010E-06, 1.42267E-06, 1.09724E-06, 3.03259E-09
723, 2.46212E-06, 1.43528E-06, 1.10174E-06, 3.01518E-09
724, 2.46395E-06, 1.44779E-06, 1.10619E-06, 3.01514E-09
725, 2.46556E-06, 1.46020E-06, 1.11056E-06, 3.02283E-09
726, 2.46697E-06, 1.47252E-06, 1.11487E-06, 3.03025E-09
727, 2.46817E-06, 1.48474E-06, 1.11912E-06, 3.03741E-09
728, 2.46916E-06, 1.49685E-06, 1.12329E-06, 3.04431E-09
729, 2.46994E-06, 1.50887E-06, 1.12740E-06, 3.05672E-09
730, 2.47052E-06, 1.52078E-06, 1.13143E-06, 3.07255E-09
731, 2.47089E-06, 1.53258E-06, 1.13540E-06, 3.08815E-09
732, 2.47167E-06, 1.54428E-06, 1.13929E-06, 3.10358E-09
733, 2.47295E-06, 1.55587E-06, 1.14312E-06, 3.11881E-09
734, 2.47399E-06, 1.56734E-06, 1.14687E-06, 3.13391E-09
735, 2.47481E-06, 1.57870E-06, 1.15054E-06, 3.14882E-09
736, 2.47539E-06, 1.58995E-06, 1.15415E-06, 3.16364E-09
737, 2.47574E-06, 1.60108E-06, 1.15768E-06, 3.17831E-09
738, 2.47586E-06, 1.61210E-06, 1.16113E-06, 3.19289E-09
739, 2.47575E-06, 1.62299E-06, 1.16451E-06, 3.20741E-09
740, 2.47540E-06, 1.63376E-06, 1.16781E-06, 3.22180E-09
741, 2.47483E-06, 1.64441E-06, 1.17104E-06, 3.23617E-09
742, 2.47402E-06, 1.65494E-06, 1.17419E-06, 3.25048E-09
743, 2.47298E-06, 1.66534E-06, 1.17726E-06, 3.26476E-09
744, 2.47170E-06, 1.67561E-06, 1.18025E-06, 3.27900E-09
745, 2.47020E-06, 1.68576E-06, 1.18316E-06, 3.29323E-09
746, 2.46846E-06, 1.69577E-06, 1.18600E-06, 3.30748E-09
747, 2.46649E-06, 1.70566E-06, 1.18875E-06, 3.32171E-09
748, 2.46430E-06, 1.71541E-06, 1.19142E-06, 3.33598E-09
749, 2.46187E-06, 1.72502E-06, 1.19401E-06, 3.35027E-09
750, 2.45921E-06, 1.73451E-06, 1.19652E-06, 3.36458E-09
751, 2.45631E-06, 1.74385E-06, 1.19894E-06, 3.37895E-09
752, 2.45878E-06, 1.75306E-06, 1.20128E-06, 3.39337E-09
753, 2.46319E-06, 1.76213E-06, 1.20354E-06, 3.40786E-09
754, 2.46742E-06, 1.77106E-06, 1.20572E-06, 3.42238E-09
755, 2.47146E-06, 1.77985E-06, 1.20781E-06, 3.43701E-09
756, 2.47531E-06, 1.78850E-06, 1.20981E-06, 3.45169E-09
757, 2.47898E-06, 1.79700E-06, 1.21173E-06, 3.46648E-09
758, 2.48245E-06, 1.80536E-06, 1.21356E-06, 3.48131E-09
759, 2.48573E-06, 1.81358E-06, 1.21531E-06, 3.49625E-09
760, 2.48882E-06, 1.82165E-06, 1.21696E-06, 3.51129E-09
761, 2.49172E-06, 1.82957E-06, 1.21853E-06, 3.52641E-09
762, 2.49442E-06, 1.83735E-06, 1.22002E-06, 3.54163E-09
763, 2.49693E-06, 1.84497E-06, 1.22141E-06, 3.55693E-09
764, 2.49924E-06, 1.85245E-06, 1.22272E-06, 3.59042E-09
765, 2.50135E-06, 1.85978E-06, 1.22393E-06, 3.62628E-09
766, 2.50327E-06, 1.86695E-06, 1.22506E-06, 3.66194E-09
767, 2.50499E-06, 1.87397E-06, 1.22609E-06, 3.69735E-09
768, 2.50650E-06, 1.88085E-06, 1.22704E-06, 3.73250E-09
769, 2.50782E-06, 1.88756E-06, 1.22789E-06, 3.76742E-09
770, 2.50894E-06, 1.89413E-06, 1.22866E-06, 3.80204E-09
771, 2.50986E-06, 1.90054E-06, 1.22933E-06, 3.83639E-09
772, 2.51057E-06, 1.90679E-06, 1.22991E-06, 3.87043E-09
773, 2.51108E-06, 1.91289E-06, 1.23039E-06, 3.90414E-09
774, 2.51139E-06, 1.91883E-06, 1.23079E-06, 3.94948E-09
775, 2.51150E-06, 1.92462E-06, 1.23109E-06, 4.01539E-09
776, 2.51140E-06, 1.93025E-06, 1.23130E-06, 4.08074E-09
777, 2.51110E-06, 1.93573E-06, 1.23141E-06, 4.14553E-09
778, 2.51060E-06, 1.94104E-06, 1.23143E-06, 4.20972E-09
779, 2.50989E-06, 1.94620E-06, 1.23136E-06, 4.27330E-09
780, 2.50897E-06, 1.95120E-06, 1.23119E-06, 4.33625E-09
781, 2.50785E-06, 1.95604E-06, 1.23093E-06, 4.39853E-09
782, 2.50652E-06, 1.96073E-06, 1.23057E-06, 4.46016E-09
783, 2.50499E-06, 1.96525E-06, 1.23012E-06, 4.52108E-09
784, 2.50325E-06, 1.96962E-06, 1.22957E-06, 4.58127E-09
785, 2.50131E-06, 1.97382E-06, 1.22893E-06, 4.64074E-09
786, 2.49916E-06, 1.97787E-06, 1.22819E-06, 4.69943E-09
787, 2.49681E-06, 1.98176E-06, 1.22735E-06, 4.75737E-09
788, 2.49425E-06, 1.98549E-06, 1.22642E-06, 4.81447E-09
789, 2.49148E-06, 1.98906E-06, 1.22540E-06, 4.87078E-09
790, 2.48851E-06, 1.99247E-06, 1.22428E-06, 4.92622E-09
791, 2.48533E-06, 1.99573E-06, 1.22306E-06, 4.98079E-09
792, 2.48195E-06, 1.99882E-06, 1.22174E-06, 5.03451E-09
793, 2.47836E-06, 2.00176E-06, 1.22033E-06, 5.08729E-09
794, 2.47456E-06, 2.00454E-06, 1.21883E-06, 5.13916E-09
795, 2.47057E-06, 2.00716E-06, 1.21722E-06, 5.19005E-09
796, 2.46636E-06, 2.00962E-06, 1.21552E-06, 5.24002E-09
797, 2.46196E-06, 2.01193E-06, 1.21372E-06, 5.29412E-09
798, 2.45735E-06, 2.01407E-06, 1.21183E-06, 5.35006E-09
799, 2.45254E-06, 2.01607E-06, 1.20984E-06, 5.40509E-09
800, 2.44752E-06, 2.01790E-06, 1.20775E-06, 5.45921E-09
801, 2.44231E-06, 2.01958E-06, 1.20557E-06, 5.51239E-09
802, 2.43689E-06, 2.02110E-06, 1.20329E-06, 5.56461E-09
803, 2.43127E-06, 2.02247E-06, 1.20091E-06, 5.61582E-09
804, 2.42546E-06, 2.02369E-06, 1.19844E-06, 5.66604E-09
805, 2.41944E-06, 2.02475E-06, 1.19586E-06, 5.71523E-09
806, 2.41323E-06, 2.02565E-06, 1.19320E-06, 5.76337E-09
807, 2.40682E-06, 2.02641E-06, 1.19044E-06, 5.81044E-09
808, 2.40021E-06, 2.02701E-06, 1.18758E-06, 5.85642E-09
809, 2.39340E-06, 2.02746E-06, 1.18462E-06, 5.90131E-09
810, 2.38640E-06, 2.02776E-06, 1.18157E-06, 5.94506E-09
811, 2.37921E-06, 2.02791E-06, 1.17843E-06, 5.98767E-09
812, 2.37183E-06, 2.02791E-06, 1.17519E-06, 6.02910E-09
813, 2.36425E-06, 2.02776E-06, 1.17185E-06, 6.06939E-09
814, 2.35648E-06, 2.02746E-06, 1.16842E-06, 6.10847E-09
815, 2.34853E-06, 2.02702E-06, 1.16490E-06, 6.14632E-09
816, 2.34038E-06, 2.02643E-06, 1.16128E-06, 6.18296E-09
817, 2.33205E-06, 2.02569E-06, 1.15757E-06, 6.21834E-09
818, 2.32353E-06, 2.02482E-06, 1.15377E-06, 6.25248E-09
819, 2.31483E-06, 2.02379E-06, 1.14987E-06, 6.28534E-09
820, 2.30594E-06, 2.02263E-06, 1.14588E-06, 6.31691E-09
821, 2.29687E-06, 2.02132E-06, 1.14274E-06, 6.34720E-09
822, 2.28763E-06, 2.01988E-06, 1.14056E-06, 6.37616E-09
823, 2.27820E-06, 2.01829E-06, 1.13831E-06, 6.40380E-09
824, 2.26859E-06, 2.01657E-06, 1.13598E-06, 6.43011E-09
825, 2.26144E-06, 2.01470E-06, 1.13359E-06, 6.45507E-09
826, 2.26119E-06, 2.01271E-06, 1.13111E-06, 6.47869E-09
827, 2.26079E-06, 2.01057E-06, 1.12857E-06, 6.50093E-09
828, 2.26025E-06, 2.00831E-06, 1.12595E-06, 6.52181E-09
829, 2.25956E-06, 2.00591E-06, 1.12325E-06, 6.54131E-09
830, 2.25873E-06, 2.00337E-06, 1.12049E-06, 6.55943E-09
831, 2.25775E-06, 2.00071E-06, 1.11765E-06, 6.57616E-09
832, 2.25663E-06, 1.99792E-06, 1.11473E-06, 6.59147E-09
833, 2.25537E-06, 1.99500E-06, 1.11175E-06, 6.60540E-09
834, 2.25396E-06, 1.99195E-06, 1.10869E-06, 6.61793E-09
835, 2.25240E-06, 1.98878E-06, 1.10556E-06, 6.62905E-09
836, 2.25070E-06, 1.98548E-06, 1.10235E-06, 6.63875E-09
837, 2.24886E-06, 1.98206E-06, 1.09908E-06, 6.64703E-09
838, 2.24687E-06, 1.97852E-06, 1.09573E-06, 6.65393E-09
839, 2.24474E-06, 1.97486E-06, 1.09231E-06, 6.65938E-09
840, 2.24247E-06, 1.97107E-06, 1.08882E-06, 6.66344E-09
841, 2.24005E-06, 1.96717E-06, 1.08643E-06, 6.66609E-09
842, 2.23749E-06, 1.96316E-06, 1.08451E-06, 6.66732E-09
843, 2.23479E-06, 1.95903E-06, 1.08252E-06, 6.66715E-09
844, 2.23195E-06, 1.95478E-06, 1.08045E-06, 6.66558E-09
845, 2.22897E-06, 1.95042E-06, 1.07831E-06, 6.66262E-09
846, 2.22584E-06, 1.94720E-06, 1.07609E-06, 6.65825E-09
847, 2.22258E-06, 1.94395E-06, 1.07380E-06, 6.65253E-09
848, 2.21917E-06, 1.94059E-06, 1.07143E-06, 6.64539E-09
849, 2.21562E-06, 1.93712E-06, 1.06899E-06, 6.63689E-09
850, 2.21194E-06, 1.93354E-06, 1.06648E-06, 6.62705E-09
851, 2.20812E-06, 1.92984E-06, 1.06389E-06, 6.61583E-09
852, 2.20416E-06, 1.92603E-06, 1.06123E-06, 6.60327E-09
853, 2.20006E-06, 1.92211E-06, 1.05849E-06, 6.58940E-09
854, 2.19582E-06, 1.91808E-06, 1.05568E-06, 6.57417E-09
855, 2.19145E-06, 1.91394E-06, 1.05279E-06, 6.55765E-09
856, 2.18694E-06, 1.90970E-06, 1.04983E-06, 6.53983E-09
857, 2.18230E-06, 1.90534E-06, 1.04679E-06, 6.52072E-09
858, 2.17752E-06, 1.90088E-06, 1.04368E-06, 6.50034E-09
859, 2.17261E-06, 1.89632E-06, 1.04050E-06, 6.47869E-09
860, 2.16757E-06, 1.89165E-06, 1.03724E-06, 6.45581E-09
861, 2.16239E-06, 1.88688E-06, 1.03390E-06, 6.43170E-09
862, 2.15709E-06, 1.88200E-06, 1.03050E-06, 6.40636E-09
863, 2.15165E-06, 1.87702E-06, 1.02702E-06, 6.37985E-09
864, 2.14608E-06, 1.87194E-06, 1.02346E-06, 6.35214E-09
865, 2.14038E-06, 1.86676E-06, 1.01983E-06, 6.32327E-09
866, 2.13456E-06, 1.86149E-06, 1.01613E-06, 6.29325E-09
867, 2.12860E-06, 1.85611E-06, 1.01236E-06, 6.26212E-09
868, 2.12252E-06, 1.85064E-06, 1.00851E-06, 6.22988E-09
869, 2.11631E-06, 1.84507E-06, 1.00459E-06, 6.19652E-09
870, 2.10998E-06, 1.83941E-06, 1.00059E-06, 6.16214E-09
871, 2.10353E-06, 1.83365E-06, 9.96530E-07, 6.12668E-09
872, 2.09695E-06, 1.82780E-06, 9.92393E-07, 6.09022E-09
873, 2.09025E-06, 1.82186E-06, 9.88185E-07, 6.05270E-09
874, 2.08342E-06, 1.81583E-06, 9.83906E-07, 6.01423E-09
875, 2.07648E-06, 1.80970E-06, 9.79556E-07, 5.97479E-09
876, 2.06942E-06, 1.80349E-06, 9.75135E-07, 5.93441E-09
877, 2.06223E-06, 1.79719E-06, 9.70645E-07, 5.89310E-09
878, 2.05494E-06, 1.79081E-06, 9.66084E-07, 5.85090E-09
879, 2.04752E-06, 1.78434E-06, 9.61455E-07, 5.80779E-09
880, 2.03999E-06, 1.77779E-06, 9.56757E-07, 5.76386E-09
881, 2.03234E-06, 1.77115E-06, 9.51991E-07, 5.71908E-09
882, 2.02458E-06, 1.76443E-06, 9.47157E-07, 5.67351E-09
883, 2.01671E-06, 1.75763E-06, 9.42256E-07, 5.62712E-09
884, 2.00873E-06, 1.75075E-06, 9.37288E-07, 5.57999E-09
885, 2.00064E-06, 1.74380E-06, 9.32253E-07, 5.53211E-09
886, 1.99243E-06, 1.73676E-06, 9.27154E-07, 5.48351E-09
887, 1.98412E-06, 1.72965E-06, 9.21989E-07, 5.43421E-09
888, 1.97571E-06, 1.72246E-06, 9.16760E-07, 5.38427E-09
889, 1.96718E-06, 1.71520E-06, 9.11467E-07, 5.33364E-09
890, 1.95856E-06, 1.70787E-06, 9.06110E-07, 5.28241E-09
891, 1.94982E-06, 1.70047E-06, 9.00692E-07, 5.23058E-09
892, 1.94099E-06, 1.69300E-06, 8.95211E-07, 5.17817E-09
893, 1.93206E-06, 1.68545E-06, 8.89669E-07, 5.12519E-09
894, 1.92302E-06, 1.67784E-06, 8.84067E-07, 5.07170E-09
895, 1.91389E-06, 1.67017E-06, 8.78405E-07, 5.01769E-09
896, 1.90466E-06, 1.66242E-06, 8.72685E-07, 4.96320E-09
897, 1.89533E-06, 1.65462E-06, 8.66906E-07, 4.90824E-09
898, 1.88591E-06, 1.64675E-06, 8.61069E-07, 4.85284E-09
899, 1.87640E-06, 1.63882E-06, 8.55177E-07, 4.79706E-09
900, 1.86679E-06, 1.63082E-06, 8.49228E-07, 4.74083E-09
901, 1.85709E-06, 1.62277E-06, 8.43224E-07, 4.68426E-09
902, 1.84730E-06, 1.61466E-06, 8.37167E-07, 4.62734E-09
903, 1.83742E-06, 1.60650E-06, 8.31056E-07, 4.57008E-09
904, 1.82746E-06, 1.59828E-06, 8.24893E-07, 4.51252E-09
905, 1.81741E-06, 1.59000E-06, 8.18679E-07, 4.45470E-09
906, 1.80727E-06, 1.58167E-06, 8.12414E-07, 4.39658E-09
907, 1.79705E-06, 1.57329E-06, 8.06100E-07, 4.33824E-09
908, 1.78675E-06, 1.56486E-06, 7.99737E-07, 4.27968E-09
909, 1.77636E-06, 1.55638E-06, 7.93327E-07, 4.22091E-09
910, 1.76590E-06, 1.54785E-06, 7.86870E-07, 4.16197E-09
911, 1.75536E-06, 1.53927E-06, 7.80368E-07, 4.10287E-09
912, 1.74474E-06, 1.53065E-06, 7.73821E-07, 4.04363E-09
913, 1.73405E-06, 1.52198E-06, 7.67231E-07, 3.98427E-09
914, 1.72328E-06, 1.51327E-06, 7.60598E-07, 3.92481E-09
915, 1.71244E-06, 1.50452E-06, 7.53924E-07, 3.86528E-09
916, 1.70153E-06, 1.49572E-06, 7.47210E-07, 3.80567E-09
917, 1.69055E-06, 1.48689E-06, 7.40456E-07, 3.74603E-09
918, 1.67950E-06, 1.47801E-06, 7.33665E-07, 3.68635E-09
919, 1.66838E-06, 1.46910E-06, 7.26837E-07, 3.62669E-09
920, 1.65720E-06, 1.46016E-06, 7.19972E-07, 3.56701E-09
921, 1.64595E-06, 1.45118E-06, 7.13074E-07, 3.50739E-09
922, 1.63464E-06, 1.44216E-06, 7.06141E-07, 3.46180E-09
923, 1.62327E-06, 1.43311E-06, 6.99177E-07, 3.41768E-09
924, 1.61184E-06, 1.42403E-06, 6.92181E-07, 3.37344E-09
925, 1.60034E-06, 1.41492E-06, 6.86046E-07, 3.32910E-09
926, 1.58879E-06, 1.40578E-06, 6.82115E-07, 3.28469E-09
927, 1.57719E-06, 1.39662E-06, 6.78139E-07, 3.24020E-09
928, 1.56553E-06, 1.38742E-06, 6.74120E-07, 3.19565E-09
929, 1.55382E-06, 1.37820E-06, 6.70057E-07, 3.15105E-09
930, 1.54205E-06, 1.36896E-06, 6.65951E-07, 3.10641E-09
931, 1.53024E-06, 1.35969E-06, 6.61802E-07, 3.06178E-09
932, 1.51837E-06, 1.35040E-06, 6.57612E-07, 3.01707E-09
933, 1.50646E-06, 1.34109E-06, 6.53379E-07, 2.97239E-09
934, 1.49451E-06, 1.33176E-06, 6.49106E-07, 2.92774E-09
935, 1.48251E-06, 1.32241E-06, 6.44793E-07, 2.88308E-09
936, 1.47046E-06, 1.31304E-06, 6.40439E-07, 2.83845E-09
937, 1.45838E-06, 1.30365E-06, 6.36046E-07, 2.79388E-09
938, 1.44625E-06, 1.29425E-06, 6.31615E-07, 2.74933E-09
939, 1.43409E-06, 1.28484E-06, 6.27145E-07, 2.70486E-09
940, 1.42188E-06, 1.27541E-06, 6.22637E-07, 2.66045E-09
941, 1.40965E-06, 1.26596E-06, 6.18092E-07, 2.61612E-09
942, 1.39738E-06, 1.25651E-06, 6.13511E-07, 2.57189E-09
943, 1.38507E-06, 1.24705E-06, 6.08894E-07, 2.55317E-09
944, 1.37274E-06, 1.23757E-06, 6.04242E-07, 2.56505E-09
945, 1.36037E-06, 1.22809E-06, 5.99555E-07, 2.57830E-09
946, 1.34798E-06, 1.21860E-06, 5.94835E-07, 2.59579E-09
947, 1.33556E-06, 1.20911E-06, 5.90081E-07, 2.61266E-09
948, 1.32311E-06, 1.19961E-06, 5.85295E-07, 2.62892E-09
949, 1.31064E-06, 1.19010E-06, 5.80476E-07, 2.64456E-09
950, 1.29815E-06, 1.18059E-06, 5.75627E-07, 2.65957E-09
951, 1.28564E-06, 1.17108E-06, 5.70747E-07, 2.67396E-09
952, 1.27571E-06, 1.16157E-06, 5.65838E-07, 2.68902E-09
953, 1.26764E-06, 1.15206E-06, 5.60899E-07, 2.70416E-09
954, 1.25952E-06, 1.14255E-06, 5.55932E-07, 2.71865E-09
955, 1.25973E-06, 1.13304E-06, 5.50938E-07, 2.73253E-09
956, 1.26111E-06, 1.12353E-06, 5.45917E-07, 2.74575E-09
957, 1.26241E-06, 1.11402E-06, 5.40869E-07, 2.75832E-09
958, 1.26363E-06, 1.10452E-06, 5.35797E-07, 2.77025E-09
959, 1.26477E-06, 1.09503E-06, 5.30700E-07, 2.78155E-09
960, 1.26583E-06, 1.08554E-06, 5.25579E-07, 2.79216E-09
961, 1.26682E-06, 1.07605E-06, 5.20436E-07, 2.80213E-09
962, 1.26772E-06, 1.06658E-06, 5.15270E-07, 2.81144E-09
963, 1.26855E-06, 1.05711E-06, 5.10083E-07, 2.82008E-09
964, 1.26929E-06, 1.04766E-06, 5.04876E-07, 2.82806E-09
965, 1.26995E-06, 1.03821E-06, 4.99649E-07, 2.83538E-09
966, 1.27053E-06, 1.02877E-06, 4.94403E-07, 2.84202E-09
967, 1.27103E-06, 1.01935E-06, 4.89139E-07, 2.84800E-09
968, 1.27145E-06, 1.00994E-06, 4.83857E-07, 2.85332E-09
969, 1.27178E-06, 1.00054E-06, 4.78560E-07, 2.85795E-09
970, 1.27203E-06, 9.91156E-07, 4.73247E-07, 2.86191E-09
971, 1.27220E-06, 9.81788E-07, 4.67919E-07, 2.86523E-09
972, 1.27228E-06, 9.73582E-07, 4.62577E-07, 2.86784E-09
973, 1.27228E-06, 9.65564E-07, 4.57222E-07, 2.86980E-09
974, 1.27220E-06, 9.57529E-07, 4.51856E-07, 2.87110E-09
975, 1.27202E-06, 9.49479E-07, 4.47000E-07, 2.87490E-09
976, 1.27177E-06, 9.41415E-07, 4.46903E-07, 2.88208E-09
977, 1.27143E-06, 9.33339E-07, 4.46784E-07, 2.88872E-09
978, 1.27100E-06, 9.25252E-07, 4.46642E-07, 2.89473E-09
979, 1.27048E-06, 9.17155E-07, 4.46477E-07, 2.90018E-09
980, 1.26988E-06, 9.09050E-07, 4.46289E-07, 2.90505E-09
981, 1.26919E-06, 9.00938E-07, 4.46078E-07, 2.90933E-09
982, 1.26841E-06, 8.92820E-07, 4.45844E-07, 2.91302E-09
983, 1.26755E-06, 8.84698E-07, 4.45587E-07, 2.91611E-09
984, 1.26659E-06, 8.76572E-07, 4.45306E-07, 2.91863E-09
985, 1.26555E-06, 8.68446E-07, 4.45002E-07, 2.92053E-09
986, 1.26442E-06, 8.60318E-07, 4.44674E-07, 2.92187E-09
987, 1.26320E-06, 8.52192E-07, 4.44322E-07, 2.92259E-09
988, 1.26188E-06, 8.44068E-07, 4.43947E-07, 2.92276E-09
989, 1.26048E-06, 8.35948E-07, 4.43547E-07, 2.92228E-09
990, 1.25899E-06, 8.27832E-07, 4.43124E-07, 2.92125E-09
991, 1.25740E-06, 8.19722E-07, 4.42677E-07, 2.91961E-09
992, 1.25573E-06, 8.11619E-07, 4.42205E-07, 2.91737E-09
993, 1.25396E-06, 8.03525E-07, 4.41709E-07, 2.91455E-09
994, 1.25261E-06, 7.95441E-07, 4.41190E-07, 2.91113E-09
995, 1.25180E-06, 7.87367E-07, 4.40645E-07, 2.90714E-09
996, 1.25090E-06, 7.79305E-07, 4.40077E-07, 2.90253E-09
997, 1.24991E-06, 7.71257E-07, 4.39484E-07, 2.89735E-09
998, 1.24884E-06, 7.63223E-07, 4.38866E-07, 2.89160E-09
999, 1.24768E-06, 7.55204E-07, 4.38224E-07, 2.88525E-09
1000, 1.24643E-06, 7.47202E-07, 4.37558E-07, 2.87831E-09
