time_step, rel_err_u, rel_err_v, rel_err_w, rel_err_p
0, 0.00000E+00, 0.00000E+00, 0.00000E+00, 0.00000E+00
1, 4.90268E-16, 4.61587E-16, 3.56945E-16, 9.14794E-17
2, 7.37090E-16, 4.62644E-16, 7.13765E-16, 2.17731E-15
3, 4.92536E-16, 9.27371E-16, 7.13641E-16, 3.20960E-15
4, 9.87387E-16, 9.29422E-16, 7.13518E-16, 3.58701E-15
5, 9.89732E-16, 9.31441E-16, 7.13397E-16, 4.47724E-15
6, 9.92107E-16, 1.40014E-15, 1.06992E-15, 5.26730E-15
7, 9.94508E-16, 9.35378E-16, 7.13161E-16, 5.00419E-15
8, 9.96934E-16, 9.37296E-16, 1.06957E-15, 5.26708E-15
9, 9.99385E-16, 1.17397E-15, 1.06940E-15, 5.73393E-15
10, 1.50279E-15, 1.41154E-15, 1.06924E-15, 6.74295E-15
11, 1.25544E-15, 1.41426E-15, 1.06908E-15, 5.81431E-15
12, 1.51030E-15, 1.41692E-15, 1.42523E-15, 6.64650E-15
13, 1.00940E-15, 1.41954E-15, 1.42503E-15, 6.12469E-15
14, 1.26494E-15, 1.42209E-15, 1.42484E-15, 5.26854E-15
15, 1.52178E-15, 1.89946E-15, 1.78081E-15, 7.69241E-15
16, 1.27138E-15, 1.90272E-15, 1.06835E-15, 5.89286E-15
17, 1.27462E-15, 1.42943E-15, 1.42430E-15, 5.92840E-15
18, 1.53346E-15, 1.90903E-15, 1.42413E-15, 6.14367E-15
19, 1.53740E-15, 1.43405E-15, 1.42398E-15, 6.18536E-15
20, 1.41290E-15, 1.43627E-15, 1.42383E-15, 5.80961E-15
21, 1.41655E-15, 1.91792E-15, 1.42369E-15, 5.44911E-15
22, 1.54931E-15, 1.44055E-15, 1.42356E-15, 5.71171E-15
23, 1.55332E-15, 1.92347E-15, 1.42344E-15, 6.34304E-15
24, 1.55734E-15, 1.44460E-15, 1.42333E-15, 6.48063E-15
25, 1.56138E-15, 1.92871E-15, 1.42323E-15, 6.01371E-15
26, 1.56544E-15, 1.68981E-15, 1.77892E-15, 6.23286E-15
27, 1.43873E-15, 1.69192E-15, 1.77882E-15, 6.78763E-15
28, 1.57361E-15, 1.45197E-15, 2.13448E-15, 6.19927E-15
29, 1.57773E-15, 1.45366E-15, 1.42292E-15, 6.34942E-15
30, 1.58186E-15, 1.45529E-15, 1.77859E-15, 6.59708E-15
31, 1.32168E-15, 1.94247E-15, 1.42283E-15, 6.36595E-15
32, 1.59019E-15, 1.94447E-15, 2.13421E-15, 6.04653E-15
33, 1.59439E-15, 1.45979E-15, 1.77849E-15, 6.66671E-15
34, 1.59861E-15, 1.46116E-15, 1.77848E-15, 7.14493E-15
35, 1.60285E-15, 1.46246E-15, 1.42279E-15, 7.53657E-15
36, 1.60713E-15, 1.46369E-15, 1.42281E-15, 7.26079E-15
37, 1.61143E-15, 1.46486E-15, 1.77854E-15, 7.15785E-15
38, 1.61575E-15, 1.95460E-15, 1.77859E-15, 7.17349E-15
39, 1.62011E-15, 1.95597E-15, 1.60079E-15, 7.91273E-15
40, 1.62450E-15, 1.95725E-15, 1.42299E-15, 7.40641E-15
41, 1.62892E-15, 1.46882E-15, 1.60094E-15, 6.52423E-15
42, 1.90559E-15, 1.71457E-15, 1.60104E-15, 6.65383E-15
43, 1.63785E-15, 1.71544E-15, 1.77905E-15, 7.65359E-15
44, 1.91609E-15, 1.71622E-15, 2.13501E-15, 7.38654E-15
45, 1.64691E-15, 1.59429E-15, 1.77932E-15, 6.31689E-15
46, 1.65149E-15, 1.71754E-15, 1.77947E-15, 7.57617E-15
47, 1.65611E-15, 1.71808E-15, 1.60167E-15, 8.51930E-15
48, 1.66077E-15, 1.47302E-15, 1.77981E-15, 7.02043E-15
49, 1.66546E-15, 1.47334E-15, 1.78000E-15, 7.11802E-15
50, 1.67018E-15, 1.59639E-15, 1.78020E-15, 7.23608E-15
51, 1.67494E-15, 1.59658E-15, 1.78041E-15, 6.43684E-15
52, 1.95969E-15, 1.59670E-15, 1.78063E-15, 6.05520E-15
53, 1.96533E-15, 1.47392E-15, 1.78085E-15, 6.02281E-15
54, 1.68944E-15, 1.47390E-15, 1.42487E-15, 6.79166E-15
55, 1.97673E-15, 1.47381E-15, 1.78134E-15, 6.59343E-15
56, 1.98250E-15, 1.96487E-15, 1.42528E-15, 6.54318E-15
57, 1.98830E-15, 1.71900E-15, 1.60368E-15, 6.52694E-15
58, 2.27903E-15, 1.47315E-15, 1.78214E-15, 6.90625E-15
59, 2.28576E-15, 1.47280E-15, 1.78243E-15, 8.26235E-15
60, 2.57911E-15, 1.47239E-15, 1.78272E-15, 5.94617E-15
61, 2.29937E-15, 1.47192E-15, 1.78303E-15, 7.31430E-15
62, 2.30625E-15, 1.47140E-15, 1.78334E-15, 7.39000E-15
63, 2.31317E-15, 1.47081E-15, 1.42693E-15, 7.20225E-15
64, 2.03012E-15, 1.96022E-15, 1.78399E-15, 7.16068E-15
65, 2.03627E-15, 1.95929E-15, 1.42747E-15, 6.73878E-15
66, 2.04245E-15, 1.46871E-15, 1.42774E-15, 6.99737E-15
67, 2.34134E-15, 1.95720E-15, 1.42803E-15, 9.44672E-15
68, 2.05494E-15, 1.46703E-15, 1.42832E-15, 7.71510E-15
69, 2.06124E-15, 1.46611E-15, 1.42863E-15, 7.28650E-15
70, 2.06759E-15, 1.46514E-15, 1.42893E-15, 7.58966E-15
71, 2.37025E-15, 1.46411E-15, 1.42925E-15, 7.48130E-15
72, 2.67480E-15, 1.46304E-15, 1.42957E-15, 6.72299E-15
73, 2.38499E-15, 1.46191E-15, 1.42991E-15, 6.73439E-15
74, 2.69147E-15, 1.46073E-15, 1.60903E-15, 7.48201E-15
75, 1.79992E-15, 1.45950E-15, 1.43060E-15, 7.40124E-15
76, 1.80557E-15, 1.94430E-15, 1.78869E-15, 6.86613E-15
77, 1.81124E-15, 1.45690E-15, 1.78915E-15, 8.16007E-15
78, 1.81695E-15, 1.94070E-15, 1.78963E-15, 6.51550E-15
79, 1.82269E-15, 1.93880E-15, 1.43209E-15, 6.83344E-15
80, 1.82846E-15, 1.93684E-15, 1.79061E-15, 6.29748E-15
81, 2.44569E-15, 1.93481E-15, 1.43289E-15, 8.04503E-15
82, 2.14679E-15, 1.93272E-15, 2.14997E-15, 7.81242E-15
83, 2.46129E-15, 1.50826E-15, 1.79218E-15, 8.03777E-15
84, 2.46916E-15, 1.92836E-15, 1.43419E-15, 6.45443E-15
85, 2.16743E-15, 1.92608E-15, 1.43464E-15, 8.41384E-15
86, 2.79563E-15, 1.44281E-15, 1.79389E-15, 1.07568E-14
87, 2.80461E-15, 1.92135E-15, 1.79449E-15, 9.26100E-15
88, 2.81363E-15, 1.91890E-15, 1.79511E-15, 9.03548E-15
89, 2.82270E-15, 1.91639E-15, 1.79575E-15, 7.30458E-15
90, 2.51716E-15, 1.91382E-15, 1.43712E-15, 6.79678E-15
91, 2.20963E-15, 1.91119E-15, 1.61737E-15, 7.03102E-15
92, 2.21678E-15, 1.90851E-15, 1.43822E-15, 7.24562E-15
93, 2.22396E-15, 1.90577E-15, 1.43879E-15, 6.93420E-15
94, 2.54990E-15, 1.90298E-15, 1.79923E-15, 8.16113E-15
95, 1.91863E-15, 1.90013E-15, 1.79999E-15, 7.16953E-15
96, 2.24567E-15, 1.89723E-15, 1.80077E-15, 8.89804E-15
97, 2.57482E-15, 1.42072E-15, 2.16189E-15, 9.92563E-15
98, 2.26029E-15, 1.53667E-15, 1.44192E-15, 8.11462E-15
99, 2.91553E-15, 1.53420E-15, 1.80325E-15, 7.51205E-15
100, 2.92501E-15, 1.88515E-15, 1.80412E-15, 8.25433E-15
101, 2.93452E-15, 1.88202E-15, 1.44402E-15, 8.71776E-15
102, 2.78050E-15, 1.87884E-15, 1.44476E-15, 7.02806E-15
103, 2.62545E-15, 1.87561E-15, 1.80690E-15, 7.80850E-15
104, 2.96322E-15, 1.87235E-15, 1.80788E-15, 8.53248E-15
105, 3.30315E-15, 1.86904E-15, 1.80888E-15, 7.84515E-15
106, 3.31385E-15, 1.86570E-15, 2.17190E-15, 9.30220E-15
107, 2.65966E-15, 1.86232E-15, 2.17317E-15, 8.92364E-15
108, 3.00179E-15, 1.85890E-15, 1.44965E-15, 8.68089E-15
109, 3.01147E-15, 1.39159E-15, 1.45054E-15, 8.45144E-15
110, 3.02116E-15, 1.85198E-15, 1.81433E-15, 7.29855E-15
111, 3.36763E-15, 1.38635E-15, 1.81550E-15, 8.71976E-15
112, 3.04057E-15, 1.38370E-15, 2.18005E-15, 7.44676E-15
113, 3.38919E-15, 1.84136E-15, 1.45436E-15, 7.73523E-15
114, 3.39997E-15, 1.37833E-15, 1.45537E-15, 6.85638E-15
115, 2.72860E-15, 1.83416E-15, 1.45641E-15, 7.03849E-15
116, 2.73721E-15, 1.37289E-15, 1.45747E-15, 9.14982E-15
117, 2.74581E-15, 1.82687E-15, 1.82321E-15, 7.43689E-15
118, 2.75439E-15, 1.36739E-15, 1.82460E-15, 6.85320E-15
119, 2.76296E-15, 1.81950E-15, 1.82602E-15, 6.33368E-15
120, 2.77150E-15, 1.81580E-15, 1.82748E-15, 6.78989E-15
121, 2.78002E-15, 1.81208E-15, 1.46318E-15, 8.54862E-15
122, 3.13707E-15, 1.80835E-15, 1.46439E-15, 6.82840E-15
123, 2.79696E-15, 1.80461E-15, 1.46564E-15, 7.40002E-15
124, 3.15605E-15, 1.80086E-15, 1.46691E-15, 7.17015E-15
125, 3.16547E-15, 1.79711E-15, 1.46820E-15, 7.36578E-15
126, 3.17484E-15, 1.79335E-15, 1.46952E-15, 6.73847E-15
127, 2.83036E-15, 1.78958E-15, 1.47086E-15, 7.29655E-15
128, 2.83859E-15, 1.78582E-15, 1.47223E-15, 7.16371E-15
129, 2.49092E-15, 1.78206E-15, 1.47363E-15, 7.37066E-15
130, 2.14116E-15, 1.77830E-15, 1.84381E-15, 7.86335E-15
131, 2.14719E-15, 1.77454E-15, 1.66105E-15, 6.42609E-15
132, 2.51204E-15, 1.77078E-15, 1.84744E-15, 6.85447E-15
133, 3.23867E-15, 1.43572E-15, 1.66437E-15, 7.76990E-15
134, 3.24748E-15, 1.76330E-15, 1.85118E-15, 8.38986E-15
135, 3.61801E-15, 1.75957E-15, 1.66779E-15, 6.14563E-15
136, 3.26485E-15, 1.75585E-15, 1.94779E-15, 7.13280E-15
137, 3.27340E-15, 1.75214E-15, 2.22840E-15, 7.92680E-15
138, 2.91720E-15, 1.74845E-15, 2.04489E-15, 6.86219E-15
139, 2.92462E-15, 2.18096E-15, 1.86100E-15, 7.69867E-15
140, 2.93195E-15, 2.17638E-15, 1.86303E-15, 7.05723E-15
141, 2.57179E-15, 2.17182E-15, 1.86509E-15, 6.81853E-15
142, 2.57804E-15, 2.16729E-15, 1.86717E-15, 6.75398E-15
143, 2.21502E-15, 1.73023E-15, 2.05619E-15, 7.87369E-15
144, 2.22023E-15, 1.30173E-15, 2.05851E-15, 7.26803E-15
145, 2.22536E-15, 1.33270E-15, 2.06085E-15, 7.18432E-15
146, 2.60214E-15, 1.71954E-15, 1.87565E-15, 7.37857E-15
147, 2.60793E-15, 1.71603E-15, 2.25337E-15, 6.84338E-15
148, 2.61363E-15, 1.71254E-15, 2.63198E-15, 7.55260E-15
149, 2.61923E-15, 1.70908E-15, 1.88217E-15, 7.43837E-15
150, 2.24977E-15, 1.70565E-15, 2.26124E-15, 6.96411E-15
151, 2.63013E-15, 1.70225E-15, 2.26388E-15, 6.55581E-15
152, 2.25894E-15, 1.69888E-15, 2.26654E-15, 8.49015E-15
153, 2.26339E-15, 1.69553E-15, 1.89100E-15, 7.45775E-15
154, 2.64571E-15, 1.69223E-15, 2.27187E-15, 6.52945E-15
155, 2.65069E-15, 1.26671E-15, 2.27455E-15, 7.39144E-15
156, 2.27620E-15, 1.26428E-15, 1.89769E-15, 6.60949E-15
157, 2.66033E-15, 1.26187E-15, 1.70993E-15, 7.06616E-15
158, 2.66498E-15, 1.25949E-15, 1.71194E-15, 6.36300E-15
159, 3.05088E-15, 1.67618E-15, 1.90439E-15, 7.29711E-15
160, 3.05594E-15, 1.25481E-15, 1.71595E-15, 7.45951E-15
161, 3.06087E-15, 1.25251E-15, 1.90884E-15, 6.42965E-15
162, 2.87406E-15, 1.25024E-15, 1.71996E-15, 6.02829E-15
163, 2.87844E-15, 1.66400E-15, 1.72195E-15, 8.30574E-15
164, 2.88269E-15, 1.66105E-15, 1.91548E-15, 7.05295E-15
165, 2.88681E-15, 1.65814E-15, 1.72591E-15, 6.31243E-15
166, 3.08353E-15, 1.65527E-15, 1.91986E-15, 5.89017E-15
167, 2.89468E-15, 1.65244E-15, 1.72983E-15, 6.57380E-15
168, 2.89841E-15, 1.23723E-15, 1.53936E-15, 6.91223E-15
169, 2.51509E-15, 1.23517E-15, 1.54107E-15, 6.43521E-15
170, 2.71180E-15, 1.64419E-15, 1.54278E-15, 6.06387E-15
171, 2.52100E-15, 1.64152E-15, 1.73753E-15, 6.14044E-15
172, 2.52378E-15, 1.43404E-15, 1.54614E-15, 7.47412E-15
173, 2.52645E-15, 1.43178E-15, 1.35433E-15, 6.69462E-15
174, 2.33446E-15, 1.63378E-15, 1.54945E-15, 6.37522E-15
175, 2.53143E-15, 1.63128E-15, 1.55108E-15, 6.16685E-15
176, 2.33884E-15, 1.62882E-15, 1.55269E-15, 5.47708E-15
177, 2.34087E-15, 2.03301E-15, 1.55428E-15, 7.30953E-15
178, 2.53801E-15, 2.03005E-15, 1.55585E-15, 6.65070E-15
179, 2.34458E-15, 1.62172E-15, 1.55740E-15, 6.99803E-15
180, 1.95522E-15, 1.61943E-15, 1.55893E-15, 6.91043E-15
181, 2.15218E-15, 1.61719E-15, 1.56043E-15, 6.25157E-15
182, 2.15351E-15, 1.61499E-15, 1.56192E-15, 6.72449E-15
183, 2.35062E-15, 1.61284E-15, 1.56338E-15, 7.02401E-15
184, 2.15585E-15, 1.61073E-15, 1.56481E-15, 7.34741E-15
185, 1.96078E-15, 1.60866E-15, 1.56622E-15, 6.23338E-15
186, 2.35392E-15, 1.60663E-15, 1.76356E-15, 5.05821E-15
187, 1.96232E-15, 1.60465E-15, 1.96121E-15, 6.07612E-15
188, 1.96293E-15, 1.60271E-15, 1.96288E-15, 6.04495E-15
189, 2.35614E-15, 1.60082E-15, 1.57160E-15, 6.85804E-15
190, 2.35664E-15, 1.59896E-15, 1.57288E-15, 5.42069E-15
191, 2.35702E-15, 1.39751E-15, 1.57413E-15, 6.74283E-15
192, 1.96440E-15, 1.59538E-15, 1.57535E-15, 6.57047E-15
193, 1.96452E-15, 1.19524E-15, 1.37947E-15, 6.88462E-15
194, 2.35744E-15, 1.59197E-15, 1.57769E-15, 5.71446E-15
195, 1.96445E-15, 1.59033E-15, 1.57882E-15, 7.12509E-15
196, 2.35712E-15, 1.58873E-15, 1.57991E-15, 7.56310E-15
197, 2.35678E-15, 1.58717E-15, 1.58097E-15, 7.43314E-15
198, 1.96360E-15, 1.58565E-15, 1.58200E-15, 6.36549E-15
199, 1.96312E-15, 1.58418E-15, 1.58300E-15, 5.75829E-15
200, 1.96255E-15, 1.58275E-15, 1.58397E-15, 6.55156E-15
201, 1.96188E-15, 1.58136E-15, 1.58490E-15, 6.25170E-15
202, 1.96111E-15, 1.18501E-15, 1.58580E-15, 5.86413E-15
203, 1.96026E-15, 1.18403E-15, 1.78499E-15, 6.87971E-15
204, 1.95931E-15, 1.57744E-15, 1.78593E-15, 5.58606E-15
205, 2.34992E-15, 1.57622E-15, 1.78682E-15, 5.67164E-15
206, 2.34856E-15, 1.57504E-15, 1.58905E-15, 6.41625E-15
207, 2.05371E-15, 1.18043E-15, 1.58978E-15, 8.57215E-15
208, 2.34553E-15, 1.17961E-15, 1.39166E-15, 6.31547E-15
209, 2.34387E-15, 1.17882E-15, 1.39224E-15, 5.80773E-15
210, 2.24451E-15, 1.57075E-15, 1.59175E-15, 6.04800E-15
211, 2.24273E-15, 1.17733E-15, 1.39330E-15, 6.40822E-15
212, 2.24085E-15, 1.56885E-15, 1.59290E-15, 5.78588E-15
213, 2.53091E-15, 1.56797E-15, 1.79259E-15, 7.25683E-15
214, 2.23682E-15, 1.17534E-15, 1.59390E-15, 6.69850E-15
215, 2.33185E-15, 1.17474E-15, 1.59436E-15, 5.87573E-15
216, 2.32953E-15, 1.17417E-15, 1.59478E-15, 7.66798E-15
217, 2.32713E-15, 1.17363E-15, 1.59516E-15, 5.84585E-15
218, 2.71209E-15, 1.56417E-15, 1.59551E-15, 6.04764E-15
219, 2.32208E-15, 1.56353E-15, 1.59583E-15, 6.09225E-15
220, 2.12616E-15, 1.56294E-15, 1.59612E-15, 5.04631E-15
221, 2.31674E-15, 1.56238E-15, 1.19728E-15, 6.00231E-15
222, 2.31396E-15, 1.56187E-15, 1.19745E-15, 6.48090E-15
223, 2.11851E-15, 1.56140E-15, 1.19759E-15, 5.80088E-15
224, 2.40436E-15, 1.56097E-15, 1.19770E-15, 6.21617E-15
225, 2.30520E-15, 1.56058E-15, 1.19780E-15, 5.48104E-15
226, 2.49400E-15, 1.56023E-15, 1.19787E-15, 6.32454E-15
227, 2.49064E-15, 1.55992E-15, 1.59722E-15, 7.02209E-15
228, 2.48720E-15, 1.55965E-15, 1.59725E-15, 7.51360E-15
229, 2.48371E-15, 1.55942E-15, 1.59726E-15, 6.32391E-15
230, 2.67093E-15, 1.55923E-15, 1.59723E-15, 7.09074E-15
231, 2.47653E-15, 1.55908E-15, 1.59717E-15, 5.18195E-15
232, 2.66307E-15, 1.55897E-15, 1.19781E-15, 5.79554E-15
233, 2.84898E-15, 1.55889E-15, 1.19773E-15, 6.35632E-15
234, 2.84460E-15, 1.55886E-15, 1.19762E-15, 7.18206E-15
235, 2.84016E-15, 1.55887E-15, 1.39707E-15, 6.15567E-15
236, 2.83565E-15, 1.55891E-15, 1.59646E-15, 5.50424E-15
237, 3.01982E-15, 1.55899E-15, 1.39670E-15, 5.49238E-15
238, 3.20331E-15, 1.55911E-15, 1.19698E-15, 5.19218E-15
239, 3.19799E-15, 1.55927E-15, 1.19677E-15, 5.71929E-15
240, 3.19260E-15, 1.55947E-15, 1.19654E-15, 6.94392E-15
241, 3.37463E-15, 1.16978E-15, 1.39568E-15, 6.70166E-15
242, 3.18163E-15, 1.16998E-15, 1.39537E-15, 5.66526E-15
243, 3.36287E-15, 1.17022E-15, 1.39504E-15, 5.62901E-15
244, 3.17040E-15, 1.56064E-15, 1.19544E-15, 5.40629E-15
245, 2.97853E-15, 1.17077E-15, 1.59350E-15, 5.44463E-15
246, 2.78728E-15, 1.56145E-15, 1.39392E-15, 5.04436E-15
247, 2.59666E-15, 1.56191E-15, 1.39351E-15, 6.44382E-15
248, 2.59182E-15, 1.56240E-15, 1.59209E-15, 6.01463E-15
249, 2.77171E-15, 1.56294E-15, 1.59158E-15, 5.23461E-15
250, 2.58199E-15, 1.56351E-15, 1.59104E-15, 5.39759E-15
